HMM
---------------------------------

Means
[[7.14355829 0.8062535 ]
 [3.71531166 4.32543575]
 [0.83638042 6.96069066]]
---------------------------------

Covariances (sigma^2)
[[[1.79698956 0.        ]
  [0.         0.52436951]]

 [[1.06580193 0.        ]
  [0.         1.02084376]]

 [[0.54548846 0.        ]
  [0.         1.95316194]]]
---------------------------------

Start probability
[0.22660603 0.3071514  0.46624257]
---------------------------------

Transition matrix
[[0.92714403 0.04595184 0.02690414]
 [0.02874571 0.93011324 0.04114105]
 [0.00198613 0.04248091 0.95553295]]
