HMM
---------------------------------

Means
[[7.14355829 0.8062535 ]
 [3.71531166 4.32543575]
 [0.83638042 6.96069066]]
---------------------------------

Covariances (sigma^2)
[[[1.79698956 0.        ]
  [0.         0.52436951]]

 [[1.06580193 0.        ]
  [0.         1.02084376]]

 [[0.54548846 0.        ]
  [0.         1.95316194]]]
---------------------------------

Start probability
[0.16666759 0.26672107 0.56661133]
---------------------------------

Transition matrix
[[0.92862582 0.05073482 0.02063936]
 [0.02834523 0.92489151 0.04676325]
 [0.00427207 0.03925762 0.95647031]]
