HMM
---------------------------------

Means
[[7.14355829 0.8062535 ]
 [3.71531166 4.32543575]
 [0.83638042 6.96069066]]
---------------------------------

Covariances (sigma^2)
[[[1.79698956 0.        ]
  [0.         0.52436951]]

 [[1.06580193 0.        ]
  [0.         1.02084376]]

 [[0.54548846 0.        ]
  [0.         1.95316194]]]
---------------------------------

Start probability
[0.1969467  0.10315916 0.69989414]
---------------------------------

Transition matrix
[[0.92151611 0.05751061 0.02097328]
 [0.02971476 0.92236798 0.04791726]
 [0.00440993 0.03625069 0.95933939]]
