%dwell times of state 1 (s)
0.644876
0.403533
0.779763
0.343788
0.097142
1.078050
1.074818
0.572584
2.069501
0.318349
0.899251
0.023844
0.052989
0.452684
0.130971
0.431157
1.563886
0.991579
1.057643
0.697055
1.429391
0.492025
4.516016
0.868535
0.238942
0.520514
3.195208
0.285679
0.021150
0.482085
1.912263
0.414709
4.529089
0.153602
0.049236
2.927434
1.121306
2.701450
2.982034
0.053557
0.345815
0.137018
0.433309
1.176765
1.925015
1.544395
1.548549
0.210548
0.934302
1.217426
2.160081
1.463889
0.879618
1.414878
1.057796
3.293144
0.105592
4.509070
1.944651
0.685462
0.970930
1.228541
6.344607
0.086426
0.463165
1.574405
0.579004
0.687358
0.918599
0.190960
0.713980
0.238458
0.048836
0.325072
0.587537
0.791283
4.172780
1.306014
0.739763
1.818959
1.553533
0.089597
2.774427
0.131329
2.112571
0.790949
0.836766
0.853734
0.584767
0.868456
1.252393
2.134703
0.066697
0.511746
0.699265
0.121887
0.415046
1.499734
4.505606
1.691005
1.632630
0.333994
0.542812
5.139088
0.628960
0.655289
1.506091
5.964444
2.637527
1.526370
2.554818
1.046239
2.232719
1.969608
4.520050
0.803987
1.420267
0.659095
0.966889
2.712696
1.074229
0.321995
0.336780
1.690022
0.773995
1.338303
0.582930
0.248471
0.700178
0.110385
0.130703
2.105458
0.230228
1.048527
1.356155
1.411599
0.376319
0.389030
0.306025
0.091533
2.845407
1.791224
0.341220
0.348546
1.831970
3.156602
0.624078
2.789716
1.070831
0.544447
1.095556
0.449354
0.830241
0.627139
0.998150
0.095560
0.164283
0.828030
2.266961
1.465737
0.088714
1.384651
0.119363
2.147422
0.285580
3.642607
1.613298
0.325393
2.535920
5.930734
0.300514
2.528588
2.410916
1.829990
0.341994
6.651150
0.097282
2.466767
2.988171
0.032941
3.491873
0.625736
0.097991
4.401152
0.981027
3.479946
0.433753
0.145940
2.489646
0.435609
2.242100
4.604900
0.864220
1.255399
1.292069
1.742750
3.011061
0.360217
4.857518
0.072586
1.488604
1.451950
0.507809
1.032568
1.411685
1.052288
2.315868
1.579519
1.786193
0.144521
0.695239
1.232738
0.039546
1.533407
0.573033
0.965961
1.503207
0.078279
0.760318
0.884460
0.923597
4.321980
0.413599
0.120957
1.453089
6.038926
0.781350
2.166726
0.898263
0.768076
0.316228
0.134602
2.823784
0.246093
2.533628
0.059851
2.238783
1.598282
0.586319
1.034320
0.086021
5.081644
0.962600
4.048947
6.092733
2.351964
1.592360
1.773238
0.913865
0.980784
2.484233
0.440233
0.068411
6.759574
0.162078
0.278093
2.480505
0.694896
0.049063
0.355114
0.071317
0.229056
0.476984
0.396498
2.537512
1.004338
7.291804
1.485655
2.232921
0.825574
0.141881
2.577764
3.336888
0.071381
0.771326
1.932068
1.336072
0.111198
0.507748
0.164627
0.169027
1.723633
1.782886
0.777508
1.585248
1.474752
2.337398
0.515055
0.960361
0.544301
0.651702
1.112720
0.026405
6.791911
1.617540
1.893367
1.180601
1.730448
0.457988
0.105685
0.738185
0.726363
1.169001
0.657530
2.520417
1.304012
2.858997
0.409459
3.053624
1.169185
0.430944
0.849834
0.216355
2.374316
1.436297
0.656234
0.474773
1.614516
3.606301
0.788973
2.918098
3.140025
2.714058
0.359981
2.334526
2.777171
2.125126
0.102781
1.754189
0.808188
2.759055
2.310441
1.083496
0.591686
1.377678
0.038516
0.009062
0.911404
2.671701
0.530199
0.076022
2.043330
0.140090
0.291115
0.960647
0.664860
2.081264
2.596674
0.024801
0.927053
1.019898
1.705424
0.813298
0.752587
1.269004
2.554467
0.546754
3.339838
0.977610
1.206746
5.276472
1.163961
2.038042
1.742793
1.023818
2.980638
2.004160
3.017229
0.648643
2.510070
0.941327
5.244684
0.563127
0.184228
0.258538
0.622016
1.861898
4.035043
0.107284
1.008379
0.934152
2.455571
3.072827
0.680349
0.525572
1.578834
0.052461
0.461788
0.251480
0.994272
1.132058
0.386679
1.923839
1.535313
0.842131
0.230690
0.956469
0.078973
0.353479
1.377400
1.221054
0.321781
0.331134
0.521425
0.095665
2.603928
1.434176
1.800002
0.111193
0.199931
0.261418
3.530639
0.247904
0.975763
0.166261
3.269955
1.549824
0.601562
0.934339
0.807806
0.267992
0.306752
0.479848
0.810289
0.873177
0.670328
0.032632
3.315062
1.205988
3.523246
0.294734
0.565717
0.887102
0.033745
3.968326
1.366542
0.279964
0.540491
3.451452
2.326043
0.339026
0.392117
0.717962
0.722712
0.526572
0.915062
0.695198
0.016339
0.248762
0.750984
0.385864
0.509142
0.339760
0.721804
0.419646
1.165098
1.044376
0.048402
1.642375
0.233392
3.473909
0.212156
0.663460
3.849838
5.417607
1.468814
4.636832
1.040596
1.811309
0.936954
0.135972
0.802696
0.614555
2.618026
5.638908
0.882715
2.666704
0.770781
2.112448
1.508384
0.459592
0.203051
0.160288
0.120451
3.929314
1.242225
0.288827
1.201318
1.801165
1.615677
0.867228
1.124545
0.884393
3.374013
0.173755
1.799678
0.274005
1.292718
0.586037
1.191161
0.587374
0.588915
1.982776
1.579591
0.203443
7.512181
0.639408
1.119000
0.513938
3.922621
3.388732
0.571534
0.530498
1.621952
0.794132
0.535862
0.842580
4.220768
1.924066
2.760220
0.029321
1.278980
1.242983
2.034505
0.972602
0.428709
0.966234
1.801023
2.395239
0.800399
0.253371
1.915025
0.491660
2.616999
4.945011
0.809771
0.262996
0.122727
1.327793
0.544960
0.501240
0.560031
3.039888
0.545396
1.422239
0.027655
2.990472
0.264351
0.855280
1.135861
0.832905
0.236378
1.622340
1.324674
1.461546
0.381420
0.294883
0.444168
0.872087
0.416393
1.744785
2.697331
0.074991
2.625243
0.736703
1.716016
1.708067
0.620400
1.608914
2.259103
2.085303
1.014909
0.949320
3.741604
1.468835
3.549971
2.721810
0.150954
1.025920
1.373742
0.248432
1.059047
2.130904
0.735576
4.196087
3.330984
2.413837
0.717359
0.027457
0.474597
1.310861
0.275275
0.189360
0.413972
1.498661
1.903081
1.171657
1.946234
1.606258
2.189171
1.101571
0.103032
0.110302
0.337010
0.202492
2.681552
0.197955
1.386298
0.755565
0.923559
0.726007
0.955107
1.196613
0.034864
1.251417
0.918278
0.401713
2.785500
0.242219
0.368268
0.644638
0.969104
0.321116
1.398752
1.338411
0.600062
0.783770
1.110638
0.338872
0.446941
2.798341
0.585533
1.908634
0.605496
0.083344
0.930499
1.699779
1.649340
3.904413
1.480485
2.277746
1.879187
0.508561
0.034691
1.184025
0.132502
0.412976
0.316695
1.238505
2.543167
0.349349
0.609710
0.314858
0.184943
2.848340
2.892293
2.464093
0.658531
4.410679
0.623209
1.936670
0.493649
0.393565
1.022052
0.366411
2.019072
2.586353
2.017330
1.637622
0.789159
0.173731
0.097568
0.176944
1.346468
1.026047
1.432559
0.986538
1.795931
0.847699
0.629004
0.237206
1.874645
0.733708
1.792710
0.128627
1.157808
5.014457
0.132076
1.353156
0.097776
0.195581
2.472075
0.011938
1.427654
0.519224
1.389315
2.013654
0.292994
0.353337
0.099033
0.396997
1.539836
0.135164
0.071972
1.914072
0.736701
0.003131
2.597555
0.837590
1.828397
0.103369
2.545598
3.654045
0.583925
1.561154
0.038164
0.105110
4.494889
0.067571
0.437722
0.943583
5.029037
1.743854
0.679054
0.902679
0.308527
0.199614
0.037617
1.811453
1.338030
1.099562
