%t (s)	Idd (a.u.)	Ida (a.u.)	Iaa (a.u.)	FRET E
0.000	+5.859e+02	+6.499e+03	+8.757e+03	+0.917
0.100	-7.169e+01	+8.098e+03	+7.266e+03	+1.009
0.200	+4.853e+02	+8.072e+03	+8.526e+03	+0.943
0.300	+3.349e+02	+9.309e+03	+6.919e+03	+0.965
0.400	-2.138e+01	+8.126e+03	+9.636e+03	+1.003
0.500	+7.037e+02	+8.850e+03	+1.079e+04	+0.926
0.600	+2.529e+03	+7.807e+03	+8.733e+03	+0.755
0.700	+1.812e+03	+8.986e+03	+9.742e+03	+0.832
0.800	+6.907e+02	+6.818e+03	+9.390e+03	+0.908
0.900	+1.815e+03	+7.207e+03	+7.550e+03	+0.799
1.000	+2.356e+02	+6.767e+03	+7.818e+03	+0.966
1.100	+4.644e+02	+7.266e+03	+9.916e+03	+0.940
1.200	+6.145e+02	+8.901e+03	+6.631e+03	+0.935
1.300	+7.893e+02	+9.377e+03	+9.412e+03	+0.922
1.400	+1.158e+02	+7.042e+03	+6.807e+03	+0.984
1.500	+5.255e+03	+5.241e+03	+9.518e+03	+0.499
1.600	+3.178e+03	+5.419e+03	+7.693e+03	+0.630
1.700	+4.581e+03	+5.669e+03	+8.837e+03	+0.553
1.800	+5.396e+03	+7.339e+03	+8.668e+03	+0.576
1.900	+4.336e+03	+4.841e+03	+7.402e+03	+0.528
2.000	+4.300e+03	+5.223e+03	+5.443e+03	+0.548
2.100	+4.859e+03	+5.057e+03	+9.673e+03	+0.510
2.200	+5.332e+03	+6.656e+03	+8.978e+03	+0.555
2.300	+4.462e+03	+4.672e+03	+7.201e+03	+0.511
2.400	+3.880e+03	+4.612e+03	+7.213e+03	+0.543
2.500	+4.383e+03	+6.398e+03	+8.305e+03	+0.593
2.600	+4.257e+03	+6.316e+03	+8.522e+03	+0.597
2.700	+3.804e+03	+2.972e+03	+6.642e+03	+0.439
2.800	+4.075e+03	+5.722e+03	+7.734e+03	+0.584
2.900	+6.088e+03	+1.754e+03	+7.925e+03	+0.224
3.000	+8.702e+03	-7.171e+02	+9.056e+03	-0.090
3.100	+9.731e+03	+2.253e+03	+8.776e+03	+0.188
3.200	+9.620e+03	+1.039e+03	+9.273e+03	+0.097
3.300	+9.686e+03	+2.203e+02	+9.633e+03	+0.022
3.400	+8.604e+03	+6.120e+02	+1.075e+04	+0.066
3.500	+8.673e+03	+1.386e+03	+9.846e+03	+0.138
3.600	+8.673e+03	+1.139e+03	+1.088e+04	+0.116
3.700	+5.435e+03	+8.530e+02	+9.797e+03	+0.136
3.800	+8.538e+03	+1.309e+03	+1.061e+04	+0.133
3.900	+8.677e+03	+2.687e+02	+1.040e+04	+0.030
4.000	+7.839e+03	+1.816e+03	+9.502e+03	+0.188
4.100	+8.931e+03	+1.669e+03	+7.160e+03	+0.157
4.200	+7.666e+03	+1.275e+03	+1.192e+04	+0.143
4.300	+9.590e+03	+1.956e+03	+1.029e+04	+0.169
4.400	+7.370e+03	+9.289e+02	+1.168e+04	+0.112
4.500	+7.496e+03	+3.158e+03	+9.064e+03	+0.296
4.600	+6.205e+02	+7.131e+03	+7.998e+03	+0.920
4.700	+5.062e+02	+7.039e+03	+8.574e+03	+0.933
4.800	+2.011e+03	+6.623e+03	+7.713e+03	+0.767
4.900	+7.242e+02	+9.521e+03	+1.152e+04	+0.929
5.000	+4.864e+02	+7.569e+03	+9.586e+03	+0.940
5.100	-5.555e+02	+6.339e+03	+6.309e+03	+1.096
5.200	+2.191e+03	+8.736e+03	+9.771e+03	+0.799
5.300	+1.875e+03	+8.747e+03	+7.845e+03	+0.824
5.400	+1.569e+03	+7.066e+03	+9.688e+03	+0.818
5.500	+1.151e+02	+8.183e+03	+8.986e+03	+0.986
5.600	+2.573e+03	+7.566e+03	+8.839e+03	+0.746
5.700	+4.169e+03	+4.915e+03	+1.177e+04	+0.541
5.800	+4.537e+03	+4.175e+03	+9.518e+03	+0.479
5.900	+6.034e+03	+4.565e+03	+9.579e+03	+0.431
6.000	+4.260e+03	+3.573e+03	+9.638e+03	+0.456
6.100	+4.431e+03	+5.786e+03	+6.717e+03	+0.566
6.200	+4.787e+03	+5.720e+03	+9.791e+03	+0.544
6.300	+5.699e+03	+3.267e+03	+1.047e+04	+0.364
6.400	+8.004e+03	+1.864e+03	+7.748e+03	+0.189
6.500	+9.437e+03	+1.427e+03	+9.245e+03	+0.131
6.600	+7.603e+03	+9.311e+02	+8.881e+03	+0.109
6.700	+8.372e+03	-4.221e+02	+8.579e+03	-0.053
6.800	+9.304e+03	-9.448e+01	+7.750e+03	-0.010
6.900	+8.400e+03	+1.389e+03	+1.008e+04	+0.142
7.000	+8.323e+03	-9.236e+02	+8.920e+03	-0.125
7.100	+9.450e+03	+1.466e+03	+9.807e+03	+0.134
7.200	+6.940e+03	+9.713e+02	+1.018e+04	+0.123
7.300	+5.443e+03	+1.491e+03	+8.267e+03	+0.215
7.400	+7.704e+03	+1.180e+03	+9.891e+03	+0.133
7.500	+6.790e+03	+9.509e+02	+9.948e+03	+0.123
7.600	+8.538e+03	+4.678e+02	+8.276e+03	+0.052
7.700	+1.758e+03	+7.564e+03	+1.021e+04	+0.811
7.800	+1.272e+03	+7.284e+03	+8.784e+03	+0.851
7.900	+6.960e+02	+9.154e+03	+8.254e+03	+0.929
8.000	-1.111e+03	+8.350e+03	+8.197e+03	+1.153
8.100	+1.976e+03	+7.782e+03	+7.703e+03	+0.797
8.200	+4.322e+02	+7.723e+03	+8.695e+03	+0.947
8.300	+2.153e+02	+7.459e+03	+9.833e+03	+0.972
8.400	+1.350e+03	+8.686e+03	+8.079e+03	+0.866
8.500	+1.681e+03	+8.588e+03	+8.379e+03	+0.836
8.600	-1.632e+02	+7.434e+03	+8.218e+03	+1.022
8.700	+1.689e+03	+7.617e+03	+8.746e+03	+0.819
8.800	+5.567e+02	+6.940e+03	+7.739e+03	+0.926
8.900	+1.796e+03	+9.823e+03	+7.268e+03	+0.845
9.000	+6.767e+02	+6.922e+03	+9.346e+03	+0.911
9.100	+7.903e+02	+7.987e+03	+9.667e+03	+0.910
9.200	+2.111e+03	+9.296e+03	+1.210e+04	+0.815
9.300	+1.571e+03	+9.374e+03	+9.789e+03	+0.856
9.400	+3.816e+02	+7.150e+03	+8.226e+03	+0.949
9.500	+7.788e+02	+7.786e+03	+8.313e+03	+0.909
9.600	+7.460e+02	+6.590e+03	+9.807e+03	+0.898
9.700	+7.955e+02	+9.263e+03	+7.669e+03	+0.921
9.800	+1.666e+03	+7.077e+03	+7.083e+03	+0.809
9.900	+2.345e+03	+9.666e+03	+1.077e+04	+0.805
10.000	+1.749e+03	+7.169e+03	+8.342e+03	+0.804
10.100	+2.152e+03	+8.878e+03	+9.057e+03	+0.805
10.200	+1.890e+03	+4.787e+03	+9.454e+03	+0.717
10.300	+9.002e+02	+6.739e+03	+7.032e+03	+0.882
10.400	+1.143e+03	+8.888e+03	+6.542e+03	+0.886
10.500	-1.333e+03	+8.554e+03	+1.002e+04	+1.185
10.600	-4.833e+02	+7.166e+03	+8.779e+03	+1.072
10.700	-2.029e+02	+7.846e+03	+8.333e+03	+1.027
10.800	+2.212e+03	+7.188e+03	+8.727e+03	+0.765
10.900	+9.404e+02	+9.775e+03	+8.314e+03	+0.912
11.000	+1.458e+03	+7.877e+03	+8.480e+03	+0.844
11.100	+1.592e+03	+7.165e+03	+1.129e+04	+0.818
11.200	+1.011e+03	+7.687e+03	+9.163e+03	+0.884
11.300	+2.339e+02	+9.320e+03	+8.288e+03	+0.976
11.400	+4.521e+03	+4.179e+03	+1.028e+04	+0.480
11.500	+4.322e+03	+4.611e+03	+9.692e+03	+0.516
11.600	+2.909e+03	+4.122e+03	+9.235e+03	+0.586
11.700	+5.108e+03	+6.690e+03	+9.283e+03	+0.567
11.800	+3.376e+03	+5.235e+03	+7.779e+03	+0.608
11.900	+3.269e+03	+5.064e+03	+1.029e+04	+0.608
12.000	+3.955e+03	+3.919e+03	+8.830e+03	+0.498
12.100	+4.143e+03	+3.087e+03	+8.447e+03	+0.427
12.200	+4.876e+03	+4.265e+03	+1.017e+04	+0.467
12.300	+5.087e+03	+4.182e+03	+9.122e+03	+0.451
12.400	+3.869e+03	+3.829e+03	+7.172e+03	+0.497
12.500	+5.131e+03	+4.416e+03	+7.730e+03	+0.463
12.600	+3.685e+03	+5.753e+03	+9.295e+03	+0.610
12.700	+3.906e+03	+5.779e+03	+1.007e+04	+0.597
12.800	+6.402e+03	+3.229e+03	+7.222e+03	+0.335
12.900	+5.835e+03	+7.007e+03	+7.312e+03	+0.546
13.000	+7.437e+03	+5.928e+02	+1.046e+04	+0.074
13.100	+8.536e+03	+1.588e+03	+1.217e+04	+0.157
13.200	+8.075e+03	+2.262e+03	+1.052e+04	+0.219
13.300	+7.990e+03	+2.328e+03	+9.842e+03	+0.226
13.400	+5.888e+03	+3.269e+03	+9.215e+03	+0.357
13.500	+1.051e+04	+5.555e+02	+9.016e+03	+0.050
13.600	+7.347e+03	+1.668e+03	+9.175e+03	+0.185
13.700	+8.237e+03	+1.474e+03	+7.892e+03	+0.152
13.800	+1.197e+04	+1.975e+03	+8.978e+03	+0.142
13.900	+8.363e+03	+6.532e+01	+1.063e+04	+0.008
14.000	+8.531e+03	+1.211e+03	+1.143e+04	+0.124
14.100	+9.733e+03	+2.094e+03	+1.036e+04	+0.177
14.200	+1.061e+04	+1.801e+03	+1.077e+04	+0.145
14.300	+6.567e+03	+8.913e+02	+9.682e+03	+0.120
14.400	+5.968e+03	+4.419e+03	+8.461e+03	+0.425
14.500	-1.115e+02	+7.473e+03	+6.862e+03	+1.015
14.600	+4.513e+02	+7.932e+03	+9.098e+03	+0.946
14.700	+1.020e+03	+8.215e+03	+7.510e+03	+0.890
14.800	+3.792e+02	+7.098e+03	+1.048e+04	+0.949
14.900	+3.252e+02	+6.866e+03	+9.182e+03	+0.955
15.000	-3.121e+02	+7.452e+03	+1.015e+04	+1.044
15.100	+7.919e+02	+8.634e+03	+9.258e+03	+0.916
15.200	+7.023e+02	+8.038e+03	+9.417e+03	+0.920
15.300	-6.396e+02	+8.718e+03	+9.794e+03	+1.079
15.400	+5.759e+02	+7.162e+03	+8.113e+03	+0.926
15.500	+1.464e+03	+7.681e+03	+7.922e+03	+0.840
15.600	+1.467e+03	+7.769e+03	+9.275e+03	+0.841
15.700	+2.383e+03	+9.482e+03	+9.994e+03	+0.799
15.800	+1.054e+03	+7.810e+03	+9.247e+03	+0.881
15.900	+2.936e+03	+4.794e+03	+9.374e+03	+0.620
16.000	+4.862e+03	+4.321e+03	+1.176e+04	+0.471
16.100	+3.647e+03	+5.167e+03	+1.065e+04	+0.586
16.200	+3.820e+03	+5.765e+03	+1.085e+04	+0.601
16.300	+3.451e+03	+3.316e+03	+8.517e+03	+0.490
16.400	+2.651e+03	+6.433e+03	+1.031e+04	+0.708
16.500	-1.313e+03	+8.058e+03	+8.907e+03	+1.195
16.600	+1.598e+03	+9.356e+03	+7.025e+03	+0.854
16.700	+1.474e+02	+8.890e+03	+6.788e+03	+0.984
16.800	+7.456e+01	+9.424e+03	+1.005e+04	+0.992
16.900	+1.718e+03	+9.882e+03	+1.002e+04	+0.852
17.000	+1.247e+03	+9.674e+03	+9.113e+03	+0.886
17.100	+1.545e+03	+8.404e+03	+7.577e+03	+0.845
17.200	+1.223e+03	+6.870e+03	+8.234e+03	+0.849
17.300	+5.086e+00	+5.825e+03	+8.103e+03	+0.999
17.400	+4.719e+02	+7.699e+03	+9.616e+03	+0.942
17.500	+7.849e+02	+8.344e+03	+6.706e+03	+0.914
17.600	+1.128e+03	+7.450e+03	+8.868e+03	+0.869
17.700	+7.192e+02	+5.698e+03	+6.824e+03	+0.888
17.800	+1.579e+03	+9.417e+03	+9.540e+03	+0.856
17.900	+2.189e+03	+6.243e+03	+9.610e+03	+0.740
18.000	+1.346e+03	+6.390e+03	+9.463e+03	+0.826
18.100	+1.504e+03	+9.795e+03	+6.861e+03	+0.867
18.200	+3.221e+02	+8.266e+03	+1.005e+04	+0.962
18.300	+7.476e+02	+7.638e+03	+7.009e+03	+0.911
18.400	+1.290e+03	+7.117e+03	+1.072e+04	+0.847
18.500	-4.056e+02	+7.882e+03	+1.015e+04	+1.054
18.600	+2.404e+03	+5.394e+03	+8.105e+03	+0.692
18.700	+1.184e+03	+7.078e+03	+7.161e+03	+0.857
18.800	+1.008e+03	+6.602e+03	+1.080e+04	+0.868
18.900	+1.711e+03	+8.049e+03	+8.990e+03	+0.825
19.000	+4.321e+02	+8.012e+03	+8.885e+03	+0.949
19.100	+1.274e+03	+8.941e+03	+9.145e+03	+0.875
19.200	+9.537e+02	+6.147e+03	+9.318e+03	+0.866
19.300	+8.146e+02	+7.636e+03	+1.001e+04	+0.904
19.400	+2.838e+02	+9.674e+03	+1.240e+04	+0.972
19.500	+1.246e+03	+7.431e+03	+7.613e+03	+0.856
19.600	+2.233e+02	+8.157e+03	+8.313e+03	+0.973
19.700	+3.967e+02	+8.006e+03	+4.482e+03	+0.953
19.800	+1.155e+03	+9.473e+03	+9.633e+03	+0.891
19.900	+1.048e+03	+7.970e+03	+9.522e+03	+0.884
20.000	+1.500e+03	+8.821e+03	+9.160e+03	+0.855
20.100	+6.443e+02	+8.570e+03	+8.161e+03	+0.930
20.200	+9.947e+02	+8.195e+03	+8.960e+03	+0.892
20.300	+2.338e+03	+5.989e+03	+9.209e+03	+0.719
20.400	+2.617e+03	+4.247e+03	+5.888e+03	+0.619
20.500	+3.796e+03	+5.472e+03	+9.434e+03	+0.590
20.600	+5.509e+03	+4.913e+03	+8.921e+03	+0.471
20.700	+4.384e+03	+4.106e+03	+8.942e+03	+0.484
20.800	+4.478e+03	+5.787e+03	+9.094e+03	+0.564
20.900	+4.859e+03	+4.131e+03	+9.787e+03	+0.459
21.000	+5.337e+03	+8.163e+03	+1.043e+04	+0.605
21.100	+4.392e+03	+5.593e+03	+9.832e+03	+0.560
21.200	+4.816e+03	+4.519e+03	+9.317e+03	+0.484
21.300	+4.871e+03	+4.721e+03	+8.326e+03	+0.492
21.400	+4.842e+03	+4.107e+03	+7.007e+03	+0.459
21.500	+2.505e+03	+3.514e+03	+7.522e+03	+0.584
21.600	+5.455e+03	+3.945e+03	+8.129e+03	+0.420
21.700	+2.879e+03	+4.470e+03	+9.872e+03	+0.608
21.800	+4.134e+03	+4.130e+03	+8.750e+03	+0.500
21.900	+5.634e+03	+4.049e+03	+8.704e+03	+0.418
22.000	+7.048e+03	+3.337e+03	+1.083e+04	+0.321
22.100	+8.551e+03	+2.941e+02	+9.268e+03	+0.033
22.200	+7.431e+03	+2.059e+03	+9.215e+03	+0.217
22.300	+1.043e+04	+9.858e+02	+9.970e+03	+0.086
22.400	+3.367e+03	+5.334e+03	+8.975e+03	+0.613
22.500	+2.683e+02	+7.511e+03	+9.276e+03	+0.966
22.600	+3.329e+02	+8.191e+03	+1.016e+04	+0.961
22.700	+2.586e+02	+1.047e+04	+7.596e+03	+0.976
22.800	+1.996e+03	+6.617e+03	+1.020e+04	+0.768
22.900	-8.029e+02	+7.573e+03	+8.872e+03	+1.119
23.000	+1.084e+03	+8.649e+03	+7.248e+03	+0.889
23.100	-3.918e+02	+6.880e+03	+6.537e+03	+1.060
23.200	+2.053e+03	+7.383e+03	+8.760e+03	+0.782
23.300	+8.119e+02	+7.594e+03	+1.148e+04	+0.903
23.400	+1.532e+03	+8.216e+03	+8.199e+03	+0.843
23.500	+2.433e+02	+8.239e+03	+8.516e+03	+0.971
23.600	+1.292e+03	+8.707e+03	+9.330e+03	+0.871
23.700	+4.261e+03	+4.884e+03	+9.766e+03	+0.534
23.800	+8.283e+03	-6.319e+02	+8.577e+03	-0.083
23.900	+6.758e+03	+1.712e+03	+9.304e+03	+0.202
24.000	+4.959e+03	+4.390e+03	+9.113e+03	+0.470
24.100	+1.390e+03	+5.146e+03	+6.493e+03	+0.787
24.200	+4.528e+02	+8.698e+03	+8.280e+03	+0.951
24.300	+1.297e+03	+6.148e+03	+8.183e+03	+0.826
24.400	+7.730e+02	+6.458e+03	+8.493e+03	+0.893
24.500	+2.344e+01	+7.542e+03	+7.072e+03	+0.997
24.600	+1.165e+03	+7.902e+03	+9.193e+03	+0.872
24.700	+1.851e+03	+6.335e+03	+1.020e+04	+0.774
24.800	+5.062e+03	+6.030e+03	+6.271e+03	+0.544
24.900	+4.638e+03	+5.231e+03	+9.340e+03	+0.530
25.000	+5.460e+03	+4.784e+03	+7.676e+03	+0.467
25.100	+4.832e+03	+4.658e+03	+1.040e+04	+0.491
25.200	+4.941e+03	+4.877e+03	+5.572e+03	+0.497
25.300	+3.347e+03	+5.442e+03	+9.113e+03	+0.619
25.400	+1.158e+03	+8.394e+03	+7.441e+03	+0.879
25.500	+1.566e+01	+9.214e+03	+8.149e+03	+0.998
25.600	+8.795e+02	+9.739e+03	+9.133e+03	+0.917
25.700	+1.459e+02	+7.074e+03	+1.038e+04	+0.980
25.800	+1.875e+03	+8.251e+03	+7.966e+03	+0.815
25.900	+6.551e+01	+8.273e+03	+8.058e+03	+0.992
26.000	+4.070e+03	+5.249e+03	+8.689e+03	+0.563
26.100	+4.887e+03	+4.997e+03	+9.224e+03	+0.506
26.200	+4.704e+03	+4.815e+03	+9.654e+03	+0.506
26.300	+5.090e+03	+4.779e+03	+8.072e+03	+0.484
26.400	+3.588e+03	+6.482e+03	+7.611e+03	+0.644
26.500	+5.875e+03	+6.789e+03	+8.504e+03	+0.536
26.600	+4.047e+03	+4.728e+03	+7.728e+03	+0.539
26.700	+3.067e+03	+7.000e+03	+7.465e+03	+0.695
26.800	+3.668e+03	+5.384e+03	+8.192e+03	+0.595
26.900	+5.193e+03	+5.111e+03	+8.249e+03	+0.496
27.000	+3.721e+03	+5.013e+03	+8.676e+03	+0.574
27.100	+5.033e+03	+4.907e+03	+8.889e+03	+0.494
27.200	+3.858e+03	+5.956e+03	+8.628e+03	+0.607
27.300	+3.555e+03	+4.282e+03	+9.812e+03	+0.546
27.400	+3.917e+03	+5.626e+03	+9.216e+03	+0.590
27.500	+4.042e+03	+5.191e+03	+9.982e+03	+0.562
27.600	+5.513e+03	+5.180e+03	+8.976e+03	+0.484
27.700	+4.728e+03	+7.238e+03	+1.084e+04	+0.605
27.800	+4.935e+03	+4.773e+03	+9.249e+03	+0.492
27.900	+4.321e+03	+5.496e+03	+7.271e+03	+0.560
28.000	+4.196e+03	+5.015e+03	+8.094e+03	+0.544
28.100	+5.229e+03	+5.384e+03	+9.962e+03	+0.507
28.200	+5.382e+03	+3.859e+03	+8.113e+03	+0.418
28.300	+5.155e+03	+5.506e+03	+7.889e+03	+0.516
28.400	+4.975e+03	+4.070e+03	+9.339e+03	+0.450
28.500	+4.995e+03	+5.189e+03	+8.476e+03	+0.510
28.600	+4.312e+03	+5.625e+03	+7.839e+03	+0.566
28.700	+4.298e+03	+6.625e+03	+8.346e+03	+0.607
28.800	+3.891e+03	+4.447e+03	+6.794e+03	+0.533
28.900	+6.086e+03	+4.245e+03	+8.551e+03	+0.411
29.000	+3.893e+03	+3.801e+03	+7.881e+03	+0.494
29.100	+4.536e+03	+5.719e+03	+8.874e+03	+0.558
29.200	+4.592e+03	+4.702e+03	+9.715e+03	+0.506
29.300	+4.021e+03	+5.325e+03	+7.766e+03	+0.570
29.400	+5.080e+03	+6.755e+03	+9.375e+03	+0.571
29.500	+4.417e+03	+4.698e+03	+1.075e+04	+0.515
29.600	+4.831e+03	+3.728e+03	+8.798e+03	+0.436
29.700	+5.429e+03	+5.666e+03	+7.761e+03	+0.511
29.800	+4.849e+03	+6.955e+03	+9.783e+03	+0.589
29.900	+4.821e+03	+4.077e+03	+8.552e+03	+0.458
30.000	+3.890e+03	+5.246e+03	+7.420e+03	+0.574
30.100	+3.872e+03	+4.939e+03	+8.437e+03	+0.561
30.200	+3.549e+03	+6.978e+03	+8.792e+03	+0.663
30.300	+3.866e+03	+5.717e+03	+7.281e+03	+0.597
30.400	+4.674e+03	+4.770e+03	+1.024e+04	+0.505
30.500	+5.533e+03	+4.017e+03	+8.683e+03	+0.421
30.600	+4.579e+03	+6.293e+03	+8.606e+03	+0.579
30.700	+4.306e+03	+4.149e+03	+4.607e+03	+0.491
30.800	+5.172e+03	+3.929e+03	+7.282e+03	+0.432
30.900	+6.342e+03	+4.873e+03	+8.849e+03	+0.434
31.000	+3.239e+03	+4.626e+03	+8.434e+03	+0.588
31.100	+7.484e+03	+3.131e+03	+1.078e+04	+0.295
31.200	+7.754e+03	+5.820e+01	+1.051e+04	+0.007
31.300	+1.071e+04	+8.892e+02	+1.016e+04	+0.077
31.400	+8.228e+03	+4.846e+00	+7.525e+03	+0.001
31.500	+5.534e+03	+4.058e+03	+1.032e+04	+0.423
31.600	+1.992e+03	+8.198e+03	+8.734e+03	+0.805
31.700	+1.160e+03	+8.201e+03	+1.060e+04	+0.876
31.800	+2.414e+02	+8.921e+03	+9.341e+03	+0.974
31.900	+6.621e+02	+6.232e+03	+8.897e+03	+0.904
32.000	+2.772e+02	+8.480e+03	+1.121e+04	+0.968
32.100	+1.034e+03	+5.869e+03	+8.567e+03	+0.850
32.200	+1.505e+03	+8.584e+03	+8.802e+03	+0.851
32.300	+2.308e+03	+5.977e+03	+6.999e+03	+0.721
32.400	+1.882e+03	+6.734e+03	+8.909e+03	+0.782
32.500	+1.384e+02	+7.315e+03	+8.991e+03	+0.981
32.600	+9.960e+02	+8.992e+03	+1.137e+04	+0.900
32.700	+9.710e+02	+8.599e+03	+1.112e+04	+0.899
32.800	+4.876e+02	+6.695e+03	+7.834e+03	+0.932
32.900	+9.807e+02	+7.789e+03	+1.171e+04	+0.888
33.000	+3.135e+03	+5.531e+03	+7.973e+03	+0.638
33.100	+3.767e+03	+4.295e+03	+8.555e+03	+0.533
33.200	+5.085e+03	+5.872e+03	+8.499e+03	+0.536
33.300	+2.353e+03	+3.821e+03	+7.978e+03	+0.619
33.400	+4.039e+03	+5.694e+03	+6.448e+03	+0.585
33.500	+3.160e+03	+5.321e+03	+1.018e+04	+0.627
33.600	+5.112e+03	+4.188e+03	+9.790e+03	+0.450
33.700	+1.246e+04	+4.571e+02	+8.532e+03	+0.035
33.800	+7.786e+03	+5.685e+02	+1.068e+04	+0.068
33.900	+7.568e+03	+1.473e+03	+8.480e+03	+0.163
34.000	+7.361e+03	+8.621e+02	+9.599e+03	+0.105
34.100	+8.623e+03	-3.378e+01	+1.026e+04	-0.004
34.200	+8.770e+03	+1.192e+03	+9.186e+03	+0.120
34.300	+9.290e+03	+8.883e+02	+1.098e+04	+0.087
34.400	+8.740e+03	+5.223e+02	+1.291e+04	+0.056
34.500	+5.712e+03	+3.258e+03	+8.100e+03	+0.363
34.600	+2.456e+03	+5.131e+03	+8.682e+03	+0.676
34.700	+3.902e+03	+4.111e+03	+7.092e+03	+0.513
34.800	+4.945e+03	+3.408e+03	+8.444e+03	+0.408
34.900	+9.570e+03	+7.519e+02	+8.916e+03	+0.073
35.000	+8.754e+03	+1.054e+03	+9.812e+03	+0.107
35.100	+9.098e+03	+9.015e+02	+1.104e+04	+0.090
35.200	+9.387e+03	+5.168e+02	+9.170e+03	+0.052
35.300	+4.372e+02	+7.598e+03	+7.885e+03	+0.946
35.400	+1.244e+03	+7.402e+03	+1.136e+04	+0.856
35.500	+1.141e+03	+9.454e+03	+7.348e+03	+0.892
35.600	+6.297e+02	+8.151e+03	+9.483e+03	+0.928
35.700	+1.815e+03	+7.617e+03	+8.180e+03	+0.808
35.800	-1.209e+02	+6.559e+03	+8.303e+03	+1.019
35.900	+6.606e+02	+6.889e+03	+9.166e+03	+0.913
36.000	+1.444e+03	+6.827e+03	+7.271e+03	+0.825
36.100	+1.142e+03	+8.068e+03	+9.165e+03	+0.876
36.200	+3.605e+02	+7.462e+03	+8.778e+03	+0.954
36.300	+1.083e+03	+8.553e+03	+9.627e+03	+0.888
36.400	+3.178e+03	+7.981e+03	+1.066e+04	+0.715
36.500	-4.210e+02	+7.054e+03	+7.808e+03	+1.063
36.600	+1.007e+03	+8.526e+03	+9.798e+03	+0.894
36.700	+2.216e+03	+7.690e+03	+7.822e+03	+0.776
36.800	+1.630e+03	+9.386e+03	+8.921e+03	+0.852
36.900	+2.147e+03	+9.504e+03	+9.671e+03	+0.816
37.000	+1.784e+03	+7.393e+03	+8.523e+03	+0.806
37.100	+7.808e+02	+9.070e+03	+1.203e+04	+0.921
37.200	-2.673e+01	+6.248e+03	+9.543e+03	+1.004
37.300	+1.690e+03	+6.901e+03	+8.256e+03	+0.803
37.400	-1.551e+03	+7.391e+03	+1.129e+04	+1.266
37.500	+1.849e+03	+7.070e+03	+8.761e+03	+0.793
37.600	+1.950e+03	+8.977e+03	+8.697e+03	+0.822
37.700	+8.381e+02	+7.501e+03	+9.384e+03	+0.900
37.800	+3.500e+02	+7.591e+03	+8.678e+03	+0.956
37.900	+7.292e+02	+7.501e+03	+7.395e+03	+0.911
38.000	-9.035e+01	+6.923e+03	+1.013e+04	+1.013
38.100	+1.252e+03	+8.836e+03	+5.656e+03	+0.876
38.200	+6.726e+02	+8.610e+03	+1.005e+04	+0.928
38.300	-4.138e+02	+6.995e+03	+7.358e+03	+1.063
38.400	+1.005e+03	+5.819e+03	+8.140e+03	+0.853
38.500	+5.147e+03	+4.417e+03	+9.086e+03	+0.462
38.600	+3.113e+03	+5.197e+03	+8.358e+03	+0.625
38.700	+4.115e+03	+3.830e+03	+1.064e+04	+0.482
38.800	+5.215e+03	+3.486e+03	+8.008e+03	+0.401
38.900	+3.653e+03	+6.018e+03	+8.341e+03	+0.622
39.000	+4.261e+03	+4.577e+03	+9.081e+03	+0.518
39.100	+5.094e+03	+6.353e+03	+7.222e+03	+0.555
39.200	+5.809e+03	+4.406e+03	+1.106e+04	+0.431
39.300	+5.571e+03	+4.961e+03	+9.282e+03	+0.471
39.400	+2.945e+03	+4.777e+03	+8.647e+03	+0.619
39.500	+2.976e+03	+5.248e+03	+1.083e+04	+0.638
39.600	+7.169e+03	+2.008e+03	+8.566e+03	+0.219
39.700	+9.478e+03	+1.772e+03	+1.206e+04	+0.157
39.800	+8.827e+03	-2.396e+02	+9.581e+03	-0.028
39.900	+7.677e+03	+1.270e+03	+1.072e+04	+0.142
40.000	+1.025e+04	+1.366e+03	+8.626e+03	+0.118
40.100	+8.114e+03	-3.504e+02	+8.928e+03	-0.045
40.200	+8.000e+03	+6.688e+02	+1.093e+04	+0.077
40.300	+7.146e+03	+2.012e+02	+1.037e+04	+0.027
40.400	+9.585e+03	+9.685e+02	+7.855e+03	+0.092
40.500	+7.498e+03	+4.449e+02	+1.197e+04	+0.056
40.600	+7.784e+03	+8.221e+01	+1.034e+04	+0.010
40.700	+8.289e+03	+1.800e+03	+1.120e+04	+0.178
40.800	+7.921e+03	+1.181e+03	+8.163e+03	+0.130
40.900	+8.344e+03	+2.509e+03	+8.128e+03	+0.231
41.000	+9.617e+03	+2.280e+03	+8.969e+03	+0.192
41.100	+6.466e+03	+8.864e+02	+8.587e+03	+0.121
41.200	+8.125e+03	+3.459e+02	+7.680e+03	+0.041
41.300	+8.879e+03	+9.564e+02	+9.853e+03	+0.097
41.400	+2.788e+03	+4.946e+03	+9.162e+03	+0.639
41.500	+4.114e+03	+3.204e+03	+6.625e+03	+0.438
41.600	+5.983e+03	+2.718e+03	+8.548e+03	+0.312
41.700	+8.113e+03	+1.152e+02	+9.877e+03	+0.014
41.800	+8.268e+03	-1.562e+03	+1.097e+04	-0.233
41.900	+6.907e+03	+1.217e+03	+9.272e+03	+0.150
42.000	+8.809e+03	+2.308e+02	+9.297e+03	+0.026
42.100	+9.933e+03	+5.411e+02	+8.824e+03	+0.052
42.200	+7.219e+03	+4.682e+02	+9.259e+03	+0.061
42.300	+8.515e+03	-6.136e+02	+8.678e+03	-0.078
42.400	+8.134e+03	+3.741e+02	+1.109e+04	+0.044
42.500	+7.284e+03	+3.707e+02	+1.094e+04	+0.048
42.600	+8.430e+03	+1.199e+03	+8.300e+03	+0.124
42.700	+7.728e+03	+1.694e+03	+9.071e+03	+0.180
42.800	+7.647e+03	+4.643e+02	+9.254e+03	+0.057
42.900	+8.984e+03	+7.095e+02	+9.831e+03	+0.073
43.000	+8.026e+03	+2.931e+02	+1.099e+04	+0.035
43.100	+8.516e+03	-3.421e+02	+1.107e+04	-0.042
43.200	+7.518e+03	+1.287e+03	+8.882e+03	+0.146
43.300	+9.636e+03	+2.352e+03	+8.408e+03	+0.196
43.400	+9.125e+03	+1.743e+03	+7.874e+03	+0.160
43.500	+8.345e+03	+1.768e+01	+5.200e+03	+0.002
43.600	+9.194e+03	+6.990e+02	+9.485e+03	+0.071
43.700	+7.032e+03	+5.075e+02	+7.998e+03	+0.067
43.800	+8.584e+03	+1.224e+03	+8.125e+03	+0.125
43.900	+9.055e+03	-3.464e+02	+1.087e+04	-0.040
44.000	+1.001e+04	+1.670e+03	+9.472e+03	+0.143
44.100	+8.044e+03	+2.417e+03	+9.527e+03	+0.231
44.200	+8.963e+03	+1.216e+03	+1.000e+04	+0.119
44.300	+7.099e+03	+2.056e+03	+1.065e+04	+0.225
44.400	+4.063e+03	+4.317e+03	+8.556e+03	+0.515
44.500	+1.761e+03	+3.685e+03	+7.579e+03	+0.677
44.600	+4.115e+03	+6.095e+03	+1.075e+04	+0.597
44.700	+3.336e+03	+6.294e+03	+1.017e+04	+0.654
44.800	+1.922e+03	+6.844e+03	+1.002e+04	+0.781
44.900	+4.357e+02	+8.176e+03	+8.710e+03	+0.949
45.000	+1.055e+03	+8.526e+03	+7.382e+03	+0.890
45.100	+2.615e+03	+8.509e+03	+8.123e+03	+0.765
45.200	-7.985e+02	+6.913e+03	+7.387e+03	+1.131
45.300	+3.870e+03	+5.546e+03	+1.019e+04	+0.589
45.400	+3.466e+03	+5.572e+03	+8.686e+03	+0.616
45.500	+3.700e+03	+5.190e+03	+9.029e+03	+0.584
45.600	+1.760e+03	+7.846e+03	+7.845e+03	+0.817
45.700	+2.977e+02	+6.497e+03	+6.429e+03	+0.956
45.800	+4.962e+02	+8.134e+03	+9.231e+03	+0.943
45.900	+1.385e+02	+6.965e+03	+1.127e+04	+0.981
46.000	+7.844e+02	+8.422e+03	+9.099e+03	+0.915
46.100	+1.791e+03	+8.293e+03	+9.848e+03	+0.822
46.200	+5.142e+02	+1.100e+04	+8.497e+03	+0.955
46.300	+2.201e+03	+7.254e+03	+6.605e+03	+0.767
46.400	+8.617e+02	+7.593e+03	+9.861e+03	+0.898
46.500	+8.948e+02	+7.570e+03	+1.050e+04	+0.894
46.600	+1.286e+03	+5.604e+03	+9.864e+03	+0.813
46.700	+2.937e+03	+7.203e+03	+8.227e+03	+0.710
46.800	+2.857e+02	+8.534e+03	+8.103e+03	+0.968
46.900	+8.953e+02	+8.649e+03	+9.802e+03	+0.906
47.000	-7.398e+02	+8.375e+03	+8.380e+03	+1.097
47.100	-5.456e+02	+7.456e+03	+1.002e+04	+1.079
47.200	+1.442e+03	+7.958e+03	+8.323e+03	+0.847
47.300	-1.087e+01	+7.966e+03	+7.966e+03	+1.001
47.400	+2.845e+02	+8.034e+03	+8.181e+03	+0.966
47.500	+1.200e+03	+8.504e+03	+7.433e+03	+0.876
47.600	+6.990e+02	+7.430e+03	+9.394e+03	+0.914
47.700	+5.032e+02	+6.980e+03	+8.062e+03	+0.933
47.800	+1.650e+03	+7.363e+03	+8.182e+03	+0.817
47.900	+2.892e+02	+7.371e+03	+8.876e+03	+0.962
48.000	+8.543e+02	+7.491e+03	+1.002e+04	+0.898
48.100	+2.974e+03	+7.543e+03	+8.075e+03	+0.717
48.200	+6.221e+02	+7.454e+03	+9.138e+03	+0.923
48.300	+1.350e+03	+8.776e+03	+9.850e+03	+0.867
48.400	+4.501e+02	+9.387e+03	+7.534e+03	+0.954
48.500	+1.527e+03	+7.519e+03	+8.300e+03	+0.831
48.600	+2.682e+03	+8.387e+03	+9.669e+03	+0.758
48.700	+3.849e+03	+6.279e+03	+8.908e+03	+0.620
48.800	+4.230e+03	+4.734e+03	+9.363e+03	+0.528
48.900	+2.695e+03	+7.570e+03	+8.860e+03	+0.737
49.000	+6.734e+02	+7.923e+03	+9.742e+03	+0.922
49.100	+3.936e+02	+6.585e+03	+8.668e+03	+0.944
49.200	-7.697e+02	+8.337e+03	+7.656e+03	+1.102
49.300	+1.215e+03	+6.810e+03	+8.640e+03	+0.849
49.400	+8.159e+02	+8.242e+03	+8.343e+03	+0.910
49.500	+4.830e+03	+3.743e+03	+9.735e+03	+0.437
49.600	+9.390e+03	+2.627e+03	+9.576e+03	+0.219
49.700	+9.507e+03	+1.300e+03	+1.223e+04	+0.120
49.800	+8.529e+03	+5.214e+02	+1.011e+04	+0.058
49.900	+8.102e+03	+6.922e+02	+1.270e+04	+0.079
50.000	+9.621e+03	+1.384e+03	+9.094e+03	+0.126
50.100	+7.401e+03	+2.293e+03	+1.054e+04	+0.237
50.200	+8.522e+03	+7.411e+02	+9.427e+03	+0.080
50.300	+7.283e+03	+4.634e+02	+9.703e+03	+0.060
50.400	+1.024e+04	-3.030e+02	+1.006e+04	-0.031
50.500	+1.021e+04	+1.703e+03	+8.959e+03	+0.143
50.600	+8.658e+03	+1.681e+03	+9.809e+03	+0.163
50.700	+6.520e+03	-1.923e+02	+8.855e+03	-0.030
50.800	+1.100e+04	+3.203e+02	+1.011e+04	+0.028
50.900	+8.053e+03	+1.108e+03	+9.445e+03	+0.121
51.000	+7.361e+03	+1.255e+03	+7.727e+03	+0.146
51.100	+7.915e+03	+5.112e+01	+1.027e+04	+0.006
51.200	+9.692e+03	+2.369e+03	+9.213e+03	+0.196
51.300	+7.758e+03	+1.677e+03	+1.066e+04	+0.178
51.400	+9.367e+03	+1.052e+03	+9.205e+03	+0.101
51.500	+9.149e+03	+3.167e+02	+9.226e+03	+0.033
51.600	+9.100e+03	+1.573e+03	+1.116e+04	+0.147
51.700	+8.586e+03	+1.485e+03	+1.001e+04	+0.147
51.800	+9.377e+03	+1.334e+03	+1.116e+04	+0.125
51.900	+8.922e+03	+1.953e+02	+8.989e+03	+0.021
52.000	+8.733e+03	+2.256e+02	+1.012e+04	+0.025
52.100	+7.480e+03	+2.774e+03	+1.035e+04	+0.271
52.200	-1.503e+02	+6.693e+03	+9.053e+03	+1.023
52.300	+5.436e+02	+8.026e+03	+9.307e+03	+0.937
52.400	-1.148e+03	+9.653e+03	+7.766e+03	+1.135
52.500	+7.206e+02	+8.300e+03	+8.799e+03	+0.920
52.600	+9.879e+02	+6.706e+03	+7.751e+03	+0.872
52.700	+6.907e+02	+7.358e+03	+9.115e+03	+0.914
52.800	+1.758e+03	+8.250e+03	+8.527e+03	+0.824
52.900	+1.853e+03	+7.639e+03	+7.235e+03	+0.805
53.000	+3.868e+02	+6.552e+03	+9.313e+03	+0.944
53.100	+1.881e+03	+8.192e+03	+7.925e+03	+0.813
53.200	+1.966e+02	+1.025e+04	+9.238e+03	+0.981
53.300	+1.497e+03	+8.969e+03	+7.247e+03	+0.857
53.400	+1.364e+03	+8.062e+03	+9.291e+03	+0.855
53.500	+8.202e+02	+6.494e+03	+8.239e+03	+0.888
53.600	-1.953e+02	+5.404e+03	+8.649e+03	+1.038
53.700	+1.502e+03	+7.380e+03	+7.036e+03	+0.831
53.800	+4.102e+03	+5.606e+03	+7.817e+03	+0.577
53.900	+3.668e+03	+4.864e+03	+8.489e+03	+0.570
54.000	+2.894e+03	+4.872e+03	+5.647e+03	+0.627
54.100	+3.767e+03	+4.749e+03	+7.924e+03	+0.558
54.200	+2.414e+03	+4.571e+03	+7.293e+03	+0.654
54.300	+5.141e+03	+5.644e+03	+7.704e+03	+0.523
54.400	+2.667e+03	+4.222e+03	+7.852e+03	+0.613
54.500	+4.899e+03	+4.521e+03	+1.037e+04	+0.480
54.600	+5.837e+03	+5.390e+03	+8.187e+03	+0.480
54.700	+4.944e+03	+5.575e+03	+7.571e+03	+0.530
54.800	+4.431e+03	+5.118e+03	+8.210e+03	+0.536
54.900	+4.720e+03	+5.790e+03	+7.638e+03	+0.551
55.000	+3.905e+03	+5.912e+03	+8.794e+03	+0.602
55.100	+3.343e+03	+5.747e+03	+8.479e+03	+0.632
55.200	+5.766e+03	+3.921e+03	+6.760e+03	+0.405
55.300	+5.183e+03	+5.819e+03	+9.356e+03	+0.529
55.400	+5.738e+03	+4.750e+03	+8.091e+03	+0.453
55.500	+4.813e+03	+4.163e+03	+8.833e+03	+0.464
55.600	+5.189e+03	+5.323e+03	+9.171e+03	+0.506
55.700	+3.792e+03	+3.591e+03	+9.222e+03	+0.486
55.800	+5.130e+03	+6.077e+03	+7.812e+03	+0.542
55.900	+7.087e+03	+1.895e+03	+7.873e+03	+0.211
56.000	+7.414e+03	+1.399e+03	+1.204e+04	+0.159
56.100	+9.285e+03	+1.312e+03	+1.084e+04	+0.124
56.200	+9.469e+03	+1.460e+03	+1.207e+04	+0.134
56.300	+8.144e+03	+2.834e+03	+1.089e+04	+0.258
56.400	+9.434e+03	+2.163e+03	+8.352e+03	+0.187
56.500	+8.739e+03	+1.372e+03	+1.101e+04	+0.136
56.600	+5.990e+03	+3.646e+03	+9.131e+03	+0.378
56.700	+3.992e+03	+5.253e+03	+6.266e+03	+0.568
56.800	+6.108e+03	+5.307e+03	+7.586e+03	+0.465
56.900	+1.785e+03	+6.804e+03	+8.535e+03	+0.792
57.000	+6.404e+02	+8.220e+03	+6.937e+03	+0.928
57.100	+1.378e+03	+8.963e+03	+6.639e+03	+0.867
57.200	+4.301e+02	+1.025e+04	+9.356e+03	+0.960
57.300	+4.795e+02	+9.188e+03	+7.288e+03	+0.950
57.400	+6.330e+02	+7.725e+03	+1.011e+04	+0.924
57.500	-4.928e+02	+7.559e+03	+6.797e+03	+1.070
57.600	+8.630e+02	+6.999e+03	+9.296e+03	+0.890
57.700	+4.361e+02	+7.147e+03	+8.885e+03	+0.942
57.800	+1.703e+03	+1.000e+04	+1.251e+04	+0.854
57.900	+7.728e+02	+7.298e+03	+7.966e+03	+0.904
58.000	+3.985e+02	+8.296e+03	+8.597e+03	+0.954
58.100	+1.985e+03	+7.059e+03	+8.296e+03	+0.781
58.200	+1.460e+03	+7.677e+03	+8.079e+03	+0.840
58.300	+1.399e+03	+8.023e+03	+8.786e+03	+0.852
58.400	-3.010e+02	+7.407e+03	+1.101e+04	+1.042
58.500	-5.372e+01	+6.493e+03	+8.304e+03	+1.008
58.600	-9.753e+02	+5.926e+03	+7.528e+03	+1.197
58.700	+5.551e+02	+5.591e+03	+7.587e+03	+0.910
58.800	+2.414e+02	+8.324e+03	+8.371e+03	+0.972
58.900	+6.669e+02	+8.734e+03	+8.832e+03	+0.929
59.000	+9.221e+02	+7.798e+03	+8.894e+03	+0.894
59.100	-4.772e+01	+6.714e+03	+8.136e+03	+1.007
59.200	+7.949e+02	+8.426e+03	+7.903e+03	+0.914
59.300	+9.595e+02	+8.517e+03	+8.268e+03	+0.899
59.400	+4.885e+03	+5.915e+03	+8.109e+03	+0.548
59.500	+4.861e+03	+4.091e+03	+1.021e+04	+0.457
59.600	+5.614e+03	+5.352e+03	+1.265e+04	+0.488
59.700	+4.376e+03	+3.216e+03	+9.264e+03	+0.424
59.800	+6.639e+03	+3.104e+03	+9.548e+03	+0.319
59.900	+9.180e+03	+1.486e+03	+1.110e+04	+0.139
60.000	+1.006e+04	+9.638e+02	+9.530e+03	+0.087
60.100	+9.401e+03	+4.772e+02	+9.661e+03	+0.048
60.200	+8.360e+03	+2.740e+03	+8.920e+03	+0.247
60.300	+6.811e+03	+1.220e+03	+1.069e+04	+0.152
60.400	+8.902e+03	+1.232e+03	+8.797e+03	+0.122
60.500	+5.655e+03	+1.394e+03	+8.579e+03	+0.198
60.600	+8.625e+03	+8.149e+02	+9.479e+03	+0.086
60.700	+9.745e+03	+4.955e+02	+1.302e+04	+0.048
60.800	+7.637e+03	-5.968e+02	+9.490e+03	-0.085
60.900	+6.348e+03	+2.426e+02	+1.028e+04	+0.037
61.000	+1.019e+04	+1.782e+02	+9.956e+03	+0.017
61.100	+9.871e+03	+5.587e+02	+1.153e+04	+0.054
61.200	+7.722e+03	+1.478e+03	+8.976e+03	+0.161
61.300	+8.440e+03	-7.284e+02	+9.401e+03	-0.094
61.400	+9.224e+03	+7.332e+02	+7.564e+03	+0.074
61.500	+7.884e+03	+2.722e+03	+8.721e+03	+0.257
61.600	+5.797e+03	+5.769e+03	+7.239e+03	+0.499
61.700	+4.540e+03	+6.427e+03	+9.232e+03	+0.586
61.800	+3.508e+03	+3.677e+03	+1.033e+04	+0.512
61.900	+3.007e+03	+4.144e+03	+8.634e+03	+0.579
62.000	+4.443e+03	+5.266e+03	+7.734e+03	+0.542
62.100	+5.601e+03	+5.281e+03	+7.773e+03	+0.485
62.200	+4.086e+03	+6.097e+03	+8.927e+03	+0.599
62.300	+5.232e+03	+5.019e+03	+7.822e+03	+0.490
62.400	+5.007e+03	+3.830e+03	+8.274e+03	+0.433
62.500	+3.152e+03	+6.448e+03	+7.108e+03	+0.672
62.600	+3.890e+03	+4.912e+03	+8.618e+03	+0.558
62.700	+5.325e+03	+4.339e+03	+9.876e+03	+0.449
62.800	+5.761e+03	+5.689e+03	+8.043e+03	+0.497
62.900	+4.435e+03	+6.287e+03	+9.741e+03	+0.586
63.000	+3.963e+03	+3.754e+03	+1.018e+04	+0.486
63.100	+1.977e+03	+6.111e+03	+8.874e+03	+0.756
63.200	+4.404e+02	+6.048e+03	+1.082e+04	+0.932
63.300	+2.108e+03	+7.622e+03	+1.097e+04	+0.783
63.400	+4.918e+02	+7.818e+03	+9.258e+03	+0.941
63.500	+4.601e+03	+5.214e+03	+9.768e+03	+0.531
63.600	+2.146e+03	+8.462e+03	+9.248e+03	+0.798
63.700	+1.229e+03	+8.370e+03	+8.146e+03	+0.872
63.800	+1.732e+03	+8.771e+03	+9.445e+03	+0.835
63.900	+1.975e+03	+8.214e+03	+7.590e+03	+0.806
64.000	+1.348e+03	+8.214e+03	+6.281e+03	+0.859
64.100	+1.652e+03	+8.823e+03	+9.703e+03	+0.842
64.200	-3.347e+02	+7.486e+03	+9.921e+03	+1.047
64.300	+6.858e+02	+7.371e+03	+7.769e+03	+0.915
64.400	+4.358e+00	+6.651e+03	+7.470e+03	+0.999
64.500	+1.723e+03	+9.618e+03	+9.747e+03	+0.848
64.600	+1.332e+03	+8.581e+03	+7.228e+03	+0.866
64.700	+1.215e+03	+8.609e+03	+5.667e+03	+0.876
64.800	+2.199e+03	+8.317e+03	+8.350e+03	+0.791
64.900	-2.499e+02	+7.744e+03	+7.462e+03	+1.033
65.000	+1.370e+03	+9.652e+03	+8.148e+03	+0.876
65.100	+9.003e+02	+7.134e+03	+8.948e+03	+0.888
65.200	+1.556e+03	+8.644e+03	+9.445e+03	+0.847
65.300	+3.091e+02	+8.146e+03	+9.344e+03	+0.963
65.400	+1.264e+03	+9.358e+03	+9.961e+03	+0.881
65.500	+2.016e+03	+8.097e+03	+9.535e+03	+0.801
65.600	+3.869e+03	+5.225e+03	+9.451e+03	+0.575
65.700	+5.110e+03	+5.822e+03	+9.996e+03	+0.533
65.800	+5.266e+03	+4.820e+03	+7.942e+03	+0.478
65.900	+5.791e+03	+7.023e+03	+6.581e+03	+0.548
66.000	+3.908e+03	+6.805e+03	+8.975e+03	+0.635
66.100	+3.657e+03	+4.549e+03	+8.208e+03	+0.554
66.200	+3.374e+03	+5.154e+03	+8.062e+03	+0.604
66.300	+9.087e+02	+8.759e+03	+9.152e+03	+0.906
66.400	+1.243e+03	+8.284e+03	+1.001e+04	+0.870
66.500	+1.112e+03	+8.642e+03	+1.053e+04	+0.886
66.600	+5.964e+02	+7.424e+03	+7.385e+03	+0.926
66.700	+2.160e+03	+9.994e+03	+7.739e+03	+0.822
66.800	+2.144e+03	+7.222e+03	+8.194e+03	+0.771
66.900	+2.708e+03	+7.242e+03	+7.216e+03	+0.728
67.000	+1.770e+03	+8.702e+03	+8.952e+03	+0.831
67.100	-2.325e+02	+8.457e+03	+1.088e+04	+1.028
67.200	+6.186e+02	+9.013e+03	+1.105e+04	+0.936
67.300	+6.951e+02	+5.499e+03	+9.305e+03	+0.888
67.400	+7.805e+02	+8.502e+03	+1.002e+04	+0.916
67.500	+1.056e+03	+7.589e+03	+7.804e+03	+0.878
67.600	+1.431e+03	+9.627e+03	+6.166e+03	+0.871
67.700	+3.473e+02	+7.380e+03	+7.660e+03	+0.955
67.800	+9.802e+02	+6.362e+03	+7.215e+03	+0.866
67.900	+5.447e+01	+7.311e+03	+7.905e+03	+0.993
68.000	+8.274e+02	+8.699e+03	+8.427e+03	+0.913
68.100	+6.733e+03	+1.459e+03	+7.986e+03	+0.178
68.200	+8.397e+03	+2.728e+02	+9.051e+03	+0.031
68.300	+1.031e+04	+1.243e+03	+9.977e+03	+0.108
68.400	+9.403e+03	+1.472e+03	+9.988e+03	+0.135
68.500	+7.797e+03	+9.143e+02	+8.730e+03	+0.105
68.600	+7.749e+03	+6.572e+02	+9.937e+03	+0.078
68.700	+9.076e+03	+4.652e+02	+1.015e+04	+0.049
68.800	+8.496e+03	+1.966e+03	+1.033e+04	+0.188
68.900	+8.748e+03	+9.364e+02	+8.190e+03	+0.097
69.000	+7.004e+03	+1.347e+03	+8.267e+03	+0.161
69.100	+5.871e+03	+8.006e+02	+9.567e+03	+0.120
69.200	+9.839e+03	+1.763e+03	+9.162e+03	+0.152
69.300	+8.165e+03	+4.777e+02	+8.177e+03	+0.055
69.400	+8.118e+03	+5.427e+02	+1.023e+04	+0.063
69.500	+8.883e+03	+5.863e+02	+6.888e+03	+0.062
69.600	+8.634e+03	-6.487e+02	+1.066e+04	-0.081
69.700	+6.968e+03	+4.107e+02	+1.037e+04	+0.056
69.800	+2.398e+03	+6.085e+03	+8.525e+03	+0.717
69.900	+9.575e+02	+8.172e+03	+9.508e+03	+0.895
70.000	+1.621e+03	+8.878e+03	+5.343e+03	+0.846
70.100	+5.990e+02	+7.946e+03	+8.929e+03	+0.930
70.200	-3.645e+02	+8.312e+03	+7.233e+03	+1.046
70.300	+2.001e+03	+7.413e+03	+8.196e+03	+0.787
70.400	+3.155e+02	+8.904e+03	+6.814e+03	+0.966
70.500	-9.339e+01	+8.529e+03	+8.826e+03	+1.011
70.600	+1.017e+03	+8.089e+03	+8.901e+03	+0.888
70.700	+1.809e+03	+8.098e+03	+1.367e+04	+0.817
70.800	+5.727e+02	+8.844e+03	+9.788e+03	+0.939
70.900	+8.973e+02	+8.226e+03	+8.756e+03	+0.902
71.000	+5.458e+01	+7.339e+03	+9.149e+03	+0.993
71.100	+1.014e+03	+6.395e+03	+8.801e+03	+0.863
71.200	+2.095e+03	+7.284e+03	+8.013e+03	+0.777
71.300	+4.628e+02	+7.963e+03	+9.219e+03	+0.945
71.400	+2.872e+03	+7.894e+03	+8.357e+03	+0.733
71.500	-4.544e+02	+7.313e+03	+9.070e+03	+1.066
71.600	+1.826e+02	+8.302e+03	+7.298e+03	+0.978
71.700	+1.422e+03	+7.880e+03	+9.995e+03	+0.847
71.800	+1.070e+04	+9.339e+02	+1.047e+04	+0.080
71.900	+8.842e+03	+1.600e+03	+9.744e+03	+0.153
72.000	+9.084e+03	+6.556e+02	+9.775e+03	+0.067
72.100	+6.458e+03	+1.869e+03	+1.068e+04	+0.224
72.200	+8.018e+03	+8.861e+02	+8.501e+03	+0.100
72.300	+8.592e+03	+7.481e+02	+7.896e+03	+0.080
72.400	+2.666e+03	+4.795e+03	+1.006e+04	+0.643
72.500	+3.862e+03	+4.587e+03	+9.705e+03	+0.543
72.600	+2.500e+03	+5.900e+03	+9.428e+03	+0.702
72.700	+3.664e+03	+4.422e+03	+9.712e+03	+0.547
72.800	+4.777e+03	+4.620e+03	+7.442e+03	+0.492
72.900	+4.400e+03	+4.995e+03	+9.776e+03	+0.532
73.000	+5.087e+03	+4.318e+03	+7.543e+03	+0.459
73.100	+5.252e+03	+5.008e+03	+1.144e+04	+0.488
73.200	+3.644e+03	+5.860e+03	+8.853e+03	+0.617
73.300	+2.753e+03	+6.270e+03	+7.433e+03	+0.695
73.400	+5.686e+02	+7.501e+03	+8.354e+03	+0.930
73.500	+6.544e+02	+8.132e+03	+1.159e+04	+0.926
73.600	+7.022e+02	+8.966e+03	+6.607e+03	+0.927
73.700	+5.866e+03	+4.132e+02	+8.520e+03	+0.066
73.800	+8.450e+03	+7.052e+02	+9.335e+03	+0.077
73.900	+9.000e+03	+7.712e+01	+1.209e+04	+0.008
74.000	+6.864e+03	+2.674e+03	+1.095e+04	+0.280
74.100	+9.258e+03	+1.221e+03	+1.152e+04	+0.116
74.200	+6.996e+03	+1.259e+03	+1.081e+04	+0.152
74.300	+8.512e+03	+7.127e+02	+8.743e+03	+0.077
74.400	+1.059e+04	+1.595e+03	+9.792e+03	+0.131
74.500	+1.051e+04	-5.862e+02	+9.566e+03	-0.059
74.600	+7.119e+03	+1.029e+03	+9.532e+03	+0.126
74.700	+7.917e+03	+1.223e+03	+1.064e+04	+0.134
74.800	+7.897e+03	+7.651e+01	+1.186e+04	+0.010
74.900	+8.238e+03	+2.209e+03	+1.011e+04	+0.211
75.000	+5.604e+03	+6.255e+02	+8.698e+03	+0.100
75.100	+8.249e+03	+5.031e+02	+9.710e+03	+0.057
75.200	+1.018e+04	+1.322e+03	+1.039e+04	+0.115
75.300	+2.261e+03	+6.645e+03	+8.541e+03	+0.746
75.400	+1.252e+03	+9.438e+03	+8.595e+03	+0.883
75.500	+5.304e+01	+8.153e+03	+8.557e+03	+0.994
75.600	+2.183e+03	+6.914e+03	+8.854e+03	+0.760
75.700	+4.088e+03	+6.175e+03	+7.444e+03	+0.602
75.800	+4.437e+03	+5.120e+03	+5.467e+03	+0.536
75.900	+4.752e+03	+4.956e+03	+9.299e+03	+0.510
76.000	+4.103e+03	+5.689e+03	+7.769e+03	+0.581
76.100	+4.734e+03	+4.803e+03	+8.527e+03	+0.504
76.200	+4.879e+03	+4.532e+03	+8.874e+03	+0.482
76.300	+9.166e+03	+1.631e+03	+8.918e+03	+0.151
76.400	+1.171e+04	+1.834e+02	+8.426e+03	+0.015
76.500	+8.602e+03	+3.798e+02	+7.223e+03	+0.042
76.600	+9.675e+03	+7.134e+02	+8.433e+03	+0.069
76.700	+7.944e+03	+9.434e+02	+1.068e+04	+0.106
76.800	+9.277e+03	-1.457e+02	+1.009e+04	-0.016
76.900	+9.588e+03	-1.822e+02	+1.022e+04	-0.019
77.000	+8.483e+03	+1.520e+03	+8.266e+03	+0.152
77.100	+9.502e+03	+1.764e+03	+8.800e+03	+0.157
77.200	+8.407e+03	-3.169e+01	+7.663e+03	-0.004
77.300	+1.003e+04	+1.556e+03	+8.986e+03	+0.134
77.400	+8.133e+03	+8.626e+02	+1.072e+04	+0.096
77.500	+7.050e+03	+6.666e+02	+1.042e+04	+0.086
77.600	+1.051e+04	+1.796e+02	+9.564e+03	+0.017
77.700	+9.150e+03	+1.346e+03	+1.022e+04	+0.128
77.800	+7.969e+03	+9.768e+02	+9.546e+03	+0.109
77.900	+8.290e+03	+7.258e+02	+9.063e+03	+0.080
78.000	+6.601e+03	+1.128e+02	+9.968e+03	+0.017
78.100	+8.208e+03	+2.175e+03	+8.739e+03	+0.209
78.200	+9.418e+03	+9.238e+02	+8.227e+03	+0.089
78.300	+8.016e+03	+5.495e+02	+8.232e+03	+0.064
78.400	+6.947e+03	-3.100e+02	+9.032e+03	-0.047
78.500	+4.483e+03	+3.349e+03	+7.378e+03	+0.428
78.600	+1.365e+03	+7.749e+03	+9.820e+03	+0.850
78.700	+3.870e+02	+6.501e+03	+1.007e+04	+0.944
78.800	+2.174e+02	+6.821e+03	+6.320e+03	+0.969
78.900	+8.190e+02	+7.959e+03	+5.538e+03	+0.907
79.000	+1.062e+03	+7.144e+03	+7.783e+03	+0.871
79.100	+1.161e+03	+8.065e+03	+1.060e+04	+0.874
79.200	+4.325e+02	+8.282e+03	+8.787e+03	+0.950
79.300	+3.003e+02	+6.805e+03	+7.542e+03	+0.958
79.400	+1.193e+03	+7.545e+03	+1.013e+04	+0.863
79.500	+1.933e+03	+6.463e+03	+9.926e+03	+0.770
79.600	-7.504e+02	+9.295e+03	+9.195e+03	+1.088
79.700	-4.839e+02	+7.919e+03	+8.512e+03	+1.065
79.800	+8.349e+02	+7.195e+03	+7.316e+03	+0.896
79.900	+5.072e+02	+9.715e+03	+8.459e+03	+0.950
80.000	+1.199e+03	+6.135e+03	+8.150e+03	+0.837
80.100	+1.527e+03	+9.303e+03	+9.096e+03	+0.859
80.200	+1.602e+03	+7.488e+03	+7.920e+03	+0.824
80.300	-7.139e+02	+8.485e+03	+9.678e+03	+1.092
80.400	+1.224e+03	+7.447e+03	+8.502e+03	+0.859
80.500	+1.851e+03	+1.028e+04	+7.578e+03	+0.847
80.600	+7.859e+02	+7.062e+03	+6.650e+03	+0.900
80.700	+5.211e+02	+9.711e+03	+9.539e+03	+0.949
80.800	+4.160e+02	+8.311e+03	+7.747e+03	+0.952
80.900	+3.462e+02	+7.774e+03	+8.377e+03	+0.957
81.000	+7.305e+02	+7.576e+03	+7.907e+03	+0.912
81.100	+7.251e+02	+7.027e+03	+9.820e+03	+0.906
81.200	+1.737e+02	+6.758e+03	+8.930e+03	+0.975
81.300	+3.094e+02	+5.029e+03	+8.659e+03	+0.942
81.400	+1.216e+03	+6.965e+03	+1.111e+04	+0.851
81.500	+8.298e+02	+9.248e+03	+9.990e+03	+0.918
81.600	+1.519e+03	+9.003e+03	+8.838e+03	+0.856
81.700	+9.101e+02	+8.091e+03	+9.182e+03	+0.899
81.800	+4.369e+02	+7.992e+03	+1.085e+04	+0.948
81.900	+1.846e+03	+5.272e+03	+8.649e+03	+0.741
82.000	+9.187e+02	+7.050e+03	+9.177e+03	+0.885
82.100	+5.425e+02	+9.515e+03	+9.154e+03	+0.946
82.200	-3.602e+02	+9.088e+03	+8.390e+03	+1.041
82.300	+6.210e+02	+7.440e+03	+8.525e+03	+0.923
82.400	+9.635e+02	+5.460e+03	+9.919e+03	+0.850
82.500	-1.852e+02	+8.852e+03	+7.036e+03	+1.021
82.600	+1.282e+03	+7.705e+03	+9.404e+03	+0.857
82.700	+1.023e+03	+7.279e+03	+1.102e+04	+0.877
82.800	+2.611e+03	+6.088e+03	+7.962e+03	+0.700
82.900	+3.962e+03	+4.962e+03	+8.403e+03	+0.556
83.000	+4.236e+03	+3.486e+03	+1.177e+04	+0.451
83.100	+3.791e+03	+4.652e+03	+8.975e+03	+0.551
83.200	+4.269e+03	+6.128e+03	+9.100e+03	+0.589
83.300	+4.884e+03	+6.961e+03	+9.834e+03	+0.588
83.400	+4.562e+03	+6.543e+03	+1.012e+04	+0.589
83.500	+5.487e+03	+5.143e+03	+7.951e+03	+0.484
83.600	+4.894e+03	+4.630e+03	+7.778e+03	+0.486
83.700	+8.348e+03	+2.173e+03	+9.217e+03	+0.207
83.800	+7.332e+03	+7.687e+02	+9.966e+03	+0.095
83.900	+7.874e+03	+6.936e+02	+1.110e+04	+0.081
84.000	+8.296e+03	+3.519e+02	+7.909e+03	+0.041
84.100	+9.374e+03	+1.666e+03	+9.641e+03	+0.151
84.200	+7.949e+03	+6.297e+02	+9.579e+03	+0.073
84.300	+1.052e+04	+1.148e+03	+8.811e+03	+0.098
84.400	+1.060e+04	-4.149e+02	+8.429e+03	-0.041
84.500	+1.107e+04	+1.078e+03	+8.213e+03	+0.089
84.600	+6.134e+03	+2.186e+03	+7.920e+03	+0.263
84.700	+8.149e+03	-6.643e+02	+7.997e+03	-0.089
84.800	+6.901e+03	+1.543e+03	+1.107e+04	+0.183
84.900	+8.521e+03	+1.637e+03	+8.895e+03	+0.161
85.000	+7.527e+03	+1.797e+03	+8.514e+03	+0.193
85.100	+7.642e+03	+1.299e+03	+8.790e+03	+0.145
85.200	+6.652e+03	+1.109e+03	+9.010e+03	+0.143
85.300	+7.063e+03	+2.617e+03	+1.123e+04	+0.270
85.400	+8.589e+03	+1.608e+03	+8.387e+03	+0.158
85.500	+7.516e+03	+7.935e+02	+9.018e+03	+0.095
85.600	+7.263e+03	+8.915e+01	+9.281e+03	+0.012
85.700	+6.961e+03	+2.738e+02	+9.465e+03	+0.038
85.800	+3.744e+03	+4.671e+03	+7.034e+03	+0.555
85.900	+5.441e+03	+5.010e+03	+9.097e+03	+0.479
86.000	+3.542e+03	+4.554e+03	+7.209e+03	+0.562
86.100	+5.316e+03	+5.474e+03	+8.652e+03	+0.507
86.200	+4.518e+03	+5.329e+03	+6.825e+03	+0.541
86.300	+3.516e+03	+3.524e+03	+1.166e+04	+0.501
86.400	+4.646e+03	+6.095e+03	+1.038e+04	+0.567
86.500	+3.357e+03	+4.959e+03	+1.036e+04	+0.596
86.600	+6.325e+03	+6.416e+03	+1.065e+04	+0.504
86.700	+5.599e+03	+5.263e+03	+9.661e+03	+0.485
86.800	+3.117e+03	+5.759e+03	+8.291e+03	+0.649
86.900	+2.993e+03	+5.332e+03	+5.587e+03	+0.640
87.000	+3.585e+03	+5.531e+03	+7.581e+03	+0.607
87.100	+5.144e+03	+3.867e+03	+9.937e+03	+0.429
87.200	+3.349e+03	+5.391e+03	+9.324e+03	+0.617
87.300	+3.697e+03	+4.582e+03	+9.008e+03	+0.553
87.400	+3.512e+03	+4.543e+03	+9.707e+03	+0.564
87.500	+4.223e+03	+3.816e+03	+9.058e+03	+0.475
87.600	+5.770e+03	+5.320e+03	+8.734e+03	+0.480
87.700	+2.897e+03	+4.748e+03	+1.021e+04	+0.621
87.800	+5.709e+03	+4.731e+03	+9.622e+03	+0.453
87.900	+5.529e+03	+5.338e+03	+9.494e+03	+0.491
88.000	+4.219e+03	+4.806e+03	+9.047e+03	+0.533
88.100	+4.837e+03	+5.490e+03	+9.411e+03	+0.532
88.200	+5.120e+03	+4.061e+03	+7.635e+03	+0.442
88.300	+3.256e+03	+5.284e+03	+7.376e+03	+0.619
88.400	+5.354e+03	+4.131e+03	+8.440e+03	+0.436
88.500	+3.559e+03	+3.544e+03	+1.165e+04	+0.499
88.600	+5.789e+03	+7.264e+03	+9.336e+03	+0.557
88.700	+3.185e+03	+6.433e+03	+8.440e+03	+0.669
88.800	+3.235e+02	+7.575e+03	+1.047e+04	+0.959
88.900	+1.734e+03	+9.058e+03	+8.199e+03	+0.839
89.000	+2.182e+03	+9.187e+03	+9.111e+03	+0.808
89.100	+8.120e+02	+6.343e+03	+8.057e+03	+0.887
89.200	+2.339e+03	+5.690e+03	+6.662e+03	+0.709
89.300	+1.039e+03	+7.609e+03	+8.064e+03	+0.880
89.400	+5.808e+02	+8.138e+03	+9.984e+03	+0.933
89.500	+7.002e+02	+8.318e+03	+6.757e+03	+0.922
89.600	+3.347e+02	+6.870e+03	+1.001e+04	+0.954
89.700	-1.730e+01	+7.340e+03	+1.063e+04	+1.002
89.800	+9.066e+01	+8.181e+03	+9.702e+03	+0.989
89.900	-1.121e+03	+8.016e+03	+8.835e+03	+1.162
90.000	+1.158e+03	+7.562e+03	+9.907e+03	+0.867
90.100	-8.930e+02	+8.013e+03	+9.313e+03	+1.125
90.200	+7.827e+02	+6.982e+03	+9.023e+03	+0.899
90.300	+8.837e+02	+5.201e+03	+8.391e+03	+0.855
90.400	+2.007e+03	+8.989e+03	+8.893e+03	+0.817
90.500	+1.770e+03	+8.766e+03	+9.992e+03	+0.832
90.600	+6.473e+02	+9.385e+03	+8.991e+03	+0.935
90.700	+1.922e+02	+7.761e+03	+9.585e+03	+0.976
90.800	+1.019e+03	+8.499e+03	+9.520e+03	+0.893
90.900	+1.368e+03	+8.993e+03	+1.115e+04	+0.868
91.000	+5.957e+02	+9.482e+03	+6.782e+03	+0.941
91.100	+2.393e+03	+1.000e+04	+9.501e+03	+0.807
91.200	+4.936e+02	+7.297e+03	+7.488e+03	+0.937
91.300	+1.866e+03	+7.784e+03	+9.753e+03	+0.807
91.400	+7.232e+02	+6.486e+03	+9.034e+03	+0.900
91.500	-7.147e+02	+7.892e+03	+8.614e+03	+1.100
91.600	+8.165e+02	+8.252e+03	+1.134e+04	+0.910
91.700	+1.879e+03	+6.584e+03	+9.392e+03	+0.778
91.800	+9.614e+02	+7.322e+03	+7.658e+03	+0.884
91.900	+1.460e+03	+7.680e+03	+7.720e+03	+0.840
92.000	+8.090e+02	+7.683e+03	+8.254e+03	+0.905
92.100	+1.482e+03	+5.833e+03	+8.046e+03	+0.797
92.200	+3.469e+03	+6.782e+03	+8.512e+03	+0.662
92.300	+4.880e+03	+5.267e+03	+7.890e+03	+0.519
92.400	+3.202e+03	+4.918e+03	+8.705e+03	+0.606
92.500	+4.311e+03	+6.216e+03	+8.421e+03	+0.590
92.600	+5.292e+03	+4.238e+03	+7.507e+03	+0.445
92.700	+3.016e+03	+5.179e+03	+1.112e+04	+0.632
92.800	+3.495e+03	+4.383e+03	+1.066e+04	+0.556
92.900	+4.939e+03	+4.349e+03	+9.321e+03	+0.468
93.000	+4.853e+03	+5.356e+03	+9.532e+03	+0.525
93.100	+6.196e+03	+4.416e+03	+9.117e+03	+0.416
93.200	+5.262e+03	+4.616e+03	+9.642e+03	+0.467
93.300	+9.430e+03	+9.099e+02	+1.033e+04	+0.088
93.400	+7.313e+03	+1.827e+03	+9.103e+03	+0.200
93.500	+7.255e+03	+5.307e+02	+8.613e+03	+0.068
93.600	+9.369e+03	-5.577e+02	+8.724e+03	-0.063
93.700	+9.751e+03	+1.295e+03	+9.534e+03	+0.117
93.800	+7.138e+03	-4.209e+02	+1.254e+04	-0.063
93.900	+8.885e+03	+1.279e+02	+8.877e+03	+0.014
94.000	+8.082e+03	+2.507e+02	+1.031e+04	+0.030
94.100	+6.714e+03	+3.174e+02	+9.667e+03	+0.045
94.200	+9.286e+03	-6.053e+02	+9.885e+03	-0.070
94.300	+4.083e+03	+6.022e+03	+8.485e+03	+0.596
94.400	+4.339e+03	+4.354e+03	+1.126e+04	+0.501
94.500	+5.977e+03	+5.928e+03	+7.317e+03	+0.498
94.600	+4.228e+03	+6.367e+03	+7.741e+03	+0.601
94.700	+4.945e+03	+4.303e+03	+1.016e+04	+0.465
94.800	+3.524e+03	+3.259e+03	+8.325e+03	+0.480
94.900	+3.529e+03	+3.682e+03	+9.782e+03	+0.511
95.000	+4.226e+03	+5.068e+03	+9.046e+03	+0.545
95.100	+4.964e+03	+8.089e+03	+7.296e+03	+0.620
95.200	+5.458e+03	+4.268e+03	+9.458e+03	+0.439
95.300	+4.697e+03	+6.174e+03	+1.011e+04	+0.568
95.400	+6.267e+03	+6.676e+03	+9.116e+03	+0.516
95.500	+1.955e+03	+6.094e+03	+8.132e+03	+0.757
95.600	+5.238e+03	+6.209e+03	+9.284e+03	+0.542
95.700	+4.011e+03	+4.882e+03	+1.022e+04	+0.549
95.800	+2.672e+03	+7.136e+03	+1.023e+04	+0.728
95.900	+2.816e+02	+7.489e+03	+8.120e+03	+0.964
96.000	+2.245e+03	+7.645e+03	+8.791e+03	+0.773
96.100	+1.646e+03	+7.880e+03	+9.526e+03	+0.827
96.200	+2.243e+03	+6.964e+03	+9.395e+03	+0.756
96.300	-1.086e+03	+8.032e+03	+9.315e+03	+1.156
96.400	+2.251e+03	+6.192e+03	+8.362e+03	+0.733
96.500	+5.055e+03	+3.918e+03	+1.064e+04	+0.437
96.600	+4.035e+03	+5.003e+03	+8.991e+03	+0.554
96.700	+5.931e+03	+3.954e+03	+6.654e+03	+0.400
96.800	+4.020e+03	+4.549e+03	+8.758e+03	+0.531
96.900	+4.002e+03	+6.358e+03	+9.612e+03	+0.614
97.000	+5.698e+03	+7.962e+03	+7.500e+03	+0.583
97.100	+3.077e+03	+5.247e+03	+8.118e+03	+0.630
97.200	+2.045e+03	+6.966e+03	+8.323e+03	+0.773
97.300	-4.881e+02	+7.804e+03	+9.245e+03	+1.067
97.400	+6.472e+02	+7.788e+03	+9.093e+03	+0.923
97.500	+4.663e+02	+8.350e+03	+1.097e+04	+0.947
97.600	+7.322e+02	+8.675e+03	+9.332e+03	+0.922
97.700	+2.509e+02	+8.487e+03	+8.592e+03	+0.971
97.800	-5.194e+01	+7.757e+03	+8.340e+03	+1.007
97.900	+1.020e+03	+7.250e+03	+7.488e+03	+0.877
98.000	+2.684e+03	+8.727e+03	+7.696e+03	+0.765
98.100	+6.353e+02	+8.107e+03	+8.624e+03	+0.927
98.200	+1.632e+03	+8.884e+03	+9.627e+03	+0.845
98.300	+1.253e+03	+9.665e+03	+9.537e+03	+0.885
98.400	+1.939e+03	+1.065e+04	+7.989e+03	+0.846
98.500	+3.185e+02	+5.541e+03	+1.023e+04	+0.946
98.600	+1.637e+03	+8.365e+03	+9.276e+03	+0.836
98.700	+1.475e+03	+9.712e+03	+1.035e+04	+0.868
98.800	+2.937e+03	+5.366e+03	+8.396e+03	+0.646
98.900	+5.069e+03	+4.251e+03	+8.516e+03	+0.456
99.000	+4.544e+03	+5.274e+03	+8.719e+03	+0.537
99.100	+4.044e+03	+5.542e+03	+7.190e+03	+0.578
99.200	+5.426e+03	+5.105e+03	+8.048e+03	+0.485
99.300	+6.429e+03	+3.439e+03	+8.866e+03	+0.349
99.400	+8.244e+03	+6.027e+02	+7.828e+03	+0.068
99.500	+9.201e+03	+1.181e+03	+1.020e+04	+0.114
99.600	+9.153e+03	+1.468e+03	+1.210e+04	+0.138
99.700	+9.529e+03	+1.938e+03	+7.469e+03	+0.169
99.800	+7.300e+03	+2.289e+03	+8.528e+03	+0.239
99.900	+8.191e+03	+7.358e+02	+7.762e+03	+0.082
100.000	+8.407e+03	-3.028e+02	+1.175e+04	-0.037
100.100	+8.172e+03	+5.873e+02	+1.068e+04	+0.067
100.200	+8.433e+03	+1.906e+03	+1.093e+04	+0.184
100.300	+4.579e+03	+4.352e+03	+6.640e+03	+0.487
100.400	+4.956e+03	+4.968e+03	+1.070e+04	+0.501
100.500	+4.855e+03	+5.769e+03	+9.847e+03	+0.543
100.600	+4.461e+03	+5.616e+03	+1.107e+04	+0.557
100.700	+3.297e+03	+4.173e+03	+9.660e+03	+0.559
100.800	+4.432e+03	+4.052e+03	+9.961e+03	+0.478
100.900	+5.067e+03	+5.237e+03	+9.123e+03	+0.508
101.000	+4.692e+03	+5.521e+03	+8.395e+03	+0.541
101.100	+5.067e+03	+3.499e+03	+8.947e+03	+0.408
101.200	+3.994e+03	+4.086e+03	+9.860e+03	+0.506
101.300	+4.650e+03	+5.705e+03	+8.234e+03	+0.551
101.400	+6.634e+03	+4.574e+03	+6.984e+03	+0.408
101.500	+5.065e+03	+5.038e+03	+8.480e+03	+0.499
101.600	+3.314e+03	+4.202e+03	+7.590e+03	+0.559
101.700	+5.133e+03	+5.973e+03	+1.069e+04	+0.538
101.800	+2.922e+03	+5.182e+03	+9.195e+03	+0.639
101.900	+4.993e+03	+4.874e+03	+9.669e+03	+0.494
102.000	+6.067e+03	+4.123e+03	+7.686e+03	+0.405
102.100	+3.808e+03	+3.720e+03	+9.598e+03	+0.494
102.200	+2.673e+03	+4.441e+03	+9.326e+03	+0.624
102.300	+2.568e+03	+6.332e+03	+1.043e+04	+0.711
102.400	+5.421e+03	+3.839e+03	+9.700e+03	+0.415
102.500	+6.297e+03	+6.685e+03	+9.202e+03	+0.515
102.600	+3.933e+03	+5.553e+03	+6.194e+03	+0.585
102.700	+2.738e+03	+5.198e+03	+8.876e+03	+0.655
102.800	+4.213e+03	+3.069e+03	+8.980e+03	+0.421
102.900	+1.649e+03	+7.606e+03	+9.029e+03	+0.822
103.000	+3.003e+03	+5.251e+03	+1.094e+04	+0.636
103.100	+3.180e+03	+5.262e+03	+9.709e+03	+0.623
103.200	+3.874e+03	+3.844e+03	+7.379e+03	+0.498
103.300	+5.090e+03	+5.947e+03	+9.247e+03	+0.539
103.400	+4.010e+03	+5.491e+03	+7.945e+03	+0.578
103.500	+4.509e+03	+6.670e+03	+7.457e+03	+0.597
103.600	+4.068e+03	+5.245e+03	+8.254e+03	+0.563
103.700	+4.775e+03	+6.123e+03	+8.392e+03	+0.562
103.800	+3.186e+03	+4.800e+03	+8.753e+03	+0.601
103.900	+3.260e+03	+5.885e+03	+8.485e+03	+0.644
104.000	+2.909e+03	+7.035e+03	+8.896e+03	+0.707
104.100	+1.991e+03	+8.078e+03	+7.758e+03	+0.802
104.200	+9.477e+02	+8.742e+03	+9.705e+03	+0.902
104.300	+8.782e+02	+7.056e+03	+1.109e+04	+0.889
104.400	+6.371e+02	+8.601e+03	+9.500e+03	+0.931
104.500	+6.065e+02	+8.342e+03	+7.822e+03	+0.932
104.600	+1.214e+03	+8.710e+03	+9.201e+03	+0.878
104.700	+6.412e+02	+9.081e+03	+9.401e+03	+0.934
104.800	+1.490e+03	+9.169e+03	+9.612e+03	+0.860
104.900	+1.901e+03	+6.528e+03	+8.855e+03	+0.774
105.000	-1.012e+02	+7.638e+03	+5.382e+03	+1.013
105.100	+1.460e+03	+6.510e+03	+9.858e+03	+0.817
105.200	+1.355e+03	+5.985e+03	+7.813e+03	+0.815
105.300	+3.344e+02	+9.134e+03	+6.592e+03	+0.965
105.400	+1.448e+03	+8.105e+03	+9.116e+03	+0.848
105.500	+1.269e+03	+7.967e+03	+1.013e+04	+0.863
105.600	-4.060e+02	+8.737e+03	+9.460e+03	+1.049
105.700	+1.927e+03	+8.711e+03	+8.515e+03	+0.819
105.800	+2.164e+03	+8.259e+03	+7.772e+03	+0.792
105.900	-6.350e+02	+8.384e+03	+8.471e+03	+1.082
106.000	+6.919e+02	+6.377e+03	+8.905e+03	+0.902
106.100	+1.620e+03	+8.481e+03	+8.658e+03	+0.840
106.200	+2.020e+02	+8.132e+03	+1.077e+04	+0.976
106.300	+1.924e+03	+5.943e+03	+8.949e+03	+0.755
106.400	+3.457e+03	+5.334e+03	+7.056e+03	+0.607
106.500	+4.765e+03	+4.649e+03	+7.247e+03	+0.494
106.600	+4.005e+03	+4.676e+03	+8.764e+03	+0.539
106.700	+4.111e+03	+4.716e+03	+1.029e+04	+0.534
106.800	+4.787e+03	+5.011e+03	+1.016e+04	+0.511
106.900	+3.688e+03	+3.245e+03	+9.125e+03	+0.468
107.000	+4.390e+03	+5.916e+03	+1.078e+04	+0.574
107.100	+4.738e+03	+6.426e+03	+1.185e+04	+0.576
107.200	+2.508e+03	+6.018e+03	+7.974e+03	+0.706
107.300	+5.435e+03	+4.970e+03	+9.709e+03	+0.478
107.400	+3.308e+03	+5.446e+03	+8.483e+03	+0.622
107.500	+5.731e+03	+4.050e+03	+9.425e+03	+0.414
107.600	+8.642e+03	+7.084e+02	+1.184e+04	+0.076
107.700	+9.030e+03	+2.880e+03	+8.154e+03	+0.242
107.800	+9.213e+03	-1.544e+02	+8.632e+03	-0.017
107.900	+7.994e+03	+1.367e+03	+1.149e+04	+0.146
108.000	+8.449e+03	+1.041e+03	+1.028e+04	+0.110
108.100	+8.801e+03	+1.363e+03	+9.815e+03	+0.134
108.200	+8.886e+03	+1.123e+03	+1.033e+04	+0.112
108.300	+8.630e+03	+1.146e+03	+8.557e+03	+0.117
108.400	+1.018e+04	+3.879e+01	+8.493e+03	+0.004
108.500	+1.053e+04	+1.018e+03	+1.128e+04	+0.088
108.600	+7.394e+03	-7.635e+02	+8.516e+03	-0.115
108.700	+9.343e+03	+6.951e+02	+8.573e+03	+0.069
108.800	+8.888e+03	+1.648e+03	+9.281e+03	+0.156
108.900	+8.729e+03	+6.369e+02	+9.103e+03	+0.068
109.000	+8.436e+03	+2.044e+03	+9.579e+03	+0.195
109.100	+9.795e+03	+4.274e+02	+9.281e+03	+0.042
109.200	+8.660e+03	+1.610e+03	+9.801e+03	+0.157
109.300	+7.578e+03	+3.063e+02	+1.268e+04	+0.039
109.400	+9.125e+03	+1.749e+03	+9.587e+03	+0.161
109.500	+1.074e+04	+1.123e+03	+9.641e+03	+0.095
109.600	+1.062e+04	+1.632e+03	+9.519e+03	+0.133
109.700	+8.201e+03	-1.242e+02	+9.792e+03	-0.015
109.800	+8.373e+03	+7.831e+02	+9.870e+03	+0.086
109.900	+1.156e+04	-4.401e+02	+1.054e+04	-0.040
110.000	+9.969e+03	-1.098e+03	+1.081e+04	-0.124
110.100	+1.061e+04	+2.644e+02	+8.911e+03	+0.024
110.200	+7.155e+03	+1.215e+03	+7.831e+03	+0.145
110.300	+7.864e+03	-7.986e+01	+1.029e+04	-0.010
110.400	+7.397e+03	+2.224e+03	+8.568e+03	+0.231
110.500	+8.601e+03	+1.383e+03	+1.026e+04	+0.139
110.600	+8.384e+03	-3.344e+02	+8.535e+03	-0.042
110.700	+7.894e+03	+1.554e+03	+1.056e+04	+0.165
110.800	+6.908e+03	+1.087e+03	+7.098e+03	+0.136
110.900	+8.442e+03	+1.651e+03	+8.933e+03	+0.164
111.000	+9.116e+03	+1.520e+03	+7.588e+03	+0.143
111.100	+7.513e+03	+2.023e+03	+8.283e+03	+0.212
111.200	+7.661e+03	+1.464e+03	+1.010e+04	+0.160
111.300	+6.443e+03	+4.282e+03	+9.350e+03	+0.399
111.400	+5.402e+03	+6.138e+03	+9.400e+03	+0.532
111.500	+5.912e+03	+4.303e+03	+6.337e+03	+0.421
111.600	+4.362e+03	+4.467e+03	+5.044e+03	+0.506
111.700	+5.482e+03	+4.533e+03	+9.554e+03	+0.453
111.800	+4.343e+03	+4.929e+03	+9.419e+03	+0.532
111.900	+4.702e+03	+5.234e+03	+6.701e+03	+0.527
112.000	+4.474e+03	+5.674e+03	+8.455e+03	+0.559
112.100	+4.837e+03	+4.846e+03	+7.949e+03	+0.500
112.200	+3.334e+03	+4.670e+03	+7.339e+03	+0.583
112.300	+3.391e+03	+4.355e+03	+8.897e+03	+0.562
112.400	+4.316e+03	+4.468e+03	+9.565e+03	+0.509
112.500	+1.394e+03	+8.903e+03	+8.292e+03	+0.865
112.600	+1.330e+03	+8.865e+03	+7.845e+03	+0.870
112.700	+9.193e+02	+6.707e+03	+9.508e+03	+0.879
112.800	+4.355e+02	+7.903e+03	+9.001e+03	+0.948
112.900	+1.535e+03	+8.015e+03	+1.002e+04	+0.839
113.000	+2.055e+03	+6.746e+03	+6.753e+03	+0.766
113.100	+2.040e+03	+6.751e+03	+1.228e+04	+0.768
113.200	+1.117e+03	+5.773e+03	+9.689e+03	+0.838
113.300	+2.045e+03	+8.203e+03	+9.257e+03	+0.800
113.400	+6.349e+02	+7.550e+03	+7.574e+03	+0.922
113.500	+7.918e+02	+7.563e+03	+9.568e+03	+0.905
113.600	+2.452e+02	+8.329e+03	+8.939e+03	+0.971
113.700	+1.691e+03	+7.500e+03	+7.949e+03	+0.816
113.800	-1.013e+03	+9.466e+03	+1.011e+04	+1.120
113.900	+1.888e+03	+1.025e+04	+7.982e+03	+0.844
114.000	+3.359e+02	+8.643e+03	+6.588e+03	+0.963
114.100	+1.258e+03	+9.648e+03	+9.416e+03	+0.885
114.200	+1.934e+03	+8.541e+03	+8.663e+03	+0.815
114.300	+5.895e+02	+7.367e+03	+8.334e+03	+0.926
114.400	+9.648e+02	+7.684e+03	+7.504e+03	+0.888
114.500	+2.541e+03	+7.003e+03	+8.656e+03	+0.734
114.600	-8.889e+01	+7.960e+03	+1.217e+04	+1.011
114.700	+1.728e+03	+8.691e+03	+8.223e+03	+0.834
114.800	+1.281e+02	+6.669e+03	+7.171e+03	+0.981
114.900	+2.624e+02	+6.540e+03	+8.733e+03	+0.961
115.000	+1.428e+03	+7.805e+03	+9.317e+03	+0.845
115.100	-4.650e+01	+8.386e+03	+8.391e+03	+1.006
115.200	+6.570e+02	+8.944e+03	+9.756e+03	+0.932
115.300	+1.213e+03	+7.637e+03	+7.282e+03	+0.863
115.400	-2.235e+02	+9.433e+03	+9.009e+03	+1.024
115.500	+8.177e+02	+7.984e+03	+8.690e+03	+0.907
115.600	+9.682e+02	+7.777e+03	+7.973e+03	+0.889
115.700	+1.133e+03	+8.731e+03	+8.137e+03	+0.885
115.800	+1.007e+03	+7.501e+03	+9.141e+03	+0.882
115.900	+1.260e+03	+8.279e+03	+8.599e+03	+0.868
116.000	+2.033e+03	+7.663e+03	+7.669e+03	+0.790
116.100	-1.801e+02	+7.450e+03	+6.847e+03	+1.025
116.200	+3.063e+02	+7.580e+03	+9.140e+03	+0.961
116.300	+6.847e+02	+7.825e+03	+7.435e+03	+0.920
116.400	+7.252e+02	+6.810e+03	+1.159e+04	+0.904
116.500	+5.487e+02	+7.983e+03	+9.759e+03	+0.936
116.600	+1.640e+02	+7.152e+03	+6.939e+03	+0.978
116.700	+1.227e+03	+6.803e+03	+6.992e+03	+0.847
116.800	+1.806e+03	+7.708e+03	+8.136e+03	+0.810
116.900	+2.309e+03	+4.807e+03	+1.081e+04	+0.676
117.000	+3.410e+02	+7.628e+03	+7.722e+03	+0.957
117.100	+4.968e+02	+7.544e+03	+7.219e+03	+0.938
117.200	+2.225e+03	+7.031e+03	+8.121e+03	+0.760
117.300	+1.693e+02	+8.770e+03	+6.462e+03	+0.981
117.400	+1.807e+02	+7.417e+03	+8.589e+03	+0.976
117.500	-4.262e+02	+7.846e+03	+6.980e+03	+1.057
117.600	+9.391e+02	+8.914e+03	+9.312e+03	+0.905
117.700	+3.670e+03	+6.910e+03	+8.616e+03	+0.653
117.800	+4.609e+02	+9.180e+03	+9.285e+03	+0.952
117.900	+1.058e+03	+7.353e+03	+1.078e+04	+0.874
118.000	-7.422e+02	+4.678e+03	+8.651e+03	+1.189
118.100	+1.675e+03	+7.932e+03	+9.806e+03	+0.826
118.200	+1.578e+03	+8.621e+03	+6.028e+03	+0.845
118.300	+1.445e+03	+7.049e+03	+7.745e+03	+0.830
118.400	+3.877e+03	+6.267e+03	+8.710e+03	+0.618
118.500	+3.003e+03	+5.259e+03	+8.228e+03	+0.637
118.600	+5.311e+03	+6.289e+03	+8.934e+03	+0.542
118.700	+1.825e+03	+8.078e+03	+7.851e+03	+0.816
118.800	+9.547e+02	+9.504e+03	+9.437e+03	+0.909
118.900	+1.642e+03	+8.417e+03	+8.677e+03	+0.837
119.000	+4.271e+02	+5.694e+03	+9.000e+03	+0.930
119.100	+1.071e+03	+6.888e+03	+7.857e+03	+0.865
119.200	+1.425e+02	+8.285e+03	+7.356e+03	+0.983
119.300	+7.976e+02	+6.746e+03	+8.149e+03	+0.894
119.400	+1.544e+03	+5.718e+03	+1.052e+04	+0.787
119.500	+2.190e+03	+9.872e+03	+8.665e+03	+0.818
119.600	+2.162e+03	+6.168e+03	+7.327e+03	+0.740
119.700	+4.228e+02	+7.673e+03	+6.430e+03	+0.948
119.800	+3.319e+02	+9.529e+03	+9.149e+03	+0.966
119.900	+8.578e+02	+9.333e+03	+7.238e+03	+0.916
120.000	+6.414e+02	+6.198e+03	+9.930e+03	+0.906
120.100	+4.052e+02	+8.115e+03	+8.384e+03	+0.952
120.200	+1.134e+03	+7.270e+03	+9.332e+03	+0.865
120.300	+2.177e+03	+7.734e+03	+7.827e+03	+0.780
120.400	+1.006e+03	+8.737e+03	+8.503e+03	+0.897
120.500	+3.996e+02	+7.890e+03	+1.079e+04	+0.952
120.600	+1.070e+03	+7.319e+03	+8.284e+03	+0.872
120.700	+1.359e+03	+7.790e+03	+1.131e+04	+0.851
120.800	+2.049e+03	+7.190e+03	+8.420e+03	+0.778
120.900	+6.778e+02	+8.829e+03	+7.227e+03	+0.929
121.000	+5.313e+02	+7.871e+03	+7.254e+03	+0.937
121.100	+3.158e+01	+7.231e+03	+9.964e+03	+0.996
121.200	+1.017e+03	+8.221e+03	+9.390e+03	+0.890
121.300	+3.672e+02	+8.331e+03	+7.329e+03	+0.958
121.400	+1.220e+03	+9.389e+03	+8.393e+03	+0.885
121.500	+4.909e+02	+9.848e+03	+6.786e+03	+0.953
121.600	+1.906e+03	+8.258e+03	+8.710e+03	+0.813
121.700	-6.437e+02	+9.239e+03	+1.012e+04	+1.075
121.800	+4.046e+02	+8.055e+03	+9.699e+03	+0.952
121.900	+5.971e+02	+8.281e+03	+7.339e+03	+0.933
122.000	+1.724e+03	+6.964e+03	+9.638e+03	+0.802
122.100	+1.237e+03	+7.476e+03	+7.864e+03	+0.858
122.200	+1.001e+02	+9.397e+03	+5.940e+03	+0.989
122.300	+1.572e+03	+9.030e+03	+8.976e+03	+0.852
122.400	+9.408e+02	+7.841e+03	+9.374e+03	+0.893
122.500	+1.671e+03	+8.806e+03	+9.034e+03	+0.841
122.600	-2.040e+02	+7.654e+03	+7.920e+03	+1.027
122.700	+1.204e+03	+7.416e+03	+9.746e+03	+0.860
122.800	+8.069e+02	+8.641e+03	+9.227e+03	+0.915
122.900	+8.809e+02	+4.259e+03	+9.754e+03	+0.829
123.000	+5.917e+01	+7.609e+03	+1.193e+04	+0.992
123.100	+2.889e+03	+9.736e+03	+9.450e+03	+0.771
123.200	+6.809e+02	+9.713e+03	+9.269e+03	+0.934
123.300	+9.915e+02	+9.494e+03	+9.512e+03	+0.905
123.400	+3.172e+02	+8.697e+03	+8.041e+03	+0.965
123.500	+2.199e+03	+4.531e+03	+8.488e+03	+0.673
123.600	+9.789e+03	+1.152e+03	+1.149e+04	+0.105
123.700	+1.013e+04	+3.042e+02	+9.532e+03	+0.029
123.800	+7.352e+03	+5.269e+02	+1.114e+04	+0.067
123.900	+1.043e+04	+1.229e+03	+1.133e+04	+0.105
124.000	+9.258e+03	+1.521e+03	+8.369e+03	+0.141
124.100	+8.891e+03	+2.308e+03	+1.044e+04	+0.206
124.200	+6.825e+03	+1.653e+03	+9.930e+03	+0.195
124.300	+1.046e+04	+9.777e+02	+8.940e+03	+0.085
124.400	+8.514e+03	+1.534e+03	+1.027e+04	+0.153
124.500	+1.033e+04	+2.164e+03	+1.000e+04	+0.173
124.600	+8.551e+03	+2.988e+02	+9.793e+03	+0.034
124.700	+8.484e+03	+8.183e+02	+9.351e+03	+0.088
124.800	+9.027e+03	-1.154e+03	+9.674e+03	-0.147
124.900	+8.795e+03	+1.156e+03	+8.761e+03	+0.116
125.000	+3.488e+03	+4.701e+03	+8.301e+03	+0.574
125.100	+1.338e+03	+6.033e+03	+7.069e+03	+0.818
125.200	+4.012e+02	+7.119e+03	+6.029e+03	+0.947
125.300	+9.665e+02	+5.687e+03	+7.012e+03	+0.855
125.400	+8.165e-01	+8.650e+03	+9.357e+03	+1.000
125.500	+2.011e+03	+8.658e+03	+9.744e+03	+0.812
125.600	+9.177e+02	+7.945e+03	+1.042e+04	+0.896
125.700	+6.597e+02	+9.101e+03	+7.718e+03	+0.932
125.800	+2.815e+02	+9.703e+03	+7.522e+03	+0.972
125.900	+9.366e+02	+6.224e+03	+7.475e+03	+0.869
126.000	+1.188e+03	+7.368e+03	+5.247e+03	+0.861
126.100	+9.047e+02	+6.431e+03	+7.377e+03	+0.877
126.200	+4.150e+02	+6.837e+03	+9.792e+03	+0.943
126.300	+1.913e+03	+6.962e+03	+1.018e+04	+0.784
126.400	-2.676e+02	+7.707e+03	+7.760e+03	+1.036
126.500	+1.997e+03	+7.427e+03	+8.565e+03	+0.788
126.600	+8.729e+02	+8.511e+03	+8.069e+03	+0.907
126.700	+1.306e+03	+7.192e+03	+8.783e+03	+0.846
126.800	-2.127e+03	+8.101e+03	+7.970e+03	+1.356
126.900	+1.641e+03	+7.383e+03	+8.042e+03	+0.818
127.000	+1.477e+03	+7.017e+03	+9.124e+03	+0.826
127.100	+2.478e+02	+7.730e+03	+1.170e+04	+0.969
127.200	-4.659e+02	+9.420e+03	+8.075e+03	+1.052
127.300	+5.078e+02	+8.593e+03	+7.645e+03	+0.944
127.400	+9.271e+02	+6.842e+03	+8.628e+03	+0.881
127.500	+1.551e+03	+8.632e+03	+9.345e+03	+0.848
127.600	+1.575e+03	+9.837e+03	+8.569e+03	+0.862
127.700	+4.474e+02	+6.829e+03	+7.463e+03	+0.939
127.800	+1.981e+02	+7.037e+03	+9.331e+03	+0.973
127.900	+6.353e+03	+4.330e+03	+1.019e+04	+0.405
128.000	+3.809e+03	+6.365e+03	+9.221e+03	+0.626
128.100	+5.187e+03	+4.191e+03	+9.415e+03	+0.447
128.200	+5.688e+03	+4.990e+03	+9.471e+03	+0.467
128.300	+2.067e+03	+4.287e+03	+9.014e+03	+0.675
128.400	+4.871e+03	+4.503e+03	+6.605e+03	+0.480
128.500	+3.955e+03	+5.014e+03	+9.363e+03	+0.559
128.600	+7.177e+03	+1.752e+03	+8.181e+03	+0.196
128.700	+6.486e+03	+1.500e+03	+9.175e+03	+0.188
128.800	+9.422e+03	+5.386e+02	+1.108e+04	+0.054
128.900	+7.549e+03	+1.808e+03	+8.964e+03	+0.193
129.000	+7.650e+03	+1.976e+03	+1.039e+04	+0.205
129.100	+9.027e+03	+7.822e+02	+8.703e+03	+0.080
129.200	+8.350e+03	-2.555e+02	+8.460e+03	-0.032
129.300	+8.271e+03	+1.073e+03	+1.110e+04	+0.115
129.400	+8.471e+03	+9.162e+02	+1.288e+04	+0.098
129.500	+9.673e+03	+8.270e+02	+8.174e+03	+0.079
129.600	+9.560e+03	+1.013e+03	+1.161e+04	+0.096
129.700	+8.845e+03	+1.207e+03	+9.930e+03	+0.120
129.800	+7.368e+03	+7.976e+02	+1.051e+04	+0.098
129.900	+8.261e+03	+4.132e+02	+1.164e+04	+0.048
130.000	+7.378e+03	+1.422e+03	+8.942e+03	+0.162
130.100	+7.432e+03	-4.756e+02	+1.073e+04	-0.068
130.200	+7.883e+03	+2.035e+03	+9.125e+03	+0.205
130.300	+9.685e+03	+1.832e+02	+8.707e+03	+0.019
130.400	+7.545e+03	-1.358e+02	+9.645e+03	-0.018
130.500	+8.717e+03	+1.553e+03	+1.072e+04	+0.151
130.600	+7.175e+03	-7.240e+02	+9.117e+03	-0.112
130.700	+1.006e+04	+8.867e+02	+1.075e+04	+0.081
130.800	+8.777e+03	+1.060e+03	+9.388e+03	+0.108
130.900	+9.629e+03	+1.489e+03	+9.577e+03	+0.134
131.000	+8.714e+03	+1.195e+02	+9.532e+03	+0.014
131.100	+8.323e+03	+1.238e+03	+1.157e+04	+0.129
131.200	+8.083e+03	+1.413e+03	+8.868e+03	+0.149
131.300	+1.021e+04	+7.574e+02	+1.149e+04	+0.069
131.400	+7.028e+03	+1.784e+03	+1.210e+04	+0.202
131.500	+8.068e+03	+9.507e+02	+8.769e+03	+0.105
131.600	+8.312e+03	+1.766e+03	+9.356e+03	+0.175
131.700	+8.437e+03	+5.166e+02	+7.769e+03	+0.058
131.800	+7.467e+03	+1.041e+03	+9.692e+03	+0.122
131.900	+8.926e+03	+1.198e+03	+8.869e+03	+0.118
132.000	+8.275e+03	+4.132e+02	+1.144e+04	+0.048
132.100	+7.287e+03	-1.124e+02	+1.054e+04	-0.016
132.200	+1.880e+03	+7.038e+03	+9.432e+03	+0.789
132.300	+4.683e+02	+7.671e+03	+1.044e+04	+0.942
132.400	+7.512e+02	+8.661e+03	+9.326e+03	+0.920
132.500	+1.460e+03	+7.932e+03	+9.870e+03	+0.845
132.600	-4.647e+02	+9.416e+03	+7.242e+03	+1.052
132.700	-3.343e+02	+6.355e+03	+1.137e+04	+1.056
132.800	+1.774e+01	+7.357e+03	+8.979e+03	+0.998
132.900	+1.038e+03	+8.876e+03	+9.734e+03	+0.895
133.000	+4.905e+03	+4.771e+03	+8.803e+03	+0.493
133.100	+2.436e+03	+4.035e+03	+9.750e+03	+0.624
133.200	+3.196e+03	+6.606e+03	+8.703e+03	+0.674
133.300	+3.802e+03	+4.803e+03	+7.932e+03	+0.558
133.400	+4.464e+03	+4.410e+03	+9.193e+03	+0.497
133.500	+4.343e+03	+4.179e+03	+8.221e+03	+0.490
133.600	+4.131e+03	+7.711e+03	+1.045e+04	+0.651
133.700	+4.807e+03	+5.151e+03	+8.066e+03	+0.517
133.800	+3.398e+03	+6.570e+03	+7.418e+03	+0.659
133.900	+5.435e+02	+7.622e+03	+8.712e+03	+0.933
134.000	+4.391e+02	+9.198e+03	+8.726e+03	+0.954
134.100	+1.080e+03	+7.026e+03	+8.938e+03	+0.867
134.200	+7.362e+02	+7.966e+03	+8.930e+03	+0.915
134.300	+9.063e+03	+7.972e+02	+8.571e+03	+0.081
134.400	+7.697e+03	-5.464e+02	+9.003e+03	-0.076
134.500	+6.915e+03	+1.977e+03	+9.937e+03	+0.222
134.600	+8.484e+03	+1.778e+03	+1.128e+04	+0.173
134.700	+8.699e+03	+8.711e+02	+9.833e+03	+0.091
134.800	+9.004e+03	+1.322e+03	+6.961e+03	+0.128
134.900	+8.130e+03	+3.034e+03	+1.152e+04	+0.272
135.000	+7.936e+03	+2.591e+03	+6.936e+03	+0.246
135.100	+9.344e+03	+4.487e+02	+1.192e+04	+0.046
135.200	+7.038e+03	-4.072e+02	+8.147e+03	-0.061
135.300	+9.347e+03	+4.100e+02	+9.488e+03	+0.042
135.400	+8.154e+03	+1.439e+03	+1.285e+04	+0.150
135.500	+7.834e+03	-9.071e+01	+7.886e+03	-0.012
135.600	+8.810e+03	+9.949e+02	+9.675e+03	+0.101
135.700	+8.191e+03	+1.093e+03	+9.878e+03	+0.118
135.800	+9.483e+03	-2.523e+02	+7.629e+03	-0.027
135.900	+8.429e+03	+2.947e+03	+1.198e+04	+0.259
136.000	+8.640e+03	+1.080e+02	+1.077e+04	+0.012
136.100	+8.671e+03	-5.501e+02	+7.891e+03	-0.068
136.200	+9.616e+03	-1.225e+03	+1.155e+04	-0.146
136.300	+9.213e+03	+1.072e+02	+9.579e+03	+0.011
136.400	+8.743e+03	+8.004e+02	+9.007e+03	+0.084
136.500	+7.678e+03	+1.553e+03	+1.228e+04	+0.168
136.600	+5.788e+03	-7.778e+02	+8.136e+03	-0.155
136.700	+8.070e+03	-2.256e+02	+1.022e+04	-0.029
136.800	+7.516e+03	+1.090e+03	+9.512e+03	+0.127
136.900	+8.412e+03	+9.134e+02	+9.022e+03	+0.098
137.000	+3.412e+03	+6.694e+03	+9.898e+03	+0.662
137.100	+1.608e+03	+8.627e+03	+7.932e+03	+0.843
137.200	+2.284e+03	+5.736e+03	+6.279e+03	+0.715
137.300	+7.872e+01	+1.072e+04	+7.617e+03	+0.993
137.400	+2.874e+02	+6.976e+03	+8.284e+03	+0.960
137.500	+1.817e+03	+8.104e+03	+8.873e+03	+0.817
137.600	+5.516e+03	+4.132e+03	+7.834e+03	+0.428
137.700	+9.761e+03	+1.271e+03	+9.558e+03	+0.115
137.800	+4.424e+03	+5.827e+03	+9.292e+03	+0.568
137.900	+2.032e+03	+6.975e+03	+8.907e+03	+0.774
138.000	+2.434e+02	+7.462e+03	+9.214e+03	+0.968
138.100	+8.141e+02	+7.385e+03	+7.747e+03	+0.901
138.200	+6.793e+02	+9.220e+03	+8.797e+03	+0.931
138.300	+1.446e+03	+7.812e+03	+9.188e+03	+0.844
138.400	+8.333e+02	+7.665e+03	+8.312e+03	+0.902
138.500	+2.277e+03	+8.470e+03	+9.602e+03	+0.788
138.600	+2.618e+03	+6.876e+03	+8.187e+03	+0.724
138.700	+2.125e+03	+6.433e+03	+8.126e+03	+0.752
138.800	+1.517e+03	+5.739e+03	+9.081e+03	+0.791
138.900	+3.986e+03	+4.238e+03	+1.098e+04	+0.515
139.000	+3.449e+03	+5.667e+03	+9.467e+03	+0.622
139.100	+3.127e+03	+5.144e+03	+7.830e+03	+0.622
139.200	+2.785e+03	+5.695e+03	+6.688e+03	+0.672
139.300	+3.599e+03	+3.748e+03	+8.181e+03	+0.510
139.400	+4.865e+03	+3.761e+03	+8.544e+03	+0.436
139.500	+5.751e+03	+5.452e+03	+8.218e+03	+0.487
139.600	+4.442e+03	+4.579e+03	+9.375e+03	+0.508
139.700	+5.777e+03	+5.663e+03	+9.427e+03	+0.495
139.800	+3.896e+03	+5.005e+03	+8.930e+03	+0.562
139.900	+4.905e+03	+4.418e+03	+8.929e+03	+0.474
140.000	+4.894e+03	+4.663e+03	+8.161e+03	+0.488
140.100	+4.907e+03	+4.400e+03	+7.354e+03	+0.473
140.200	+5.150e+03	+5.535e+03	+8.036e+03	+0.518
140.300	+3.027e+03	+4.364e+03	+6.239e+03	+0.590
140.400	+4.148e+03	+4.555e+03	+7.520e+03	+0.523
140.500	+3.636e+03	+5.447e+03	+7.995e+03	+0.600
140.600	+6.515e+03	+7.178e+03	+1.175e+04	+0.524
140.700	+4.275e+03	+4.693e+03	+9.974e+03	+0.523
140.800	+5.966e+03	+5.346e+03	+1.141e+04	+0.473
140.900	+3.695e+03	+4.755e+03	+7.957e+03	+0.563
141.000	+8.521e+03	+1.230e+03	+1.118e+04	+0.126
141.100	+7.674e+03	+3.328e+02	+7.842e+03	+0.042
141.200	+8.431e+03	+7.769e+02	+9.829e+03	+0.084
141.300	+9.369e+03	+2.700e+02	+7.213e+03	+0.028
141.400	+7.510e+03	+1.982e+03	+1.076e+04	+0.209
141.500	+8.295e+03	+4.824e+02	+1.041e+04	+0.055
141.600	+8.349e+03	+2.137e+03	+8.958e+03	+0.204
141.700	+7.772e+03	-4.511e+02	+1.121e+04	-0.062
141.800	+8.160e+03	+2.919e+02	+1.066e+04	+0.035
141.900	+8.574e+03	+2.807e+02	+7.514e+03	+0.032
142.000	+4.049e+03	+2.731e+03	+9.919e+03	+0.403
142.100	+4.917e+03	+5.002e+03	+9.536e+03	+0.504
142.200	+4.976e+03	+5.766e+03	+9.325e+03	+0.537
142.300	+5.048e+03	+2.895e+03	+1.034e+04	+0.364
142.400	+7.159e+03	+2.962e+03	+8.398e+03	+0.293
142.500	+9.481e+03	+1.725e+02	+9.462e+03	+0.018
142.600	+7.068e+03	+8.077e+02	+1.025e+04	+0.103
142.700	+8.612e+03	+1.011e+03	+9.475e+03	+0.105
142.800	+7.883e+03	+2.574e+03	+9.947e+03	+0.246
142.900	+9.898e+03	-8.183e+01	+1.073e+04	-0.008
143.000	+7.858e+03	-4.040e+02	+9.165e+03	-0.054
143.100	+9.658e+03	-4.334e+01	+1.063e+04	-0.005
143.200	+8.904e+03	+2.674e+03	+1.059e+04	+0.231
143.300	+9.795e+03	+1.878e+03	+9.758e+03	+0.161
143.400	+8.498e+03	-6.732e+02	+8.845e+03	-0.086
143.500	+7.384e+03	+1.175e+03	+7.710e+03	+0.137
143.600	+1.048e+04	+1.729e+03	+9.944e+03	+0.142
143.700	+7.234e+03	+4.206e+02	+8.966e+03	+0.055
143.800	+1.355e+03	+7.883e+03	+9.391e+03	+0.853
143.900	+1.501e+03	+9.093e+03	+7.191e+03	+0.858
144.000	+1.381e+03	+8.222e+03	+8.688e+03	+0.856
144.100	-9.002e+01	+6.693e+03	+1.133e+04	+1.014
144.200	+2.995e+02	+1.045e+04	+9.168e+03	+0.972
144.300	+3.285e+02	+8.180e+03	+6.874e+03	+0.961
144.400	+5.663e+02	+9.007e+03	+9.113e+03	+0.941
144.500	+1.391e+03	+5.875e+03	+8.040e+03	+0.809
144.600	+1.185e+03	+7.037e+03	+1.041e+04	+0.856
144.700	-6.050e+02	+8.808e+03	+8.467e+03	+1.074
144.800	+4.581e+02	+7.527e+03	+9.996e+03	+0.943
144.900	+1.417e+01	+8.145e+03	+7.853e+03	+0.998
145.000	+2.067e+02	+9.724e+03	+8.592e+03	+0.979
145.100	+9.026e+02	+7.591e+03	+8.541e+03	+0.894
145.200	+8.286e+02	+1.002e+04	+8.237e+03	+0.924
145.300	+1.729e+03	+8.227e+03	+7.916e+03	+0.826
145.400	+8.533e+02	+9.401e+03	+7.145e+03	+0.917
145.500	+1.126e+03	+6.661e+03	+7.259e+03	+0.855
145.600	+9.271e+02	+9.547e+03	+5.765e+03	+0.911
145.700	+1.610e+03	+6.667e+03	+8.431e+03	+0.805
145.800	+7.702e+02	+5.880e+03	+1.079e+04	+0.884
145.900	+1.609e+02	+7.987e+03	+7.659e+03	+0.980
146.000	+2.057e+03	+9.270e+03	+7.274e+03	+0.818
146.100	+1.054e+03	+8.106e+03	+1.129e+04	+0.885
146.200	+8.309e+02	+1.078e+04	+1.045e+04	+0.928
146.300	+1.909e+03	+8.344e+03	+8.924e+03	+0.814
146.400	+5.369e+02	+6.435e+03	+9.510e+03	+0.923
146.500	-8.284e+02	+8.835e+03	+1.126e+04	+1.103
146.600	+5.419e+02	+8.160e+03	+8.105e+03	+0.938
146.700	+4.463e+02	+6.010e+03	+6.551e+03	+0.931
146.800	+3.766e+02	+7.272e+03	+6.841e+03	+0.951
146.900	-1.954e+02	+7.249e+03	+7.881e+03	+1.028
147.000	+1.024e+02	+7.523e+03	+9.310e+03	+0.987
147.100	+1.544e+03	+7.698e+03	+9.650e+03	+0.833
147.200	-5.000e+01	+6.417e+03	+6.699e+03	+1.008
147.300	+8.530e+02	+8.208e+03	+9.278e+03	+0.906
147.400	+2.387e+03	+8.029e+03	+8.859e+03	+0.771
147.500	+7.254e+01	+7.889e+03	+7.923e+03	+0.991
147.600	+1.251e+03	+5.060e+03	+9.255e+03	+0.802
147.700	+3.390e+03	+4.300e+03	+9.719e+03	+0.559
147.800	+4.537e+03	+5.345e+03	+1.020e+04	+0.541
147.900	+4.023e+03	+4.862e+03	+8.024e+03	+0.547
148.000	+3.853e+03	+4.725e+03	+9.823e+03	+0.551
148.100	+5.268e+03	+5.421e+03	+8.431e+03	+0.507
148.200	+5.305e+03	+5.907e+03	+9.463e+03	+0.527
148.300	+5.804e+03	+5.238e+03	+8.084e+03	+0.474
148.400	+2.972e+03	+6.402e+03	+9.542e+03	+0.683
148.500	+3.617e+03	+5.005e+03	+9.214e+03	+0.581
148.600	+4.421e+03	+5.320e+03	+9.769e+03	+0.546
148.700	+5.878e+03	+3.662e+03	+8.505e+03	+0.384
148.800	+8.148e+03	+3.563e+02	+9.197e+03	+0.042
148.900	+1.028e+04	+2.846e+02	+1.259e+04	+0.027
149.000	+2.163e+03	+5.808e+03	+8.683e+03	+0.729
149.100	+1.042e+02	+7.921e+03	+8.544e+03	+0.987
149.200	+1.868e+03	+8.368e+03	+9.132e+03	+0.818
149.300	+5.670e+02	+8.055e+03	+8.377e+03	+0.934
149.400	+9.464e+02	+6.697e+03	+9.492e+03	+0.876
149.500	+1.641e+03	+6.852e+03	+9.159e+03	+0.807
149.600	+2.853e+02	+9.654e+03	+8.135e+03	+0.971
149.700	+6.964e+02	+6.389e+03	+9.532e+03	+0.902
149.800	+3.672e+02	+9.422e+03	+9.544e+03	+0.962
149.900	+3.426e+02	+7.191e+03	+9.628e+03	+0.955
150.000	+5.057e+03	+5.222e+03	+9.736e+03	+0.508
150.100	+4.988e+03	+5.952e+03	+9.484e+03	+0.544
150.200	+4.909e+03	+5.207e+03	+6.627e+03	+0.515
150.300	+5.110e+03	+4.899e+03	+7.498e+03	+0.489
150.400	+7.179e+03	+4.785e+02	+7.705e+03	+0.062
150.500	+8.358e+03	+4.754e+02	+1.037e+04	+0.054
150.600	+7.865e+03	+1.033e+03	+8.273e+03	+0.116
150.700	+8.758e+03	+1.652e+03	+1.125e+04	+0.159
150.800	+9.586e+03	+1.793e+03	+8.707e+03	+0.158
150.900	+9.618e+03	+1.377e+03	+1.119e+04	+0.125
151.000	+9.135e+03	+1.045e+03	+1.118e+04	+0.103
151.100	+1.089e+04	+9.175e+01	+9.471e+03	+0.008
151.200	+8.293e+03	+1.163e+03	+9.331e+03	+0.123
151.300	+9.246e+03	+1.192e+03	+9.975e+03	+0.114
151.400	+5.786e+03	+3.453e+03	+9.691e+03	+0.374
151.500	+4.241e+03	+4.638e+03	+8.740e+03	+0.522
151.600	+5.214e+03	+5.414e+03	+8.964e+03	+0.509
151.700	+5.017e+03	+5.778e+03	+9.836e+03	+0.535
151.800	+4.907e+03	+3.953e+03	+9.987e+03	+0.446
151.900	+5.596e+03	+5.309e+03	+1.074e+04	+0.487
152.000	+3.847e+03	+6.054e+03	+8.510e+03	+0.611
152.100	+3.404e+03	+7.567e+03	+9.012e+03	+0.690
152.200	+4.733e+02	+8.221e+03	+1.001e+04	+0.946
152.300	+7.744e+02	+8.313e+03	+9.051e+03	+0.915
152.400	+1.946e+03	+9.182e+03	+8.605e+03	+0.825
152.500	+8.382e+02	+8.729e+03	+7.052e+03	+0.912
152.600	+5.851e+02	+9.375e+03	+8.262e+03	+0.941
152.700	+4.441e+02	+7.596e+03	+9.629e+03	+0.945
152.800	+1.006e+03	+7.728e+03	+9.570e+03	+0.885
152.900	+9.332e+02	+8.149e+03	+8.348e+03	+0.897
153.000	+2.349e+03	+7.830e+03	+7.960e+03	+0.769
153.100	+7.561e+02	+8.368e+03	+1.112e+04	+0.917
153.200	+5.308e+02	+8.784e+03	+1.023e+04	+0.943
153.300	+1.686e+03	+6.699e+03	+9.798e+03	+0.799
153.400	+1.663e+03	+6.513e+03	+8.887e+03	+0.797
153.500	-2.171e+02	+8.596e+03	+8.928e+03	+1.026
153.600	+1.228e+03	+8.166e+03	+9.325e+03	+0.869
153.700	+7.008e+02	+8.271e+03	+9.059e+03	+0.922
153.800	-3.078e+02	+8.014e+03	+8.088e+03	+1.040
153.900	+1.597e+02	+7.662e+03	+9.639e+03	+0.980
154.000	+8.011e+02	+9.770e+03	+8.182e+03	+0.924
154.100	+2.020e+03	+7.532e+03	+7.952e+03	+0.789
154.200	+1.036e+03	+1.080e+04	+1.134e+04	+0.912
154.300	+9.099e+02	+8.144e+03	+1.070e+04	+0.900
154.400	+1.108e+03	+7.448e+03	+7.496e+03	+0.870
154.500	+1.613e+03	+7.576e+03	+8.630e+03	+0.824
154.600	+1.041e+03	+8.471e+03	+1.046e+04	+0.891
154.700	+6.647e+02	+9.986e+03	+8.693e+03	+0.938
154.800	-2.229e+02	+8.961e+03	+8.393e+03	+1.026
154.900	+8.169e+02	+4.929e+03	+6.565e+03	+0.858
155.000	+5.629e+02	+7.450e+03	+1.045e+04	+0.930
155.100	+7.850e+03	-1.138e+03	+1.006e+04	-0.169
155.200	+7.089e+03	+1.174e+03	+1.109e+04	+0.142
155.300	+8.591e+03	+5.025e+02	+1.026e+04	+0.055
155.400	+8.780e+03	+1.087e+03	+1.116e+04	+0.110
155.500	+9.710e+03	+9.283e+02	+1.128e+04	+0.087
155.600	+7.933e+03	+7.761e+02	+1.137e+04	+0.089
155.700	+7.734e+03	+8.885e+02	+9.629e+03	+0.103
155.800	+7.882e+03	+1.427e+03	+9.017e+03	+0.153
155.900	+1.001e+04	+1.329e+03	+8.388e+03	+0.117
156.000	+9.505e+03	+1.419e+03	+1.192e+04	+0.130
156.100	+9.664e+03	+4.848e+02	+6.815e+03	+0.048
156.200	+8.504e+03	-1.154e+03	+9.880e+03	-0.157
156.300	+9.474e+03	+9.560e+02	+1.025e+04	+0.092
156.400	+8.571e+03	+4.738e+02	+1.025e+04	+0.052
156.500	+9.161e+03	+5.379e+02	+1.105e+04	+0.055
156.600	+7.218e+03	+2.942e+03	+1.216e+04	+0.290
156.700	+9.701e+03	+7.134e+02	+1.264e+04	+0.069
156.800	+1.044e+04	+9.076e+02	+1.020e+04	+0.080
156.900	+8.951e+03	+1.412e+03	+8.360e+03	+0.136
157.000	+6.414e+03	+1.043e+03	+9.718e+03	+0.140
157.100	+8.825e+03	+1.247e+03	+8.281e+03	+0.124
157.200	+3.839e+03	+4.317e+03	+8.208e+03	+0.529
157.300	+3.688e+02	+8.387e+03	+9.011e+03	+0.958
157.400	+1.263e+03	+8.487e+03	+8.170e+03	+0.870
157.500	+3.029e+02	+8.427e+03	+7.832e+03	+0.965
157.600	+9.537e+02	+6.938e+03	+9.434e+03	+0.879
157.700	+4.192e+02	+9.932e+03	+6.142e+03	+0.959
157.800	+9.537e+02	+6.686e+03	+9.375e+03	+0.875
157.900	+1.971e+03	+8.183e+03	+6.416e+03	+0.806
158.000	-4.845e+02	+8.786e+03	+8.127e+03	+1.058
158.100	+1.864e+03	+7.109e+03	+9.611e+03	+0.792
158.200	+1.970e+01	+5.639e+03	+8.531e+03	+0.997
158.300	+1.067e+03	+8.746e+03	+1.059e+04	+0.891
158.400	+2.954e+02	+6.418e+03	+9.638e+03	+0.956
158.500	+2.522e+03	+6.388e+03	+8.804e+03	+0.717
158.600	+4.126e+03	+4.221e+03	+6.785e+03	+0.506
158.700	+4.963e+03	+3.832e+03	+8.830e+03	+0.436
158.800	+4.996e+03	+6.837e+03	+8.512e+03	+0.578
158.900	+5.509e+03	+4.621e+03	+7.921e+03	+0.456
159.000	+4.414e+03	+4.440e+03	+6.955e+03	+0.501
159.100	+4.144e+03	+6.500e+03	+8.657e+03	+0.611
159.200	+4.602e+03	+4.094e+03	+9.171e+03	+0.471
159.300	+3.603e+03	+5.474e+03	+7.982e+03	+0.603
159.400	+4.431e+03	+5.463e+03	+9.591e+03	+0.552
159.500	+5.307e+03	+3.737e+03	+8.197e+03	+0.413
159.600	+2.524e+03	+6.207e+03	+9.193e+03	+0.711
159.700	+4.084e+03	+3.956e+03	+9.875e+03	+0.492
159.800	+3.478e+03	+5.838e+03	+6.649e+03	+0.627
159.900	+4.474e+03	+5.263e+03	+8.500e+03	+0.540
160.000	+7.715e+02	+7.007e+03	+7.263e+03	+0.901
160.100	+1.165e+03	+9.378e+03	+6.176e+03	+0.890
160.200	+1.315e+03	+7.276e+03	+7.453e+03	+0.847
160.300	+4.746e+02	+8.200e+03	+9.220e+03	+0.945
160.400	+4.749e+03	+5.233e+03	+8.717e+03	+0.524
160.500	+6.267e+03	+3.342e+03	+9.242e+03	+0.348
160.600	+3.366e+03	+6.548e+03	+8.023e+03	+0.660
160.700	+3.158e+03	+5.767e+03	+8.037e+03	+0.646
160.800	+4.934e+03	+5.660e+03	+1.261e+04	+0.534
160.900	+2.767e+03	+6.781e+03	+8.050e+03	+0.710
161.000	+5.353e+03	+5.035e+03	+5.741e+03	+0.485
161.100	+3.948e+03	+5.787e+03	+1.039e+04	+0.594
161.200	+6.439e+03	+5.320e+03	+9.641e+03	+0.452
161.300	+4.784e+03	+5.572e+03	+8.455e+03	+0.538
161.400	+4.857e+03	+5.866e+03	+6.959e+03	+0.547
161.500	+5.052e+03	+5.620e+03	+9.483e+03	+0.527
161.600	+2.482e+03	+5.067e+03	+7.994e+03	+0.671
161.700	+5.054e+03	+6.604e+03	+7.520e+03	+0.566
161.800	+3.083e+03	+6.476e+03	+9.539e+03	+0.677
161.900	+4.725e+03	+4.680e+03	+8.794e+03	+0.498
162.000	+3.890e+03	+3.383e+03	+1.143e+04	+0.465
162.100	+5.441e+03	+6.762e+03	+8.935e+03	+0.554
162.200	+5.071e+03	+5.199e+03	+8.575e+03	+0.506
162.300	+4.758e+03	+3.026e+03	+1.005e+04	+0.389
162.400	+6.021e+03	+3.942e+03	+1.112e+04	+0.396
162.500	+4.912e+03	+5.457e+03	+1.049e+04	+0.526
162.600	+6.480e+03	+4.314e+03	+6.295e+03	+0.400
162.700	+5.149e+03	+4.273e+03	+1.081e+04	+0.454
162.800	+4.468e+03	+5.093e+03	+1.026e+04	+0.533
162.900	+4.482e+03	+4.918e+03	+9.884e+03	+0.523
163.000	+1.596e+03	+3.241e+03	+1.187e+04	+0.670
163.100	-2.054e+02	+8.161e+03	+1.047e+04	+1.026
163.200	+2.437e+03	+7.658e+03	+8.423e+03	+0.759
163.300	+8.705e+02	+8.865e+03	+1.019e+04	+0.911
163.400	-1.798e+03	+6.081e+03	+1.104e+04	+1.420
163.500	+1.621e+02	+6.923e+03	+1.069e+04	+0.977
163.600	+9.205e+02	+8.763e+03	+9.965e+03	+0.905
163.700	+8.427e+02	+6.096e+03	+9.323e+03	+0.879
163.800	+1.243e+03	+6.573e+03	+1.008e+04	+0.841
163.900	+1.092e+03	+7.680e+03	+8.746e+03	+0.875
164.000	+2.850e+02	+8.976e+03	+8.352e+03	+0.969
164.100	+1.440e+03	+5.839e+03	+6.991e+03	+0.802
164.200	+1.214e+03	+7.257e+03	+8.651e+03	+0.857
164.300	+1.255e+03	+8.007e+03	+9.681e+03	+0.864
164.400	+1.734e+03	+8.932e+03	+9.883e+03	+0.837
164.500	-2.032e+02	+6.651e+03	+8.607e+03	+1.032
164.600	+1.621e+03	+8.123e+03	+1.025e+04	+0.834
164.700	+9.296e+02	+8.236e+03	+9.148e+03	+0.899
164.800	+1.272e+03	+5.683e+03	+7.730e+03	+0.817
164.900	+1.354e+03	+6.833e+03	+8.104e+03	+0.835
165.000	+3.139e+03	+6.722e+03	+9.078e+03	+0.682
165.100	+4.866e+03	+4.665e+03	+7.014e+03	+0.489
165.200	+5.547e+02	+7.242e+03	+8.894e+03	+0.929
165.300	+1.435e+03	+6.262e+03	+6.934e+03	+0.814
165.400	+2.057e+02	+9.265e+03	+9.228e+03	+0.978
165.500	+1.929e+03	+8.219e+03	+7.266e+03	+0.810
165.600	+1.939e+03	+7.925e+03	+8.743e+03	+0.803
165.700	+1.926e+03	+7.301e+03	+7.723e+03	+0.791
165.800	+1.749e+03	+7.828e+03	+8.865e+03	+0.817
165.900	+6.940e+02	+7.747e+03	+9.445e+03	+0.918
166.000	+2.730e+02	+8.143e+03	+8.708e+03	+0.968
166.100	+8.191e+02	+9.653e+03	+9.119e+03	+0.922
166.200	-2.310e+01	+8.308e+03	+6.699e+03	+1.003
166.300	+5.228e+02	+9.402e+03	+8.170e+03	+0.947
166.400	-5.920e+02	+8.004e+03	+8.469e+03	+1.080
166.500	+1.889e+03	+1.067e+04	+9.671e+03	+0.850
166.600	+4.213e+02	+9.109e+03	+7.914e+03	+0.956
166.700	+1.444e+03	+6.494e+03	+8.147e+03	+0.818
166.800	+1.855e+03	+6.572e+03	+8.403e+03	+0.780
166.900	+7.157e+02	+7.314e+03	+9.446e+03	+0.911
167.000	+1.740e+03	+7.176e+03	+9.706e+03	+0.805
167.100	+9.452e+02	+9.147e+03	+1.024e+04	+0.906
167.200	+2.261e+03	+5.369e+03	+7.523e+03	+0.704
167.300	+3.232e+02	+8.984e+03	+8.611e+03	+0.965
167.400	+5.679e+02	+7.620e+03	+1.008e+04	+0.931
167.500	+1.331e+03	+7.027e+03	+9.911e+03	+0.841
167.600	+1.313e+03	+8.248e+03	+7.345e+03	+0.863
167.700	-1.505e+03	+8.487e+03	+1.033e+04	+1.216
167.800	+1.472e+03	+7.272e+03	+7.491e+03	+0.832
167.900	-3.795e+02	+6.486e+03	+9.068e+03	+1.062
168.000	+1.452e+03	+6.573e+03	+7.983e+03	+0.819
168.100	+9.934e+02	+9.032e+03	+7.575e+03	+0.901
168.200	-3.099e+01	+8.447e+03	+9.030e+03	+1.004
168.300	+1.910e+03	+9.122e+03	+8.850e+03	+0.827
168.400	+1.796e+03	+6.478e+03	+8.127e+03	+0.783
168.500	+1.131e+03	+6.826e+03	+9.710e+03	+0.858
168.600	+1.609e+03	+8.659e+03	+9.368e+03	+0.843
168.700	+1.666e+03	+6.597e+03	+8.558e+03	+0.798
168.800	+1.163e+03	+6.532e+03	+9.285e+03	+0.849
168.900	+1.603e+03	+7.730e+03	+9.167e+03	+0.828
169.000	+6.508e+02	+7.875e+03	+1.123e+04	+0.924
169.100	+1.573e+03	+6.448e+03	+8.429e+03	+0.804
169.200	+1.060e+03	+7.627e+03	+6.724e+03	+0.878
169.300	+9.707e+01	+7.077e+03	+8.976e+03	+0.986
169.400	+3.305e+02	+8.322e+03	+7.745e+03	+0.962
169.500	-6.697e+02	+7.686e+03	+1.042e+04	+1.095
169.600	+1.135e+03	+7.717e+03	+9.407e+03	+0.872
169.700	+1.150e+03	+7.273e+03	+1.070e+04	+0.863
169.800	-1.386e+03	+8.612e+03	+9.231e+03	+1.192
169.900	-1.184e+02	+5.336e+03	+1.031e+04	+1.023
170.000	-3.477e+02	+7.510e+03	+8.442e+03	+1.049
170.100	+1.951e+03	+7.240e+03	+8.396e+03	+0.788
170.200	+1.719e+03	+5.605e+03	+8.254e+03	+0.765
170.300	-8.171e+02	+8.088e+03	+8.572e+03	+1.112
170.400	+6.465e+02	+8.136e+03	+7.938e+03	+0.926
170.500	+4.039e+02	+8.319e+03	+7.636e+03	+0.954
170.600	-2.638e+02	+6.556e+03	+1.090e+04	+1.042
170.700	+8.455e+02	+8.049e+03	+9.624e+03	+0.905
170.800	+1.143e+03	+6.189e+03	+9.504e+03	+0.844
170.900	+1.395e+03	+7.055e+03	+8.193e+03	+0.835
171.000	+6.776e+02	+6.758e+03	+8.033e+03	+0.909
171.100	+2.276e+03	+8.040e+03	+7.380e+03	+0.779
171.200	+8.324e+02	+7.548e+03	+9.869e+03	+0.901
171.300	+5.166e+02	+9.117e+03	+7.926e+03	+0.946
171.400	+4.306e+02	+8.986e+03	+1.000e+04	+0.954
171.500	+1.634e+03	+8.845e+03	+7.908e+03	+0.844
171.600	+5.325e+02	+6.030e+03	+7.885e+03	+0.919
171.700	+3.025e+02	+7.842e+03	+9.216e+03	+0.963
171.800	+9.342e+02	+9.357e+03	+6.945e+03	+0.909
171.900	+2.624e+03	+8.278e+03	+6.193e+03	+0.759
172.000	-7.622e+02	+8.168e+03	+6.668e+03	+1.103
172.100	+3.032e+03	+5.930e+03	+9.505e+03	+0.662
172.200	+3.792e+03	+6.442e+03	+6.680e+03	+0.629
172.300	+4.515e+03	+3.805e+03	+7.891e+03	+0.457
172.400	+7.516e+03	+2.512e+03	+8.485e+03	+0.251
172.500	+8.034e+03	+7.434e+02	+9.260e+03	+0.085
172.600	+9.238e+03	+1.201e+03	+9.943e+03	+0.115
172.700	+7.881e+03	-8.111e+02	+9.856e+03	-0.115
172.800	+8.316e+03	+1.892e+02	+9.611e+03	+0.022
172.900	+7.470e+03	+2.255e+03	+9.889e+03	+0.232
173.000	+9.740e+03	+1.866e+03	+1.042e+04	+0.161
173.100	+5.499e+03	+3.097e+03	+9.353e+03	+0.360
173.200	-1.333e+02	+9.947e+03	+9.047e+03	+1.014
173.300	+8.687e+02	+9.627e+03	+7.801e+03	+0.917
173.400	+2.959e+03	+6.074e+03	+9.298e+03	+0.672
173.500	+4.746e+03	+5.751e+03	+7.730e+03	+0.548
173.600	+4.533e+03	+3.678e+03	+8.915e+03	+0.448
173.700	+4.333e+03	+5.697e+03	+9.776e+03	+0.568
173.800	+4.995e+03	+3.707e+03	+1.213e+04	+0.426
173.900	+3.703e+03	+4.832e+03	+1.044e+04	+0.566
174.000	+4.084e+03	+5.210e+03	+9.077e+03	+0.561
174.100	+6.297e+03	+5.788e+03	+1.120e+04	+0.479
174.200	+4.437e+03	+4.758e+03	+9.130e+03	+0.517
174.300	+3.640e+03	+4.814e+03	+5.410e+03	+0.569
174.400	+4.599e+03	+4.096e+03	+9.398e+03	+0.471
174.500	+2.491e+03	+5.144e+03	+8.390e+03	+0.674
174.600	+3.892e+03	+6.806e+03	+8.785e+03	+0.636
174.700	+1.966e+03	+5.632e+03	+9.472e+03	+0.741
174.800	+3.295e+03	+5.104e+03	+1.045e+04	+0.608
174.900	+3.253e+03	+4.834e+03	+7.864e+03	+0.598
175.000	+4.942e+03	+7.567e+03	+9.131e+03	+0.605
175.100	+5.150e+03	+4.459e+03	+8.291e+03	+0.464
175.200	+9.531e+03	-3.952e+02	+1.055e+04	-0.043
175.300	+1.083e+04	+1.359e+03	+9.814e+03	+0.111
175.400	+9.272e+03	+1.059e+03	+8.942e+03	+0.103
175.500	+6.236e+03	+5.287e+02	+8.076e+03	+0.078
175.600	+8.461e+03	+1.642e+03	+9.798e+03	+0.163
175.700	+9.090e+03	+4.582e+02	+1.084e+04	+0.048
175.800	+8.960e+03	+6.144e+02	+9.080e+03	+0.064
175.900	+7.299e+03	+3.298e+02	+9.439e+03	+0.043
176.000	+1.023e+04	+1.559e+03	+9.768e+03	+0.132
176.100	+7.352e+03	+8.458e+01	+9.762e+03	+0.011
176.200	+8.918e+03	+1.568e+03	+9.982e+03	+0.150
176.300	+6.750e+03	+1.267e+03	+1.131e+04	+0.158
176.400	+7.613e+03	+9.218e+02	+1.058e+04	+0.108
176.500	+8.938e+03	+2.100e+01	+1.014e+04	+0.002
176.600	+9.328e+03	+1.686e+03	+1.040e+04	+0.153
176.700	+1.099e+04	+2.269e+03	+8.689e+03	+0.171
176.800	+9.517e+03	+2.609e+01	+1.094e+04	+0.003
176.900	+7.665e+03	+9.101e+02	+7.721e+03	+0.106
177.000	+8.641e+03	+7.778e+02	+8.297e+03	+0.083
177.100	+1.075e+04	+1.040e+03	+7.956e+03	+0.088
177.200	+7.492e+03	+1.665e+03	+8.170e+03	+0.182
177.300	+8.745e+03	+2.236e+03	+8.447e+03	+0.204
177.400	+7.875e+03	+2.335e+03	+7.545e+03	+0.229
177.500	+8.225e+03	-1.069e+02	+7.469e+03	-0.013
177.600	+9.276e+03	-4.466e+02	+8.003e+03	-0.051
177.700	+8.452e+03	-2.974e+01	+9.554e+03	-0.004
177.800	+5.831e+03	+2.333e+03	+9.033e+03	+0.286
177.900	+8.883e+03	+1.220e+03	+7.956e+03	+0.121
178.000	+8.858e+03	+1.594e+03	+9.923e+03	+0.153
178.100	+7.469e+03	-6.785e+02	+1.016e+04	-0.100
178.200	+7.624e+03	+9.213e+02	+1.014e+04	+0.108
178.300	+7.958e+03	+2.938e+02	+8.409e+03	+0.036
178.400	+1.111e+04	+9.869e+02	+1.058e+04	+0.082
178.500	+8.145e+03	+2.087e+03	+8.214e+03	+0.204
178.600	+7.032e+03	+4.569e+02	+1.256e+04	+0.061
178.700	+8.843e+03	-3.658e+02	+1.107e+04	-0.043
178.800	+8.067e+03	+1.548e+03	+9.638e+03	+0.161
178.900	+8.383e+03	-2.502e+02	+1.058e+04	-0.031
179.000	+9.657e+03	+3.526e+03	+9.692e+03	+0.267
179.100	+8.623e+03	+8.718e+02	+1.090e+04	+0.092
179.200	+5.218e+03	+1.913e+03	+8.546e+03	+0.268
179.300	+9.921e+03	-3.892e+02	+9.364e+03	-0.041
179.400	+4.534e+03	+5.045e+03	+6.522e+03	+0.527
179.500	+3.022e+03	+4.192e+03	+8.604e+03	+0.581
179.600	+5.321e+03	+6.202e+03	+8.398e+03	+0.538
179.700	+3.852e+03	+4.490e+03	+9.233e+03	+0.538
179.800	+4.593e+03	+3.920e+03	+9.481e+03	+0.460
179.900	+4.724e+03	+3.724e+03	+8.225e+03	+0.441
180.000	+3.313e+03	+4.145e+03	+8.516e+03	+0.556
180.100	+4.840e+03	+4.160e+03	+9.372e+03	+0.462
180.200	+2.755e+03	+6.090e+03	+7.351e+03	+0.689
180.300	+4.116e+03	+5.839e+03	+5.544e+03	+0.587
180.400	+4.087e+03	+4.095e+03	+7.980e+03	+0.500
180.500	+3.895e+03	+6.969e+03	+8.283e+03	+0.641
180.600	+4.653e+03	+6.070e+03	+7.661e+03	+0.566
180.700	+3.596e+03	+4.360e+03	+6.782e+03	+0.548
180.800	+3.753e+03	+5.509e+03	+8.581e+03	+0.595
180.900	+2.689e+03	+4.761e+03	+8.884e+03	+0.639
181.000	-4.045e+02	+8.141e+03	+8.641e+03	+1.052
181.100	+8.864e+02	+6.361e+03	+8.650e+03	+0.878
181.200	+2.679e+02	+7.673e+03	+9.769e+03	+0.966
181.300	+9.445e+02	+8.424e+03	+8.768e+03	+0.899
181.400	+4.448e+02	+8.909e+03	+8.767e+03	+0.952
181.500	-3.629e+02	+7.765e+03	+8.746e+03	+1.049
181.600	+9.711e+02	+7.464e+03	+1.027e+04	+0.885
181.700	+1.176e+03	+7.538e+03	+7.283e+03	+0.865
181.800	+7.198e+02	+6.969e+03	+8.297e+03	+0.906
181.900	-7.899e+02	+7.006e+03	+1.045e+04	+1.127
182.000	+1.524e+03	+6.763e+03	+1.100e+04	+0.816
182.100	+1.410e+03	+8.270e+03	+9.440e+03	+0.854
182.200	+1.435e+03	+6.538e+03	+9.575e+03	+0.820
182.300	+1.406e+03	+6.836e+03	+1.025e+04	+0.829
182.400	+1.554e+03	+7.311e+03	+7.887e+03	+0.825
182.500	+1.453e+03	+8.474e+03	+5.926e+03	+0.854
182.600	+2.446e+03	+9.550e+03	+8.949e+03	+0.796
182.700	+1.363e+03	+7.837e+03	+9.930e+03	+0.852
182.800	+1.307e+03	+8.417e+03	+9.517e+03	+0.866
182.900	-1.723e+02	+6.507e+03	+8.977e+03	+1.027
183.000	+1.036e+03	+7.319e+03	+7.891e+03	+0.876
183.100	+9.961e+02	+7.064e+03	+1.037e+04	+0.876
183.200	+8.272e+02	+7.904e+03	+9.570e+03	+0.905
183.300	+1.708e+03	+8.049e+03	+7.383e+03	+0.825
183.400	+1.144e+03	+6.546e+03	+1.033e+04	+0.851
183.500	+5.580e+02	+8.233e+03	+9.865e+03	+0.937
183.600	+2.601e+02	+8.604e+03	+8.045e+03	+0.971
183.700	+1.036e+03	+5.968e+03	+9.288e+03	+0.852
183.800	-1.786e+02	+6.413e+03	+8.515e+03	+1.029
183.900	+8.563e+02	+8.556e+03	+9.216e+03	+0.909
184.000	+5.003e+02	+6.461e+03	+9.928e+03	+0.928
184.100	+8.154e+02	+6.851e+03	+9.071e+03	+0.894
184.200	+1.808e+03	+9.092e+03	+9.040e+03	+0.834
184.300	-5.067e+02	+9.067e+03	+9.334e+03	+1.059
184.400	+2.978e+02	+9.265e+03	+6.292e+03	+0.969
184.500	+3.070e+02	+6.239e+03	+8.439e+03	+0.953
184.600	+1.821e+03	+8.654e+03	+7.617e+03	+0.826
184.700	+2.161e+03	+5.957e+03	+9.182e+03	+0.734
184.800	-1.534e+02	+8.686e+03	+8.268e+03	+1.018
184.900	+1.464e+03	+8.764e+03	+9.849e+03	+0.857
185.000	+7.261e+02	+6.961e+03	+9.008e+03	+0.906
185.100	+5.219e+02	+7.015e+03	+6.829e+03	+0.931
185.200	+1.639e+03	+5.967e+03	+1.001e+04	+0.784
185.300	+2.990e+02	+8.296e+03	+8.184e+03	+0.965
185.400	+7.495e+02	+8.093e+03	+8.220e+03	+0.915
185.500	-3.574e+01	+8.569e+03	+9.794e+03	+1.004
185.600	-6.976e+01	+7.384e+03	+7.584e+03	+1.010
185.700	-4.773e+02	+7.331e+03	+9.249e+03	+1.070
185.800	+5.425e+01	+8.097e+03	+7.158e+03	+0.993
185.900	+2.857e+02	+7.748e+03	+9.044e+03	+0.964
186.000	+1.790e+02	+8.156e+03	+8.935e+03	+0.979
186.100	+5.009e+02	+6.749e+03	+1.006e+04	+0.931
186.200	+9.045e+02	+8.049e+03	+1.003e+04	+0.899
186.300	+2.466e+02	+6.052e+03	+9.382e+03	+0.961
186.400	-1.674e+02	+6.937e+03	+8.583e+03	+1.025
186.500	+1.730e+03	+9.095e+03	+9.877e+03	+0.840
186.600	+8.908e+02	+6.587e+03	+9.359e+03	+0.881
186.700	+2.771e+03	+5.640e+03	+8.371e+03	+0.671
186.800	+2.889e+02	+8.863e+03	+7.473e+03	+0.968
186.900	+1.387e+03	+6.864e+03	+8.670e+03	+0.832
187.000	+5.635e+02	+7.116e+03	+8.421e+03	+0.927
187.100	+6.011e+02	+7.844e+03	+9.430e+03	+0.929
187.200	+2.490e+03	+7.754e+03	+9.018e+03	+0.757
187.300	+8.601e+02	+6.674e+03	+6.071e+03	+0.886
187.400	+1.905e+03	+6.974e+03	+7.993e+03	+0.785
187.500	+8.598e+02	+8.391e+03	+9.711e+03	+0.907
187.600	+7.415e+02	+7.187e+03	+8.159e+03	+0.906
187.700	+8.941e+02	+8.693e+03	+9.677e+03	+0.907
187.800	+2.035e+03	+8.465e+03	+8.441e+03	+0.806
187.900	+1.506e+03	+7.570e+03	+8.864e+03	+0.834
188.000	+7.040e+02	+6.456e+03	+6.595e+03	+0.902
188.100	+1.018e+03	+7.833e+03	+8.018e+03	+0.885
188.200	+3.119e+01	+7.896e+03	+8.433e+03	+0.996
188.300	+8.321e+01	+8.249e+03	+9.535e+03	+0.990
188.400	+5.901e+02	+7.829e+03	+1.035e+04	+0.930
188.500	+1.510e+03	+6.307e+03	+6.674e+03	+0.807
188.600	+7.473e+02	+7.834e+03	+7.067e+03	+0.913
188.700	+3.391e+03	+6.295e+03	+8.411e+03	+0.650
188.800	+4.259e+03	+4.936e+03	+5.269e+03	+0.537
188.900	+3.531e+03	+5.872e+03	+1.046e+04	+0.624
189.000	+4.224e+03	+4.876e+03	+7.825e+03	+0.536
189.100	+3.012e+03	+5.317e+03	+8.310e+03	+0.638
189.200	+5.136e+03	+5.655e+03	+9.742e+03	+0.524
189.300	+3.919e+03	+5.173e+03	+9.107e+03	+0.569
189.400	+3.101e+03	+4.390e+03	+9.772e+03	+0.586
189.500	+4.098e+03	+4.393e+03	+9.058e+03	+0.517
189.600	+4.279e+03	+6.122e+03	+7.930e+03	+0.589
189.700	+5.148e+03	+6.307e+03	+6.918e+03	+0.551
189.800	+3.650e+03	+4.563e+03	+7.631e+03	+0.556
189.900	+3.610e+03	+5.339e+03	+1.082e+04	+0.597
190.000	+4.493e+03	+5.048e+03	+9.485e+03	+0.529
190.100	+3.546e+03	+4.227e+03	+8.736e+03	+0.544
190.200	+3.427e+03	+5.523e+03	+9.492e+03	+0.617
190.300	+4.491e+03	+5.392e+03	+9.118e+03	+0.546
190.400	+4.120e+03	+6.190e+03	+8.662e+03	+0.600
190.500	+3.692e+03	+6.501e+03	+6.443e+03	+0.638
190.600	+4.485e+03	+6.222e+03	+8.210e+03	+0.581
190.700	+3.511e+03	+3.677e+03	+5.401e+03	+0.512
190.800	+3.601e+03	+7.149e+03	+8.451e+03	+0.665
190.900	+1.331e+03	+7.063e+03	+6.812e+03	+0.841
191.000	+3.740e+03	+6.380e+03	+9.956e+03	+0.630
191.100	+3.475e+03	+6.291e+03	+9.642e+03	+0.644
191.200	+4.032e+03	+4.919e+03	+8.019e+03	+0.550
191.300	+3.654e+03	+5.058e+03	+7.714e+03	+0.581
191.400	+4.403e+03	+5.264e+03	+7.550e+03	+0.545
191.500	+4.971e+03	+5.353e+03	+1.072e+04	+0.518
191.600	+5.011e+03	+3.847e+03	+8.072e+03	+0.434
191.700	+3.950e+03	+5.431e+03	+6.786e+03	+0.579
191.800	+4.314e+03	+3.362e+03	+9.135e+03	+0.438
191.900	+5.687e+03	+5.357e+03	+8.556e+03	+0.485
192.000	+3.813e+03	+5.140e+03	+8.233e+03	+0.574
192.100	+4.505e+03	+6.046e+03	+6.263e+03	+0.573
192.200	+4.737e+03	+6.059e+03	+8.324e+03	+0.561
192.300	+4.731e+03	+4.926e+03	+1.031e+04	+0.510
192.400	+4.498e+03	+5.702e+03	+6.793e+03	+0.559
192.500	+3.770e+03	+3.407e+03	+8.446e+03	+0.475
192.600	+4.511e+03	+4.041e+03	+7.685e+03	+0.473
192.700	+4.799e+03	+5.432e+03	+8.309e+03	+0.531
192.800	+4.144e+03	+6.019e+03	+8.777e+03	+0.592
192.900	+4.454e+03	+5.297e+03	+9.655e+03	+0.543
193.000	+4.147e+03	+6.311e+03	+9.774e+03	+0.603
193.100	+4.712e+03	+4.685e+03	+8.747e+03	+0.499
193.200	+4.304e+03	+4.701e+03	+8.713e+03	+0.522
193.300	+5.023e+03	+4.622e+03	+8.260e+03	+0.479
193.400	+5.295e+03	+4.352e+03	+8.411e+03	+0.451
193.500	+2.326e+03	+6.571e+03	+7.641e+03	+0.739
193.600	+4.673e+03	+5.510e+03	+1.019e+04	+0.541
193.700	+2.937e+03	+5.993e+03	+7.618e+03	+0.671
193.800	+3.498e+03	+4.605e+03	+8.183e+03	+0.568
193.900	+4.326e+03	+2.590e+03	+8.630e+03	+0.374
194.000	+4.279e+03	+4.625e+03	+8.618e+03	+0.519
194.100	+4.381e+03	+5.515e+03	+9.708e+03	+0.557
194.200	+4.949e+03	+6.850e+03	+8.024e+03	+0.581
194.300	+5.128e+03	+5.876e+03	+8.500e+03	+0.534
194.400	+4.797e+03	+4.775e+03	+1.018e+04	+0.499
194.500	+3.301e+03	+4.988e+03	+7.689e+03	+0.602
194.600	+3.097e+03	+5.692e+03	+1.070e+04	+0.648
194.700	+4.146e+03	+4.921e+03	+7.782e+03	+0.543
194.800	+1.781e+03	+7.424e+03	+8.322e+03	+0.807
194.900	+1.321e+03	+6.621e+03	+8.628e+03	+0.834
195.000	+1.593e+03	+8.043e+03	+8.419e+03	+0.835
195.100	+6.869e+02	+6.549e+03	+8.114e+03	+0.905
195.200	+6.423e+02	+7.483e+03	+9.998e+03	+0.921
195.300	+5.609e+02	+7.378e+03	+8.650e+03	+0.929
195.400	+8.449e+02	+5.608e+03	+7.773e+03	+0.869
195.500	-2.662e+01	+9.446e+03	+6.652e+03	+1.003
195.600	+5.354e+02	+8.589e+03	+8.310e+03	+0.941
195.700	+6.627e+02	+6.356e+03	+8.972e+03	+0.906
195.800	+4.239e+03	+6.136e+03	+9.330e+03	+0.591
195.900	+5.929e+03	+2.929e+03	+9.118e+03	+0.331
196.000	+9.250e+03	+2.952e+02	+1.021e+04	+0.031
196.100	+9.443e+03	+5.667e+02	+9.516e+03	+0.057
196.200	+9.654e+03	+3.531e+02	+9.182e+03	+0.035
196.300	+1.018e+04	+7.962e+02	+9.801e+03	+0.073
196.400	+8.795e+03	+6.857e+01	+8.868e+03	+0.008
196.500	+7.667e+03	+8.728e+02	+1.077e+04	+0.102
196.600	+1.028e+04	+5.620e+02	+8.571e+03	+0.052
196.700	+7.366e+03	+6.883e+02	+1.029e+04	+0.085
196.800	+9.866e+03	+1.762e+03	+9.889e+03	+0.152
196.900	+7.421e+03	+9.419e+02	+8.845e+03	+0.113
197.000	+9.102e+03	+6.358e+02	+1.101e+04	+0.065
197.100	+8.680e+03	+1.625e+03	+7.945e+03	+0.158
197.200	+9.964e+03	+1.237e+03	+1.047e+04	+0.110
197.300	+8.870e+03	-9.714e+02	+1.018e+04	-0.123
197.400	+7.590e+03	+1.204e+03	+8.528e+03	+0.137
197.500	+9.861e+03	+1.765e+03	+1.075e+04	+0.152
197.600	+7.355e+03	+1.326e+03	+8.210e+03	+0.153
197.700	+1.045e+04	-2.858e+01	+1.177e+04	-0.003
197.800	+9.278e+03	-5.465e+01	+1.170e+04	-0.006
197.900	+8.327e+03	-5.233e+02	+1.129e+04	-0.067
198.000	+8.080e+03	-1.859e+02	+8.134e+03	-0.024
198.100	+1.014e+04	+4.202e+02	+9.503e+03	+0.040
198.200	+9.217e+03	+1.540e+03	+7.414e+03	+0.143
198.300	+8.175e+03	+2.058e+03	+8.916e+03	+0.201
198.400	+9.160e+03	+3.974e+02	+1.230e+04	+0.042
198.500	+9.965e+03	+5.597e+02	+1.203e+04	+0.053
198.600	+1.032e+04	+3.455e+02	+8.326e+03	+0.032
198.700	+7.838e+03	+7.260e+02	+9.648e+03	+0.085
198.800	+8.924e+03	+9.136e+02	+1.089e+04	+0.093
198.900	+9.189e+03	+5.631e+02	+1.037e+04	+0.058
199.000	+8.400e+03	+1.323e+03	+8.628e+03	+0.136
199.100	+8.254e+03	+3.127e+02	+1.081e+04	+0.036
199.200	+7.454e+03	+3.614e+02	+8.917e+03	+0.046
199.300	+1.314e+03	+7.242e+03	+5.597e+03	+0.846
199.400	+2.615e+03	+7.622e+03	+1.003e+04	+0.745
199.500	-1.219e+02	+8.058e+03	+8.522e+03	+1.015
199.600	-8.017e+02	+1.002e+04	+7.396e+03	+1.087
199.700	+1.061e+03	+9.366e+03	+9.747e+03	+0.898
199.800	+1.113e+03	+7.232e+03	+7.552e+03	+0.867
