%t (s)	Idd (a.u.)	Ida (a.u.)	Iaa (a.u.)	FRET E
0.000	+5.496e+03	+2.790e+03	+9.751e+03	+0.337
0.100	+8.840e+03	-6.209e+02	+8.492e+03	-0.076
0.200	+5.294e+03	+2.339e+03	+1.034e+04	+0.306
0.300	+3.865e+03	+3.749e+03	+7.412e+03	+0.492
0.400	+4.042e+03	+5.051e+03	+8.956e+03	+0.556
0.500	+4.258e+03	+5.124e+03	+9.726e+03	+0.546
0.600	+3.666e+03	+4.460e+03	+9.580e+03	+0.549
0.700	+4.148e+03	+4.706e+03	+7.926e+03	+0.532
0.800	+3.807e+03	+4.061e+03	+1.119e+04	+0.516
0.900	+3.641e+03	+4.526e+03	+9.176e+03	+0.554
1.000	+2.437e+03	+3.707e+03	+8.845e+03	+0.603
1.100	+3.892e+03	+3.987e+03	+8.666e+03	+0.506
1.200	+4.917e+03	+4.560e+03	+7.973e+03	+0.481
1.300	+3.752e+03	+5.096e+03	+1.094e+04	+0.576
1.400	+3.360e+03	+3.274e+03	+6.360e+03	+0.493
1.500	+3.510e+03	+3.475e+03	+8.726e+03	+0.497
1.600	+5.504e+03	+3.150e+03	+9.604e+03	+0.364
1.700	+4.166e+03	+4.290e+03	+1.075e+04	+0.507
1.800	+4.497e+03	+4.246e+03	+8.991e+03	+0.486
1.900	+2.286e+03	+4.018e+03	+7.908e+03	+0.637
2.000	+5.403e+03	+4.352e+03	+7.110e+03	+0.446
2.100	+3.993e+03	+4.634e+03	+8.172e+03	+0.537
2.200	+3.907e+03	+3.958e+03	+8.017e+03	+0.503
2.300	+3.490e+03	+4.998e+03	+7.845e+03	+0.589
2.400	+4.207e+03	+4.792e+03	+1.048e+04	+0.532
2.500	+5.548e+03	+5.431e+03	+1.102e+04	+0.495
2.600	+5.488e+03	+4.883e+03	+9.305e+03	+0.471
2.700	+4.046e+03	+4.211e+03	+9.593e+03	+0.510
2.800	+4.147e+03	+5.209e+03	+7.514e+03	+0.557
2.900	+4.430e+03	+4.502e+03	+6.895e+03	+0.504
3.000	+2.990e+03	+3.582e+03	+9.191e+03	+0.545
3.100	+4.822e+03	+3.872e+03	+9.688e+03	+0.445
3.200	+3.815e+03	+5.416e+03	+1.024e+04	+0.587
3.300	+4.588e+03	+5.021e+03	+9.552e+03	+0.523
3.400	+4.252e+03	+4.395e+03	+9.171e+03	+0.508
3.500	+5.087e+03	+4.654e+03	+1.033e+04	+0.478
3.600	+5.068e+03	+5.120e+03	+1.011e+04	+0.503
3.700	+6.235e+03	+4.718e+03	+1.010e+04	+0.431
3.800	+4.189e+03	+5.033e+03	+8.772e+03	+0.546
3.900	+1.204e+03	+7.423e+03	+8.792e+03	+0.860
4.000	-2.934e+02	+9.845e+03	+7.920e+03	+1.031
4.100	+1.137e+03	+8.619e+03	+8.934e+03	+0.884
4.200	+1.359e+03	+6.903e+03	+8.384e+03	+0.835
4.300	-4.743e+01	+7.365e+03	+8.330e+03	+1.006
4.400	+3.700e+02	+9.281e+03	+1.013e+04	+0.962
4.500	+1.532e+03	+7.850e+03	+8.154e+03	+0.837
4.600	+1.191e+03	+5.993e+03	+7.533e+03	+0.834
4.700	+4.085e+03	+3.750e+03	+8.887e+03	+0.479
4.800	+3.878e+03	+4.029e+03	+1.166e+04	+0.510
4.900	+4.087e+03	+3.605e+03	+8.574e+03	+0.469
5.000	+4.759e+03	+5.442e+03	+7.260e+03	+0.534
5.100	+4.554e+03	+5.334e+03	+6.785e+03	+0.539
5.200	+4.167e+03	+4.738e+03	+8.869e+03	+0.532
5.300	+3.885e+03	+3.138e+03	+9.351e+03	+0.447
5.400	+8.267e+03	+2.407e+03	+7.952e+03	+0.226
5.500	+8.677e+03	+5.962e+02	+8.689e+03	+0.064
5.600	+7.640e+03	+5.637e+02	+7.852e+03	+0.069
5.700	+7.404e+03	+1.670e+03	+8.028e+03	+0.184
5.800	+8.179e+03	+1.008e+03	+8.314e+03	+0.110
5.900	+7.383e+03	+7.503e+02	+6.815e+03	+0.092
6.000	+7.641e+03	+1.221e+01	+8.851e+03	+0.002
6.100	+7.088e+03	+5.015e+02	+9.001e+03	+0.066
6.200	+7.860e+03	+3.477e+02	+7.703e+03	+0.042
6.300	+6.123e+03	+1.114e+03	+8.437e+03	+0.154
6.400	+6.429e+03	+8.019e+02	+9.324e+03	+0.111
6.500	+6.494e+03	+1.424e+03	+8.678e+03	+0.180
6.600	+9.280e+03	+1.321e+03	+6.496e+03	+0.125
6.700	+8.345e+03	-2.347e+02	+1.110e+04	-0.029
6.800	+7.689e+03	+3.643e+02	+8.319e+03	+0.045
6.900	+7.306e+03	+1.209e+03	+8.888e+03	+0.142
7.000	+7.783e+03	+5.707e+02	+8.542e+03	+0.068
7.100	+6.479e+03	+1.508e+03	+7.768e+03	+0.189
7.200	+5.450e+03	+2.349e+03	+7.432e+03	+0.301
7.300	-8.689e+02	+8.536e+03	+6.853e+03	+1.113
7.400	+1.187e+03	+7.409e+03	+1.150e+04	+0.862
7.500	+4.902e+02	+7.790e+03	+7.642e+03	+0.941
7.600	+5.800e+02	+7.670e+03	+1.007e+04	+0.930
7.700	+1.237e+03	+6.999e+03	+8.955e+03	+0.850
7.800	+1.153e+03	+9.588e+03	+8.130e+03	+0.893
7.900	-1.023e+02	+8.157e+03	+8.821e+03	+1.013
8.000	+1.057e+03	+8.514e+03	+7.892e+03	+0.890
8.100	+2.390e+02	+6.795e+03	+7.630e+03	+0.966
8.200	+1.574e+03	+6.832e+03	+7.842e+03	+0.813
8.300	-3.572e+02	+7.354e+03	+1.006e+04	+1.051
8.400	+8.838e+00	+8.570e+03	+7.582e+03	+0.999
8.500	+1.503e+03	+6.428e+03	+1.038e+04	+0.810
8.600	+3.073e+03	+5.972e+03	+8.826e+03	+0.660
8.700	+4.889e+03	+5.343e+03	+1.037e+04	+0.522
8.800	+4.301e+03	+4.027e+03	+9.628e+03	+0.484
8.900	+2.840e+03	+4.668e+03	+7.672e+03	+0.622
9.000	+4.034e+03	+4.559e+03	+9.664e+03	+0.531
9.100	+5.524e+03	+4.240e+03	+8.629e+03	+0.434
9.200	+3.953e+03	+5.177e+03	+9.358e+03	+0.567
9.300	+4.332e+03	+3.320e+03	+9.953e+03	+0.434
9.400	+5.636e+03	+3.193e+03	+7.689e+03	+0.362
9.500	+7.458e+03	+4.024e+02	+7.778e+03	+0.051
9.600	+7.339e+03	+6.368e+02	+9.250e+03	+0.080
9.700	+7.744e+03	+1.596e+03	+1.020e+04	+0.171
9.800	+9.188e+03	+1.625e+03	+1.035e+04	+0.150
9.900	+8.023e+03	+1.535e+01	+5.831e+03	+0.002
10.000	+7.590e+03	+7.452e+02	+7.297e+03	+0.089
10.100	+7.597e+03	-6.703e+00	+8.463e+03	-0.001
10.200	+7.128e+03	+4.968e+02	+8.792e+03	+0.065
10.300	+7.714e+03	+2.762e+02	+7.175e+03	+0.035
10.400	+7.916e+03	+1.579e+03	+7.186e+03	+0.166
10.500	+5.525e+03	+4.571e+02	+8.403e+03	+0.076
10.600	+8.492e+03	+7.184e+02	+9.165e+03	+0.078
10.700	+7.432e+03	+1.579e+03	+8.312e+03	+0.175
10.800	+7.456e+01	+6.490e+03	+7.598e+03	+0.989
10.900	+1.226e+03	+9.060e+03	+7.136e+03	+0.881
11.000	+1.108e+03	+7.523e+03	+8.138e+03	+0.872
11.100	+1.395e+03	+5.907e+03	+8.548e+03	+0.809
11.200	-4.440e+02	+6.327e+03	+8.460e+03	+1.075
11.300	+1.200e+03	+7.711e+03	+8.708e+03	+0.865
11.400	+8.985e+02	+6.874e+03	+8.451e+03	+0.884
11.500	-3.908e+02	+8.801e+03	+8.582e+03	+1.046
11.600	-1.181e+02	+6.835e+03	+6.896e+03	+1.018
11.700	+6.024e+02	+7.565e+03	+9.327e+03	+0.926
11.800	+1.313e+03	+7.472e+03	+6.782e+03	+0.851
11.900	+1.194e+03	+8.606e+03	+6.945e+03	+0.878
12.000	-4.956e+02	+7.802e+03	+1.096e+04	+1.068
12.100	+3.188e+01	+7.672e+03	+9.224e+03	+0.996
12.200	+1.037e+03	+8.182e+03	+9.995e+03	+0.888
12.300	+3.736e+03	+5.034e+03	+8.836e+03	+0.574
12.400	+1.486e+03	+7.053e+03	+9.366e+03	+0.826
12.500	+1.106e+03	+7.158e+03	+9.194e+03	+0.866
12.600	-2.206e+02	+7.619e+03	+1.061e+04	+1.030
12.700	+8.653e+02	+7.792e+03	+9.450e+03	+0.900
12.800	+5.723e+02	+5.328e+03	+8.802e+03	+0.903
12.900	+1.759e+03	+6.043e+03	+8.580e+03	+0.775
13.000	+5.987e+02	+8.556e+03	+6.934e+03	+0.935
13.100	+1.535e+03	+8.706e+03	+6.735e+03	+0.850
13.200	+1.336e+03	+7.534e+03	+8.832e+03	+0.849
13.300	+7.679e+02	+7.418e+03	+8.892e+03	+0.906
13.400	+1.831e+03	+6.666e+03	+8.123e+03	+0.784
13.500	-2.684e+01	+7.227e+03	+8.970e+03	+1.004
13.600	-5.655e+02	+7.539e+03	+9.673e+03	+1.081
13.700	+1.380e+03	+6.584e+03	+6.849e+03	+0.827
13.800	+9.274e+02	+8.391e+03	+8.168e+03	+0.900
13.900	+1.330e+03	+7.569e+03	+7.002e+03	+0.851
14.000	+9.167e+02	+6.435e+03	+7.820e+03	+0.875
14.100	+1.314e+03	+8.239e+03	+7.291e+03	+0.862
14.200	+1.547e+03	+6.597e+03	+9.248e+03	+0.810
14.300	+6.539e+02	+7.610e+03	+7.267e+03	+0.921
14.400	+1.367e+03	+8.537e+03	+8.423e+03	+0.862
14.500	+8.575e+02	+8.746e+03	+9.978e+03	+0.911
14.600	+2.157e+02	+6.916e+03	+7.338e+03	+0.970
14.700	+1.170e+03	+7.349e+03	+8.332e+03	+0.863
14.800	+6.950e+02	+9.192e+03	+7.560e+03	+0.930
14.900	-1.778e+02	+6.963e+03	+8.208e+03	+1.026
15.000	-9.659e+01	+6.768e+03	+7.943e+03	+1.014
15.100	+2.068e+02	+6.234e+03	+6.312e+03	+0.968
15.200	-5.829e+02	+8.810e+03	+9.529e+03	+1.071
15.300	+1.254e+03	+7.672e+03	+6.192e+03	+0.860
15.400	-6.087e+02	+5.518e+03	+8.653e+03	+1.124
15.500	+1.842e+03	+7.822e+03	+8.846e+03	+0.809
15.600	-2.252e+02	+7.200e+03	+7.584e+03	+1.032
15.700	+6.973e+02	+7.971e+03	+8.750e+03	+0.920
15.800	-1.874e+02	+7.571e+03	+1.013e+04	+1.025
15.900	+1.985e+02	+6.465e+03	+7.468e+03	+0.970
16.000	+8.837e+02	+7.568e+03	+8.856e+03	+0.895
16.100	+3.256e+03	+6.892e+03	+9.235e+03	+0.679
16.200	+3.633e+03	+6.203e+03	+9.736e+03	+0.631
16.300	+8.276e+03	+3.182e+03	+5.998e+03	+0.278
16.400	+8.309e+03	+5.762e+02	+7.745e+03	+0.065
16.500	+6.277e+03	+6.164e+02	+6.896e+03	+0.089
16.600	+7.378e+03	+7.119e+02	+8.416e+03	+0.088
16.700	+8.285e+03	+8.576e+02	+1.114e+04	+0.094
16.800	+8.224e+03	+1.780e+03	+9.085e+03	+0.178
16.900	+8.114e+03	+1.132e+03	+7.828e+03	+0.122
17.000	+6.427e+03	+1.391e+02	+9.528e+03	+0.021
17.100	+7.585e+03	+4.493e+02	+7.265e+03	+0.056
17.200	+9.649e+03	+3.776e+02	+8.275e+03	+0.038
17.300	+7.152e+03	+1.761e+03	+9.558e+03	+0.198
