%t (s)	Idd (a.u.)	Ida (a.u.)	Iaa (a.u.)	FRET E
0.000	+6.089e+03	+3.990e+01	+7.774e+03	+0.007
0.100	+6.318e+03	+1.170e+03	+5.560e+03	+0.156
0.200	+5.612e+03	+7.331e+02	+5.600e+03	+0.116
0.300	+8.413e+03	+7.818e+02	+6.708e+03	+0.085
0.400	+5.139e+03	+1.774e+03	+6.597e+03	+0.257
0.500	+6.803e+03	+1.327e+02	+5.969e+03	+0.019
0.600	+4.613e+03	+9.568e+02	+6.528e+03	+0.172
0.700	+7.336e+02	+7.217e+03	+5.916e+03	+0.908
0.800	+1.155e+03	+6.284e+03	+6.590e+03	+0.845
0.900	+6.642e+02	+5.162e+03	+6.514e+03	+0.886
1.000	+1.229e+02	+6.532e+03	+6.598e+03	+0.982
1.100	+9.467e+02	+5.986e+03	+5.389e+03	+0.863
1.200	-4.822e+02	+5.817e+03	+7.308e+03	+1.090
1.300	+1.297e+03	+6.779e+03	+6.732e+03	+0.839
1.400	-6.145e+02	+6.453e+03	+6.914e+03	+1.105
1.500	+8.785e+02	+5.286e+03	+8.801e+03	+0.857
1.600	+7.084e+02	+4.582e+03	+6.850e+03	+0.866
1.700	+2.680e+02	+6.132e+03	+5.565e+03	+0.958
1.800	+3.652e+02	+7.252e+03	+7.968e+03	+0.952
1.900	+1.162e+03	+4.996e+03	+4.682e+03	+0.811
2.000	+1.523e+03	+5.299e+03	+6.775e+03	+0.777
2.100	+1.084e+03	+4.681e+03	+8.103e+03	+0.812
2.200	+3.254e+01	+5.855e+03	+6.594e+03	+0.994
2.300	+1.252e+03	+4.694e+03	+6.465e+03	+0.789
2.400	+2.182e+02	+4.960e+03	+6.489e+03	+0.958
2.500	+3.731e+01	+5.273e+03	+7.481e+03	+0.993
2.600	+7.384e+02	+7.519e+03	+7.471e+03	+0.911
2.700	+9.759e+02	+4.497e+03	+6.675e+03	+0.822
2.800	+1.033e+03	+5.046e+03	+5.162e+03	+0.830
2.900	+1.106e+03	+5.179e+03	+6.234e+03	+0.824
3.000	+1.328e+03	+5.541e+03	+7.648e+03	+0.807
3.100	+4.976e+02	+4.562e+03	+7.485e+03	+0.902
3.200	+1.303e+03	+5.758e+03	+7.942e+03	+0.815
3.300	+4.614e+02	+6.106e+03	+5.939e+03	+0.930
3.400	+6.877e+02	+7.294e+03	+8.776e+03	+0.914
3.500	+1.422e+03	+6.198e+03	+7.615e+03	+0.813
3.600	+9.431e+02	+5.069e+03	+6.470e+03	+0.843
3.700	+2.292e+01	+4.756e+03	+5.808e+03	+0.995
3.800	+1.376e+03	+4.841e+03	+6.780e+03	+0.779
3.900	+4.958e+02	+5.701e+03	+6.457e+03	+0.920
4.000	+4.764e+01	+4.625e+03	+7.154e+03	+0.990
4.100	-4.178e+02	+5.946e+03	+6.576e+03	+1.076
4.200	+8.344e+02	+5.605e+03	+6.438e+03	+0.870
4.300	+6.544e+02	+6.105e+03	+7.872e+03	+0.903
4.400	+1.399e+03	+6.554e+03	+5.840e+03	+0.824
4.500	+9.078e+02	+6.183e+03	+6.829e+03	+0.872
4.600	+1.285e+03	+4.567e+03	+7.595e+03	+0.780
4.700	+1.952e+03	+7.081e+03	+6.889e+03	+0.784
4.800	+1.521e+03	+5.956e+03	+7.174e+03	+0.797
4.900	+8.877e+02	+5.270e+03	+7.492e+03	+0.856
5.000	+5.287e+02	+5.675e+03	+8.956e+03	+0.915
5.100	+4.308e+01	+4.988e+03	+6.128e+03	+0.991
5.200	+1.052e+03	+5.679e+03	+5.536e+03	+0.844
5.300	+1.617e+03	+4.801e+03	+5.492e+03	+0.748
5.400	+7.959e+02	+5.132e+03	+6.499e+03	+0.866
5.500	+5.927e+02	+6.823e+03	+6.165e+03	+0.920
5.600	-5.038e+02	+6.436e+03	+7.104e+03	+1.085
5.700	+1.373e+03	+6.283e+03	+5.010e+03	+0.821
5.800	+1.027e+03	+5.146e+03	+7.821e+03	+0.834
5.900	+2.242e+03	+3.245e+03	+7.585e+03	+0.591
6.000	+5.294e+03	+1.263e+03	+5.362e+03	+0.193
6.100	+5.692e+02	+3.398e+03	+7.800e+03	+0.857
6.200	+8.071e+02	+6.112e+03	+7.411e+03	+0.883
6.300	+2.322e+02	+5.929e+03	+6.043e+03	+0.962
6.400	+1.521e+03	+4.361e+03	+8.337e+03	+0.741
6.500	+7.444e+02	+4.929e+03	+7.987e+03	+0.869
6.600	+1.084e+03	+6.228e+03	+6.580e+03	+0.852
6.700	+2.307e+02	+5.969e+03	+6.217e+03	+0.963
6.800	+9.412e+02	+5.858e+03	+6.499e+03	+0.862
6.900	+1.012e+03	+5.624e+03	+6.595e+03	+0.848
7.000	+7.691e+02	+4.617e+03	+6.892e+03	+0.857
7.100	+5.948e+02	+5.497e+03	+6.673e+03	+0.902
7.200	+1.496e+03	+6.863e+03	+8.188e+03	+0.821
7.300	+1.535e+03	+5.290e+03	+6.536e+03	+0.775
7.400	+8.625e+02	+5.083e+03	+6.650e+03	+0.855
7.500	+1.236e+03	+5.219e+03	+6.956e+03	+0.809
7.600	+1.118e+03	+6.449e+03	+4.013e+03	+0.852
7.700	+7.871e+02	+5.511e+03	+7.991e+03	+0.875
7.800	+6.724e+02	+6.009e+03	+8.665e+03	+0.899
7.900	-2.089e+02	+6.433e+03	+6.679e+03	+1.034
8.000	+1.922e+03	+6.104e+03	+6.801e+03	+0.761
8.100	+1.603e+03	+5.233e+03	+7.653e+03	+0.765
8.200	+1.656e+03	+4.941e+03	+6.853e+03	+0.749
8.300	+6.211e+02	+6.486e+03	+5.544e+03	+0.913
8.400	+1.057e+02	+5.383e+03	+9.469e+03	+0.981
8.500	+9.468e+02	+7.957e+03	+6.686e+03	+0.894
8.600	+9.407e+02	+4.143e+03	+7.166e+03	+0.815
8.700	+1.176e+03	+4.785e+03	+6.969e+03	+0.803
8.800	+1.002e+03	+6.265e+03	+5.332e+03	+0.862
8.900	-4.847e+02	+6.137e+03	+5.412e+03	+1.086
9.000	+1.433e+03	+7.167e+03	+8.017e+03	+0.833
9.100	+6.664e+02	+4.700e+03	+5.689e+03	+0.876
9.200	+8.635e+02	+5.805e+03	+5.364e+03	+0.871
9.300	+7.523e+02	+6.996e+03	+6.712e+03	+0.903
9.400	+8.311e+02	+4.330e+03	+5.313e+03	+0.839
9.500	+1.047e+03	+6.201e+03	+8.670e+03	+0.856
9.600	+7.665e+02	+5.463e+03	+9.177e+03	+0.877
9.700	+1.081e+03	+4.930e+03	+7.494e+03	+0.820
9.800	+6.568e+02	+5.445e+03	+7.348e+03	+0.892
9.900	+2.928e+02	+6.900e+03	+5.722e+03	+0.959
10.000	+5.824e+02	+6.554e+03	+7.571e+03	+0.918
10.100	+1.188e+03	+5.061e+03	+5.961e+03	+0.810
10.200	+1.125e+03	+5.659e+03	+6.224e+03	+0.834
10.300	+1.055e+03	+4.716e+03	+7.054e+03	+0.817
10.400	+2.254e+03	+5.245e+03	+6.157e+03	+0.699
10.500	+1.045e+03	+5.875e+03	+4.681e+03	+0.849
10.600	+5.377e+01	+5.440e+03	+7.424e+03	+0.990
10.700	+2.435e+03	+5.084e+03	+7.359e+03	+0.676
10.800	+3.003e+03	+2.600e+03	+5.675e+03	+0.464
10.900	+5.881e+03	+1.247e+03	+8.599e+03	+0.175
11.000	+5.687e+03	+1.060e+03	+5.921e+03	+0.157
11.100	+5.489e+03	+5.177e+02	+7.269e+03	+0.086
11.200	+5.894e+03	+1.226e+03	+6.594e+03	+0.172
11.300	+1.894e+02	+4.865e+03	+6.569e+03	+0.963
11.400	+2.461e+02	+6.797e+03	+8.487e+03	+0.965
11.500	-5.744e+02	+4.443e+03	+7.740e+03	+1.148
11.600	+3.513e+02	+6.077e+03	+7.068e+03	+0.945
11.700	+6.940e+02	+6.250e+03	+6.866e+03	+0.900
11.800	+1.090e+03	+5.884e+03	+5.793e+03	+0.844
11.900	+1.569e+03	+5.373e+03	+6.054e+03	+0.774
12.000	+8.976e+02	+4.553e+03	+5.790e+03	+0.835
12.100	+7.205e+02	+5.617e+03	+8.833e+03	+0.886
12.200	+9.403e+02	+7.333e+03	+7.967e+03	+0.886
12.300	+9.333e+02	+5.446e+03	+5.361e+03	+0.854
12.400	+9.301e+02	+5.592e+03	+6.492e+03	+0.857
12.500	+5.324e+02	+6.414e+03	+6.655e+03	+0.923
12.600	+1.400e+03	+6.059e+03	+5.666e+03	+0.812
12.700	+1.322e+03	+4.356e+03	+8.131e+03	+0.767
12.800	+4.061e+01	+6.591e+03	+7.081e+03	+0.994
12.900	+1.126e+03	+6.746e+03	+7.577e+03	+0.857
13.000	+1.781e+03	+6.086e+03	+6.957e+03	+0.774
13.100	+1.342e+03	+7.437e+03	+7.501e+03	+0.847
13.200	+1.473e+03	+4.876e+03	+7.253e+03	+0.768
13.300	+6.469e+02	+5.272e+03	+8.231e+03	+0.891
13.400	+4.435e+02	+6.388e+03	+7.090e+03	+0.935
13.500	+6.552e+02	+5.637e+03	+7.003e+03	+0.896
13.600	+1.704e+03	+4.376e+03	+7.034e+03	+0.720
13.700	+8.859e+02	+4.529e+03	+6.208e+03	+0.836
13.800	+1.016e+03	+6.933e+03	+7.049e+03	+0.872
13.900	+1.580e+03	+4.560e+03	+7.778e+03	+0.743
14.000	+1.294e+01	+4.773e+03	+7.917e+03	+0.997
14.100	+1.035e+03	+4.831e+03	+7.278e+03	+0.824
14.200	+3.024e+02	+4.552e+03	+6.508e+03	+0.938
14.300	+1.103e+03	+6.501e+03	+6.195e+03	+0.855
14.400	+4.379e+01	+5.868e+03	+7.970e+03	+0.993
14.500	-2.219e+02	+6.608e+03	+6.563e+03	+1.035
14.600	+2.390e+02	+6.583e+03	+6.088e+03	+0.965
14.700	+6.705e+02	+6.478e+03	+7.082e+03	+0.906
14.800	+8.360e+02	+6.454e+03	+5.391e+03	+0.885
14.900	+1.436e+03	+4.045e+03	+5.789e+03	+0.738
15.000	+1.143e+03	+5.594e+03	+8.325e+03	+0.830
15.100	+8.258e+02	+5.348e+03	+6.342e+03	+0.866
15.200	+7.001e+02	+5.041e+03	+6.103e+03	+0.878
15.300	+3.491e+02	+5.227e+03	+6.147e+03	+0.937
15.400	+2.552e+03	+5.551e+03	+6.477e+03	+0.685
15.500	+8.137e+02	+4.161e+03	+8.572e+03	+0.836
15.600	+7.766e+02	+5.737e+03	+5.692e+03	+0.881
15.700	+9.696e+02	+4.973e+03	+8.229e+03	+0.837
15.800	+1.047e+03	+4.727e+03	+7.559e+03	+0.819
15.900	+3.492e+03	+4.048e+03	+7.656e+03	+0.537
16.000	+6.172e+03	+1.359e+03	+4.822e+03	+0.180
16.100	+5.825e+03	+1.749e+03	+6.445e+03	+0.231
16.200	+5.178e+03	+1.481e+03	+7.736e+03	+0.222
16.300	+5.620e+03	+6.336e+02	+4.315e+03	+0.101
16.400	+5.901e+03	+8.723e+02	+6.366e+03	+0.129
16.500	+5.840e+03	+9.364e+02	+7.773e+03	+0.138
16.600	+7.488e+03	+2.652e+02	+6.397e+03	+0.034
16.700	+6.106e+03	+2.515e+02	+8.042e+03	+0.040
16.800	+6.598e+03	+9.040e+02	+7.911e+03	+0.121
16.900	+5.324e+03	+1.304e+03	+6.933e+03	+0.197
17.000	+5.092e+03	-4.297e+02	+6.019e+03	-0.092
17.100	+5.247e+03	+2.305e+03	+6.876e+03	+0.305
17.200	+5.871e+03	+2.805e+02	+8.048e+03	+0.046
17.300	+4.782e+03	+1.510e+03	+6.316e+03	+0.240
17.400	+3.459e+03	+2.716e+03	+7.588e+03	+0.440
17.500	+9.805e+02	+5.294e+03	+5.907e+03	+0.844
17.600	-1.378e+01	+6.478e+03	+6.811e+03	+1.002
17.700	+1.459e+03	+4.537e+03	+7.337e+03	+0.757
17.800	+1.803e+03	+7.021e+03	+6.872e+03	+0.796
17.900	+1.483e+03	+6.652e+03	+7.018e+03	+0.818
18.000	+4.998e+02	+5.502e+03	+8.335e+03	+0.917
18.100	+1.080e+03	+4.149e+03	+7.163e+03	+0.793
18.200	+8.617e+02	+4.440e+03	+5.994e+03	+0.837
18.300	+9.739e+02	+4.727e+03	+7.616e+03	+0.829
18.400	+1.380e+03	+6.460e+03	+6.506e+03	+0.824
18.500	+9.105e+02	+5.847e+03	+6.495e+03	+0.865
18.600	+9.594e+02	+4.837e+03	+5.043e+03	+0.834
18.700	+1.937e+02	+5.429e+03	+6.847e+03	+0.966
18.800	+9.541e+02	+4.760e+03	+6.858e+03	+0.833
18.900	+6.881e+02	+4.792e+03	+8.977e+03	+0.874
19.000	+2.100e+02	+5.995e+03	+7.347e+03	+0.966
19.100	+9.559e+02	+7.675e+03	+7.764e+03	+0.889
19.200	+2.120e+03	+4.384e+03	+7.720e+03	+0.674
19.300	+3.658e+03	+2.169e+03	+8.134e+03	+0.372
19.400	+1.568e+03	+3.494e+03	+7.492e+03	+0.690
19.500	+1.398e+03	+5.065e+03	+6.738e+03	+0.784
19.600	+9.134e+02	+5.330e+03	+7.070e+03	+0.854
19.700	+1.361e+03	+6.286e+03	+6.533e+03	+0.822
19.800	+6.472e+02	+6.730e+03	+5.909e+03	+0.912
19.900	+1.188e+03	+6.836e+03	+5.639e+03	+0.852
20.000	+1.438e+03	+6.362e+03	+7.608e+03	+0.816
20.100	+4.639e+02	+4.696e+03	+6.728e+03	+0.910
20.200	+1.698e+03	+5.715e+03	+7.532e+03	+0.771
20.300	+1.762e+02	+6.023e+03	+7.668e+03	+0.972
20.400	+8.652e+02	+5.881e+03	+6.262e+03	+0.872
20.500	+2.411e+03	+4.934e+03	+5.301e+03	+0.672
20.600	+3.045e+03	+3.728e+03	+7.971e+03	+0.550
20.700	+5.639e+03	+9.621e+01	+6.229e+03	+0.017
20.800	+4.637e+03	-1.020e+02	+7.717e+03	-0.022
20.900	+6.411e+03	+5.051e+02	+6.389e+03	+0.073
21.000	+6.302e+03	+1.077e+03	+7.058e+03	+0.146
21.100	+5.508e+03	+1.462e+03	+5.573e+03	+0.210
21.200	+6.506e+03	+8.855e+02	+5.905e+03	+0.120
21.300	+4.880e+03	+1.153e+03	+6.420e+03	+0.191
21.400	+5.352e+03	+1.110e+03	+5.925e+03	+0.172
21.500	+4.884e+03	+1.047e+03	+7.190e+03	+0.176
21.600	+6.248e+03	+1.094e+03	+6.162e+03	+0.149
21.700	+6.615e+03	+7.862e+01	+6.948e+03	+0.012
21.800	+6.218e+03	+5.741e+02	+6.366e+03	+0.085
21.900	+5.553e+03	+1.337e+03	+8.089e+03	+0.194
22.000	+6.066e+03	+1.631e+03	+6.590e+03	+0.212
22.100	+5.892e+03	-2.645e+02	+5.816e+03	-0.047
22.200	+7.041e+03	+4.711e+02	+6.554e+03	+0.063
22.300	+7.953e+03	+5.198e+02	+7.450e+03	+0.061
22.400	+4.805e+03	+4.073e+02	+5.265e+03	+0.078
22.500	+6.590e+03	+1.776e+03	+7.147e+03	+0.212
22.600	+5.629e+03	+7.346e+02	+6.021e+03	+0.115
22.700	+6.651e+03	-8.928e+02	+5.227e+03	-0.155
22.800	+6.538e+03	+1.625e+03	+7.511e+03	+0.199
22.900	+5.395e+03	+7.689e+02	+5.694e+03	+0.125
23.000	+6.123e+03	+8.969e+02	+7.533e+03	+0.128
23.100	+5.607e+03	+8.763e+02	+7.564e+03	+0.135
23.200	+5.864e+03	+7.554e+02	+7.284e+03	+0.114
23.300	+5.928e+03	+7.576e+02	+4.533e+03	+0.113
23.400	+5.298e+03	+1.754e+03	+7.078e+03	+0.249
23.500	+6.718e+03	+1.169e+03	+7.172e+03	+0.148
23.600	+7.248e+03	+7.608e+02	+7.971e+03	+0.095
23.700	+6.407e+03	+3.326e+02	+7.647e+03	+0.049
23.800	+5.688e+03	+1.642e+02	+5.415e+03	+0.028
23.900	+4.891e+03	+9.551e+02	+7.987e+03	+0.163
24.000	+6.878e+03	+5.706e+02	+8.041e+03	+0.077
24.100	+6.151e+03	+7.480e+02	+8.425e+03	+0.108
24.200	+5.566e+03	+1.660e+03	+6.082e+03	+0.230
24.300	+6.975e+03	+7.725e+02	+6.339e+03	+0.100
24.400	+5.721e+03	+7.058e+02	+5.273e+03	+0.110
24.500	+6.044e+03	+1.300e+03	+6.865e+03	+0.177
24.600	+7.443e+03	+4.433e+02	+7.330e+03	+0.056
24.700	+5.707e+03	+1.117e+03	+7.228e+03	+0.164
24.800	+4.180e+03	+8.690e+02	+7.108e+03	+0.172
24.900	+7.502e+03	+4.184e+02	+5.789e+03	+0.053
25.000	+5.116e+03	+5.612e+02	+6.261e+03	+0.099
25.100	+4.428e+03	+1.629e+03	+5.735e+03	+0.269
25.200	+1.308e+03	+5.129e+03	+6.215e+03	+0.797
25.300	+1.117e+03	+6.067e+03	+8.408e+03	+0.845
25.400	+4.335e+02	+4.454e+03	+7.384e+03	+0.911
25.500	+9.011e+02	+3.749e+03	+7.100e+03	+0.806
25.600	+6.201e+02	+6.162e+03	+6.845e+03	+0.909
25.700	+3.734e+02	+5.776e+03	+6.229e+03	+0.939
25.800	+4.452e+02	+5.604e+03	+6.779e+03	+0.926
25.900	+1.713e+03	+6.751e+03	+8.400e+03	+0.798
26.000	+4.975e+02	+5.895e+03	+5.686e+03	+0.922
26.100	+1.506e+03	+5.210e+03	+6.833e+03	+0.776
26.200	+1.027e+03	+5.680e+03	+7.504e+03	+0.847
26.300	+5.128e+02	+5.071e+03	+7.285e+03	+0.908
26.400	+4.072e+03	+4.119e+03	+9.574e+03	+0.503
26.500	+3.343e+03	+3.714e+03	+8.637e+03	+0.526
26.600	+3.108e+03	+4.651e+03	+6.579e+03	+0.599
26.700	+3.304e+03	+2.628e+03	+5.595e+03	+0.443
26.800	+3.436e+03	+3.194e+03	+8.681e+03	+0.482
26.900	+2.772e+03	+3.685e+03	+7.096e+03	+0.571
27.000	+4.347e+03	+4.240e+03	+8.396e+03	+0.494
27.100	+3.556e+03	+4.930e+03	+7.589e+03	+0.581
27.200	+3.476e+03	+5.293e+03	+7.463e+03	+0.604
27.300	+2.856e+03	+3.428e+03	+8.861e+03	+0.545
27.400	+3.293e+03	+4.560e+03	+9.900e+03	+0.581
27.500	+3.725e+03	+2.610e+03	+8.258e+03	+0.412
27.600	+5.297e+03	+1.167e+03	+6.512e+03	+0.181
27.700	+3.957e+03	-8.968e+02	+7.389e+03	-0.293
27.800	+6.567e+03	+8.431e+01	+6.743e+03	+0.013
27.900	+6.459e+03	+1.498e+03	+5.910e+03	+0.188
28.000	+6.532e+03	-6.551e+02	+7.782e+03	-0.111
28.100	+6.144e+03	+2.053e+03	+6.946e+03	+0.250
28.200	+5.935e+03	+1.617e+03	+5.332e+03	+0.214
28.300	+6.844e+03	+5.512e+02	+7.030e+03	+0.075
28.400	+6.031e+03	+8.532e+02	+7.280e+03	+0.124
28.500	+4.137e+03	+7.921e+02	+6.290e+03	+0.161
28.600	+4.160e+03	+7.967e+02	+5.107e+03	+0.161
28.700	+5.685e+03	-2.455e+01	+6.617e+03	-0.004
28.800	+6.563e+03	+4.569e+02	+5.841e+03	+0.065
28.900	+6.239e+03	+2.132e+02	+6.360e+03	+0.033
29.000	+7.185e+03	+1.314e+03	+6.548e+03	+0.155
29.100	+5.929e+03	+9.127e+02	+6.254e+03	+0.133
29.200	+5.367e+03	+2.231e+03	+6.670e+03	+0.294
29.300	+3.136e+03	+3.926e+03	+7.105e+03	+0.556
29.400	+3.436e+03	+5.019e+03	+8.713e+03	+0.594
29.500	+2.877e+03	+2.980e+03	+6.706e+03	+0.509
29.600	+4.117e+03	+4.200e+03	+8.029e+03	+0.505
29.700	+1.886e+03	+4.489e+03	+7.132e+03	+0.704
29.800	+3.822e+03	+2.855e+03	+7.167e+03	+0.428
29.900	+3.531e+03	+3.727e+03	+7.260e+03	+0.513
30.000	+3.628e+03	+3.608e+03	+7.616e+03	+0.499
30.100	+3.444e+03	+4.548e+03	+8.606e+03	+0.569
30.200	+3.168e+03	+5.024e+03	+7.355e+03	+0.613
30.300	+2.438e+03	+2.854e+03	+9.251e+03	+0.539
30.400	+3.413e+03	+4.409e+03	+7.487e+03	+0.564
30.500	+3.573e+03	+3.961e+03	+7.377e+03	+0.526
30.600	+1.955e+03	+5.088e+03	+7.651e+03	+0.722
30.700	+3.773e+03	+2.886e+03	+8.678e+03	+0.433
30.800	+3.026e+03	+4.223e+03	+8.332e+03	+0.583
30.900	+3.950e+03	+3.376e+03	+6.922e+03	+0.461
31.000	+3.240e+03	+3.696e+03	+8.592e+03	+0.533
31.100	+2.476e+03	+4.109e+03	+8.099e+03	+0.624
31.200	+2.963e+03	+4.229e+03	+8.097e+03	+0.588
31.300	+4.549e+03	+4.239e+03	+9.596e+03	+0.482
31.400	+2.466e+03	+3.713e+03	+6.344e+03	+0.601
31.500	+3.492e+03	+3.780e+03	+7.842e+03	+0.520
31.600	+3.563e+03	+4.471e+03	+7.112e+03	+0.556
31.700	+2.657e+03	+5.141e+03	+7.903e+03	+0.659
31.800	+2.548e+03	+3.692e+03	+7.232e+03	+0.592
31.900	+3.163e+03	+3.979e+03	+7.669e+03	+0.557
32.000	+3.817e+03	+5.286e+03	+6.189e+03	+0.581
32.100	+2.376e+03	+3.996e+03	+7.664e+03	+0.627
32.200	+3.390e+03	+5.879e+03	+6.725e+03	+0.634
32.300	+2.242e+03	+3.124e+03	+5.960e+03	+0.582
32.400	+3.112e+03	+4.864e+03	+9.194e+03	+0.610
32.500	+3.111e+03	+3.745e+03	+6.140e+03	+0.546
32.600	+2.714e+03	+2.635e+03	+8.347e+03	+0.493
32.700	+2.896e+03	+5.036e+03	+7.385e+03	+0.635
32.800	+2.342e+03	+3.886e+03	+7.122e+03	+0.624
32.900	+3.626e+03	+4.671e+03	+7.423e+03	+0.563
33.000	+3.360e+03	+4.378e+03	+6.912e+03	+0.566
33.100	+3.102e+03	+3.460e+03	+8.306e+03	+0.527
33.200	+2.128e+02	+4.664e+03	+5.572e+03	+0.956
33.300	+7.465e+02	+5.944e+03	+7.459e+03	+0.888
33.400	-6.648e+00	+3.895e+03	+8.163e+03	+1.002
33.500	+5.909e+02	+5.204e+03	+7.692e+03	+0.898
33.600	+7.320e+02	+6.085e+03	+6.229e+03	+0.893
33.700	+1.286e+03	+5.837e+03	+7.692e+03	+0.820
33.800	+1.110e+03	+4.342e+03	+7.651e+03	+0.796
33.900	-2.420e+02	+6.414e+03	+7.270e+03	+1.039
34.000	+8.201e+02	+6.685e+03	+5.857e+03	+0.891
34.100	+1.082e+03	+4.544e+03	+7.091e+03	+0.808
34.200	+1.059e+03	+4.835e+03	+5.681e+03	+0.820
34.300	+5.128e+02	+5.493e+03	+5.716e+03	+0.915
34.400	+1.105e+02	+3.860e+03	+5.796e+03	+0.972
34.500	+1.446e+03	+4.881e+03	+7.145e+03	+0.771
34.600	+1.549e+03	+5.648e+03	+6.490e+03	+0.785
34.700	+9.118e+01	+4.467e+03	+7.533e+03	+0.980
34.800	+8.977e+02	+5.905e+03	+6.251e+03	+0.868
34.900	+7.859e+02	+5.105e+03	+7.795e+03	+0.867
35.000	+2.562e+02	+6.119e+03	+5.393e+03	+0.960
35.100	+1.171e+03	+4.850e+03	+6.209e+03	+0.806
35.200	+4.737e+02	+6.604e+03	+8.592e+03	+0.933
35.300	+6.591e+02	+6.181e+03	+5.609e+03	+0.904
35.400	-1.187e+02	+5.425e+03	+8.196e+03	+1.022
35.500	+1.979e+03	+5.880e+03	+6.731e+03	+0.748
35.600	+3.214e+02	+6.358e+03	+8.554e+03	+0.952
35.700	+5.809e+02	+5.521e+03	+6.508e+03	+0.905
35.800	+6.777e+02	+4.737e+03	+7.650e+03	+0.875
35.900	+1.181e+03	+7.071e+03	+7.337e+03	+0.857
36.000	+9.600e+02	+7.178e+03	+6.154e+03	+0.882
36.100	+2.456e+02	+6.162e+03	+8.331e+03	+0.962
36.200	+6.399e+02	+5.963e+03	+5.702e+03	+0.903
36.300	+2.240e+03	+4.955e+03	+5.753e+03	+0.689
36.400	+1.096e+03	+4.915e+03	+6.015e+03	+0.818
36.500	+1.648e+03	+5.344e+03	+4.896e+03	+0.764
36.600	+1.257e+03	+6.631e+03	+5.493e+03	+0.841
36.700	+1.084e+03	+4.470e+03	+5.602e+03	+0.805
36.800	+5.608e+02	+5.744e+03	+5.610e+03	+0.911
36.900	+2.006e-01	+5.015e+03	+8.573e+03	+1.000
37.000	+7.552e+02	+5.416e+03	+7.015e+03	+0.878
37.100	+3.062e+02	+4.921e+03	+5.692e+03	+0.941
37.200	+1.400e+03	+6.761e+03	+8.238e+03	+0.828
37.300	+5.833e+02	+6.544e+03	+6.100e+03	+0.918
37.400	+1.204e+03	+5.360e+03	+7.071e+03	+0.817
37.500	+1.702e+03	+5.403e+03	+7.124e+03	+0.761
37.600	+6.931e+02	+4.394e+03	+7.090e+03	+0.864
37.700	+9.414e+02	+5.378e+03	+6.960e+03	+0.851
37.800	+9.639e+02	+6.868e+03	+6.217e+03	+0.877
37.900	+9.140e+01	+4.303e+03	+6.108e+03	+0.979
38.000	+5.533e+02	+3.503e+03	+8.758e+03	+0.864
38.100	+1.217e+03	+5.638e+03	+6.742e+03	+0.822
38.200	+3.957e+02	+6.202e+03	+6.715e+03	+0.940
38.300	-3.875e+02	+6.297e+03	+6.668e+03	+1.066
38.400	+6.591e+02	+6.207e+03	+7.175e+03	+0.904
38.500	+6.287e+02	+6.091e+03	+6.024e+03	+0.906
38.600	+4.416e+02	+5.378e+03	+7.172e+03	+0.924
38.700	+4.155e+02	+5.953e+03	+6.384e+03	+0.935
38.800	+1.094e+03	+4.761e+03	+7.454e+03	+0.813
38.900	+1.627e+03	+8.585e+03	+8.389e+03	+0.841
39.000	+6.062e+02	+5.723e+03	+5.784e+03	+0.904
39.100	+2.417e+03	+4.252e+03	+6.372e+03	+0.638
39.200	+1.995e+03	+4.748e+03	+8.401e+03	+0.704
39.300	+3.033e+03	+3.719e+03	+8.035e+03	+0.551
39.400	+2.550e+03	+3.969e+03	+6.001e+03	+0.609
39.500	+3.094e+03	+3.404e+03	+7.265e+03	+0.524
39.600	+4.264e+03	+3.563e+03	+1.020e+04	+0.455
39.700	+3.441e+03	+3.057e+03	+7.247e+03	+0.470
39.800	+2.456e+03	+4.682e+03	+7.379e+03	+0.656
39.900	+4.201e+03	+4.901e+03	+9.051e+03	+0.538
40.000	+3.734e+03	+5.066e+03	+8.802e+03	+0.576
40.100	+3.379e+03	+4.016e+03	+6.049e+03	+0.543
40.200	+2.776e+03	+3.897e+03	+6.327e+03	+0.584
40.300	+3.617e+03	+4.478e+03	+6.753e+03	+0.553
40.400	+3.722e+03	+5.411e+03	+7.526e+03	+0.592
40.500	+3.943e+03	+3.979e+03	+7.687e+03	+0.502
40.600	+3.526e+03	+3.961e+03	+7.841e+03	+0.529
40.700	+3.761e+03	+4.339e+03	+6.358e+03	+0.536
40.800	+4.050e+03	+3.845e+03	+7.764e+03	+0.487
40.900	+5.150e+03	+6.776e+02	+8.382e+03	+0.116
41.000	+5.305e+03	+1.410e+03	+5.996e+03	+0.210
41.100	+5.140e+03	-8.680e+01	+8.740e+03	-0.017
41.200	+5.394e+03	+5.869e+02	+7.841e+03	+0.098
41.300	+6.388e+03	+1.031e+03	+6.973e+03	+0.139
41.400	+4.961e+03	+9.435e+02	+6.786e+03	+0.160
41.500	+6.278e+03	+1.708e+03	+7.145e+03	+0.214
41.600	+5.261e+03	+5.249e+02	+6.427e+03	+0.091
41.700	+6.525e+03	+6.680e+02	+5.994e+03	+0.093
41.800	+7.169e+03	+1.824e+03	+5.478e+03	+0.203
41.900	+6.156e+03	+1.852e+03	+7.173e+03	+0.231
42.000	+7.229e+03	+1.768e+03	+7.815e+03	+0.197
42.100	+5.339e+03	+7.543e+01	+7.694e+03	+0.014
42.200	+5.290e+03	+1.814e+03	+4.672e+03	+0.255
42.300	+5.560e+03	+7.469e+02	+6.198e+03	+0.118
42.400	+5.331e+03	+3.983e+02	+7.252e+03	+0.070
42.500	+3.264e+03	+2.439e+03	+7.728e+03	+0.428
42.600	+2.305e+03	+2.915e+03	+8.228e+03	+0.558
42.700	+3.650e+03	+3.389e+03	+6.573e+03	+0.481
42.800	+2.559e+03	+3.696e+03	+7.777e+03	+0.591
42.900	+1.724e+03	+4.554e+03	+7.995e+03	+0.725
43.000	+1.596e+03	+5.840e+03	+5.991e+03	+0.785
43.100	-5.690e+02	+6.495e+03	+6.094e+03	+1.096
43.200	-5.411e+02	+5.920e+03	+8.584e+03	+1.101
43.300	+2.738e+02	+6.512e+03	+7.221e+03	+0.960
43.400	+1.156e+03	+5.810e+03	+7.308e+03	+0.834
43.500	-4.396e+01	+4.599e+03	+6.805e+03	+1.010
43.600	+8.423e+02	+6.284e+03	+6.805e+03	+0.882
43.700	+5.494e+02	+5.268e+03	+6.398e+03	+0.906
43.800	+5.479e+02	+7.140e+03	+8.022e+03	+0.929
43.900	+6.422e+02	+5.259e+03	+7.089e+03	+0.891
44.000	+8.737e+01	+5.451e+03	+5.593e+03	+0.984
44.100	+4.951e+02	+7.748e+03	+7.093e+03	+0.940
44.200	+2.005e+02	+4.469e+03	+6.916e+03	+0.957
44.300	+1.113e+03	+6.314e+03	+6.559e+03	+0.850
44.400	+1.031e+03	+6.826e+03	+6.050e+03	+0.869
44.500	-6.439e+02	+6.492e+03	+7.583e+03	+1.110
44.600	-4.732e+02	+5.906e+03	+7.916e+03	+1.087
44.700	+7.547e+02	+5.683e+03	+7.593e+03	+0.883
44.800	+6.449e+02	+5.725e+03	+6.723e+03	+0.899
44.900	+4.471e+02	+4.499e+03	+7.949e+03	+0.910
45.000	+5.921e+01	+6.007e+03	+5.679e+03	+0.990
45.100	+1.108e+03	+6.240e+03	+6.091e+03	+0.849
45.200	+9.355e+02	+6.885e+03	+7.398e+03	+0.880
45.300	+1.078e+03	+6.719e+03	+8.156e+03	+0.862
45.400	+1.608e+03	+4.589e+03	+7.183e+03	+0.740
45.500	+8.393e+01	+5.077e+03	+8.344e+03	+0.984
45.600	-4.670e+01	+6.712e+03	+7.409e+03	+1.007
45.700	+1.892e+03	+4.957e+03	+7.813e+03	+0.724
45.800	+1.136e+03	+4.300e+03	+8.046e+03	+0.791
45.900	+8.760e+02	+4.004e+03	+7.870e+03	+0.820
46.000	+3.907e+01	+5.258e+03	+5.617e+03	+0.993
46.100	+5.510e+02	+4.857e+03	+7.552e+03	+0.898
46.200	+1.418e+03	+4.623e+03	+6.558e+03	+0.765
46.300	+2.841e+02	+4.922e+03	+6.981e+03	+0.945
46.400	+1.004e+03	+5.582e+03	+7.535e+03	+0.848
46.500	+2.574e+02	+5.180e+03	+6.327e+03	+0.953
46.600	-2.922e+02	+3.813e+03	+5.877e+03	+1.083
46.700	+5.930e+02	+5.403e+03	+7.274e+03	+0.901
46.800	+1.035e+03	+5.082e+03	+7.481e+03	+0.831
46.900	+4.384e+02	+5.511e+03	+8.168e+03	+0.926
47.000	+1.868e+03	+4.448e+03	+7.644e+03	+0.704
47.100	+1.367e+03	+4.390e+03	+8.803e+03	+0.763
47.200	+1.461e+03	+6.286e+03	+5.519e+03	+0.811
47.300	+1.555e+02	+6.254e+03	+6.947e+03	+0.976
47.400	+2.120e+03	+4.801e+03	+6.889e+03	+0.694
47.500	+3.628e+03	+2.993e+03	+6.719e+03	+0.452
47.600	+2.654e+03	+2.434e+03	+6.011e+03	+0.478
47.700	+2.916e+03	+3.848e+03	+4.531e+03	+0.569
47.800	+2.702e+03	+4.516e+03	+6.001e+03	+0.626
47.900	+2.585e+03	+4.778e+03	+7.928e+03	+0.649
48.000	+3.175e+03	+3.713e+03	+1.050e+04	+0.539
48.100	+1.761e+03	+4.800e+03	+5.783e+03	+0.732
48.200	+1.691e+02	+6.783e+03	+7.086e+03	+0.976
48.300	+2.355e+01	+6.817e+03	+6.378e+03	+0.997
48.400	+9.269e+02	+5.076e+03	+8.634e+03	+0.846
48.500	+7.038e+02	+4.252e+03	+7.596e+03	+0.858
48.600	-1.949e+02	+6.285e+03	+6.644e+03	+1.032
48.700	+9.135e+02	+5.852e+03	+4.581e+03	+0.865
48.800	+6.229e+02	+4.765e+03	+9.281e+03	+0.884
48.900	+1.086e+03	+5.387e+03	+7.666e+03	+0.832
49.000	+6.827e+02	+5.862e+03	+6.064e+03	+0.896
49.100	+3.559e+01	+6.961e+03	+7.817e+03	+0.995
49.200	+2.781e+02	+5.532e+03	+8.191e+03	+0.952
49.300	+7.918e+02	+4.817e+03	+8.075e+03	+0.859
49.400	+2.878e+03	+5.373e+03	+7.486e+03	+0.651
49.500	+3.733e+03	+2.854e+03	+7.213e+03	+0.433
49.600	+5.103e+03	+3.264e+03	+7.507e+03	+0.390
49.700	+5.160e+03	+1.628e+03	+5.342e+03	+0.240
49.800	+5.563e+03	+2.724e+02	+5.639e+03	+0.047
49.900	+4.381e+03	+1.292e+03	+6.496e+03	+0.228
50.000	+1.859e+03	+6.500e+03	+7.460e+03	+0.778
50.100	+1.059e+02	+7.604e+03	+7.337e+03	+0.986
50.200	+9.744e+02	+5.659e+03	+8.897e+03	+0.853
50.300	+2.795e+02	+6.087e+03	+8.431e+03	+0.956
50.400	+1.068e+03	+8.482e+03	+8.928e+03	+0.888
50.500	+1.320e+03	+6.019e+03	+7.014e+03	+0.820
50.600	+2.501e+02	+5.840e+03	+6.853e+03	+0.959
50.700	+1.321e+03	+7.664e+03	+6.703e+03	+0.853
50.800	+1.367e+03	+6.255e+03	+6.574e+03	+0.821
50.900	+2.118e+03	+5.199e+03	+7.024e+03	+0.711
51.000	+8.415e+02	+7.048e+03	+6.595e+03	+0.893
51.100	+4.528e+03	+3.297e+03	+6.650e+03	+0.421
51.200	+4.662e+03	+1.136e+03	+5.876e+03	+0.196
51.300	+5.050e+03	+1.665e+03	+5.497e+03	+0.248
51.400	+6.277e+03	+9.263e+02	+7.608e+03	+0.129
51.500	+4.770e+03	+6.406e+02	+7.431e+03	+0.118
51.600	+4.835e+03	+2.032e+03	+7.089e+03	+0.296
51.700	+1.785e+03	+5.628e+03	+7.298e+03	+0.759
51.800	+1.093e+03	+6.331e+03	+8.760e+03	+0.853
51.900	-4.929e+02	+5.323e+03	+6.857e+03	+1.102
52.000	+2.023e+03	+6.366e+03	+7.878e+03	+0.759
52.100	+1.048e+03	+5.076e+03	+6.278e+03	+0.829
52.200	+9.614e+02	+4.721e+03	+7.024e+03	+0.831
52.300	+1.015e+03	+4.896e+03	+5.122e+03	+0.828
52.400	+6.970e+02	+5.711e+03	+6.567e+03	+0.891
52.500	+1.989e+03	+6.579e+03	+7.063e+03	+0.768
52.600	+1.390e+03	+6.211e+03	+6.966e+03	+0.817
52.700	+9.887e+02	+6.980e+03	+5.886e+03	+0.876
52.800	+1.017e+03	+5.943e+03	+8.714e+03	+0.854
52.900	+1.329e+03	+4.928e+03	+6.809e+03	+0.788
53.000	+7.333e+02	+5.838e+03	+8.538e+03	+0.888
53.100	-5.370e+01	+7.124e+03	+9.068e+03	+1.008
53.200	+1.039e+03	+5.614e+03	+8.369e+03	+0.844
53.300	+1.575e+03	+5.220e+03	+5.929e+03	+0.768
53.400	+9.786e+02	+5.786e+03	+8.123e+03	+0.855
53.500	+9.697e+02	+4.820e+03	+6.005e+03	+0.833
53.600	+1.043e+03	+5.770e+03	+6.496e+03	+0.847
53.700	+6.671e+02	+6.371e+03	+6.710e+03	+0.905
53.800	+1.923e+03	+4.992e+03	+6.988e+03	+0.722
53.900	-1.235e+01	+5.249e+03	+4.761e+03	+1.002
54.000	+1.654e+03	+4.749e+03	+7.545e+03	+0.742
54.100	+2.880e+03	+4.457e+03	+6.312e+03	+0.607
54.200	+3.195e+03	+3.989e+03	+8.617e+03	+0.555
54.300	+3.134e+03	+4.647e+03	+7.911e+03	+0.597
54.400	+1.588e+03	+8.031e+03	+7.779e+03	+0.835
54.500	+4.772e+02	+6.116e+03	+8.007e+03	+0.928
54.600	+9.054e+02	+7.034e+03	+5.610e+03	+0.886
54.700	-1.738e+01	+5.748e+03	+8.177e+03	+1.003
54.800	-1.828e+02	+5.386e+03	+6.438e+03	+1.035
54.900	+4.659e+01	+5.699e+03	+8.302e+03	+0.992
55.000	+1.446e+02	+5.690e+03	+6.719e+03	+0.975
55.100	+4.793e+02	+5.439e+03	+4.767e+03	+0.919
55.200	-1.596e+02	+6.546e+03	+6.962e+03	+1.025
55.300	+1.599e+03	+5.529e+03	+7.534e+03	+0.776
55.400	+9.001e+02	+5.165e+03	+6.584e+03	+0.852
55.500	+8.657e+02	+5.976e+03	+8.336e+03	+0.873
55.600	+6.178e+02	+5.491e+03	+7.362e+03	+0.899
55.700	+6.213e+01	+6.027e+03	+5.874e+03	+0.990
55.800	+1.280e+03	+5.873e+03	+7.490e+03	+0.821
55.900	+6.834e+02	+6.285e+03	+7.623e+03	+0.902
56.000	+2.623e+02	+5.538e+03	+5.750e+03	+0.955
56.100	+1.734e+03	+6.489e+03	+7.699e+03	+0.789
56.200	+2.341e+03	+5.203e+03	+7.700e+03	+0.690
56.300	+1.844e+03	+3.530e+03	+7.148e+03	+0.657
56.400	+2.954e+03	+3.796e+03	+5.827e+03	+0.562
56.500	+3.356e+03	+4.311e+03	+8.425e+03	+0.562
56.600	+2.175e+03	+4.603e+03	+6.980e+03	+0.679
56.700	+2.208e+03	+2.974e+03	+7.736e+03	+0.574
56.800	+1.937e+03	+5.279e+03	+6.899e+03	+0.732
56.900	+3.641e+03	+4.375e+03	+7.838e+03	+0.546
57.000	+3.298e+03	+4.506e+03	+5.278e+03	+0.577
57.100	+3.604e+03	+3.818e+03	+7.451e+03	+0.514
57.200	+1.533e+03	+3.602e+03	+8.519e+03	+0.702
57.300	+3.720e+03	+3.049e+03	+8.953e+03	+0.450
57.400	+3.129e+03	+4.199e+03	+7.305e+03	+0.573
57.500	+3.043e+03	+4.400e+03	+8.401e+03	+0.591
57.600	+4.063e+03	+2.849e+03	+8.900e+03	+0.412
57.700	+4.393e+03	+2.798e+02	+7.378e+03	+0.060
57.800	+6.533e+03	+9.505e+02	+5.723e+03	+0.127
57.900	+5.531e+03	+1.263e+03	+6.627e+03	+0.186
58.000	+5.856e+03	+1.669e+03	+7.434e+03	+0.222
58.100	+6.860e+03	+1.437e+03	+7.040e+03	+0.173
58.200	+7.126e+03	+2.051e+03	+7.573e+03	+0.224
58.300	+5.540e+03	+7.487e+02	+7.222e+03	+0.119
58.400	+5.759e+03	+1.227e+03	+5.658e+03	+0.176
58.500	+6.823e+03	+2.170e+03	+6.723e+03	+0.241
58.600	+5.346e+03	+1.073e+03	+7.035e+03	+0.167
58.700	+4.737e+03	+3.585e+02	+8.275e+03	+0.070
58.800	+5.141e+03	+1.163e+02	+7.316e+03	+0.022
58.900	+5.567e+03	+1.119e+03	+5.379e+03	+0.167
59.000	+5.056e+03	+1.025e+03	+7.397e+03	+0.169
59.100	+5.010e+03	+1.132e+03	+7.343e+03	+0.184
59.200	+6.128e+03	+1.428e+03	+7.747e+03	+0.189
59.300	+6.230e+03	+3.454e+02	+6.373e+03	+0.053
59.400	+4.996e+03	+1.339e+03	+6.486e+03	+0.211
59.500	+6.858e+03	+9.796e+02	+7.921e+03	+0.125
59.600	+5.411e+03	+1.321e+03	+6.779e+03	+0.196
59.700	+5.067e+03	+4.346e+02	+6.105e+03	+0.079
59.800	+7.152e+03	+1.033e+03	+6.007e+03	+0.126
59.900	+6.144e+03	+1.623e+01	+7.230e+03	+0.003
60.000	+6.944e+03	+3.160e+02	+5.734e+03	+0.044
60.100	+6.087e+03	+1.174e+03	+7.100e+03	+0.162
60.200	+4.631e+03	+7.148e+02	+7.053e+03	+0.134
60.300	+4.617e+03	+3.870e+02	+5.811e+03	+0.077
60.400	+6.050e+03	+1.299e+03	+5.948e+03	+0.177
60.500	+6.271e+03	-1.630e+02	+7.936e+03	-0.027
60.600	+5.742e+03	+1.168e+03	+6.026e+03	+0.169
60.700	+5.106e+03	+1.261e+03	+6.484e+03	+0.198
60.800	+6.540e+03	+2.818e+02	+8.278e+03	+0.041
60.900	+5.213e+03	+1.369e+03	+6.083e+03	+0.208
61.000	+6.972e+03	+9.506e+02	+6.215e+03	+0.120
61.100	+5.504e+03	+7.958e+02	+7.515e+03	+0.126
61.200	+5.390e+03	+1.156e+03	+6.721e+03	+0.177
61.300	+6.698e+03	+8.152e+02	+6.219e+03	+0.109
61.400	+6.121e+03	+2.206e+02	+7.312e+03	+0.035
61.500	+5.560e+03	+4.850e+02	+5.975e+03	+0.080
61.600	+5.387e+03	+1.209e+03	+6.081e+03	+0.183
61.700	+5.907e+03	+3.642e+02	+7.173e+03	+0.058
61.800	+5.639e+03	+9.003e+02	+5.649e+03	+0.138
61.900	+7.174e+03	+2.396e+02	+6.652e+03	+0.032
62.000	+6.830e+03	+9.639e+02	+6.543e+03	+0.124
62.100	+4.268e+03	+1.222e+03	+5.966e+03	+0.223
62.200	+6.958e+03	+8.840e+02	+5.880e+03	+0.113
62.300	+6.592e+03	+1.945e+03	+6.094e+03	+0.228
62.400	+5.324e+03	+2.278e+03	+6.392e+03	+0.300
62.500	+4.726e+03	+2.040e+02	+5.702e+03	+0.041
62.600	+5.517e+03	+9.277e+02	+6.713e+03	+0.144
62.700	+6.265e+03	+4.835e+01	+6.005e+03	+0.008
62.800	+9.290e+02	+4.635e+03	+5.690e+03	+0.833
62.900	+1.005e+03	+6.675e+03	+6.527e+03	+0.869
63.000	+5.804e+02	+5.713e+03	+5.044e+03	+0.908
63.100	+7.117e+02	+4.528e+03	+6.676e+03	+0.864
63.200	+8.137e+02	+5.954e+03	+8.273e+03	+0.880
63.300	+1.416e+03	+5.082e+03	+7.588e+03	+0.782
63.400	+7.471e+02	+6.318e+03	+6.737e+03	+0.894
63.500	+1.160e+03	+5.143e+03	+6.505e+03	+0.816
63.600	-7.424e+02	+6.255e+03	+6.903e+03	+1.135
63.700	+3.568e+02	+5.371e+03	+8.059e+03	+0.938
63.800	+1.370e+03	+4.811e+03	+6.608e+03	+0.778
63.900	+3.873e+02	+6.185e+03	+7.895e+03	+0.941
64.000	+2.273e+03	+5.243e+03	+7.518e+03	+0.698
64.100	+3.344e+03	+5.199e+03	+8.255e+03	+0.609
64.200	+1.582e+03	+3.854e+03	+9.623e+03	+0.709
64.300	+5.091e+03	+3.793e+03	+6.199e+03	+0.427
64.400	+3.806e+03	+2.959e+03	+8.596e+03	+0.437
64.500	+2.815e+03	+2.832e+03	+8.349e+03	+0.502
64.600	+2.632e+03	+4.288e+03	+6.706e+03	+0.620
64.700	+3.251e+03	+3.173e+03	+5.758e+03	+0.494
64.800	+4.162e+03	+2.497e+03	+8.027e+03	+0.375
64.900	+6.151e+03	+1.571e+03	+6.309e+03	+0.203
65.000	+5.696e+03	+1.022e+03	+8.327e+03	+0.152
65.100	+6.944e+03	+1.006e+03	+6.303e+03	+0.127
65.200	+4.734e+03	-4.406e+02	+7.409e+03	-0.103
65.300	+5.347e+03	+8.473e+02	+6.912e+03	+0.137
65.400	+5.486e+03	+1.548e+03	+6.867e+03	+0.220
65.500	+3.008e+02	+6.783e+03	+6.557e+03	+0.958
65.600	+1.356e+03	+4.816e+03	+6.336e+03	+0.780
65.700	+6.336e+02	+5.683e+03	+5.669e+03	+0.900
65.800	+1.066e+03	+5.571e+03	+5.683e+03	+0.839
65.900	+4.533e+02	+5.682e+03	+8.797e+03	+0.926
66.000	+1.199e+02	+5.839e+03	+7.393e+03	+0.980
66.100	+1.211e+03	+6.383e+03	+6.856e+03	+0.840
66.200	+5.160e+02	+5.434e+03	+7.117e+03	+0.913
66.300	+9.218e+02	+5.099e+03	+7.268e+03	+0.847
66.400	+1.513e+03	+6.703e+03	+6.858e+03	+0.816
66.500	+8.448e+02	+6.329e+03	+5.196e+03	+0.882
66.600	+2.937e+02	+5.934e+03	+5.956e+03	+0.953
66.700	+8.176e+02	+6.274e+03	+7.270e+03	+0.885
66.800	+9.494e+02	+5.238e+03	+6.717e+03	+0.847
66.900	+2.400e+03	+7.221e+03	+6.524e+03	+0.751
67.000	+1.807e+03	+7.937e+03	+7.470e+03	+0.815
67.100	+1.253e+03	+4.848e+03	+6.972e+03	+0.795
67.200	+7.578e+02	+5.513e+03	+6.945e+03	+0.879
67.300	+1.115e+03	+5.709e+03	+7.273e+03	+0.837
67.400	+1.080e+02	+4.378e+03	+4.889e+03	+0.976
67.500	+6.268e+02	+5.832e+03	+8.715e+03	+0.903
67.600	+7.583e+02	+6.163e+03	+8.070e+03	+0.890
67.700	+1.515e+03	+6.367e+03	+6.815e+03	+0.808
67.800	+2.014e+03	+6.810e+03	+6.874e+03	+0.772
67.900	+1.314e+03	+4.798e+03	+6.173e+03	+0.785
68.000	+1.244e+03	+4.298e+03	+6.492e+03	+0.776
68.100	+8.913e+02	+6.023e+03	+7.044e+03	+0.871
68.200	+9.486e+02	+6.730e+03	+6.705e+03	+0.876
68.300	+8.933e+02	+5.426e+03	+7.318e+03	+0.859
68.400	+7.396e+02	+6.644e+03	+7.523e+03	+0.900
68.500	+1.502e+03	+6.396e+03	+6.345e+03	+0.810
68.600	+2.278e+03	+5.446e+03	+6.905e+03	+0.705
68.700	+9.863e+02	+6.250e+03	+5.950e+03	+0.864
68.800	+3.578e+02	+5.389e+03	+9.081e+03	+0.938
68.900	+1.543e+03	+5.256e+03	+6.726e+03	+0.773
69.000	+1.670e+03	+4.022e+03	+6.593e+03	+0.707
69.100	+3.968e+02	+6.362e+03	+7.894e+03	+0.941
69.200	+1.203e+03	+6.735e+03	+6.195e+03	+0.848
69.300	+3.218e+02	+6.362e+03	+5.693e+03	+0.952
69.400	-2.096e+01	+5.069e+03	+7.441e+03	+1.004
69.500	-3.982e+02	+5.436e+03	+8.436e+03	+1.079
69.600	+3.833e+02	+4.807e+03	+8.295e+03	+0.926
69.700	+2.671e+03	+4.728e+03	+7.567e+03	+0.639
69.800	+3.714e+03	+3.683e+03	+7.443e+03	+0.498
69.900	+2.787e+03	+3.322e+03	+7.305e+03	+0.544
70.000	+3.550e+03	+3.454e+03	+8.223e+03	+0.493
70.100	+6.331e+03	+6.054e+02	+6.517e+03	+0.087
70.200	+4.593e+03	+9.946e+02	+7.287e+03	+0.178
70.300	+7.120e+03	+5.482e+01	+7.418e+03	+0.008
70.400	+5.112e+03	+7.254e+02	+7.639e+03	+0.124
70.500	+5.500e+03	+1.675e+03	+7.705e+03	+0.233
70.600	+5.653e+03	+1.883e+03	+6.673e+03	+0.250
70.700	+2.069e+03	+3.812e+03	+6.735e+03	+0.648
70.800	+1.734e+03	+6.514e+03	+7.323e+03	+0.790
70.900	+2.947e+03	+3.229e+03	+6.982e+03	+0.523
71.000	+6.577e+03	+1.054e+03	+5.975e+03	+0.138
71.100	+7.687e+03	-4.629e+02	+6.212e+03	-0.064
71.200	+6.803e+03	-7.257e+01	+6.605e+03	-0.011
71.300	+4.785e+03	+9.043e+01	+6.815e+03	+0.019
71.400	+4.811e+03	+1.427e+03	+6.195e+03	+0.229
71.500	+5.631e+03	+7.972e+01	+6.942e+03	+0.014
71.600	+5.848e+03	+1.464e+02	+6.351e+03	+0.024
71.700	+5.928e+03	+1.281e+03	+6.911e+03	+0.178
71.800	+6.031e+03	+4.898e+02	+8.670e+03	+0.075
71.900	+6.696e+03	+1.223e+02	+7.314e+03	+0.018
72.000	+4.590e+03	+1.117e+03	+6.391e+03	+0.196
72.100	+5.352e+03	+1.143e+03	+7.369e+03	+0.176
72.200	+5.310e+03	+1.978e+03	+5.699e+03	+0.271
72.300	+5.994e+03	+5.366e+02	+4.355e+03	+0.082
72.400	+3.154e+03	+3.139e+03	+7.549e+03	+0.499
72.500	+1.561e+03	+7.151e+03	+7.898e+03	+0.821
72.600	+1.771e+03	+7.260e+03	+6.496e+03	+0.804
72.700	+4.810e+00	+5.598e+03	+6.541e+03	+0.999
72.800	-1.565e+02	+5.763e+03	+8.712e+03	+1.028
72.900	+1.187e+03	+7.069e+03	+6.506e+03	+0.856
73.000	+9.138e+02	+6.425e+03	+5.369e+03	+0.875
73.100	+1.067e+03	+6.038e+03	+6.448e+03	+0.850
73.200	+1.308e+02	+4.915e+03	+5.126e+03	+0.974
73.300	+4.734e+02	+5.926e+03	+7.999e+03	+0.926
73.400	+1.173e+03	+5.922e+03	+8.856e+03	+0.835
73.500	+7.274e+02	+5.764e+03	+7.236e+03	+0.888
73.600	+1.343e+03	+6.353e+03	+7.487e+03	+0.826
73.700	+7.819e+02	+6.696e+03	+6.721e+03	+0.895
73.800	+2.612e+02	+5.955e+03	+6.881e+03	+0.958
73.900	+3.121e+02	+6.458e+03	+7.990e+03	+0.954
74.000	+3.202e+02	+6.849e+03	+8.025e+03	+0.955
74.100	+1.210e+03	+5.977e+03	+7.429e+03	+0.832
74.200	+2.422e+03	+5.898e+03	+6.933e+03	+0.709
74.300	-2.044e+02	+5.290e+03	+5.718e+03	+1.040
74.400	+1.061e+03	+4.151e+03	+6.105e+03	+0.796
74.500	+1.847e+03	+6.005e+03	+6.980e+03	+0.765
74.600	+6.043e+02	+5.103e+03	+5.216e+03	+0.894
74.700	+1.591e+02	+5.232e+03	+7.139e+03	+0.970
74.800	+1.405e+03	+5.417e+03	+7.401e+03	+0.794
74.900	+1.329e+03	+5.738e+03	+8.778e+03	+0.812
75.000	-1.466e+02	+4.479e+03	+6.940e+03	+1.034
75.100	+7.985e+02	+5.303e+03	+7.067e+03	+0.869
75.200	+9.335e+02	+6.513e+03	+7.355e+03	+0.875
75.300	+3.263e+01	+6.578e+03	+7.373e+03	+0.995
75.400	+6.695e+02	+4.170e+03	+7.429e+03	+0.862
75.500	+7.394e+02	+6.554e+03	+7.628e+03	+0.899
75.600	+7.024e+02	+7.316e+03	+7.801e+03	+0.912
75.700	+3.158e+02	+5.539e+03	+6.450e+03	+0.946
75.800	+2.078e+03	+6.198e+03	+5.484e+03	+0.749
75.900	+9.671e+02	+5.567e+03	+7.991e+03	+0.852
76.000	+1.586e+03	+5.850e+03	+8.042e+03	+0.787
76.100	+9.340e+01	+6.190e+03	+6.769e+03	+0.985
76.200	-9.251e+01	+5.269e+03	+6.642e+03	+1.018
76.300	-1.635e+02	+5.742e+03	+5.616e+03	+1.029
76.400	+1.029e+03	+7.298e+03	+4.174e+03	+0.876
76.500	-1.034e+02	+5.924e+03	+7.931e+03	+1.018
76.600	+1.182e+03	+4.173e+03	+7.587e+03	+0.779
76.700	+4.861e+01	+5.106e+03	+8.726e+03	+0.991
76.800	+2.366e+03	+5.924e+03	+7.450e+03	+0.715
76.900	+1.117e+03	+5.719e+03	+6.588e+03	+0.837
77.000	+6.803e+02	+7.356e+03	+6.192e+03	+0.915
77.100	+2.400e+03	+5.606e+03	+8.218e+03	+0.700
77.200	+3.669e+03	+3.624e+03	+7.548e+03	+0.497
77.300	+3.079e+03	+3.309e+03	+8.227e+03	+0.518
77.400	+2.860e+03	+3.610e+03	+6.340e+03	+0.558
77.500	+2.933e+03	+4.752e+03	+7.547e+03	+0.618
77.600	+2.132e+03	+2.996e+03	+8.360e+03	+0.584
77.700	+4.699e+03	+4.349e+03	+8.002e+03	+0.481
77.800	+1.042e+03	+4.175e+03	+6.019e+03	+0.800
77.900	+3.544e+03	+4.150e+03	+8.447e+03	+0.539
78.000	+2.438e+03	+4.058e+03	+8.135e+03	+0.625
78.100	+3.516e+03	+4.949e+03	+8.000e+03	+0.585
78.200	+2.716e+03	+3.993e+03	+8.657e+03	+0.595
78.300	+2.207e+03	+5.118e+03	+8.058e+03	+0.699
78.400	+8.739e+02	+4.229e+03	+8.309e+03	+0.829
78.500	+3.520e+03	+4.562e+03	+6.186e+03	+0.564
78.600	+2.700e+03	+4.090e+03	+6.703e+03	+0.602
78.700	+5.751e+03	+2.270e+03	+6.541e+03	+0.283
78.800	+5.895e+03	+1.312e+03	+6.273e+03	+0.182
78.900	+6.103e+03	+6.390e+02	+7.855e+03	+0.095
79.000	+6.042e+03	+5.073e+02	+6.733e+03	+0.077
79.100	+5.639e+03	+5.419e+02	+7.076e+03	+0.088
79.200	+5.851e+03	+1.353e+03	+7.117e+03	+0.188
79.300	+4.519e+03	+1.070e+03	+5.821e+03	+0.192
79.400	+6.986e+03	+6.253e+02	+6.193e+03	+0.082
79.500	+6.877e+03	+4.622e+02	+5.980e+03	+0.063
79.600	+6.006e+03	+1.140e+03	+5.479e+03	+0.160
79.700	+5.011e+03	+9.650e+02	+4.969e+03	+0.161
79.800	+6.594e+03	+2.125e+03	+6.844e+03	+0.244
79.900	+5.422e+03	+1.373e+03	+5.969e+03	+0.202
80.000	+6.918e+03	+1.739e+03	+7.655e+03	+0.201
80.100	+6.297e+03	+7.586e+02	+8.510e+03	+0.108
80.200	+6.788e+03	+4.158e+02	+8.239e+03	+0.058
80.300	+6.945e+03	+5.898e+02	+4.371e+03	+0.078
80.400	+6.351e+03	+3.667e+02	+5.017e+03	+0.055
80.500	+5.770e+03	+1.130e+03	+7.480e+03	+0.164
80.600	+5.703e+03	+1.407e+03	+8.171e+03	+0.198
80.700	+4.909e+03	+1.249e+03	+8.642e+03	+0.203
80.800	+5.857e+03	+9.747e+02	+6.645e+03	+0.143
80.900	+5.095e+03	+1.672e+03	+5.828e+03	+0.247
81.000	+5.309e+03	+8.098e+02	+8.222e+03	+0.132
81.100	+4.799e+03	+5.714e+02	+7.519e+03	+0.106
81.200	+6.671e+03	+5.273e+02	+6.542e+03	+0.073
81.300	+4.930e+03	+9.231e+02	+5.103e+03	+0.158
81.400	+6.421e+03	+5.601e+02	+8.606e+03	+0.080
81.500	+3.664e+03	+8.444e+02	+6.587e+03	+0.187
81.600	+5.894e+03	+1.092e+03	+6.151e+03	+0.156
81.700	+7.107e+03	+1.267e+03	+5.858e+03	+0.151
81.800	+5.981e+03	+5.543e+02	+7.282e+03	+0.085
81.900	+5.763e+03	-2.908e+02	+6.609e+03	-0.053
82.000	+7.492e+03	+6.511e+02	+6.598e+03	+0.080
82.100	+5.042e+03	+3.826e+02	+4.650e+03	+0.071
82.200	+6.901e+03	+3.336e+02	+4.996e+03	+0.046
82.300	+5.166e+03	+4.505e+01	+5.394e+03	+0.009
82.400	+4.823e+03	+1.193e+03	+6.247e+03	+0.198
82.500	+5.696e+03	-6.143e+02	+7.190e+03	-0.121
82.600	+5.217e+03	+5.914e+02	+6.096e+03	+0.102
82.700	+7.046e+03	+1.545e+03	+5.660e+03	+0.180
82.800	+6.050e+03	+1.194e+03	+7.937e+03	+0.165
82.900	+5.229e+03	+1.744e+03	+8.631e+03	+0.250
83.000	+6.407e+03	+1.185e+03	+7.334e+03	+0.156
83.100	+5.762e+03	+1.408e+03	+5.971e+03	+0.196
83.200	+5.178e+03	+8.267e+02	+7.425e+03	+0.138
83.300	+5.762e+03	+4.173e+02	+6.865e+03	+0.068
83.400	+4.696e+03	-2.196e+02	+6.097e+03	-0.049
83.500	+7.052e+03	+1.418e+03	+5.779e+03	+0.167
83.600	+6.030e+03	+4.525e+02	+8.521e+03	+0.070
83.700	+5.806e+03	-3.286e+02	+6.397e+03	-0.060
83.800	+5.428e+03	+1.453e+03	+6.544e+03	+0.211
83.900	+5.405e+03	+4.515e+02	+6.457e+03	+0.077
84.000	+6.253e+03	+2.590e+02	+6.858e+03	+0.040
84.100	+5.651e+03	+8.489e+02	+6.507e+03	+0.131
84.200	+5.269e+03	+5.720e+02	+5.876e+03	+0.098
84.300	+7.008e+03	+3.232e+02	+5.146e+03	+0.044
84.400	+7.843e+03	-6.342e+00	+7.137e+03	-0.001
84.500	+7.368e+03	+1.408e+03	+6.147e+03	+0.160
84.600	+5.693e+03	+1.165e+02	+6.281e+03	+0.020
84.700	+4.137e+03	+4.657e+03	+8.702e+03	+0.530
84.800	+3.115e+03	+5.060e+03	+8.037e+03	+0.619
84.900	+3.638e+03	+4.170e+03	+6.701e+03	+0.534
85.000	+3.182e+03	+4.445e+03	+8.478e+03	+0.583
85.100	+3.041e+03	+5.597e+03	+7.209e+03	+0.648
85.200	+2.985e+03	+4.527e+03	+7.926e+03	+0.603
85.300	+3.701e+03	+5.046e+03	+8.483e+03	+0.577
85.400	+1.726e+03	+4.418e+03	+7.537e+03	+0.719
85.500	+4.623e+03	+3.316e+03	+8.189e+03	+0.418
85.600	+5.075e+03	+4.642e+03	+9.247e+03	+0.478
85.700	+2.209e+03	+3.365e+03	+8.916e+03	+0.604
85.800	+5.667e+03	+1.386e+03	+7.018e+03	+0.197
85.900	+6.925e+03	+1.523e+03	+6.070e+03	+0.180
86.000	+5.622e+03	-5.475e+02	+7.208e+03	-0.108
86.100	+5.080e+03	+1.069e+03	+6.437e+03	+0.174
86.200	+6.434e+03	+1.003e+03	+6.632e+03	+0.135
86.300	+8.961e+03	-4.500e+01	+7.230e+03	-0.005
86.400	+6.637e+03	+6.564e+02	+5.651e+03	+0.090
86.500	+5.783e+03	+1.491e+03	+7.485e+03	+0.205
86.600	+7.718e+03	+1.976e+02	+5.900e+03	+0.025
86.700	+5.439e+03	+3.015e+02	+5.773e+03	+0.053
86.800	+4.433e+03	+1.389e+03	+5.689e+03	+0.239
86.900	+4.844e+03	+7.200e+02	+5.312e+03	+0.129
87.000	+4.955e+03	+1.113e+03	+6.790e+03	+0.183
87.100	+5.419e+03	+1.442e+03	+5.306e+03	+0.210
87.200	+6.745e+03	+7.321e+02	+6.969e+03	+0.098
87.300	+6.620e+03	+1.936e+02	+5.758e+03	+0.028
87.400	+5.714e+03	+1.775e+03	+5.247e+03	+0.237
87.500	+5.653e+03	+1.482e+03	+5.435e+03	+0.208
87.600	+4.916e+03	+3.226e+02	+6.368e+03	+0.062
87.700	+5.828e+03	+1.161e+03	+6.279e+03	+0.166
87.800	+5.556e+03	+6.613e+02	+7.664e+03	+0.106
87.900	+6.631e+03	+8.734e+02	+7.459e+03	+0.116
88.000	+4.690e+03	+7.815e+02	+7.174e+03	+0.143
88.100	+6.709e+03	+6.491e+02	+7.712e+03	+0.088
88.200	+5.241e+03	+1.768e+03	+6.795e+03	+0.252
88.300	+5.105e+03	+9.738e+02	+6.123e+03	+0.160
88.400	+4.535e+03	+2.447e+03	+7.423e+03	+0.350
88.500	+1.041e+03	+4.771e+03	+6.723e+03	+0.821
88.600	+1.284e+03	+4.877e+03	+7.217e+03	+0.792
88.700	-2.648e+02	+5.822e+03	+7.659e+03	+1.048
88.800	+8.386e+02	+4.061e+03	+7.310e+03	+0.829
88.900	+1.314e+03	+5.022e+03	+7.069e+03	+0.793
89.000	+5.299e+02	+5.487e+03	+7.051e+03	+0.912
89.100	+1.565e+03	+5.471e+03	+6.517e+03	+0.778
89.200	+1.644e+02	+6.136e+03	+7.714e+03	+0.974
89.300	+8.486e+02	+4.071e+03	+6.729e+03	+0.828
89.400	+1.658e+03	+5.360e+03	+8.780e+03	+0.764
89.500	+6.560e+02	+5.959e+03	+5.249e+03	+0.901
89.600	+2.133e+03	+4.019e+03	+8.662e+03	+0.653
89.700	+5.152e+02	+5.379e+03	+6.571e+03	+0.913
89.800	-2.952e+02	+7.573e+03	+5.826e+03	+1.041
89.900	+1.792e+03	+7.811e+03	+6.892e+03	+0.813
90.000	+1.624e+03	+5.740e+03	+7.217e+03	+0.779
90.100	+1.397e+03	+5.597e+03	+7.833e+03	+0.800
90.200	+3.338e+03	+3.854e+03	+7.325e+03	+0.536
90.300	+2.897e+03	+4.802e+03	+8.100e+03	+0.624
90.400	+3.242e+03	+3.681e+03	+8.643e+03	+0.532
90.500	+5.332e+03	+1.805e+03	+4.630e+03	+0.253
90.600	+5.920e+03	+1.321e+03	+7.432e+03	+0.182
90.700	+6.515e+03	+1.684e+03	+6.808e+03	+0.205
90.800	+6.103e+03	+1.186e+03	+7.300e+03	+0.163
90.900	+6.422e+03	+1.019e+03	+6.527e+03	+0.137
91.000	+4.484e+03	+5.538e+02	+6.166e+03	+0.110
91.100	+5.666e+03	+8.530e+02	+7.024e+03	+0.131
91.200	+5.092e+03	+5.285e+02	+5.841e+03	+0.094
91.300	+6.751e+03	-3.988e+02	+6.281e+03	-0.063
91.400	+5.157e+03	+7.279e+02	+7.013e+03	+0.124
91.500	+7.096e+03	+4.977e+02	+7.010e+03	+0.066
91.600	+3.548e+03	+1.832e+03	+6.867e+03	+0.340
91.700	+6.154e+03	+1.863e+03	+6.878e+03	+0.232
91.800	+5.181e+03	+1.303e+03	+6.093e+03	+0.201
91.900	+5.391e+03	+4.929e+02	+7.899e+03	+0.084
92.000	+2.347e+03	+4.705e+03	+6.748e+03	+0.667
92.100	+2.702e+02	+3.833e+03	+7.186e+03	+0.934
92.200	+1.493e+03	+4.903e+03	+5.708e+03	+0.767
92.300	+1.443e+03	+5.413e+03	+5.876e+03	+0.789
92.400	+2.125e+03	+4.810e+03	+6.945e+03	+0.694
92.500	-2.621e+02	+6.513e+03	+6.435e+03	+1.042
92.600	+1.186e+03	+5.116e+03	+6.755e+03	+0.812
92.700	+3.046e+02	+6.014e+03	+6.000e+03	+0.952
92.800	+1.652e+02	+4.828e+03	+6.604e+03	+0.967
92.900	+3.289e+03	+3.478e+03	+9.076e+03	+0.514
93.000	+3.421e+03	+4.423e+03	+7.005e+03	+0.564
93.100	+1.737e+03	+4.335e+03	+6.738e+03	+0.714
93.200	+2.988e+03	+4.383e+03	+6.749e+03	+0.595
93.300	+2.274e+03	+3.273e+03	+7.978e+03	+0.590
93.400	+3.311e+03	+3.488e+03	+7.357e+03	+0.513
93.500	+2.821e+03	+4.351e+03	+8.129e+03	+0.607
93.600	+4.086e+03	+4.067e+03	+7.099e+03	+0.499
93.700	+2.633e+03	+3.651e+03	+6.295e+03	+0.581
93.800	+2.975e+03	+4.984e+03	+8.054e+03	+0.626
93.900	+3.533e+03	+3.846e+03	+6.089e+03	+0.521
94.000	+3.168e+03	+4.101e+03	+9.101e+03	+0.564
94.100	+1.989e+03	+3.482e+03	+7.578e+03	+0.636
94.200	+3.608e+03	+3.241e+03	+8.124e+03	+0.473
94.300	+1.501e+03	+6.311e+03	+5.581e+03	+0.808
94.400	+1.205e+03	+6.225e+03	+6.920e+03	+0.838
94.500	+6.574e+02	+6.919e+03	+6.460e+03	+0.913
94.600	-5.689e+02	+6.452e+03	+7.406e+03	+1.097
94.700	+7.892e+02	+5.958e+03	+5.737e+03	+0.883
94.800	-2.940e+02	+5.680e+03	+7.479e+03	+1.055
94.900	+9.643e+02	+6.928e+03	+6.513e+03	+0.878
95.000	+1.241e+02	+6.979e+03	+6.018e+03	+0.983
95.100	+1.898e+03	+4.851e+03	+6.825e+03	+0.719
95.200	+1.176e+03	+4.584e+03	+6.761e+03	+0.796
95.300	-6.047e+02	+5.847e+03	+6.892e+03	+1.115
95.400	+3.605e+02	+4.860e+03	+6.430e+03	+0.931
95.500	+2.071e+02	+4.152e+03	+6.378e+03	+0.952
95.600	+1.358e+03	+6.738e+03	+7.046e+03	+0.832
95.700	+1.126e+03	+4.335e+03	+8.054e+03	+0.794
95.800	+1.898e+02	+6.076e+03	+5.953e+03	+0.970
95.900	+1.471e+03	+6.824e+03	+1.018e+04	+0.823
96.000	+7.441e+02	+7.035e+03	+6.163e+03	+0.904
96.100	-2.702e+02	+7.277e+03	+6.602e+03	+1.039
96.200	+5.123e+02	+4.745e+03	+5.501e+03	+0.903
96.300	+6.230e+02	+4.967e+03	+7.120e+03	+0.889
96.400	+1.494e+02	+7.551e+03	+7.192e+03	+0.981
96.500	+8.260e+02	+4.948e+03	+6.312e+03	+0.857
96.600	+1.161e+03	+6.620e+03	+7.046e+03	+0.851
96.700	+1.961e+02	+6.471e+03	+7.822e+03	+0.971
96.800	+9.924e+02	+3.857e+03	+7.044e+03	+0.795
96.900	+1.666e+02	+7.113e+03	+6.800e+03	+0.977
97.000	+6.382e+02	+6.147e+03	+7.658e+03	+0.906
97.100	+3.985e+02	+5.030e+03	+8.232e+03	+0.927
97.200	+6.617e+02	+5.542e+03	+6.414e+03	+0.893
97.300	+1.244e+03	+5.600e+03	+7.048e+03	+0.818
97.400	+3.862e+02	+5.645e+03	+7.632e+03	+0.936
97.500	+1.407e+03	+7.036e+03	+8.237e+03	+0.833
97.600	-4.964e+02	+6.388e+03	+7.049e+03	+1.084
97.700	+9.348e+02	+6.366e+03	+6.218e+03	+0.872
97.800	+4.213e+02	+5.383e+03	+6.597e+03	+0.927
97.900	+6.639e+02	+5.712e+03	+7.208e+03	+0.896
98.000	+2.053e+03	+5.488e+03	+7.775e+03	+0.728
98.100	+3.450e+03	+3.514e+03	+7.255e+03	+0.505
98.200	+1.946e+03	+3.311e+03	+7.590e+03	+0.630
98.300	+3.527e+03	+3.881e+03	+6.713e+03	+0.524
98.400	+3.472e+03	+3.960e+03	+7.693e+03	+0.533
98.500	+3.268e+03	+3.647e+03	+7.243e+03	+0.527
98.600	+3.284e+03	+4.126e+03	+8.500e+03	+0.557
98.700	+2.671e+03	+3.948e+03	+8.580e+03	+0.597
98.800	+3.115e+03	+4.078e+03	+8.920e+03	+0.567
98.900	+2.303e+03	+4.802e+03	+6.262e+03	+0.676
99.000	+3.223e+03	+3.875e+03	+8.118e+03	+0.546
99.100	+6.261e+03	+1.159e+03	+5.720e+03	+0.156
99.200	+6.016e+03	+1.630e+03	+5.589e+03	+0.213
99.300	+7.511e+03	+7.151e+02	+6.343e+03	+0.087
99.400	+5.591e+03	+2.207e+03	+8.184e+03	+0.283
99.500	+6.171e+03	+6.829e+02	+7.126e+03	+0.100
99.600	+5.036e+03	+1.027e+03	+5.537e+03	+0.169
99.700	+6.100e+03	+1.035e+03	+5.657e+03	+0.145
99.800	+4.524e+03	-3.969e+02	+5.795e+03	-0.096
99.900	+6.078e+03	+3.705e+02	+7.331e+03	+0.057
100.000	+6.034e+03	-8.062e+02	+7.325e+03	-0.154
100.100	+4.916e+03	-3.602e+01	+5.676e+03	-0.007
100.200	+5.236e+03	+3.096e+02	+6.880e+03	+0.056
100.300	+6.994e+03	-1.785e+02	+6.805e+03	-0.026
100.400	+4.328e+03	-7.476e+02	+5.589e+03	-0.209
100.500	+6.270e+03	+1.516e+03	+5.626e+03	+0.195
100.600	+6.107e+03	+3.371e+02	+6.164e+03	+0.052
100.700	+3.797e+03	+8.230e+02	+5.922e+03	+0.178
100.800	+6.141e+03	+1.896e+03	+6.792e+03	+0.236
100.900	+5.609e+03	+7.245e+02	+6.070e+03	+0.114
101.000	+7.367e+03	+1.364e+03	+8.033e+03	+0.156
101.100	+7.046e+03	+5.285e+02	+7.271e+03	+0.070
101.200	+4.091e+03	+1.098e+02	+8.502e+03	+0.026
101.300	+5.175e+03	+4.073e+02	+6.469e+03	+0.073
101.400	+4.015e+03	+8.907e+02	+5.108e+03	+0.182
101.500	+5.125e+03	+1.069e+03	+7.249e+03	+0.173
101.600	+3.747e+03	+2.296e+03	+7.016e+03	+0.380
101.700	+3.484e+02	+4.929e+03	+7.537e+03	+0.934
101.800	+1.892e+03	+4.606e+03	+8.123e+03	+0.709
101.900	+3.245e+03	+4.495e+03	+6.692e+03	+0.581
102.000	+2.951e+03	+3.865e+03	+7.552e+03	+0.567
102.100	+3.367e+03	+2.524e+03	+6.425e+03	+0.428
102.200	+2.889e+03	+3.526e+03	+7.437e+03	+0.550
102.300	+3.296e+03	+3.928e+03	+8.101e+03	+0.544
102.400	+3.156e+03	+2.387e+03	+8.013e+03	+0.431
102.500	+3.079e+03	+3.409e+03	+7.516e+03	+0.525
102.600	+3.214e+03	+3.638e+03	+8.952e+03	+0.531
102.700	+2.787e+03	+2.924e+03	+8.385e+03	+0.512
102.800	+2.235e+03	+5.084e+03	+8.270e+03	+0.695
102.900	+1.196e+03	+5.390e+03	+7.260e+03	+0.818
103.000	+7.190e+02	+5.521e+03	+8.196e+03	+0.885
103.100	+5.954e+02	+3.363e+03	+7.149e+03	+0.850
103.200	+2.060e+02	+5.366e+03	+6.832e+03	+0.963
103.300	+4.306e+02	+6.254e+03	+8.177e+03	+0.936
103.400	+1.291e+03	+5.449e+03	+4.711e+03	+0.808
103.500	+7.766e+02	+6.370e+03	+6.407e+03	+0.891
103.600	+2.116e+02	+5.567e+03	+7.784e+03	+0.963
103.700	+7.258e+02	+5.861e+03	+7.160e+03	+0.890
103.800	+8.693e+02	+5.038e+03	+6.762e+03	+0.853
103.900	+3.703e+02	+5.856e+03	+7.593e+03	+0.941
104.000	+2.847e+02	+6.204e+03	+8.589e+03	+0.956
104.100	+1.883e+03	+4.892e+03	+6.394e+03	+0.722
104.200	+8.848e+02	+4.918e+03	+6.331e+03	+0.848
104.300	+1.819e+03	+5.730e+03	+6.936e+03	+0.759
104.400	+7.543e+02	+7.117e+03	+5.939e+03	+0.904
104.500	+1.307e+03	+6.227e+03	+7.018e+03	+0.827
104.600	+1.487e+03	+5.554e+03	+6.429e+03	+0.789
104.700	+2.907e+03	+4.338e+03	+9.336e+03	+0.599
104.800	+2.048e+03	+3.767e+03	+7.335e+03	+0.648
104.900	+3.546e+03	+3.585e+03	+6.665e+03	+0.503
105.000	+2.163e+03	+4.542e+03	+6.470e+03	+0.677
105.100	+2.592e+03	+3.724e+03	+7.980e+03	+0.590
105.200	+2.417e+03	+4.688e+03	+1.004e+04	+0.660
105.300	+3.890e+03	+2.947e+03	+8.372e+03	+0.431
105.400	+2.862e+03	+3.933e+03	+7.935e+03	+0.579
105.500	+3.703e+03	+4.046e+03	+8.619e+03	+0.522
105.600	+3.650e+03	+3.807e+03	+7.003e+03	+0.511
105.700	+2.914e+03	+3.788e+03	+6.220e+03	+0.565
105.800	+3.565e+03	+2.806e+03	+8.109e+03	+0.440
105.900	+3.100e+03	+4.209e+03	+7.715e+03	+0.576
106.000	+3.124e+03	+2.795e+03	+7.958e+03	+0.472
106.100	+6.534e+03	+1.331e+03	+7.426e+03	+0.169
106.200	+5.930e+03	+2.992e+02	+5.170e+03	+0.048
106.300	+7.174e+03	+7.259e+02	+4.314e+03	+0.092
106.400	+6.571e+03	+1.347e+03	+6.136e+03	+0.170
106.500	+4.199e+03	+8.673e+02	+4.964e+03	+0.171
106.600	+4.992e+03	+1.148e+03	+7.768e+03	+0.187
106.700	+5.899e+03	+1.151e+03	+6.168e+03	+0.163
106.800	+7.262e+03	+1.740e+03	+7.150e+03	+0.193
106.900	+6.195e+03	+5.130e+02	+6.941e+03	+0.076
107.000	+5.547e+03	+2.065e+03	+5.459e+03	+0.271
107.100	+3.805e+03	+4.422e+03	+7.083e+03	+0.538
107.200	+3.035e+03	+4.435e+03	+8.789e+03	+0.594
107.300	+3.191e+03	+4.202e+03	+7.845e+03	+0.568
107.400	+3.653e+03	+2.396e+03	+7.741e+03	+0.396
107.500	+4.595e+03	+1.058e+03	+8.044e+03	+0.187
107.600	+5.201e+03	+1.147e+03	+8.645e+03	+0.181
107.700	+6.651e+03	+8.868e+02	+5.851e+03	+0.118
107.800	+4.873e+03	+7.081e+02	+4.686e+03	+0.127
107.900	+5.883e+03	+1.074e+03	+6.453e+03	+0.154
108.000	+6.807e+03	+2.448e+02	+7.151e+03	+0.035
108.100	+4.987e+03	+1.775e+03	+5.679e+03	+0.262
108.200	+7.650e+03	+1.148e+03	+5.158e+03	+0.130
108.300	+6.653e+03	+2.139e+03	+6.207e+03	+0.243
108.400	+5.712e+03	+1.040e+03	+6.370e+03	+0.154
108.500	+4.736e+03	+1.448e+03	+7.237e+03	+0.234
108.600	+6.600e+03	+6.478e+02	+6.963e+03	+0.089
108.700	+5.530e+03	+1.281e+03	+6.905e+03	+0.188
108.800	+4.854e+03	+1.221e+03	+6.444e+03	+0.201
108.900	+5.207e+03	+1.069e+03	+5.433e+03	+0.170
109.000	+6.510e+03	+1.964e+02	+5.607e+03	+0.029
109.100	+7.079e+03	-1.031e+02	+8.014e+03	-0.015
109.200	+5.950e+03	+1.163e+03	+5.882e+03	+0.164
109.300	+6.515e+03	+1.012e+02	+6.677e+03	+0.015
109.400	+6.449e+03	+5.492e+02	+6.748e+03	+0.078
109.500	+6.339e+03	+9.192e+02	+6.410e+03	+0.127
109.600	+5.664e+03	+2.262e+02	+6.138e+03	+0.038
109.700	+1.150e+03	+5.201e+03	+7.941e+03	+0.819
109.800	+1.644e+03	+7.478e+03	+8.477e+03	+0.820
109.900	+1.630e+03	+5.933e+03	+7.859e+03	+0.784
110.000	+4.406e+02	+5.154e+03	+6.344e+03	+0.921
110.100	+1.483e+03	+5.878e+03	+6.768e+03	+0.799
110.200	+1.183e+03	+7.373e+03	+7.273e+03	+0.862
110.300	+1.584e+03	+5.519e+03	+7.848e+03	+0.777
110.400	+9.801e+02	+6.040e+03	+6.355e+03	+0.860
110.500	-3.280e+02	+5.960e+03	+7.224e+03	+1.058
110.600	-5.059e+02	+6.194e+03	+6.323e+03	+1.089
110.700	+8.732e+02	+5.691e+03	+8.135e+03	+0.867
110.800	+1.053e+03	+4.729e+03	+7.368e+03	+0.818
110.900	+5.257e+02	+5.068e+03	+8.309e+03	+0.906
111.000	+1.540e+02	+4.813e+03	+7.380e+03	+0.969
111.100	+3.491e+02	+6.079e+03	+8.054e+03	+0.946
111.200	-1.710e+02	+6.930e+03	+5.256e+03	+1.025
111.300	+1.584e+03	+6.939e+03	+7.177e+03	+0.814
111.400	+1.668e+03	+5.046e+03	+6.495e+03	+0.752
111.500	-9.353e+01	+5.852e+03	+6.023e+03	+1.016
111.600	-1.099e+02	+6.376e+03	+6.260e+03	+1.018
111.700	+7.686e+02	+5.303e+03	+7.947e+03	+0.873
111.800	+1.112e+03	+6.420e+03	+8.159e+03	+0.852
111.900	+1.840e+03	+4.844e+03	+7.090e+03	+0.725
112.000	+2.455e+03	+3.886e+03	+7.922e+03	+0.613
112.100	+3.969e+03	+3.667e+03	+7.982e+03	+0.480
112.200	+2.151e+03	+3.779e+03	+6.415e+03	+0.637
112.300	+3.590e+03	+4.019e+03	+6.739e+03	+0.528
112.400	+3.004e+03	+3.997e+03	+7.196e+03	+0.571
112.500	+1.208e+03	+3.802e+03	+1.043e+04	+0.759
112.600	+4.840e+03	+4.805e+03	+8.655e+03	+0.498
112.700	+2.998e+03	+3.896e+03	+6.845e+03	+0.565
112.800	+3.140e+03	+4.547e+03	+8.213e+03	+0.592
112.900	+3.436e+03	+3.147e+03	+6.071e+03	+0.478
113.000	+3.659e+03	+5.702e+03	+8.242e+03	+0.609
113.100	+2.777e+03	+3.244e+03	+8.048e+03	+0.539
113.200	+6.854e+03	+1.889e+02	+5.041e+03	+0.027
113.300	+5.304e+03	+1.515e+02	+5.791e+03	+0.028
113.400	+5.450e+03	+1.792e+03	+7.150e+03	+0.247
113.500	+6.011e+03	+1.489e+03	+8.412e+03	+0.199
113.600	+5.373e+03	+1.026e+02	+7.099e+03	+0.019
113.700	+5.874e+03	+5.504e+02	+5.120e+03	+0.086
113.800	+6.676e+03	+4.192e+02	+5.527e+03	+0.059
113.900	+6.278e+03	+1.958e+03	+7.378e+03	+0.238
114.000	+7.070e+03	+1.911e+01	+4.858e+03	+0.003
114.100	+5.646e+03	+2.693e+02	+4.687e+03	+0.046
114.200	+6.042e+03	+1.034e+03	+7.268e+03	+0.146
114.300	+5.600e+03	+9.084e+02	+5.704e+03	+0.140
114.400	+4.768e+03	+1.005e+03	+7.983e+03	+0.174
114.500	+5.468e+03	+8.343e+01	+6.248e+03	+0.015
114.600	+6.787e+03	+3.250e+02	+4.635e+03	+0.046
114.700	+5.870e+03	+1.092e+03	+6.503e+03	+0.157
114.800	+5.103e+03	+9.077e+02	+6.491e+03	+0.151
114.900	+5.731e+03	+1.352e+03	+6.674e+03	+0.191
115.000	+5.084e+03	+1.993e+03	+5.462e+03	+0.282
115.100	+4.194e+03	+2.328e+03	+5.295e+03	+0.357
115.200	+5.098e+02	+4.191e+03	+8.340e+03	+0.892
115.300	+3.177e+02	+4.663e+03	+7.113e+03	+0.936
115.400	+6.594e+02	+5.839e+03	+7.931e+03	+0.899
115.500	+1.013e+03	+5.896e+03	+7.756e+03	+0.853
115.600	+1.573e+03	+4.478e+03	+6.970e+03	+0.740
115.700	+3.915e+03	+5.632e+02	+6.004e+03	+0.126
115.800	+6.273e+03	+1.184e+03	+5.546e+03	+0.159
115.900	+6.165e+03	-2.491e+02	+7.582e+03	-0.042
116.000	+5.912e+03	+1.024e+03	+5.901e+03	+0.148
116.100	+5.770e+03	+1.463e+03	+5.653e+03	+0.202
116.200	+7.225e+03	+8.962e+02	+5.466e+03	+0.110
116.300	+5.176e+03	+9.163e+02	+6.681e+03	+0.150
116.400	+4.600e+03	+6.100e+02	+8.581e+03	+0.117
116.500	+6.433e+03	+6.154e+02	+4.558e+03	+0.087
116.600	+5.620e+03	+1.253e+03	+7.153e+03	+0.182
116.700	+6.020e+03	+1.735e+03	+7.311e+03	+0.224
116.800	+6.561e+03	+1.031e+03	+4.987e+03	+0.136
116.900	+6.469e+03	+6.001e+02	+5.673e+03	+0.085
117.000	+5.911e+03	+4.333e+02	+5.774e+03	+0.068
117.100	+6.025e+03	+1.173e+03	+5.614e+03	+0.163
117.200	+5.733e+03	+1.081e+03	+8.615e+03	+0.159
117.300	+6.602e+03	+1.047e+03	+4.620e+03	+0.137
117.400	+5.928e+03	+1.066e+03	+7.974e+03	+0.152
117.500	+7.917e+03	+7.657e+02	+7.208e+03	+0.088
117.600	+6.019e+03	+1.252e+03	+7.003e+03	+0.172
117.700	+4.990e+03	-4.263e+00	+6.078e+03	-0.001
117.800	+5.683e+03	+1.072e+03	+6.226e+03	+0.159
117.900	+7.698e+03	+1.398e+03	+5.442e+03	+0.154
118.000	+5.278e+03	-2.666e+01	+4.912e+03	-0.005
118.100	+6.735e+03	+3.824e+02	+6.115e+03	+0.054
118.200	+4.951e+03	-8.786e+02	+8.997e+03	-0.216
118.300	+5.617e+03	+1.729e+03	+6.444e+03	+0.235
118.400	+6.305e+03	+6.760e+02	+6.498e+03	+0.097
118.500	+5.355e+03	+4.612e+02	+6.470e+03	+0.079
118.600	+6.521e+03	-8.286e+01	+7.694e+03	-0.013
118.700	+6.298e+03	+5.144e+02	+7.658e+03	+0.076
118.800	+5.277e+03	+8.933e+02	+6.410e+03	+0.145
118.900	+7.052e+03	+1.083e+03	+7.842e+03	+0.133
119.000	+6.253e+03	+1.129e+03	+4.665e+03	+0.153
119.100	+6.437e+03	+8.671e+02	+5.316e+03	+0.119
119.200	+4.559e+03	+3.842e+02	+7.531e+03	+0.078
119.300	+6.598e+03	+1.587e+03	+6.104e+03	+0.194
119.400	+5.643e+03	+9.766e+02	+5.664e+03	+0.148
119.500	+7.183e+03	+1.032e+03	+5.029e+03	+0.126
119.600	+6.441e+03	+2.474e+02	+6.876e+03	+0.037
119.700	+5.093e+03	+1.120e+03	+5.992e+03	+0.180
119.800	+6.329e+03	+1.219e+03	+8.049e+03	+0.161
119.900	+5.760e+03	+1.237e+03	+7.000e+03	+0.177
120.000	+4.575e+03	-4.456e+01	+5.678e+03	-0.010
120.100	+5.945e+03	+4.776e+02	+4.714e+03	+0.074
120.200	+2.935e+03	+3.004e+03	+6.750e+03	+0.506
120.300	+2.837e+03	+4.074e+03	+6.831e+03	+0.590
120.400	+3.418e+03	+3.916e+03	+8.420e+03	+0.534
120.500	+1.735e+03	+3.804e+03	+8.168e+03	+0.687
120.600	+3.945e+03	+5.360e+03	+8.147e+03	+0.576
120.700	+2.627e+03	+4.200e+03	+7.788e+03	+0.615
120.800	+4.181e+03	+4.693e+03	+8.890e+03	+0.529
120.900	+4.024e+03	+4.157e+03	+5.584e+03	+0.508
121.000	+2.480e+03	+4.460e+03	+8.525e+03	+0.643
121.100	+4.316e+03	+3.234e+03	+6.945e+03	+0.428
121.200	+2.720e+03	+3.803e+03	+7.344e+03	+0.583
121.300	+3.594e+03	+4.328e+03	+6.261e+03	+0.546
121.400	+3.159e+03	+4.211e+03	+8.197e+03	+0.571
121.500	+2.770e+03	+4.147e+03	+8.426e+03	+0.600
121.600	+2.867e+03	+5.007e+03	+8.249e+03	+0.636
121.700	+3.820e+03	+3.531e+03	+6.173e+03	+0.480
121.800	+2.022e+03	+2.999e+03	+7.665e+03	+0.597
121.900	+4.416e+03	+5.094e+03	+7.621e+03	+0.536
122.000	+2.354e+03	+2.930e+03	+6.950e+03	+0.554
122.100	+3.676e+03	+4.367e+03	+9.083e+03	+0.543
122.200	+3.501e+03	+2.337e+03	+8.570e+03	+0.400
122.300	+3.099e+03	+2.921e+03	+6.163e+03	+0.485
122.400	+2.220e+03	+5.200e+03	+8.164e+03	+0.701
122.500	+2.497e+03	+3.336e+03	+8.632e+03	+0.572
122.600	+2.473e+03	+4.063e+03	+7.138e+03	+0.622
122.700	+3.054e+03	+3.614e+03	+8.008e+03	+0.542
122.800	+2.902e+03	+3.612e+03	+6.863e+03	+0.554
122.900	+4.103e+03	+4.175e+03	+5.779e+03	+0.504
123.000	+3.078e+03	+3.337e+03	+8.195e+03	+0.520
123.100	+3.423e+03	+4.195e+03	+6.876e+03	+0.551
123.200	+2.386e+03	+4.216e+03	+7.032e+03	+0.639
123.300	+1.647e+03	+6.916e+03	+7.270e+03	+0.808
123.400	+1.321e+03	+4.366e+03	+8.615e+03	+0.768
123.500	+1.101e+03	+6.342e+03	+8.310e+03	+0.852
123.600	+6.418e+02	+6.239e+03	+7.605e+03	+0.907
123.700	+1.243e+03	+6.012e+03	+7.409e+03	+0.829
123.800	+9.306e+02	+3.695e+03	+6.694e+03	+0.799
123.900	+1.339e+03	+6.631e+03	+4.951e+03	+0.832
124.000	-2.115e+01	+5.321e+03	+6.405e+03	+1.004
124.100	+2.637e+02	+4.783e+03	+5.390e+03	+0.948
124.200	+6.896e+02	+6.236e+03	+8.562e+03	+0.900
124.300	+9.429e+02	+6.118e+03	+6.303e+03	+0.866
124.400	+3.203e+02	+5.149e+03	+7.063e+03	+0.941
124.500	+9.458e+02	+5.921e+03	+6.123e+03	+0.862
124.600	+1.455e+03	+4.567e+03	+8.268e+03	+0.758
124.700	+1.647e+03	+4.355e+03	+6.207e+03	+0.726
124.800	+1.372e+03	+5.220e+03	+7.200e+03	+0.792
124.900	+2.950e+03	+3.977e+03	+7.442e+03	+0.574
125.000	+1.076e+03	+4.708e+03	+7.261e+03	+0.814
125.100	+3.932e+02	+4.198e+03	+6.855e+03	+0.914
125.200	+7.132e+02	+6.376e+03	+5.973e+03	+0.899
125.300	+5.267e+03	+1.489e+03	+6.258e+03	+0.220
125.400	+5.377e+03	+1.705e+03	+7.383e+03	+0.241
125.500	+5.313e+03	+4.909e+02	+6.024e+03	+0.085
125.600	+6.546e+03	+1.274e+03	+7.077e+03	+0.163
125.700	+5.890e+03	+8.932e+02	+6.173e+03	+0.132
125.800	+5.196e+03	+1.425e+02	+6.850e+03	+0.027
125.900	+5.871e+03	+6.494e+02	+7.699e+03	+0.100
126.000	+6.911e+03	+6.445e+02	+5.651e+03	+0.085
126.100	+3.986e+03	+3.171e+03	+7.741e+03	+0.443
126.200	+4.058e+03	+3.557e+03	+8.993e+03	+0.467
126.300	+3.509e+03	+3.172e+03	+5.791e+03	+0.475
126.400	+3.789e+03	+4.108e+03	+7.628e+03	+0.520
126.500	+2.196e+03	+3.534e+03	+8.096e+03	+0.617
126.600	+2.720e+03	+3.242e+03	+6.325e+03	+0.544
126.700	+2.185e+03	+4.334e+03	+9.379e+03	+0.665
126.800	+3.333e+03	+5.132e+03	+9.013e+03	+0.606
126.900	+3.081e+03	+2.729e+03	+6.972e+03	+0.470
127.000	+3.254e+03	+4.402e+03	+7.648e+03	+0.575
127.100	+2.137e+03	+4.046e+03	+7.813e+03	+0.654
127.200	+2.344e+03	+4.164e+03	+8.470e+03	+0.640
127.300	+2.922e+03	+4.354e+03	+6.278e+03	+0.598
127.400	+3.080e+03	+4.485e+03	+9.140e+03	+0.593
127.500	+2.782e+03	+4.609e+03	+9.622e+03	+0.624
127.600	+2.380e+03	+3.329e+03	+7.391e+03	+0.583
127.700	+3.019e+03	+4.111e+03	+6.844e+03	+0.577
127.800	+1.576e+03	+3.627e+03	+7.607e+03	+0.697
127.900	+3.273e+03	+5.594e+03	+5.877e+03	+0.631
128.000	+4.670e+03	+4.068e+03	+9.038e+03	+0.466
128.100	+2.113e+03	+3.961e+03	+6.485e+03	+0.652
128.200	+3.950e+03	+4.139e+03	+6.228e+03	+0.512
128.300	+3.034e+03	+2.949e+03	+8.372e+03	+0.493
128.400	+3.211e+03	+3.667e+03	+6.749e+03	+0.533
128.500	+7.379e+03	+1.952e+03	+6.467e+03	+0.209
128.600	+5.612e+03	+3.777e+02	+6.226e+03	+0.063
128.700	+5.089e+03	+2.289e+02	+6.448e+03	+0.043
128.800	+6.501e+03	+9.249e+02	+5.436e+03	+0.125
128.900	+5.161e+03	+5.602e+02	+6.171e+03	+0.098
129.000	+8.765e+03	+1.549e+03	+7.058e+03	+0.150
129.100	+5.847e+03	+7.970e+02	+6.351e+03	+0.120
129.200	+4.633e+03	-2.286e+02	+8.318e+03	-0.052
129.300	+3.439e+03	+3.720e+02	+6.068e+03	+0.098
129.400	+5.457e+03	+1.630e+03	+9.511e+03	+0.230
129.500	+5.778e+03	+1.085e+03	+8.289e+03	+0.158
129.600	+5.803e+03	+5.166e+01	+7.683e+03	+0.009
129.700	+7.152e+03	+2.289e+02	+8.565e+03	+0.031
129.800	+6.638e+03	+1.090e+03	+7.697e+03	+0.141
129.900	+1.945e+03	+3.877e+03	+7.946e+03	+0.666
130.000	+7.548e+02	+6.269e+03	+7.293e+03	+0.893
130.100	+1.330e+03	+4.534e+03	+7.125e+03	+0.773
130.200	+3.733e+02	+4.713e+03	+7.419e+03	+0.927
130.300	+1.392e+03	+5.088e+03	+7.420e+03	+0.785
130.400	+1.779e+03	+4.755e+03	+7.382e+03	+0.728
130.500	+8.245e+02	+6.605e+03	+8.381e+03	+0.889
130.600	+6.857e+02	+5.433e+03	+7.344e+03	+0.888
130.700	+7.966e+02	+6.022e+03	+9.617e+03	+0.883
130.800	+5.792e+02	+6.608e+03	+6.876e+03	+0.919
130.900	+1.452e+02	+5.622e+03	+6.191e+03	+0.975
131.000	+1.332e+03	+5.198e+03	+5.924e+03	+0.796
131.100	+1.711e+03	+8.171e+03	+7.026e+03	+0.827
131.200	+7.268e+02	+6.510e+03	+8.242e+03	+0.900
