%t (s)	Idd (a.u.)	Ida (a.u.)	Iaa (a.u.)	FRET E
0.000	+3.096e+03	+6.382e+03	+8.035e+03	+0.673
0.100	+5.359e+03	+6.011e+03	+9.236e+03	+0.529
0.200	+4.356e+03	+5.162e+03	+9.700e+03	+0.542
0.300	+4.058e+03	+4.592e+03	+1.036e+04	+0.531
0.400	+3.373e+03	+5.796e+03	+9.466e+03	+0.632
0.500	+3.925e+03	+5.470e+03	+1.022e+04	+0.582
0.600	+3.296e+03	+6.891e+03	+8.818e+03	+0.676
0.700	+4.949e+03	+6.580e+03	+8.981e+03	+0.571
0.800	+4.912e+03	+4.813e+03	+8.540e+03	+0.495
0.900	+9.151e+03	+1.261e+03	+8.481e+03	+0.121
1.000	+8.050e+03	+1.385e+03	+1.222e+04	+0.147
1.100	+8.674e+03	+6.115e+02	+8.877e+03	+0.066
1.200	+8.995e+03	+1.069e+03	+9.181e+03	+0.106
1.300	+9.606e+03	+4.165e+02	+9.650e+03	+0.042
1.400	+8.825e+03	+3.288e+01	+9.649e+03	+0.004
1.500	+9.641e+03	+1.631e+03	+1.220e+04	+0.145
1.600	+8.498e+03	+6.952e+02	+1.175e+04	+0.076
1.700	+9.821e+03	+4.724e+02	+8.774e+03	+0.046
1.800	+8.441e+03	+1.801e+02	+7.510e+03	+0.021
1.900	+9.860e+03	-2.215e+02	+1.019e+04	-0.023
2.000	+8.677e+03	+1.538e+03	+9.260e+03	+0.151
2.100	+8.437e+03	+1.185e+03	+1.195e+04	+0.123
2.200	+9.091e+03	+9.674e+02	+9.688e+03	+0.096
2.300	+8.171e+03	+9.822e+02	+1.081e+04	+0.107
2.400	+9.614e+03	+1.597e+03	+1.061e+04	+0.142
2.500	+1.032e+04	+1.093e+03	+1.126e+04	+0.096
2.600	+9.763e+03	+1.504e+03	+1.100e+04	+0.133
2.700	+8.856e+03	+2.716e+01	+8.399e+03	+0.003
2.800	+7.598e+03	+1.566e+03	+9.652e+03	+0.171
2.900	+6.667e+03	+1.402e+02	+9.549e+03	+0.021
3.000	+6.074e+03	+1.839e+03	+9.516e+03	+0.232
3.100	+7.562e+03	+1.677e+03	+1.039e+04	+0.182
3.200	+9.527e+03	+6.306e+02	+1.178e+04	+0.062
3.300	+6.123e+03	+3.903e+03	+9.215e+03	+0.389
3.400	+4.775e+03	+4.759e+03	+7.829e+03	+0.499
3.500	+5.482e+03	+7.804e+03	+9.733e+03	+0.587
3.600	+4.012e+03	+5.434e+03	+1.115e+04	+0.575
3.700	+4.315e+03	+6.700e+03	+8.445e+03	+0.608
3.800	+4.046e+03	+5.546e+03	+8.047e+03	+0.578
3.900	+5.403e+03	+6.328e+03	+1.159e+04	+0.539
4.000	+4.952e+03	+5.236e+03	+7.089e+03	+0.514
4.100	+4.460e+03	+5.939e+03	+9.136e+03	+0.571
4.200	+4.730e+03	+4.434e+03	+9.678e+03	+0.484
4.300	+4.596e+03	+5.430e+03	+9.061e+03	+0.542
4.400	+5.500e+03	+4.830e+03	+7.685e+03	+0.468
4.500	+4.804e+03	+5.262e+03	+9.188e+03	+0.523
4.600	+4.989e+03	+3.442e+03	+7.617e+03	+0.408
4.700	+4.392e+03	+2.831e+03	+8.948e+03	+0.392
4.800	+8.937e+03	+1.066e+03	+9.855e+03	+0.107
4.900	+7.646e+03	+1.252e+03	+1.246e+04	+0.141
5.000	+7.809e+03	+9.343e+02	+9.195e+03	+0.107
5.100	+7.783e+03	+1.818e+03	+9.546e+03	+0.189
5.200	+8.038e+03	-3.386e+01	+8.027e+03	-0.004
5.300	+7.728e+03	+3.134e+02	+1.110e+04	+0.039
5.400	+9.483e+03	+3.011e+02	+1.236e+04	+0.031
5.500	+8.831e+03	+8.128e+02	+1.013e+04	+0.084
5.600	+8.361e+03	+5.764e+02	+1.045e+04	+0.064
5.700	+7.716e+03	-2.989e+01	+1.093e+04	-0.004
5.800	+8.286e+03	+7.785e+02	+8.321e+03	+0.086
5.900	+9.168e+03	+1.093e+03	+1.039e+04	+0.107
6.000	+6.548e+03	+8.059e+02	+9.780e+03	+0.110
6.100	+7.962e+03	+7.893e+02	+9.553e+03	+0.090
6.200	+7.663e+03	+5.906e+02	+8.555e+03	+0.072
6.300	+8.448e+03	+8.015e+02	+9.682e+03	+0.087
6.400	+7.174e+03	+1.342e+03	+9.020e+03	+0.158
6.500	+6.395e+03	+2.580e+02	+1.173e+04	+0.039
6.600	+6.593e+03	+5.260e+01	+9.813e+03	+0.008
6.700	+8.397e+03	+5.679e+02	+7.851e+03	+0.063
6.800	+9.086e+03	-1.381e+02	+8.688e+03	-0.015
6.900	+9.291e+03	-2.084e+02	+9.559e+03	-0.023
7.000	+6.917e+03	+2.214e+03	+1.200e+04	+0.242
7.100	+8.442e+03	+1.417e+03	+1.024e+04	+0.144
7.200	+8.057e+03	+2.149e+02	+1.148e+04	+0.026
7.300	+7.239e+03	+1.313e+03	+9.947e+03	+0.154
7.400	+1.010e+04	+4.918e+02	+1.180e+04	+0.046
7.500	+9.341e+03	+9.052e+02	+8.603e+03	+0.088
7.600	+7.307e+03	+2.294e+03	+1.036e+04	+0.239
7.700	+4.294e+03	+4.553e+03	+1.009e+04	+0.515
7.800	+4.262e+03	+4.965e+03	+1.039e+04	+0.538
7.900	+5.607e+03	+5.617e+03	+7.383e+03	+0.500
8.000	+3.874e+03	+5.160e+03	+8.436e+03	+0.571
8.100	+3.775e+03	+3.491e+03	+8.232e+03	+0.480
8.200	+5.058e+03	+5.351e+03	+8.219e+03	+0.514
8.300	+4.519e+03	+5.759e+03	+9.177e+03	+0.560
8.400	+2.439e+02	+6.224e+03	+9.565e+03	+0.962
8.500	+2.755e+03	+7.792e+03	+1.007e+04	+0.739
8.600	+2.134e+03	+7.105e+03	+8.778e+03	+0.769
8.700	+2.594e+03	+9.332e+03	+1.250e+04	+0.782
8.800	+3.409e+03	+7.233e+03	+7.051e+03	+0.680
8.900	+2.577e+02	+7.536e+03	+8.081e+03	+0.967
9.000	-3.039e+02	+6.698e+03	+8.562e+03	+1.048
9.100	+1.539e+03	+6.967e+03	+1.031e+04	+0.819
9.200	+1.286e+03	+7.562e+03	+8.441e+03	+0.855
9.300	+2.549e+03	+6.868e+03	+9.360e+03	+0.729
9.400	+8.043e+02	+1.017e+04	+1.031e+04	+0.927
9.500	+8.527e+02	+7.230e+03	+1.021e+04	+0.895
9.600	+1.688e+03	+6.554e+03	+1.038e+04	+0.795
9.700	+5.929e+02	+7.662e+03	+8.809e+03	+0.928
9.800	-1.454e+02	+6.558e+03	+9.568e+03	+1.023
9.900	+8.205e+02	+7.932e+03	+9.696e+03	+0.906
10.000	+1.322e+03	+8.092e+03	+1.033e+04	+0.860
10.100	+2.312e+03	+8.241e+03	+1.090e+04	+0.781
10.200	+1.242e+03	+8.627e+03	+1.168e+04	+0.874
10.300	-5.964e+02	+9.183e+03	+7.951e+03	+1.069
10.400	+1.462e+03	+9.028e+03	+8.745e+03	+0.861
10.500	+8.210e+02	+7.829e+03	+9.125e+03	+0.905
10.600	+4.614e+02	+7.624e+03	+9.510e+03	+0.943
10.700	+1.606e+03	+7.136e+03	+8.604e+03	+0.816
10.800	+9.714e+02	+7.546e+03	+1.109e+04	+0.886
10.900	+9.755e+02	+8.646e+03	+8.879e+03	+0.899
11.000	+1.609e+03	+9.973e+03	+8.395e+03	+0.861
11.100	+1.790e+03	+7.671e+03	+9.432e+03	+0.811
11.200	+1.270e+03	+6.252e+03	+7.594e+03	+0.831
11.300	+2.425e+02	+8.842e+03	+9.582e+03	+0.973
11.400	+1.505e+03	+6.708e+03	+8.063e+03	+0.817
11.500	+2.210e+03	+8.208e+03	+1.033e+04	+0.788
11.600	+4.765e+01	+7.704e+03	+9.305e+03	+0.994
11.700	-6.752e+02	+8.511e+03	+1.085e+04	+1.086
11.800	+9.541e+02	+8.338e+03	+1.023e+04	+0.897
11.900	+9.559e+02	+8.493e+03	+9.166e+03	+0.899
12.000	-7.469e+02	+6.631e+03	+9.337e+03	+1.127
12.100	+4.538e+02	+1.050e+04	+8.587e+03	+0.959
12.200	+1.803e+03	+7.959e+03	+1.050e+04	+0.815
12.300	-2.286e+02	+8.399e+03	+9.113e+03	+1.028
12.400	+2.329e+03	+7.151e+03	+7.464e+03	+0.754
12.500	+1.311e+03	+6.890e+03	+1.098e+04	+0.840
12.600	+3.447e+02	+6.238e+03	+8.223e+03	+0.948
12.700	+1.244e+02	+5.371e+03	+8.798e+03	+0.977
12.800	+9.275e+02	+7.302e+03	+8.711e+03	+0.887
12.900	-2.802e+02	+6.119e+03	+1.115e+04	+1.048
13.000	+2.548e+03	+7.474e+03	+6.809e+03	+0.746
13.100	+7.734e+02	+8.674e+03	+9.363e+03	+0.918
13.200	+1.736e+03	+9.536e+03	+9.271e+03	+0.846
13.300	+3.735e+02	+8.124e+03	+9.750e+03	+0.956
13.400	+1.233e+03	+9.908e+03	+1.002e+04	+0.889
13.500	+2.011e+02	+7.215e+03	+9.423e+03	+0.973
13.600	+1.295e+03	+6.728e+03	+7.860e+03	+0.839
13.700	+1.305e+03	+7.906e+03	+1.097e+04	+0.858
13.800	-1.171e+02	+7.310e+03	+7.980e+03	+1.016
13.900	+8.728e+02	+6.863e+03	+8.919e+03	+0.887
14.000	+1.265e+03	+6.201e+03	+9.217e+03	+0.831
14.100	+1.503e+03	+6.365e+03	+8.499e+03	+0.809
14.200	+5.294e+02	+7.545e+03	+7.586e+03	+0.934
14.300	+6.453e+02	+8.689e+03	+9.574e+03	+0.931
14.400	+2.509e+03	+4.464e+03	+8.985e+03	+0.640
14.500	+1.159e+02	+7.597e+03	+1.061e+04	+0.985
14.600	+8.007e+02	+8.158e+03	+1.047e+04	+0.911
14.700	+1.254e+03	+7.518e+03	+9.741e+03	+0.857
14.800	+1.712e+03	+7.292e+03	+8.964e+03	+0.810
14.900	+5.513e+01	+7.363e+03	+1.088e+04	+0.993
15.000	+7.828e+02	+6.458e+03	+7.605e+03	+0.892
15.100	+1.176e+03	+8.803e+03	+1.048e+04	+0.882
15.200	+1.412e+03	+7.550e+03	+8.575e+03	+0.842
15.300	+8.493e+02	+6.669e+03	+7.304e+03	+0.887
15.400	+2.612e+03	+8.572e+03	+8.750e+03	+0.766
15.500	+3.891e+02	+6.762e+03	+7.026e+03	+0.946
15.600	+1.467e+03	+6.375e+03	+1.099e+04	+0.813
15.700	-2.827e+02	+7.660e+03	+1.090e+04	+1.038
15.800	+1.929e+03	+6.749e+03	+8.343e+03	+0.778
15.900	-4.602e+02	+6.701e+03	+8.600e+03	+1.074
16.000	+6.606e+02	+9.093e+03	+6.109e+03	+0.932
16.100	+5.698e+03	+3.391e+03	+1.013e+04	+0.373
16.200	+7.771e+03	-3.832e+02	+1.034e+04	-0.052
16.300	+6.535e+03	+1.176e+03	+1.041e+04	+0.152
16.400	+9.378e+03	-4.995e+02	+1.070e+04	-0.056
16.500	+7.863e+03	+1.335e+03	+8.973e+03	+0.145
16.600	+9.500e+03	-1.705e+02	+1.124e+04	-0.018
16.700	+7.852e+03	+5.108e+02	+9.323e+03	+0.061
16.800	+8.775e+03	-5.614e+01	+9.352e+03	-0.006
16.900	+7.479e+03	+8.696e+02	+8.643e+03	+0.104
17.000	+8.883e+03	+1.111e+03	+1.133e+04	+0.111
17.100	+8.584e+03	+8.100e+02	+7.930e+03	+0.086
17.200	+7.436e+03	+4.545e+02	+1.193e+04	+0.058
17.300	+7.367e+03	+1.578e+03	+6.787e+03	+0.176
17.400	+6.336e+03	+1.211e+03	+8.685e+03	+0.160
17.500	+6.789e+03	+6.734e+02	+1.273e+04	+0.090
17.600	+9.339e+03	+8.694e+02	+1.081e+04	+0.085
17.700	+7.908e+03	+1.233e+03	+9.358e+03	+0.135
17.800	+9.358e+03	+1.420e+03	+9.153e+03	+0.132
17.900	+9.803e+03	+2.113e+03	+7.521e+03	+0.177
18.000	+9.705e+03	+9.897e+02	+7.924e+03	+0.093
18.100	+9.076e+03	+3.749e+03	+9.754e+03	+0.292
18.200	+8.984e+03	+6.958e+02	+1.040e+04	+0.072
18.300	+7.812e+03	+7.790e+02	+6.379e+03	+0.091
18.400	+1.065e+04	+1.504e+03	+1.114e+04	+0.124
18.500	+6.987e+03	+1.983e+03	+9.192e+03	+0.221
18.600	+8.333e+03	+3.016e+02	+8.043e+03	+0.035
18.700	+9.293e+03	-1.094e+03	+1.068e+04	-0.133
18.800	+9.599e+03	+7.225e+02	+1.053e+04	+0.070
18.900	+6.160e+03	-4.452e+02	+1.004e+04	-0.078
19.000	+8.690e+03	+9.857e+02	+9.553e+03	+0.102
19.100	+8.642e+03	+8.620e+02	+9.316e+03	+0.091
19.200	+7.920e+03	+4.234e+02	+8.482e+03	+0.051
19.300	+8.894e+03	+2.049e+03	+1.253e+04	+0.187
19.400	+7.722e+03	+5.974e+01	+8.589e+03	+0.008
19.500	+7.710e+03	-1.614e+02	+1.097e+04	-0.021
19.600	+6.026e+03	+4.664e+03	+9.514e+03	+0.436
19.700	+4.275e+03	+5.341e+03	+6.811e+03	+0.555
19.800	+4.150e+03	+4.766e+03	+9.838e+03	+0.535
19.900	+4.377e+03	+6.565e+03	+1.032e+04	+0.600
20.000	+4.038e+03	+6.209e+03	+8.871e+03	+0.606
20.100	+5.366e+03	+4.816e+03	+1.028e+04	+0.473
20.200	+2.756e+03	+6.926e+03	+7.281e+03	+0.715
20.300	+5.198e+03	+6.496e+03	+1.100e+04	+0.555
20.400	+5.000e+03	+5.196e+03	+8.847e+03	+0.510
20.500	+4.246e+03	+4.443e+03	+1.148e+04	+0.511
20.600	+4.078e+03	+4.584e+03	+9.988e+03	+0.529
20.700	+4.234e+03	+6.265e+03	+7.615e+03	+0.597
20.800	+3.559e+03	+5.210e+03	+7.948e+03	+0.594
20.900	+4.257e+03	+5.326e+03	+9.789e+03	+0.556
21.000	+3.404e+03	+6.144e+03	+7.873e+03	+0.643
21.100	+4.576e+03	+4.309e+03	+8.532e+03	+0.485
21.200	+9.533e+03	+1.047e+03	+9.867e+03	+0.099
21.300	+6.142e+03	+1.314e+02	+1.013e+04	+0.021
21.400	+9.164e+03	+8.243e+02	+1.045e+04	+0.083
21.500	+8.078e+03	-1.629e+02	+8.757e+03	-0.021
21.600	+6.586e+03	+2.476e+03	+1.030e+04	+0.273
21.700	+9.722e+03	-4.721e+02	+1.123e+04	-0.051
21.800	+4.488e+03	+4.933e+03	+1.037e+04	+0.524
21.900	+3.331e+03	+8.629e+03	+8.134e+03	+0.722
22.000	+3.744e+03	+5.983e+03	+9.940e+03	+0.615
22.100	+8.275e+02	+4.200e+03	+1.053e+04	+0.835
22.200	+1.974e+03	+5.852e+03	+8.729e+03	+0.748
22.300	+3.723e+03	+7.766e+03	+8.453e+03	+0.676
22.400	+3.905e+03	+4.943e+03	+1.220e+04	+0.559
22.500	+5.256e+03	+4.199e+03	+1.142e+04	+0.444
22.600	+6.948e+03	+4.205e+02	+1.115e+04	+0.057
22.700	+1.522e+03	+6.992e+03	+1.259e+04	+0.821
22.800	-5.047e+02	+7.529e+03	+1.093e+04	+1.072
22.900	+2.708e+03	+6.679e+03	+9.617e+03	+0.712
23.000	+4.396e+03	+4.690e+03	+7.932e+03	+0.516
23.100	+3.611e+03	+6.132e+03	+1.129e+04	+0.629
23.200	+3.354e+03	+7.138e+03	+9.866e+03	+0.680
23.300	+3.970e+03	+6.051e+03	+7.848e+03	+0.604
23.400	+3.322e+03	+5.183e+03	+9.708e+03	+0.609
23.500	+4.909e+03	+2.987e+03	+1.031e+04	+0.378
23.600	+5.067e+03	+3.149e+03	+1.021e+04	+0.383
23.700	+4.083e+03	+5.451e+03	+9.658e+03	+0.572
23.800	+4.018e+03	+4.495e+03	+7.846e+03	+0.528
23.900	+3.891e+03	+4.479e+03	+8.162e+03	+0.535
24.000	+3.467e+03	+6.015e+03	+8.200e+03	+0.634
24.100	+3.955e+03	+6.978e+03	+1.125e+04	+0.638
24.200	+3.385e+03	+5.853e+03	+1.021e+04	+0.634
24.300	+4.210e+03	+4.813e+03	+8.574e+03	+0.533
24.400	+4.411e+03	+4.438e+03	+9.393e+03	+0.502
24.500	+5.020e+03	+6.205e+03	+1.110e+04	+0.553
24.600	+4.853e+03	+4.570e+03	+9.015e+03	+0.485
24.700	+5.109e+03	+5.368e+03	+9.560e+03	+0.512
24.800	+4.259e+03	+6.029e+03	+1.066e+04	+0.586
24.900	+4.353e+03	+6.884e+03	+7.679e+03	+0.613
25.000	+4.076e+03	+6.040e+03	+9.428e+03	+0.597
25.100	+5.584e+03	+6.244e+03	+9.678e+03	+0.528
25.200	+4.094e+03	+5.716e+03	+8.395e+03	+0.583
25.300	+1.915e+03	+6.393e+03	+7.563e+03	+0.770
25.400	+2.517e+03	+5.637e+03	+7.053e+03	+0.691
25.500	+4.414e+03	+5.641e+03	+9.593e+03	+0.561
25.600	+3.654e+03	+6.289e+03	+9.075e+03	+0.633
25.700	+3.514e+03	+5.676e+03	+9.790e+03	+0.618
25.800	+5.594e+03	+4.635e+03	+8.521e+03	+0.453
25.900	+4.150e+03	+3.693e+03	+1.045e+04	+0.471
26.000	+3.700e+03	+6.846e+03	+9.565e+03	+0.649
26.100	+3.705e+03	+5.362e+03	+1.032e+04	+0.591
26.200	+8.323e+03	-5.442e+02	+9.571e+03	-0.070
26.300	+6.625e+03	+5.996e+02	+9.398e+03	+0.083
26.400	+8.536e+03	-1.010e+03	+1.093e+04	-0.134
26.500	+8.173e+03	+1.122e+03	+9.693e+03	+0.121
26.600	+1.042e+04	+1.513e+03	+1.063e+04	+0.127
26.700	+8.866e+03	+8.606e+02	+7.915e+03	+0.088
26.800	+8.223e+03	+1.213e+03	+7.774e+03	+0.129
26.900	+1.025e+04	-9.596e+02	+1.012e+04	-0.103
27.000	+8.968e+03	+7.516e+02	+1.140e+04	+0.077
27.100	+7.899e+03	-2.647e+02	+8.245e+03	-0.035
27.200	+6.786e+03	+7.460e+02	+1.083e+04	+0.099
27.300	+8.541e+03	+8.461e+02	+1.037e+04	+0.090
27.400	+9.071e+03	+1.559e+03	+1.199e+04	+0.147
27.500	+8.740e+03	+9.301e+01	+1.100e+04	+0.011
27.600	+8.238e+03	-7.750e+00	+9.851e+03	-0.001
27.700	+8.599e+03	+1.528e+03	+1.177e+04	+0.151
27.800	+7.685e+03	-1.497e+03	+1.015e+04	-0.242
27.900	+6.698e+03	+2.694e+02	+1.188e+04	+0.039
28.000	+8.199e+03	+1.447e+03	+9.013e+03	+0.150
28.100	+8.129e+03	+6.482e+02	+9.556e+03	+0.074
28.200	+8.227e+03	-2.224e+01	+9.961e+03	-0.003
28.300	+8.421e+03	+1.879e+02	+1.103e+04	+0.022
28.400	+8.710e+03	+5.029e+02	+1.089e+04	+0.055
28.500	+8.321e+03	+9.617e+01	+1.072e+04	+0.011
28.600	+7.464e+03	+8.404e+02	+1.115e+04	+0.101
28.700	+6.924e+03	+8.294e+02	+1.005e+04	+0.107
28.800	+6.171e+03	+1.393e+03	+1.196e+04	+0.184
28.900	+8.595e+03	+1.601e+03	+1.044e+04	+0.157
29.000	+8.422e+03	+1.669e+03	+1.126e+04	+0.165
29.100	+6.410e+03	+9.941e+02	+1.083e+04	+0.134
29.200	+8.272e+03	+1.982e+03	+9.020e+03	+0.193
29.300	+6.094e+03	+7.466e+02	+9.982e+03	+0.109
29.400	+7.379e+03	+7.906e+02	+9.155e+03	+0.097
29.500	+9.201e+03	+1.808e+03	+1.088e+04	+0.164
29.600	+8.921e+03	+1.332e+03	+9.480e+03	+0.130
29.700	+6.118e+03	+1.595e+03	+9.916e+03	+0.207
29.800	+6.331e+03	+1.215e+03	+1.007e+04	+0.161
29.900	+9.201e+03	+1.059e+03	+9.152e+03	+0.103
30.000	+9.249e+03	+4.793e+02	+9.882e+03	+0.049
30.100	+8.663e+03	+7.352e+02	+9.326e+03	+0.078
30.200	+8.173e+03	+1.582e+03	+8.302e+03	+0.162
30.300	+1.005e+04	+7.664e+02	+9.088e+03	+0.071
30.400	+7.635e+03	+1.797e+03	+9.604e+03	+0.191
30.500	+6.562e+03	+6.086e+02	+6.785e+03	+0.085
30.600	+7.481e+02	+5.457e+03	+1.061e+04	+0.879
30.700	+1.817e+03	+8.082e+03	+7.515e+03	+0.816
30.800	+1.793e+03	+6.959e+03	+8.026e+03	+0.795
30.900	+1.313e+03	+5.858e+03	+8.359e+03	+0.817
31.000	+6.833e+02	+6.348e+03	+9.403e+03	+0.903
31.100	-3.563e+02	+7.861e+03	+1.100e+04	+1.047
31.200	+7.651e+02	+8.100e+03	+9.223e+03	+0.914
31.300	+3.481e+03	+5.368e+03	+1.044e+04	+0.607
31.400	+4.780e+03	+7.062e+03	+9.615e+03	+0.596
31.500	+5.286e+03	+4.852e+03	+1.226e+04	+0.479
31.600	+2.653e+03	+4.765e+03	+8.398e+03	+0.642
31.700	+3.878e+03	+4.463e+03	+1.087e+04	+0.535
31.800	+3.546e+03	+4.967e+03	+7.174e+03	+0.583
31.900	+3.903e+03	+6.051e+03	+9.770e+03	+0.608
32.000	+4.661e+03	+5.149e+03	+8.712e+03	+0.525
32.100	+3.802e+03	+5.772e+03	+7.888e+03	+0.603
32.200	+2.412e+03	+5.936e+03	+1.013e+04	+0.711
32.300	+4.035e+03	+4.134e+03	+1.022e+04	+0.506
32.400	+4.611e+03	+6.125e+03	+8.293e+03	+0.571
32.500	+3.768e+03	+3.765e+03	+9.248e+03	+0.500
32.600	+3.695e+03	+6.109e+03	+1.246e+04	+0.623
32.700	+4.045e+03	+7.264e+03	+6.475e+03	+0.642
32.800	+5.347e+03	+7.082e+03	+7.020e+03	+0.570
32.900	+4.459e+03	+7.391e+03	+1.019e+04	+0.624
33.000	+4.986e+03	+3.915e+03	+9.392e+03	+0.440
33.100	+5.241e+03	+4.448e+03	+7.714e+03	+0.459
33.200	+4.172e+03	+6.286e+03	+8.592e+03	+0.601
33.300	+5.815e+03	+6.406e+03	+7.684e+03	+0.524
33.400	+3.493e+03	+4.790e+03	+1.009e+04	+0.578
33.500	+4.545e+03	+6.648e+03	+7.719e+03	+0.594
33.600	+4.235e+03	+4.850e+03	+1.105e+04	+0.534
33.700	+3.913e+03	+6.135e+03	+9.186e+03	+0.611
33.800	+3.344e+03	+5.463e+03	+8.079e+03	+0.620
33.900	+4.170e+03	+4.579e+03	+8.872e+03	+0.523
34.000	+3.490e+03	+6.417e+03	+8.939e+03	+0.648
34.100	+4.293e+03	+3.741e+03	+1.108e+04	+0.466
34.200	+2.988e+03	+6.469e+03	+7.952e+03	+0.684
34.300	+2.647e+03	+5.103e+03	+8.752e+03	+0.658
34.400	+3.610e+03	+6.034e+03	+8.241e+03	+0.626
34.500	+4.836e+03	+4.692e+03	+8.525e+03	+0.492
34.600	+2.408e+03	+5.762e+03	+8.518e+03	+0.705
34.700	+3.275e+03	+5.484e+03	+1.004e+04	+0.626
34.800	+1.271e+02	+7.078e+03	+8.605e+03	+0.982
34.900	+1.891e+03	+6.709e+03	+1.012e+04	+0.780
35.000	+4.128e+02	+7.883e+03	+8.747e+03	+0.950
35.100	+1.684e+02	+9.214e+03	+7.460e+03	+0.982
35.200	+1.624e+03	+8.370e+03	+9.532e+03	+0.837
35.300	+2.459e+03	+7.751e+03	+8.061e+03	+0.759
35.400	+1.664e+03	+9.613e+03	+1.003e+04	+0.852
35.500	+1.114e+03	+8.061e+03	+9.232e+03	+0.879
35.600	+1.324e+02	+6.840e+03	+1.111e+04	+0.981
35.700	+1.764e+03	+8.001e+03	+1.007e+04	+0.819
35.800	+5.624e+02	+6.906e+03	+9.330e+03	+0.925
35.900	-8.572e+01	+6.706e+03	+9.611e+03	+1.013
36.000	+1.190e+03	+8.688e+03	+9.954e+03	+0.880
36.100	+8.020e+02	+6.910e+03	+7.770e+03	+0.896
36.200	+1.040e+03	+7.514e+03	+1.042e+04	+0.878
36.300	+1.687e+03	+6.831e+03	+1.174e+04	+0.802
36.400	+2.080e+03	+7.847e+03	+1.116e+04	+0.790
36.500	+1.136e+03	+6.893e+03	+7.363e+03	+0.859
36.600	+9.855e+02	+8.077e+03	+9.052e+03	+0.891
36.700	+9.682e+01	+8.006e+03	+9.266e+03	+0.988
36.800	+2.619e+03	+8.156e+03	+9.821e+03	+0.757
36.900	+1.475e+03	+8.355e+03	+8.588e+03	+0.850
37.000	+1.167e+03	+7.642e+03	+1.068e+04	+0.868
37.100	+2.142e+03	+8.481e+03	+8.129e+03	+0.798
37.200	+7.834e+02	+8.544e+03	+1.076e+04	+0.916
37.300	+8.826e+02	+8.238e+03	+1.002e+04	+0.903
37.400	+1.631e+03	+9.611e+03	+9.649e+03	+0.855
37.500	+1.851e+03	+8.384e+03	+1.216e+04	+0.819
37.600	+2.108e+03	+7.306e+03	+9.454e+03	+0.776
37.700	-2.059e+02	+7.356e+03	+7.821e+03	+1.029
37.800	+1.350e+03	+8.018e+03	+1.044e+04	+0.856
37.900	+2.808e+03	+5.754e+03	+9.773e+03	+0.672
38.000	+1.191e+03	+7.211e+03	+8.284e+03	+0.858
38.100	+1.191e+03	+6.592e+03	+8.083e+03	+0.847
38.200	-1.567e+02	+8.056e+03	+8.644e+03	+1.020
38.300	+1.890e+03	+7.337e+03	+8.242e+03	+0.795
38.400	+4.418e+03	+4.999e+03	+9.326e+03	+0.531
38.500	+5.746e+03	+5.824e+03	+1.060e+04	+0.503
38.600	+4.207e+03	+4.710e+03	+7.357e+03	+0.528
38.700	+4.282e+03	+6.652e+03	+8.258e+03	+0.608
38.800	+1.982e+03	+4.636e+03	+8.940e+03	+0.700
38.900	+3.673e+03	+5.109e+03	+8.162e+03	+0.582
39.000	+4.948e+03	+5.835e+03	+9.997e+03	+0.541
39.100	+3.842e+03	+7.217e+03	+1.020e+04	+0.653
39.200	+6.032e+03	+5.840e+03	+8.268e+03	+0.492
39.300	+3.705e+03	+5.916e+03	+9.270e+03	+0.615
39.400	-1.822e+02	+9.239e+03	+1.108e+04	+1.020
39.500	+2.116e+03	+7.850e+03	+9.355e+03	+0.788
39.600	+7.548e+01	+6.079e+03	+1.141e+04	+0.988
39.700	+1.219e+03	+7.274e+03	+1.046e+04	+0.857
39.800	+1.371e+03	+5.683e+03	+1.054e+04	+0.806
39.900	+1.128e+02	+9.358e+03	+1.021e+04	+0.988
40.000	+3.608e+03	+4.940e+03	+1.046e+04	+0.578
40.100	+4.364e+03	+5.458e+03	+5.905e+03	+0.556
40.200	+2.124e+03	+7.234e+03	+7.813e+03	+0.773
40.300	+4.938e+02	+8.321e+03	+8.467e+03	+0.944
40.400	+6.211e+02	+7.838e+03	+1.141e+04	+0.927
40.500	+1.046e+03	+7.406e+03	+6.682e+03	+0.876
40.600	+9.547e+02	+8.398e+03	+1.255e+04	+0.898
40.700	+6.843e+02	+9.444e+03	+6.168e+03	+0.932
40.800	+2.408e+02	+8.473e+03	+9.299e+03	+0.972
40.900	+1.431e+03	+7.188e+03	+9.341e+03	+0.834
41.000	+1.957e+03	+7.876e+03	+8.710e+03	+0.801
41.100	+2.727e+03	+8.761e+03	+1.030e+04	+0.763
41.200	+7.818e+02	+7.238e+03	+8.887e+03	+0.903
41.300	+4.605e+02	+7.152e+03	+1.081e+04	+0.940
41.400	+1.253e+03	+7.469e+03	+7.790e+03	+0.856
41.500	+3.480e+03	+5.438e+03	+8.546e+03	+0.610
41.600	+2.752e+03	+4.597e+03	+1.037e+04	+0.626
41.700	+3.502e+03	+4.997e+03	+8.913e+03	+0.588
41.800	+3.718e+03	+5.263e+03	+8.273e+03	+0.586
41.900	+4.770e+03	+5.494e+03	+8.350e+03	+0.535
42.000	+2.799e+03	+6.298e+03	+9.495e+03	+0.692
42.100	+4.583e+03	+6.062e+03	+7.720e+03	+0.569
42.200	+4.493e+03	+7.192e+03	+1.006e+04	+0.615
42.300	+5.440e+03	+5.362e+03	+1.122e+04	+0.496
42.400	+4.158e+03	+6.434e+03	+8.560e+03	+0.607
42.500	+4.073e+03	+6.095e+03	+9.774e+03	+0.599
42.600	+3.846e+03	+6.420e+03	+1.179e+04	+0.625
42.700	+3.141e+03	+5.887e+03	+9.114e+03	+0.652
42.800	+3.748e+03	+7.020e+03	+1.071e+04	+0.652
42.900	+4.190e+03	+3.962e+03	+8.918e+03	+0.486
43.000	+4.946e+03	+5.246e+03	+8.489e+03	+0.515
43.100	+4.035e+03	+4.013e+03	+1.026e+04	+0.499
43.200	+2.683e+03	+5.815e+03	+7.027e+03	+0.684
43.300	+3.106e+03	+6.117e+03	+9.380e+03	+0.663
43.400	+5.839e+03	+4.583e+03	+9.163e+03	+0.440
43.500	+4.738e+03	+5.922e+03	+1.209e+04	+0.556
43.600	+5.039e+03	+4.439e+03	+8.640e+03	+0.468
43.700	+4.619e+03	+6.494e+03	+8.573e+03	+0.584
43.800	+3.769e+03	+6.507e+03	+8.665e+03	+0.633
43.900	+5.883e+02	+7.283e+03	+8.984e+03	+0.925
44.000	+1.504e+03	+9.517e+03	+1.079e+04	+0.864
44.100	+1.037e+03	+8.893e+03	+8.794e+03	+0.896
44.200	+1.670e+03	+6.651e+03	+8.824e+03	+0.799
44.300	+9.451e+02	+5.751e+03	+8.276e+03	+0.859
44.400	-9.289e+02	+7.559e+03	+9.790e+03	+1.140
44.500	+1.040e+03	+9.172e+03	+8.717e+03	+0.898
44.600	+1.705e+03	+6.366e+03	+1.040e+04	+0.789
44.700	+8.279e+02	+6.923e+03	+9.304e+03	+0.893
44.800	+3.878e+03	+6.360e+03	+7.998e+03	+0.621
44.900	+2.318e+03	+6.092e+03	+8.555e+03	+0.724
45.000	+1.369e+03	+9.080e+03	+8.953e+03	+0.869
45.100	+2.246e+03	+7.456e+03	+9.553e+03	+0.769
45.200	+1.263e+03	+6.655e+03	+8.557e+03	+0.841
45.300	+1.683e+03	+1.003e+04	+9.905e+03	+0.856
45.400	+1.130e+03	+6.856e+03	+7.801e+03	+0.859
45.500	+1.718e+03	+7.142e+03	+9.796e+03	+0.806
45.600	+1.146e+03	+6.704e+03	+9.456e+03	+0.854
45.700	+2.003e+03	+6.930e+03	+9.514e+03	+0.776
45.800	+1.030e+03	+7.271e+03	+1.027e+04	+0.876
45.900	+3.200e+03	+9.906e+03	+7.977e+03	+0.756
46.000	+5.152e+02	+7.726e+03	+7.717e+03	+0.937
46.100	+5.451e+01	+7.259e+03	+9.300e+03	+0.993
46.200	+1.353e+03	+8.666e+03	+9.704e+03	+0.865
46.300	+2.024e+03	+5.673e+03	+8.628e+03	+0.737
46.400	+1.120e+03	+7.904e+03	+8.172e+03	+0.876
46.500	+9.161e+01	+6.180e+03	+1.025e+04	+0.985
46.600	+9.798e+02	+9.816e+03	+8.912e+03	+0.909
46.700	+5.738e+02	+5.188e+03	+8.511e+03	+0.900
46.800	+4.176e+02	+6.940e+03	+9.564e+03	+0.943
46.900	+1.837e+03	+7.576e+03	+1.074e+04	+0.805
47.000	+3.278e+03	+7.483e+03	+1.019e+04	+0.695
47.100	+9.045e+02	+6.600e+03	+9.066e+03	+0.879
47.200	+1.699e+03	+6.692e+03	+9.767e+03	+0.798
47.300	+1.336e+03	+7.479e+03	+9.472e+03	+0.848
47.400	+2.919e+03	+6.681e+03	+1.069e+04	+0.696
47.500	+1.114e+02	+7.311e+03	+6.582e+03	+0.985
47.600	+5.998e+01	+6.916e+03	+8.010e+03	+0.991
47.700	+2.665e+03	+8.804e+03	+7.905e+03	+0.768
47.800	+1.911e+02	+9.873e+03	+8.796e+03	+0.981
47.900	+1.407e+03	+8.156e+03	+9.844e+03	+0.853
48.000	+3.298e+03	+7.811e+03	+9.477e+03	+0.703
48.100	-1.053e+03	+4.884e+03	+9.921e+03	+1.275
48.200	+1.445e+03	+7.723e+03	+1.129e+04	+0.842
48.300	+6.167e+02	+7.294e+03	+8.548e+03	+0.922
48.400	+1.208e+03	+7.943e+03	+9.882e+03	+0.868
48.500	+2.242e+03	+8.374e+03	+1.054e+04	+0.789
48.600	-9.759e+01	+9.563e+03	+8.784e+03	+1.010
48.700	+2.100e+03	+6.357e+03	+1.006e+04	+0.752
48.800	+1.369e+03	+7.911e+03	+8.646e+03	+0.853
48.900	+6.804e+02	+8.095e+03	+8.103e+03	+0.922
49.000	+1.812e+03	+8.271e+03	+7.754e+03	+0.820
49.100	+1.585e+03	+9.756e+03	+1.023e+04	+0.860
49.200	+1.324e+03	+7.927e+03	+1.066e+04	+0.857
49.300	+7.195e+02	+7.792e+03	+1.014e+04	+0.915
49.400	-2.164e+02	+7.272e+03	+9.563e+03	+1.031
49.500	+2.159e+03	+7.458e+03	+9.429e+03	+0.775
49.600	+8.805e+02	+9.096e+03	+8.986e+03	+0.912
49.700	+2.508e+03	+7.260e+03	+7.811e+03	+0.743
49.800	+1.703e+03	+7.019e+03	+9.685e+03	+0.805
49.900	+3.386e+02	+7.321e+03	+1.079e+04	+0.956
50.000	+8.072e+02	+7.022e+03	+1.048e+04	+0.897
50.100	+1.095e+03	+6.367e+03	+7.979e+03	+0.853
50.200	+1.426e+03	+8.386e+03	+7.665e+03	+0.855
50.300	+2.228e+03	+7.541e+03	+7.160e+03	+0.772
50.400	+7.737e+02	+9.285e+03	+1.356e+04	+0.923
50.500	+2.853e+03	+6.192e+03	+9.817e+03	+0.685
50.600	+3.509e+03	+7.025e+03	+9.013e+03	+0.667
50.700	+4.100e+03	+5.755e+03	+7.889e+03	+0.584
50.800	+5.728e+03	+5.778e+03	+9.114e+03	+0.502
50.900	+3.632e+03	+5.735e+03	+1.007e+04	+0.612
51.000	+4.168e+03	+6.425e+03	+6.616e+03	+0.607
51.100	+4.546e+03	+3.569e+03	+7.462e+03	+0.440
51.200	+5.169e+03	+4.101e+03	+9.679e+03	+0.442
51.300	+4.463e+03	+5.813e+03	+7.722e+03	+0.566
51.400	+2.974e+03	+6.061e+03	+9.754e+03	+0.671
51.500	+3.812e+03	+4.521e+03	+9.505e+03	+0.543
51.600	+4.638e+03	+4.255e+03	+7.610e+03	+0.478
51.700	+4.473e+03	+5.445e+03	+9.758e+03	+0.549
51.800	+4.138e+03	+4.385e+03	+9.156e+03	+0.515
51.900	+4.034e+03	+5.694e+03	+9.684e+03	+0.585
52.000	+5.395e+03	+5.862e+03	+7.192e+03	+0.521
52.100	+3.143e+03	+3.870e+03	+1.007e+04	+0.552
52.200	+5.090e+03	+3.635e+03	+1.083e+04	+0.417
52.300	+4.214e+03	+3.723e+03	+1.192e+04	+0.469
52.400	+5.070e+03	+3.645e+03	+1.043e+04	+0.418
52.500	+4.022e+03	+4.708e+03	+9.727e+03	+0.539
52.600	+6.170e+03	+4.144e+03	+7.542e+03	+0.402
52.700	+2.844e+03	+6.123e+03	+7.891e+03	+0.683
52.800	+3.058e+03	+5.685e+03	+9.946e+03	+0.650
52.900	+1.470e+03	+7.937e+03	+1.028e+04	+0.844
53.000	+1.291e+02	+8.553e+03	+8.078e+03	+0.985
53.100	+2.104e+03	+8.729e+03	+1.130e+04	+0.806
53.200	+1.816e+02	+6.147e+03	+8.707e+03	+0.971
53.300	+3.749e+03	+6.491e+03	+9.550e+03	+0.634
53.400	+5.069e+03	+6.991e+03	+7.772e+03	+0.580
53.500	+4.357e+03	+4.486e+03	+9.463e+03	+0.507
53.600	+3.836e+03	+6.529e+03	+8.778e+03	+0.630
53.700	+5.822e+03	+4.413e+03	+8.768e+03	+0.431
53.800	+4.292e+03	+5.931e+03	+1.067e+04	+0.580
53.900	+4.311e+03	+5.174e+03	+8.384e+03	+0.545
54.000	+3.762e+03	+4.546e+03	+8.099e+03	+0.547
54.100	+5.683e+03	+5.284e+03	+1.056e+04	+0.482
54.200	+4.368e+03	+6.165e+03	+9.220e+03	+0.585
54.300	+3.586e+03	+5.908e+03	+1.061e+04	+0.622
54.400	+2.236e+03	+5.165e+03	+9.999e+03	+0.698
54.500	+3.537e+03	+5.888e+03	+7.012e+03	+0.625
54.600	+3.146e+03	+5.403e+03	+8.445e+03	+0.632
54.700	+4.810e+03	+5.250e+03	+9.899e+03	+0.522
54.800	+6.088e+03	+5.163e+03	+7.509e+03	+0.459
54.900	+3.997e+03	+6.150e+03	+1.117e+04	+0.606
55.000	+3.778e+03	+6.576e+03	+1.108e+04	+0.635
55.100	+5.153e+03	+5.689e+03	+8.252e+03	+0.525
55.200	+4.281e+03	+6.270e+03	+7.131e+03	+0.594
55.300	+5.425e+03	+4.834e+03	+8.090e+03	+0.471
55.400	+2.840e+03	+6.495e+03	+9.755e+03	+0.696
55.500	+4.117e+03	+6.019e+03	+9.555e+03	+0.594
55.600	+5.735e+03	+6.497e+03	+9.960e+03	+0.531
55.700	+2.627e+03	+6.629e+03	+9.871e+03	+0.716
55.800	+5.946e+03	+6.764e+03	+8.807e+03	+0.532
55.900	+2.448e+03	+4.876e+03	+9.418e+03	+0.666
56.000	+5.088e+03	+7.196e+03	+8.241e+03	+0.586
56.100	+4.415e+03	+5.442e+03	+9.124e+03	+0.552
56.200	+4.001e+03	+6.037e+03	+8.701e+03	+0.601
56.300	+4.213e+03	+5.477e+03	+9.460e+03	+0.565
56.400	+1.747e+03	+8.406e+03	+8.748e+03	+0.828
56.500	+3.922e+02	+7.133e+03	+9.693e+03	+0.948
56.600	+5.172e+02	+6.884e+03	+8.966e+03	+0.930
56.700	+1.107e+03	+8.102e+03	+9.430e+03	+0.880
56.800	+1.854e+03	+8.509e+03	+8.686e+03	+0.821
56.900	+1.296e+03	+7.327e+03	+6.622e+03	+0.850
57.000	+2.522e+02	+8.529e+03	+6.241e+03	+0.971
57.100	+1.270e+03	+7.675e+03	+9.492e+03	+0.858
57.200	-5.300e+02	+6.790e+03	+1.081e+04	+1.085
57.300	+1.742e+02	+8.512e+03	+1.144e+04	+0.980
57.400	+1.399e+03	+9.373e+03	+9.465e+03	+0.870
57.500	+1.734e+03	+6.493e+03	+9.851e+03	+0.789
57.600	+6.294e+03	+5.432e+03	+9.736e+03	+0.463
57.700	+2.737e+03	+6.532e+03	+9.938e+03	+0.705
57.800	+2.506e+03	+7.142e+03	+7.532e+03	+0.740
57.900	+7.554e+02	+7.990e+03	+1.141e+04	+0.914
58.000	+2.162e+03	+8.545e+03	+8.795e+03	+0.798
58.100	+9.681e+02	+5.737e+03	+1.041e+04	+0.856
58.200	+5.462e+02	+7.921e+03	+9.401e+03	+0.935
58.300	+6.841e+01	+7.937e+03	+9.915e+03	+0.991
58.400	+2.592e+03	+8.298e+03	+7.953e+03	+0.762
58.500	+2.660e+03	+7.883e+03	+9.545e+03	+0.748
58.600	+1.533e+03	+7.728e+03	+7.791e+03	+0.834
58.700	+1.011e+03	+8.155e+03	+8.987e+03	+0.890
58.800	+6.698e+02	+7.826e+03	+1.251e+04	+0.921
58.900	+1.939e+03	+8.968e+03	+7.809e+03	+0.822
59.000	+4.253e+02	+6.541e+03	+7.938e+03	+0.939
59.100	+2.449e+03	+9.002e+03	+7.176e+03	+0.786
59.200	+6.342e+02	+6.745e+03	+9.717e+03	+0.914
59.300	+2.143e+03	+7.661e+03	+8.411e+03	+0.781
59.400	+2.546e+03	+7.575e+03	+1.028e+04	+0.748
59.500	+2.492e+03	+5.653e+03	+9.448e+03	+0.694
59.600	+2.470e+03	+8.041e+03	+9.439e+03	+0.765
59.700	+1.363e+03	+8.486e+03	+1.090e+04	+0.862
59.800	+1.434e+03	+7.621e+03	+1.086e+04	+0.842
59.900	-5.385e+02	+7.061e+03	+8.123e+03	+1.083
60.000	+2.644e+02	+7.359e+03	+1.073e+04	+0.965
60.100	+1.359e+03	+9.002e+03	+1.040e+04	+0.869
60.200	+3.263e+03	+5.627e+03	+9.595e+03	+0.633
60.300	+1.817e+03	+5.766e+03	+1.049e+04	+0.760
60.400	+1.394e+03	+7.171e+03	+7.958e+03	+0.837
60.500	+1.549e+03	+5.568e+03	+7.466e+03	+0.782
60.600	+1.759e+03	+8.245e+03	+8.440e+03	+0.824
60.700	+1.298e+03	+8.630e+03	+1.143e+04	+0.869
60.800	+3.999e+02	+7.226e+03	+9.111e+03	+0.948
60.900	+1.719e+03	+5.811e+03	+7.870e+03	+0.772
61.000	+1.313e+03	+6.112e+03	+9.556e+03	+0.823
61.100	+3.115e+03	+8.593e+03	+7.900e+03	+0.734
61.200	+2.305e+03	+7.809e+03	+9.984e+03	+0.772
61.300	+9.530e+02	+6.401e+03	+1.010e+04	+0.870
61.400	+4.061e+01	+8.440e+03	+1.100e+04	+0.995
61.500	+9.210e+02	+8.905e+03	+1.038e+04	+0.906
61.600	+7.618e+01	+8.606e+03	+8.800e+03	+0.991
61.700	+2.614e+03	+8.111e+03	+8.209e+03	+0.756
61.800	-2.383e+02	+8.028e+03	+8.644e+03	+1.031
61.900	+1.370e+03	+8.716e+03	+1.082e+04	+0.864
62.000	+8.841e+02	+9.579e+03	+9.174e+03	+0.916
62.100	+8.258e+02	+7.112e+03	+9.821e+03	+0.896
62.200	+2.998e+03	+6.444e+03	+9.235e+03	+0.683
62.300	+2.745e+03	+7.441e+03	+9.228e+03	+0.731
62.400	+1.526e+03	+6.364e+03	+8.543e+03	+0.807
62.500	+1.287e+03	+6.323e+03	+1.075e+04	+0.831
62.600	+1.710e+03	+7.362e+03	+1.053e+04	+0.811
62.700	+2.087e+03	+7.719e+03	+7.471e+03	+0.787
62.800	+1.100e+03	+7.053e+03	+1.040e+04	+0.865
62.900	+8.315e+02	+6.652e+03	+8.646e+03	+0.889
63.000	+6.359e+01	+8.172e+03	+8.924e+03	+0.992
63.100	+2.217e+03	+7.077e+03	+9.399e+03	+0.761
63.200	+6.247e+02	+8.394e+03	+9.732e+03	+0.931
63.300	+4.341e+03	+5.441e+03	+6.757e+03	+0.556
63.400	+4.797e+03	+4.932e+03	+1.040e+04	+0.507
63.500	+3.645e+03	+5.912e+03	+6.489e+03	+0.619
63.600	+3.714e+03	+4.338e+03	+1.117e+04	+0.539
63.700	+6.139e+03	+6.520e+03	+9.363e+03	+0.515
63.800	+4.167e+03	+3.409e+03	+5.726e+03	+0.450
63.900	+4.407e+03	+5.422e+03	+9.797e+03	+0.552
64.000	+4.210e+03	+6.313e+03	+8.374e+03	+0.600
64.100	+4.616e+03	+7.708e+03	+1.067e+04	+0.625
64.200	+5.324e+03	+5.344e+03	+8.634e+03	+0.501
64.300	+4.501e+03	+5.733e+03	+1.291e+04	+0.560
64.400	+2.647e+03	+4.447e+03	+6.733e+03	+0.627
64.500	+5.500e+03	+7.309e+03	+9.600e+03	+0.571
64.600	+2.590e+03	+6.836e+03	+5.618e+03	+0.725
64.700	+3.920e+03	+4.816e+03	+7.901e+03	+0.551
64.800	+4.834e+03	+4.733e+03	+9.729e+03	+0.495
64.900	+2.401e+03	+7.897e+03	+8.956e+03	+0.767
65.000	+9.059e+02	+1.009e+04	+1.037e+04	+0.918
65.100	+1.345e+03	+4.548e+03	+8.270e+03	+0.772
65.200	+9.855e+02	+7.682e+03	+1.018e+04	+0.886
65.300	+1.744e+03	+7.479e+03	+9.324e+03	+0.811
65.400	+2.173e+03	+7.944e+03	+1.069e+04	+0.785
65.500	+1.177e+03	+8.772e+03	+9.759e+03	+0.882
65.600	+1.611e+03	+7.110e+03	+9.868e+03	+0.815
65.700	+1.364e+03	+6.252e+03	+9.008e+03	+0.821
65.800	-1.450e+01	+7.874e+03	+1.113e+04	+1.002
65.900	+3.516e+02	+8.521e+03	+8.592e+03	+0.960
66.000	+2.205e+03	+8.469e+03	+1.065e+04	+0.793
66.100	+2.823e+03	+1.010e+04	+9.472e+03	+0.782
66.200	+1.961e+03	+7.570e+03	+1.144e+04	+0.794
66.300	+2.327e+03	+8.757e+03	+1.003e+04	+0.790
66.400	+2.493e+03	+9.189e+03	+9.381e+03	+0.787
66.500	+1.154e+03	+6.451e+03	+8.259e+03	+0.848
66.600	+1.253e+03	+7.348e+03	+9.911e+03	+0.854
66.700	+2.105e+03	+9.895e+03	+9.107e+03	+0.825
66.800	+4.436e+02	+6.290e+03	+7.720e+03	+0.934
66.900	+1.236e+03	+6.503e+03	+9.709e+03	+0.840
67.000	+6.706e+02	+8.259e+03	+1.049e+04	+0.925
67.100	+4.852e+02	+7.093e+03	+9.635e+03	+0.936
67.200	+7.518e+02	+8.187e+03	+9.099e+03	+0.916
67.300	+7.712e+03	+7.167e+02	+8.945e+03	+0.085
67.400	+8.842e+03	-9.614e+01	+9.042e+03	-0.011
67.500	+8.322e+03	+1.364e+03	+9.669e+03	+0.141
67.600	+8.316e+03	+6.198e+01	+9.503e+03	+0.007
67.700	+8.788e+03	+6.874e+01	+9.508e+03	+0.008
67.800	+5.925e+03	+9.796e+02	+9.052e+03	+0.142
67.900	+7.273e+03	+1.158e+03	+1.251e+04	+0.137
68.000	+7.945e+03	+2.229e+03	+1.009e+04	+0.219
68.100	+7.251e+03	+1.325e+03	+8.146e+03	+0.155
68.200	+1.014e+04	+4.928e+02	+1.216e+04	+0.046
68.300	+1.807e+03	+8.200e+03	+7.926e+03	+0.819
68.400	+1.129e+02	+7.192e+03	+8.659e+03	+0.985
68.500	+1.062e+03	+7.480e+03	+1.038e+04	+0.876
68.600	+1.792e+03	+7.933e+03	+1.152e+04	+0.816
68.700	+9.861e+02	+6.538e+03	+1.011e+04	+0.869
68.800	+1.046e+03	+9.688e+03	+9.627e+03	+0.903
68.900	+1.514e+03	+8.521e+03	+9.692e+03	+0.849
69.000	+1.427e+03	+6.312e+03	+7.863e+03	+0.816
69.100	+2.204e+03	+7.615e+03	+6.823e+03	+0.776
69.200	+9.428e+02	+7.956e+03	+1.039e+04	+0.894
69.300	+1.172e+03	+8.187e+03	+9.426e+03	+0.875
69.400	+7.921e+02	+7.001e+03	+9.856e+03	+0.898
69.500	+2.085e+03	+6.980e+03	+9.486e+03	+0.770
69.600	+9.718e+01	+8.327e+03	+1.114e+04	+0.988
69.700	+1.540e+03	+9.416e+03	+8.515e+03	+0.859
69.800	-1.464e+02	+7.133e+03	+6.141e+03	+1.021
69.900	-4.503e+02	+4.875e+03	+9.001e+03	+1.102
70.000	+3.000e+03	+5.781e+03	+9.514e+03	+0.658
70.100	+3.281e+03	+5.415e+03	+8.379e+03	+0.623
70.200	+5.478e+03	+5.649e+03	+1.075e+04	+0.508
70.300	+4.037e+03	+5.216e+03	+7.314e+03	+0.564
70.400	+5.038e+03	+6.805e+03	+9.198e+03	+0.575
70.500	+4.382e+03	+6.940e+03	+1.038e+04	+0.613
70.600	+4.035e+03	+7.367e+03	+5.726e+03	+0.646
70.700	+3.739e+03	+5.717e+03	+8.962e+03	+0.605
70.800	+8.527e+03	+9.088e+02	+1.004e+04	+0.096
70.900	+5.258e+03	-5.678e+02	+9.381e+03	-0.121
71.000	+8.696e+03	+9.879e+02	+9.702e+03	+0.102
71.100	+9.369e+03	+1.217e+03	+1.066e+04	+0.115
71.200	+7.896e+03	+7.270e+02	+1.140e+04	+0.084
71.300	+9.698e+03	+3.996e+02	+9.443e+03	+0.040
71.400	+7.863e+03	+1.280e+03	+8.020e+03	+0.140
71.500	+9.230e+03	+1.484e+03	+1.126e+04	+0.138
71.600	+1.095e+04	+8.576e+00	+6.998e+03	+0.001
71.700	+7.538e+03	+2.047e+02	+1.028e+04	+0.026
71.800	+9.593e+03	-2.858e+02	+8.974e+03	-0.031
71.900	+7.940e+03	+1.151e+03	+1.180e+04	+0.127
72.000	+8.104e+03	+4.870e+02	+8.654e+03	+0.057
72.100	+8.729e+03	+4.909e+02	+7.650e+03	+0.053
72.200	+8.602e+03	+1.428e+03	+9.231e+03	+0.142
72.300	+8.984e+03	+1.659e+03	+9.467e+03	+0.156
72.400	+9.220e+03	+1.164e+03	+9.940e+03	+0.112
72.500	+7.790e+03	+6.134e+02	+9.833e+03	+0.073
72.600	+6.237e+03	+7.622e+02	+1.024e+04	+0.109
72.700	+7.996e+03	+8.773e+02	+8.233e+03	+0.099
72.800	+8.999e+03	+1.840e+03	+1.219e+04	+0.170
72.900	+8.900e+03	+1.318e+03	+8.938e+03	+0.129
73.000	+6.163e+03	+7.362e+02	+9.811e+03	+0.107
73.100	+9.014e+03	+2.091e+03	+1.153e+04	+0.188
73.200	+8.237e+03	+3.110e+02	+1.018e+04	+0.036
73.300	+9.040e+03	-1.267e+02	+7.927e+03	-0.014
73.400	+9.304e+03	+1.488e+03	+9.901e+03	+0.138
73.500	+8.256e+03	-1.478e+02	+1.061e+04	-0.018
73.600	+7.826e+03	+1.107e+03	+9.218e+03	+0.124
73.700	+7.131e+03	+1.148e+03	+6.621e+03	+0.139
73.800	+7.337e+03	+1.139e+03	+9.193e+03	+0.134
73.900	+8.034e+03	+9.563e+02	+9.736e+03	+0.106
74.000	+6.401e+03	+1.104e+03	+9.463e+03	+0.147
74.100	+7.326e+03	+1.210e+03	+9.255e+03	+0.142
74.200	+6.012e+03	+2.574e+03	+1.023e+04	+0.300
74.300	+1.208e+03	+7.915e+03	+9.658e+03	+0.868
74.400	+2.689e+03	+4.930e+03	+9.853e+03	+0.647
74.500	+5.213e+03	+6.050e+03	+8.494e+03	+0.537
74.600	+3.720e+03	+6.678e+03	+7.844e+03	+0.642
74.700	+3.025e+03	+5.702e+03	+8.121e+03	+0.653
74.800	+4.933e+03	+5.367e+03	+8.932e+03	+0.521
74.900	+3.737e+03	+5.544e+03	+9.057e+03	+0.597
75.000	+4.230e+03	+4.066e+03	+8.739e+03	+0.490
75.100	+5.513e+03	+5.342e+03	+8.717e+03	+0.492
75.200	+3.619e+03	+6.070e+03	+7.263e+03	+0.626
75.300	+5.810e+03	+3.434e+03	+8.186e+03	+0.372
75.400	+4.897e+03	+5.611e+03	+9.463e+03	+0.534
75.500	+4.317e+03	+4.271e+03	+6.054e+03	+0.497
75.600	+2.534e+03	+6.856e+03	+9.150e+03	+0.730
75.700	+4.476e+03	+4.292e+03	+8.492e+03	+0.490
75.800	+3.874e+03	+6.784e+03	+1.021e+04	+0.637
75.900	+4.922e+03	+6.016e+03	+8.590e+03	+0.550
76.000	+4.201e+03	+5.581e+03	+1.019e+04	+0.571
76.100	+4.596e+03	+4.131e+03	+8.301e+03	+0.473
76.200	+3.974e+03	+5.276e+03	+8.964e+03	+0.570
76.300	+4.313e+03	+6.785e+03	+8.673e+03	+0.611
76.400	+7.873e+02	+7.715e+03	+8.312e+03	+0.907
76.500	+1.187e+03	+8.197e+03	+1.062e+04	+0.874
76.600	+2.218e+03	+8.029e+03	+9.290e+03	+0.784
76.700	+4.726e+02	+7.268e+03	+1.054e+04	+0.939
76.800	+1.137e+03	+9.371e+03	+9.053e+03	+0.892
76.900	+4.087e+03	+6.666e+03	+9.258e+03	+0.620
77.000	+2.658e+03	+4.625e+03	+7.634e+03	+0.635
77.100	+4.311e+03	+4.650e+03	+1.114e+04	+0.519
77.200	+3.503e+03	+5.584e+03	+1.055e+04	+0.615
77.300	+4.785e+03	+6.060e+03	+8.361e+03	+0.559
77.400	+4.524e+03	+5.506e+03	+8.138e+03	+0.549
77.500	+4.428e+03	+5.769e+03	+8.881e+03	+0.566
77.600	+4.383e+03	+5.380e+03	+1.054e+04	+0.551
77.700	+3.541e+03	+6.087e+03	+9.068e+03	+0.632
77.800	+3.986e+03	+5.193e+03	+9.666e+03	+0.566
77.900	+3.165e+03	+5.916e+03	+6.973e+03	+0.651
78.000	+4.297e+03	+4.359e+03	+8.554e+03	+0.504
78.100	+4.712e+03	+7.043e+03	+9.211e+03	+0.599
78.200	+2.900e+03	+4.706e+03	+8.218e+03	+0.619
78.300	+2.060e+03	+6.547e+03	+8.064e+03	+0.761
78.400	+1.408e+03	+8.073e+03	+8.451e+03	+0.851
78.500	+1.746e+03	+7.273e+03	+9.394e+03	+0.806
78.600	+9.371e+02	+7.782e+03	+1.072e+04	+0.893
78.700	+1.419e+03	+5.961e+03	+8.971e+03	+0.808
78.800	+8.788e+02	+7.707e+03	+8.689e+03	+0.898
78.900	+1.008e+03	+6.644e+03	+1.071e+04	+0.868
79.000	+1.288e+03	+8.934e+03	+9.787e+03	+0.874
79.100	+7.850e+02	+7.174e+03	+9.319e+03	+0.901
79.200	+1.183e+03	+8.408e+03	+9.795e+03	+0.877
79.300	+7.181e+01	+6.636e+03	+1.053e+04	+0.989
79.400	+4.369e+02	+8.350e+03	+8.544e+03	+0.950
79.500	+2.439e+03	+8.691e+03	+7.911e+03	+0.781
79.600	-9.051e+01	+9.885e+03	+8.594e+03	+1.009
79.700	+8.214e+02	+6.944e+03	+8.019e+03	+0.894
79.800	+1.285e+03	+6.056e+03	+7.715e+03	+0.825
79.900	+2.743e+03	+9.708e+03	+8.872e+03	+0.780
80.000	+1.722e+03	+6.396e+03	+8.875e+03	+0.788
80.100	+4.526e+02	+5.685e+03	+1.031e+04	+0.926
80.200	+1.069e+02	+8.637e+03	+1.101e+04	+0.988
80.300	+1.196e+03	+8.230e+03	+1.081e+04	+0.873
80.400	+9.325e+02	+6.800e+03	+8.865e+03	+0.879
80.500	+2.008e+03	+9.025e+03	+8.064e+03	+0.818
80.600	+1.072e+03	+6.978e+03	+7.702e+03	+0.867
80.700	+1.428e+03	+7.506e+03	+9.453e+03	+0.840
80.800	+1.930e+03	+6.837e+03	+1.063e+04	+0.780
80.900	+1.991e+03	+6.012e+03	+7.309e+03	+0.751
81.000	+1.564e+03	+8.075e+03	+7.012e+03	+0.838
81.100	-1.865e+02	+6.129e+03	+1.000e+04	+1.031
81.200	+1.265e+03	+6.816e+03	+8.173e+03	+0.843
81.300	+1.928e+03	+7.357e+03	+8.720e+03	+0.792
81.400	+8.640e+02	+9.936e+03	+8.262e+03	+0.920
81.500	+1.101e+03	+8.608e+03	+8.115e+03	+0.887
81.600	+1.642e+03	+8.664e+03	+1.138e+04	+0.841
81.700	+3.620e+02	+8.043e+03	+7.525e+03	+0.957
81.800	-6.289e+01	+8.554e+03	+9.961e+03	+1.007
81.900	+1.413e+03	+8.379e+03	+9.210e+03	+0.856
82.000	+1.352e+03	+7.402e+03	+8.414e+03	+0.846
82.100	+3.162e+02	+6.692e+03	+1.140e+04	+0.955
82.200	+7.172e+02	+8.492e+03	+9.869e+03	+0.922
82.300	+3.741e+02	+8.476e+03	+1.081e+04	+0.958
82.400	+1.255e+03	+7.410e+03	+1.028e+04	+0.855
82.500	+1.488e+01	+7.529e+03	+8.134e+03	+0.998
82.600	+3.587e+02	+6.384e+03	+8.438e+03	+0.947
82.700	+6.557e+02	+6.282e+03	+1.124e+04	+0.905
82.800	+2.687e+02	+6.686e+03	+7.310e+03	+0.961
82.900	+3.024e+03	+7.811e+03	+9.112e+03	+0.721
83.000	+5.807e+03	+6.439e+03	+7.890e+03	+0.526
83.100	+4.640e+03	+5.301e+03	+1.048e+04	+0.533
83.200	+5.332e+03	+7.517e+03	+8.850e+03	+0.585
83.300	+4.876e+03	+5.370e+03	+8.540e+03	+0.524
83.400	+2.821e+03	+5.722e+03	+9.119e+03	+0.670
83.500	+4.961e+03	+7.125e+03	+8.123e+03	+0.590
83.600	+4.081e+03	+5.333e+03	+9.027e+03	+0.567
83.700	+4.024e+03	+6.290e+03	+1.040e+04	+0.610
83.800	+4.677e+03	+3.914e+03	+9.458e+03	+0.456
83.900	+3.819e+03	+6.281e+03	+8.986e+03	+0.622
84.000	+7.682e+02	+9.392e+03	+8.930e+03	+0.924
84.100	+1.914e+03	+7.719e+03	+1.222e+04	+0.801
84.200	+1.224e+03	+7.668e+03	+1.116e+04	+0.862
84.300	+1.459e+03	+7.348e+03	+1.073e+04	+0.834
84.400	+1.394e+03	+5.924e+03	+9.864e+03	+0.809
84.500	+5.799e+02	+6.976e+03	+7.484e+03	+0.923
84.600	+2.027e+03	+8.117e+03	+8.707e+03	+0.800
84.700	+7.601e+02	+8.323e+03	+9.985e+03	+0.916
84.800	+1.332e+03	+8.066e+03	+1.080e+04	+0.858
84.900	+2.718e+02	+6.910e+03	+1.105e+04	+0.962
85.000	+7.496e+02	+7.495e+03	+7.922e+03	+0.909
85.100	+2.204e+03	+8.393e+03	+8.591e+03	+0.792
85.200	+1.010e+01	+8.074e+03	+1.049e+04	+0.999
85.300	+8.197e+02	+7.759e+03	+1.006e+04	+0.904
85.400	+4.746e+02	+8.710e+03	+1.053e+04	+0.948
85.500	+1.333e+03	+8.204e+03	+7.453e+03	+0.860
85.600	+3.834e+01	+9.033e+03	+7.942e+03	+0.996
85.700	+1.691e+03	+7.726e+03	+7.421e+03	+0.820
85.800	+5.835e+02	+8.635e+03	+9.745e+03	+0.937
85.900	+1.445e+03	+7.049e+03	+9.402e+03	+0.830
86.000	+1.815e+03	+8.200e+03	+9.873e+03	+0.819
86.100	+3.353e+02	+7.684e+03	+8.585e+03	+0.958
86.200	+1.276e+03	+8.058e+03	+8.473e+03	+0.863
86.300	+1.032e+03	+7.589e+03	+8.615e+03	+0.880
86.400	+1.776e+03	+7.469e+03	+1.193e+04	+0.808
86.500	-5.589e+02	+1.016e+04	+1.018e+04	+1.058
86.600	+1.964e+03	+7.649e+03	+1.158e+04	+0.796
86.700	+6.703e+02	+8.436e+03	+1.032e+04	+0.926
86.800	+1.787e+03	+6.761e+03	+9.727e+03	+0.791
86.900	+9.629e+02	+8.393e+03	+9.249e+03	+0.897
87.000	+1.555e+03	+9.128e+03	+1.074e+04	+0.854
87.100	-4.507e+02	+7.796e+03	+8.693e+03	+1.061
87.200	+5.109e+02	+6.427e+03	+9.139e+03	+0.926
87.300	+2.283e+03	+5.053e+03	+1.034e+04	+0.689
87.400	+8.293e+03	+2.392e+03	+8.054e+03	+0.224
87.500	+7.218e+03	+7.591e+01	+9.284e+03	+0.010
87.600	+1.188e+04	+1.111e+02	+9.486e+03	+0.009
87.700	+8.333e+03	+2.136e+03	+1.200e+04	+0.204
87.800	+9.695e+02	+5.988e+03	+1.118e+04	+0.861
87.900	+1.520e+03	+6.853e+03	+1.074e+04	+0.818
88.000	+7.937e+02	+1.050e+04	+8.255e+03	+0.930
88.100	+1.915e+00	+6.873e+03	+8.662e+03	+1.000
88.200	+7.414e+02	+5.391e+03	+1.115e+04	+0.879
88.300	+1.121e+03	+8.229e+03	+1.096e+04	+0.880
88.400	+7.417e+02	+6.020e+03	+6.953e+03	+0.890
88.500	+4.671e+02	+7.817e+03	+1.056e+04	+0.944
88.600	-3.007e+02	+8.541e+03	+9.281e+03	+1.036
88.700	+1.171e+03	+8.486e+03	+7.727e+03	+0.879
88.800	+1.684e+03	+8.701e+03	+9.387e+03	+0.838
88.900	+1.370e+03	+8.552e+03	+1.032e+04	+0.862
89.000	-4.352e+02	+9.438e+03	+1.038e+04	+1.048
89.100	+9.046e+02	+6.603e+03	+8.360e+03	+0.880
89.200	+1.253e+03	+7.204e+03	+9.974e+03	+0.852
89.300	+8.028e+02	+7.328e+03	+9.094e+03	+0.901
89.400	+8.240e+02	+8.394e+03	+7.750e+03	+0.911
89.500	+1.839e+03	+7.554e+03	+9.287e+03	+0.804
89.600	+1.180e+03	+6.506e+03	+8.241e+03	+0.847
89.700	+1.556e+03	+6.645e+03	+9.915e+03	+0.810
89.800	+1.182e+03	+7.089e+03	+9.185e+03	+0.857
89.900	-1.871e+02	+7.517e+03	+1.255e+04	+1.026
90.000	+1.659e+03	+8.690e+03	+9.727e+03	+0.840
90.100	+1.742e+03	+8.232e+03	+8.483e+03	+0.825
90.200	+1.111e+03	+6.535e+03	+8.157e+03	+0.855
90.300	+1.581e+03	+6.509e+03	+8.146e+03	+0.805
90.400	+3.327e+02	+7.604e+03	+9.389e+03	+0.958
90.500	+8.202e+02	+7.521e+03	+1.143e+04	+0.902
90.600	+7.279e+02	+6.635e+03	+1.130e+04	+0.901
90.700	+2.748e+03	+8.873e+03	+1.161e+04	+0.764
90.800	+1.703e+03	+7.222e+03	+6.673e+03	+0.809
90.900	+2.077e+03	+6.308e+03	+9.083e+03	+0.752
91.000	+1.375e+03	+7.217e+03	+7.506e+03	+0.840
91.100	+1.232e+03	+8.122e+03	+8.667e+03	+0.868
91.200	+1.800e+03	+8.859e+03	+7.984e+03	+0.831
91.300	+2.167e+03	+7.372e+03	+9.945e+03	+0.773
91.400	+7.775e+02	+9.424e+03	+9.979e+03	+0.924
91.500	-1.924e+02	+6.766e+03	+9.638e+03	+1.029
91.600	+8.142e+02	+7.398e+03	+8.422e+03	+0.901
91.700	+1.532e+03	+8.482e+03	+1.161e+04	+0.847
91.800	+7.366e+02	+8.960e+03	+1.123e+04	+0.924
91.900	+1.771e+03	+7.159e+03	+1.125e+04	+0.802
92.000	+7.881e+01	+6.327e+03	+1.056e+04	+0.988
92.100	+5.055e+02	+6.542e+03	+7.962e+03	+0.928
92.200	+4.306e+03	+5.352e+03	+9.160e+03	+0.554
92.300	+2.528e+03	+6.795e+03	+9.706e+03	+0.729
92.400	+4.853e+03	+5.511e+03	+8.844e+03	+0.532
92.500	+4.975e+03	+6.356e+03	+7.513e+03	+0.561
92.600	+3.417e+03	+4.469e+03	+1.072e+04	+0.567
92.700	+3.937e+03	+5.832e+03	+8.622e+03	+0.597
92.800	+4.426e+03	+3.355e+03	+1.009e+04	+0.431
92.900	+5.660e+03	+6.388e+03	+8.975e+03	+0.530
93.000	+3.948e+03	+4.449e+03	+8.774e+03	+0.530
93.100	+5.015e+03	+5.434e+03	+9.231e+03	+0.520
93.200	+3.646e+03	+5.224e+03	+1.091e+04	+0.589
93.300	+3.615e+03	+4.566e+03	+8.093e+03	+0.558
93.400	+2.457e+03	+6.250e+03	+8.142e+03	+0.718
93.500	+4.666e+03	+5.718e+03	+8.594e+03	+0.551
93.600	+5.380e+03	+5.513e+03	+8.082e+03	+0.506
93.700	+5.228e+03	+5.964e+03	+7.098e+03	+0.533
93.800	+3.835e+03	+5.087e+03	+8.024e+03	+0.570
93.900	+3.647e+03	+5.664e+03	+7.176e+03	+0.608
94.000	+3.562e+03	+6.431e+03	+8.703e+03	+0.644
94.100	+5.008e+03	+5.362e+03	+7.468e+03	+0.517
94.200	+3.060e+03	+6.218e+03	+9.170e+03	+0.670
94.300	+3.393e+03	+7.003e+03	+7.948e+03	+0.674
94.400	+4.909e+03	+3.560e+03	+1.245e+04	+0.420
94.500	+5.884e+03	+6.466e+03	+8.742e+03	+0.524
94.600	+5.229e+03	+4.811e+03	+8.944e+03	+0.479
94.700	+3.917e+03	+5.456e+03	+9.850e+03	+0.582
94.800	+4.809e+03	+6.082e+03	+8.957e+03	+0.558
94.900	+3.682e+03	+6.052e+03	+7.855e+03	+0.622
95.000	+6.470e+03	+7.118e+03	+1.161e+04	+0.524
95.100	+4.100e+03	+3.861e+03	+8.565e+03	+0.485
95.200	+4.040e+03	+4.906e+03	+1.039e+04	+0.548
95.300	+4.008e+03	+5.564e+03	+8.264e+03	+0.581
95.400	+5.747e+03	+4.756e+03	+8.746e+03	+0.453
95.500	+3.915e+03	+4.574e+03	+8.184e+03	+0.539
95.600	+3.837e+03	+4.311e+03	+8.955e+03	+0.529
95.700	+4.954e+03	+4.943e+03	+1.163e+04	+0.499
95.800	+3.412e+03	+5.664e+03	+7.725e+03	+0.624
95.900	+4.163e+03	+4.541e+03	+7.896e+03	+0.522
96.000	+2.649e+03	+4.968e+03	+9.898e+03	+0.652
96.100	+2.565e+03	+7.191e+03	+9.144e+03	+0.737
96.200	+4.638e+03	+6.598e+03	+8.398e+03	+0.587
96.300	+5.112e+03	+6.844e+03	+8.512e+03	+0.572
96.400	+3.378e+03	+5.078e+03	+9.341e+03	+0.601
96.500	+4.740e+03	+4.585e+03	+6.441e+03	+0.492
96.600	+2.863e+03	+4.869e+03	+9.245e+03	+0.630
96.700	+2.642e+03	+4.048e+03	+9.342e+03	+0.605
96.800	+3.565e+03	+5.801e+03	+1.109e+04	+0.619
96.900	+3.181e+03	+4.187e+03	+9.408e+03	+0.568
97.000	+3.952e+03	+5.293e+03	+7.919e+03	+0.573
97.100	+4.027e+03	+5.293e+03	+1.003e+04	+0.568
97.200	+2.925e+03	+5.855e+03	+9.987e+03	+0.667
97.300	+2.928e+03	+3.705e+03	+9.422e+03	+0.559
97.400	+4.646e+03	+5.856e+03	+7.607e+03	+0.558
97.500	+2.653e+03	+4.671e+03	+8.056e+03	+0.638
97.600	+4.393e+03	+4.946e+03	+1.138e+04	+0.530
97.700	+3.357e+03	+6.018e+03	+8.976e+03	+0.642
97.800	+5.448e+03	+6.199e+03	+8.216e+03	+0.532
97.900	+4.259e+03	+5.979e+03	+9.403e+03	+0.584
98.000	+5.384e+03	+4.261e+03	+9.739e+03	+0.442
98.100	+4.072e+03	+5.074e+03	+9.671e+03	+0.555
98.200	+5.025e+03	+6.456e+03	+1.176e+04	+0.562
98.300	+3.990e+03	+4.264e+03	+7.660e+03	+0.517
98.400	+5.297e+03	+4.923e+03	+9.717e+03	+0.482
98.500	+2.908e+03	+6.466e+03	+4.620e+03	+0.690
98.600	+4.081e+03	+5.451e+03	+1.004e+04	+0.572
98.700	+2.855e+03	+6.443e+03	+8.356e+03	+0.693
98.800	+5.128e+03	+5.494e+03	+8.433e+03	+0.517
98.900	+3.081e+03	+4.906e+03	+9.748e+03	+0.614
99.000	+4.977e+03	+4.617e+03	+8.822e+03	+0.481
99.100	+3.237e+03	+5.081e+03	+7.275e+03	+0.611
99.200	+4.247e+03	+6.038e+03	+7.802e+03	+0.587
99.300	+3.369e+03	+4.642e+03	+9.898e+03	+0.579
99.400	+5.300e+03	+4.027e+03	+6.797e+03	+0.432
99.500	+3.370e+03	+4.660e+03	+1.136e+04	+0.580
99.600	+4.721e+03	+6.416e+03	+6.937e+03	+0.576
99.700	+5.485e+03	+3.677e+03	+6.749e+03	+0.401
99.800	+2.995e+03	+5.650e+03	+7.819e+03	+0.654
99.900	+4.290e+03	+4.668e+03	+9.777e+03	+0.521
100.000	+4.402e+03	+4.923e+03	+9.134e+03	+0.528
100.100	+3.275e+03	+4.014e+03	+1.236e+04	+0.551
100.200	+5.862e+03	+2.476e+03	+8.774e+03	+0.297
100.300	+7.391e+03	+1.999e+03	+9.290e+03	+0.213
100.400	+1.566e+03	+8.310e+03	+9.152e+03	+0.841
100.500	+2.061e+03	+8.236e+03	+1.211e+04	+0.800
100.600	+4.683e+02	+5.536e+03	+9.630e+03	+0.922
100.700	+1.130e+03	+5.238e+03	+1.089e+04	+0.823
100.800	+3.381e+02	+5.930e+03	+9.472e+03	+0.946
100.900	+1.349e+03	+7.006e+03	+9.226e+03	+0.839
101.000	+1.224e+03	+8.081e+03	+8.077e+03	+0.868
101.100	-1.724e+03	+6.774e+03	+1.127e+04	+1.341
101.200	+1.984e+03	+7.190e+03	+9.002e+03	+0.784
101.300	+3.964e+02	+8.303e+03	+1.078e+04	+0.954
101.400	+1.791e+03	+7.341e+03	+9.274e+03	+0.804
101.500	+5.831e+02	+7.040e+03	+1.029e+04	+0.924
101.600	+1.760e+03	+7.596e+03	+6.872e+03	+0.812
101.700	+1.248e+03	+7.635e+03	+9.235e+03	+0.860
101.800	+1.793e+03	+8.517e+03	+9.656e+03	+0.826
101.900	+1.658e+03	+6.823e+03	+7.564e+03	+0.805
102.000	+1.601e+03	+8.402e+03	+1.180e+04	+0.840
102.100	+1.394e+03	+6.713e+03	+8.801e+03	+0.828
102.200	+4.492e+03	+7.261e+03	+8.972e+03	+0.618
102.300	+6.448e+03	+1.119e+03	+1.042e+04	+0.148
102.400	+7.778e+03	+4.711e+02	+9.223e+03	+0.057
102.500	+8.316e+03	-1.207e+03	+8.971e+03	-0.170
102.600	+7.373e+03	-5.851e+01	+1.004e+04	-0.008
102.700	+6.712e+03	+5.604e+02	+1.015e+04	+0.077
102.800	+8.267e+03	-7.744e+02	+7.591e+03	-0.103
102.900	+9.841e+03	+2.294e+02	+7.801e+03	+0.023
103.000	+8.595e+03	+1.852e+03	+8.866e+03	+0.177
103.100	+8.354e+03	+1.707e+03	+7.122e+03	+0.170
103.200	+6.675e+03	+8.207e+02	+9.543e+03	+0.109
103.300	+8.609e+03	-3.257e+02	+1.044e+04	-0.039
103.400	+7.518e+03	+1.363e+03	+1.021e+04	+0.154
103.500	+9.130e+03	+1.202e+03	+8.546e+03	+0.116
103.600	+7.270e+03	-2.411e+02	+1.032e+04	-0.034
103.700	+8.986e+03	+5.701e+02	+9.488e+03	+0.060
103.800	+8.941e+03	+1.613e+03	+1.098e+04	+0.153
103.900	+8.523e+03	+1.633e+03	+1.141e+04	+0.161
104.000	+8.296e+03	-5.993e+02	+1.050e+04	-0.078
104.100	+7.386e+03	+2.113e+03	+1.259e+04	+0.222
104.200	+9.125e+03	+1.582e+03	+9.527e+03	+0.148
104.300	+7.437e+03	+4.105e+01	+1.143e+04	+0.005
104.400	+7.323e+03	+8.264e+02	+9.574e+03	+0.101
104.500	+1.005e+04	+7.717e+02	+1.028e+04	+0.071
104.600	+8.608e+03	+1.491e+03	+7.737e+03	+0.148
104.700	+6.644e+03	+2.860e+02	+1.073e+04	+0.041
104.800	+1.090e+03	+7.020e+03	+1.053e+04	+0.866
104.900	+1.849e+03	+6.623e+03	+8.883e+03	+0.782
105.000	+1.081e+01	+8.577e+03	+1.087e+04	+0.999
105.100	+1.855e+03	+7.047e+03	+7.677e+03	+0.792
105.200	+4.476e+02	+7.674e+03	+1.160e+04	+0.945
105.300	+1.347e+03	+8.922e+03	+8.251e+03	+0.869
105.400	-3.525e+02	+7.822e+03	+9.111e+03	+1.047
105.500	+9.741e+02	+7.668e+03	+8.923e+03	+0.887
105.600	+1.836e+03	+8.044e+03	+9.929e+03	+0.814
105.700	+1.246e+03	+8.240e+03	+8.887e+03	+0.869
105.800	+6.973e+02	+8.681e+03	+1.206e+04	+0.926
105.900	+1.378e+03	+7.907e+03	+9.803e+03	+0.852
106.000	+1.024e+02	+9.546e+03	+1.091e+04	+0.989
106.100	+3.692e+03	+4.590e+03	+8.359e+03	+0.554
106.200	+9.154e+03	+4.838e+02	+9.854e+03	+0.050
106.300	+7.598e+03	+1.071e+03	+8.832e+03	+0.124
106.400	+7.411e+03	-1.222e+03	+9.374e+03	-0.198
106.500	+8.923e+03	+1.800e+03	+9.044e+03	+0.168
106.600	+5.413e+02	+7.225e+03	+1.085e+04	+0.930
106.700	+3.532e+02	+7.007e+03	+9.410e+03	+0.952
106.800	+2.654e+03	+9.503e+03	+7.952e+03	+0.782
106.900	+2.702e+03	+7.021e+03	+9.221e+03	+0.722
107.000	+2.030e+03	+8.233e+03	+9.871e+03	+0.802
107.100	+1.932e+02	+7.604e+03	+9.511e+03	+0.975
107.200	+1.639e+03	+7.997e+03	+7.988e+03	+0.830
107.300	+2.383e+03	+6.485e+03	+1.014e+04	+0.731
107.400	+1.413e+03	+8.652e+03	+8.614e+03	+0.860
107.500	+2.141e+03	+7.506e+03	+1.081e+04	+0.778
107.600	+1.984e+03	+6.431e+03	+1.116e+04	+0.764
107.700	+1.666e+03	+6.718e+03	+8.791e+03	+0.801
107.800	+1.161e+03	+8.339e+03	+9.707e+03	+0.878
107.900	+7.908e+02	+7.663e+03	+8.435e+03	+0.906
108.000	+1.471e+03	+6.483e+03	+1.062e+04	+0.815
108.100	+3.277e+03	+6.702e+03	+9.341e+03	+0.672
108.200	+5.864e+03	+5.709e+03	+9.939e+03	+0.493
108.300	+4.171e+03	+5.875e+03	+1.066e+04	+0.585
108.400	+5.210e+03	+4.044e+03	+8.511e+03	+0.437
108.500	+5.317e+03	+5.405e+03	+8.958e+03	+0.504
108.600	+3.925e+03	+5.748e+03	+8.275e+03	+0.594
108.700	+4.351e+03	+5.487e+03	+8.934e+03	+0.558
108.800	+4.240e+03	+6.409e+03	+8.301e+03	+0.602
108.900	+4.990e+03	+6.223e+03	+8.302e+03	+0.555
109.000	+5.138e+03	+5.870e+03	+8.478e+03	+0.533
109.100	+3.279e+03	+3.945e+03	+8.477e+03	+0.546
109.200	+4.351e+03	+5.664e+03	+1.001e+04	+0.566
109.300	+3.408e+03	+6.070e+03	+8.253e+03	+0.640
109.400	+4.403e+03	+3.689e+03	+7.471e+03	+0.456
109.500	+5.003e+03	+5.083e+03	+1.091e+04	+0.504
109.600	+4.674e+03	+5.520e+03	+6.524e+03	+0.541
109.700	+3.138e+03	+4.634e+03	+6.411e+03	+0.596
109.800	+4.652e+03	+5.300e+03	+8.210e+03	+0.533
109.900	+3.819e+03	+4.672e+03	+6.715e+03	+0.550
110.000	+5.477e+03	+5.935e+03	+8.557e+03	+0.520
110.100	+2.145e+03	+6.740e+03	+9.608e+03	+0.759
110.200	+1.861e+03	+7.369e+03	+9.593e+03	+0.798
110.300	+1.341e+03	+7.885e+03	+9.032e+03	+0.855
110.400	+2.370e+03	+5.386e+03	+1.060e+04	+0.694
110.500	+2.385e+03	+7.950e+03	+8.917e+03	+0.769
110.600	+5.420e+02	+9.059e+03	+1.104e+04	+0.944
110.700	+6.055e+02	+8.321e+03	+6.510e+03	+0.932
110.800	-3.000e+01	+1.019e+04	+1.019e+04	+1.003
110.900	+9.537e+02	+5.635e+03	+8.434e+03	+0.855
111.000	-1.188e+01	+7.836e+03	+1.024e+04	+1.002
111.100	+1.806e+03	+7.370e+03	+9.611e+03	+0.803
111.200	+1.297e+03	+8.726e+03	+9.235e+03	+0.871
111.300	-1.853e+02	+5.617e+03	+1.091e+04	+1.034
111.400	+2.014e+03	+6.626e+03	+8.353e+03	+0.767
111.500	+8.077e+02	+7.057e+03	+1.184e+04	+0.897
111.600	+1.679e+03	+6.611e+03	+8.113e+03	+0.797
111.700	+5.146e+03	+5.591e+03	+1.161e+04	+0.521
111.800	+3.326e+03	+6.599e+03	+1.026e+04	+0.665
111.900	+3.970e+03	+5.558e+03	+1.026e+04	+0.583
112.000	+4.936e+03	+4.691e+03	+1.082e+04	+0.487
112.100	+4.427e+03	+5.083e+03	+7.750e+03	+0.534
112.200	+7.328e+03	+1.517e+03	+9.523e+03	+0.172
112.300	+7.958e+03	+1.212e+03	+9.695e+03	+0.132
112.400	+9.473e+03	+9.062e+02	+9.249e+03	+0.087
112.500	+9.699e+03	+1.550e+03	+1.174e+04	+0.138
112.600	+8.617e+03	+8.219e+02	+1.112e+04	+0.087
112.700	+8.021e+03	+6.384e+02	+9.995e+03	+0.074
112.800	+8.082e+03	+1.412e+02	+1.021e+04	+0.017
112.900	+7.334e+03	+8.783e+02	+9.809e+03	+0.107
113.000	+6.753e+03	-2.013e+02	+9.220e+03	-0.031
113.100	+7.180e+03	-1.087e+03	+9.211e+03	-0.178
113.200	+7.173e+03	+3.541e+02	+8.935e+03	+0.047
113.300	+6.995e+03	+1.432e+03	+1.127e+04	+0.170
113.400	+8.249e+03	+1.525e+03	+9.522e+03	+0.156
113.500	+7.673e+03	+5.395e+02	+1.109e+04	+0.066
113.600	+7.867e+03	+1.404e+03	+9.487e+03	+0.151
113.700	+1.063e+04	+1.277e+03	+4.786e+03	+0.107
113.800	+6.144e+03	+5.069e+02	+8.368e+03	+0.076
113.900	+7.892e+03	+1.538e+03	+1.049e+04	+0.163
114.000	+7.987e+03	-5.763e+02	+7.900e+03	-0.078
114.100	+8.466e+03	+8.134e+01	+9.432e+03	+0.010
114.200	+8.542e+03	+1.293e+03	+1.341e+04	+0.131
114.300	+7.065e+03	+4.871e+02	+1.188e+04	+0.064
114.400	+5.746e+03	+1.820e+03	+9.725e+03	+0.241
114.500	+2.087e+03	+7.695e+03	+9.966e+03	+0.787
114.600	+1.553e+02	+8.011e+03	+8.380e+03	+0.981
114.700	+8.337e+02	+8.735e+03	+8.533e+03	+0.913
114.800	+2.079e+03	+6.804e+03	+8.417e+03	+0.766
114.900	+6.553e+02	+9.993e+03	+7.200e+03	+0.938
115.000	+5.343e+02	+7.252e+03	+8.598e+03	+0.931
115.100	+3.214e+02	+7.481e+03	+9.338e+03	+0.959
115.200	-1.023e+02	+7.762e+03	+8.632e+03	+1.013
115.300	+6.162e+02	+6.882e+03	+9.093e+03	+0.918
115.400	+6.424e+02	+7.993e+03	+9.964e+03	+0.926
115.500	+6.360e+02	+4.379e+03	+6.885e+03	+0.873
115.600	+1.723e+03	+8.684e+03	+8.413e+03	+0.834
115.700	+7.337e+02	+6.456e+03	+1.018e+04	+0.898
115.800	+1.222e+03	+9.443e+03	+1.007e+04	+0.885
115.900	+2.434e+02	+8.508e+03	+8.930e+03	+0.972
116.000	-4.476e+02	+7.270e+03	+9.539e+03	+1.066
116.100	+8.597e+02	+6.935e+03	+9.404e+03	+0.890
116.200	+1.627e+03	+7.275e+03	+1.031e+04	+0.817
116.300	+1.498e+03	+9.951e+03	+9.686e+03	+0.869
116.400	+2.271e+03	+6.735e+03	+8.979e+03	+0.748
116.500	+2.182e+03	+4.998e+03	+1.092e+04	+0.696
116.600	+1.987e+03	+9.350e+03	+1.072e+04	+0.825
116.700	+1.502e+03	+7.989e+03	+1.041e+04	+0.842
116.800	+2.251e+03	+7.757e+03	+1.120e+04	+0.775
116.900	+6.778e+01	+7.019e+03	+1.015e+04	+0.990
117.000	+3.019e+02	+8.010e+03	+9.094e+03	+0.964
117.100	+1.088e+03	+7.406e+03	+1.210e+04	+0.872
117.200	+1.751e+03	+9.224e+03	+1.154e+04	+0.840
117.300	+7.818e+02	+6.861e+03	+8.617e+03	+0.898
117.400	+1.356e+03	+8.199e+03	+8.807e+03	+0.858
117.500	+3.324e+02	+7.714e+03	+1.026e+04	+0.959
117.600	+1.702e+03	+5.496e+03	+8.002e+03	+0.764
117.700	+1.532e+03	+8.486e+03	+8.714e+03	+0.847
117.800	+7.711e+02	+6.141e+03	+8.938e+03	+0.888
117.900	+6.864e+02	+7.109e+03	+1.046e+04	+0.912
118.000	+1.013e+03	+7.995e+03	+7.440e+03	+0.888
118.100	+1.017e+03	+9.631e+03	+7.056e+03	+0.905
118.200	+2.143e+02	+5.375e+03	+9.238e+03	+0.962
118.300	-7.376e+01	+7.951e+03	+8.864e+03	+1.009
118.400	+2.063e+03	+8.901e+03	+7.539e+03	+0.812
118.500	-8.584e+01	+7.956e+03	+9.187e+03	+1.011
118.600	-5.485e+01	+6.899e+03	+1.034e+04	+1.008
118.700	-1.473e+02	+8.135e+03	+1.081e+04	+1.018
118.800	+1.255e+03	+7.425e+03	+8.337e+03	+0.855
118.900	-1.454e+02	+4.925e+03	+1.166e+04	+1.030
119.000	+2.143e+03	+7.435e+03	+1.112e+04	+0.776
119.100	+1.045e+03	+6.509e+03	+9.363e+03	+0.862
119.200	+4.448e+02	+6.992e+03	+9.505e+03	+0.940
119.300	+9.814e+02	+5.760e+03	+1.063e+04	+0.854
119.400	-4.785e+02	+8.810e+03	+1.116e+04	+1.057
119.500	+2.172e+03	+7.083e+03	+9.755e+03	+0.765
119.600	+1.281e+03	+7.377e+03	+1.039e+04	+0.852
119.700	+3.197e+03	+9.474e+03	+9.955e+03	+0.748
119.800	+1.496e+03	+7.024e+03	+1.199e+04	+0.824
119.900	+2.379e+03	+6.243e+03	+8.610e+03	+0.724
120.000	+2.307e+03	+5.403e+03	+8.361e+03	+0.701
120.100	+4.613e+03	+4.223e+03	+8.157e+03	+0.478
120.200	+5.242e+03	+6.470e+03	+1.009e+04	+0.552
120.300	+4.567e+03	+6.426e+03	+1.161e+04	+0.585
120.400	+3.553e+03	+5.079e+03	+9.386e+03	+0.588
120.500	+3.285e+03	+6.538e+03	+6.734e+03	+0.666
120.600	+4.455e+03	+5.477e+03	+7.362e+03	+0.551
120.700	+4.254e+03	+5.249e+03	+6.570e+03	+0.552
120.800	+2.258e+03	+4.960e+03	+1.012e+04	+0.687
120.900	+2.019e+03	+4.641e+03	+7.848e+03	+0.697
121.000	+4.605e+03	+6.249e+03	+9.927e+03	+0.576
121.100	+4.090e+03	+5.360e+03	+7.862e+03	+0.567
121.200	+5.341e+03	+6.581e+03	+8.999e+03	+0.552
121.300	+3.135e+03	+3.537e+03	+8.756e+03	+0.530
121.400	+5.623e+03	+5.531e+03	+8.826e+03	+0.496
121.500	+4.945e+03	+5.078e+03	+8.604e+03	+0.507
121.600	+3.379e+03	+5.312e+03	+8.408e+03	+0.611
121.700	+5.735e+03	+4.342e+03	+1.118e+04	+0.431
121.800	+3.878e+03	+6.203e+03	+1.035e+04	+0.615
121.900	+4.308e+03	+4.929e+03	+9.570e+03	+0.534
122.000	+4.541e+03	+6.747e+03	+8.707e+03	+0.598
122.100	+3.245e+03	+5.094e+03	+1.088e+04	+0.611
122.200	+3.429e+03	+5.041e+03	+7.522e+03	+0.595
122.300	+3.861e+03	+4.230e+03	+1.133e+04	+0.523
122.400	+3.283e+03	+4.602e+03	+7.882e+03	+0.584
122.500	+5.394e+03	+5.716e+03	+8.938e+03	+0.514
122.600	+2.415e+03	+5.789e+03	+8.563e+03	+0.706
122.700	+5.537e+03	+6.232e+03	+9.431e+03	+0.530
122.800	+4.094e+03	+5.732e+03	+3.060e+03	+0.583
122.900	+5.303e+03	+5.347e+03	+9.241e+03	+0.502
123.000	+4.971e+03	+5.839e+03	+1.018e+04	+0.540
123.100	+3.338e+03	+4.419e+03	+8.394e+03	+0.570
123.200	+7.693e+02	+8.216e+03	+1.081e+04	+0.914
123.300	+3.145e+02	+7.462e+03	+7.822e+03	+0.960
123.400	+3.075e+02	+8.897e+03	+6.701e+03	+0.967
123.500	+2.032e+03	+7.167e+03	+7.439e+03	+0.779
123.600	+1.131e+03	+8.581e+03	+8.329e+03	+0.884
123.700	+4.539e+02	+8.761e+03	+8.060e+03	+0.951
123.800	+6.642e+02	+7.449e+03	+1.040e+04	+0.918
123.900	+6.915e+02	+6.708e+03	+9.344e+03	+0.907
124.000	+2.889e+03	+8.906e+03	+1.022e+04	+0.755
124.100	+7.435e+02	+6.823e+03	+8.188e+03	+0.902
124.200	+2.575e+03	+8.338e+03	+9.117e+03	+0.764
124.300	+8.519e+02	+6.713e+03	+1.140e+04	+0.887
124.400	+1.607e+03	+8.202e+03	+1.043e+04	+0.836
124.500	+1.177e+03	+7.580e+03	+7.385e+03	+0.866
124.600	+1.798e+03	+6.725e+03	+9.336e+03	+0.789
124.700	+1.740e+03	+8.996e+03	+7.369e+03	+0.838
124.800	-6.519e+02	+6.931e+03	+9.598e+03	+1.104
124.900	+1.581e+03	+8.201e+03	+9.769e+03	+0.838
125.000	+3.206e+02	+8.642e+03	+8.153e+03	+0.964
125.100	+6.358e+02	+7.569e+03	+1.178e+04	+0.923
125.200	+2.037e+03	+6.893e+03	+8.413e+03	+0.772
125.300	+7.898e+03	-6.936e+02	+8.481e+03	-0.096
125.400	+6.566e+03	+4.927e+02	+9.288e+03	+0.070
125.500	+7.547e+03	-1.190e+02	+8.782e+03	-0.016
125.600	+7.202e+03	+1.463e+03	+1.091e+04	+0.169
125.700	+1.008e+04	+1.246e+02	+1.024e+04	+0.012
125.800	+7.347e+03	+8.817e+02	+7.151e+03	+0.107
125.900	+9.782e+03	+2.606e+03	+8.896e+03	+0.210
126.000	+6.689e+03	+2.034e+03	+8.614e+03	+0.233
126.100	+7.788e+03	+2.872e+03	+1.077e+04	+0.269
126.200	+6.483e+03	-1.388e+01	+9.171e+03	-0.002
126.300	+9.488e+03	+1.100e+03	+1.042e+04	+0.104
126.400	+9.547e+03	+1.296e+03	+1.338e+04	+0.120
126.500	+7.283e+03	+1.324e+02	+8.661e+03	+0.018
126.600	+8.714e+03	-5.816e+02	+7.088e+03	-0.072
126.700	+8.985e+03	+1.315e+03	+1.195e+04	+0.128
126.800	+8.257e+03	+7.409e+02	+1.004e+04	+0.082
126.900	+7.283e+03	+2.573e+03	+9.937e+03	+0.261
127.000	+7.331e+03	+1.144e+03	+1.062e+04	+0.135
127.100	+1.014e+04	+2.081e+03	+9.516e+03	+0.170
127.200	+6.725e+03	+1.522e+03	+1.075e+04	+0.185
127.300	+8.306e+03	+2.880e+01	+9.232e+03	+0.003
127.400	+8.969e+03	+9.826e+02	+9.961e+03	+0.099
127.500	+6.942e+03	+7.605e+02	+9.650e+03	+0.099
127.600	+7.978e+03	-1.074e+03	+8.618e+03	-0.155
127.700	+6.943e+03	+8.533e+02	+9.911e+03	+0.109
127.800	+6.815e+03	+2.735e+03	+6.075e+03	+0.286
127.900	+8.026e+03	+1.412e+03	+1.013e+04	+0.150
128.000	+8.594e+03	+4.081e+02	+1.215e+04	+0.045
128.100	+9.306e+03	+9.193e+02	+1.174e+04	+0.090
128.200	+5.889e+03	+4.634e+02	+8.262e+03	+0.073
128.300	+7.203e+03	+2.048e+03	+9.789e+03	+0.221
128.400	+8.016e+03	-3.342e+02	+8.955e+03	-0.044
128.500	+8.844e+03	+3.787e+02	+9.132e+03	+0.041
128.600	+8.155e+03	+3.394e+02	+9.354e+03	+0.040
128.700	+9.048e+03	+2.316e+03	+1.143e+04	+0.204
128.800	+9.205e+03	+1.229e+03	+1.095e+04	+0.118
128.900	+6.136e+03	+1.036e+03	+1.021e+04	+0.144
129.000	+7.806e+03	-1.106e+03	+8.796e+03	-0.165
129.100	+7.805e+03	-7.014e+01	+8.980e+03	-0.009
129.200	+8.100e+03	+1.371e+03	+8.067e+03	+0.145
129.300	+6.960e+03	+3.863e+02	+1.136e+04	+0.053
129.400	+8.831e+03	-1.950e+02	+8.777e+03	-0.023
129.500	+8.942e+03	+1.309e+02	+1.099e+04	+0.014
129.600	+9.410e+03	+8.868e+02	+1.058e+04	+0.086
129.700	+8.692e+03	+4.270e+01	+1.022e+04	+0.005
129.800	+8.676e+03	+1.710e+03	+1.055e+04	+0.165
129.900	+4.487e+03	+6.050e+03	+9.178e+03	+0.574
130.000	+3.182e+03	+6.071e+03	+9.590e+03	+0.656
130.100	+4.311e+03	+5.504e+03	+8.825e+03	+0.561
130.200	+3.157e+03	+4.746e+03	+7.570e+03	+0.601
130.300	+5.409e+03	+5.358e+03	+9.594e+03	+0.498
130.400	+3.785e+03	+6.305e+03	+8.351e+03	+0.625
130.500	+3.540e+03	+6.376e+03	+7.718e+03	+0.643
130.600	+4.011e+03	+5.996e+03	+8.700e+03	+0.599
130.700	+5.707e+03	+6.497e+03	+7.457e+03	+0.532
130.800	+4.033e+03	+4.808e+03	+8.653e+03	+0.544
130.900	+3.769e+03	+3.295e+03	+9.948e+03	+0.466
131.000	+4.643e+03	+4.453e+03	+9.194e+03	+0.490
131.100	+5.516e+03	+4.909e+03	+8.521e+03	+0.471
131.200	+4.960e+03	+5.171e+03	+8.419e+03	+0.510
131.300	+4.255e+03	+7.053e+03	+6.975e+03	+0.624
131.400	+4.645e+03	+4.132e+03	+9.500e+03	+0.471
131.500	+3.807e+03	+6.126e+03	+9.528e+03	+0.617
131.600	+5.718e+03	+5.309e+03	+8.913e+03	+0.481
131.700	+3.804e+03	+6.427e+03	+8.227e+03	+0.628
131.800	+2.568e+03	+6.021e+03	+8.989e+03	+0.701
131.900	+3.744e+03	+4.984e+03	+7.504e+03	+0.571
132.000	+3.125e+03	+6.118e+03	+1.038e+04	+0.662
132.100	+4.649e+03	+5.337e+03	+1.015e+04	+0.534
132.200	+4.395e+03	+3.536e+03	+9.593e+03	+0.446
132.300	+8.291e+03	+5.925e+02	+8.701e+03	+0.067
132.400	+7.624e+03	+6.005e+02	+1.013e+04	+0.073
132.500	+7.424e+03	+1.777e+03	+9.205e+03	+0.193
132.600	+9.758e+03	+1.805e+03	+1.072e+04	+0.156
132.700	+8.624e+03	+2.714e+03	+8.308e+03	+0.239
132.800	+6.865e+03	+6.529e+02	+8.778e+03	+0.087
132.900	+8.417e+03	+4.666e+02	+8.498e+03	+0.053
133.000	+9.745e+03	+9.141e+02	+1.056e+04	+0.086
133.100	+4.019e+03	+4.145e+03	+9.781e+03	+0.508
133.200	-9.189e+01	+8.737e+03	+8.535e+03	+1.011
133.300	+6.101e+02	+8.591e+03	+9.817e+03	+0.934
133.400	+1.861e+03	+8.745e+03	+1.010e+04	+0.825
133.500	+1.866e+03	+8.528e+03	+1.035e+04	+0.821
133.600	+5.532e+02	+8.217e+03	+8.734e+03	+0.937
133.700	+4.340e+02	+6.270e+03	+1.093e+04	+0.935
133.800	+1.910e+03	+9.709e+03	+8.384e+03	+0.836
133.900	+9.439e+02	+8.647e+03	+6.240e+03	+0.902
134.000	+8.348e+02	+8.329e+03	+8.692e+03	+0.909
134.100	+1.063e+03	+7.530e+03	+9.476e+03	+0.876
134.200	+1.547e+03	+8.001e+03	+7.907e+03	+0.838
134.300	+1.045e+02	+5.398e+03	+7.677e+03	+0.981
134.400	+4.075e+02	+5.732e+03	+7.761e+03	+0.934
134.500	+1.473e+03	+7.362e+03	+9.249e+03	+0.833
134.600	+2.350e+03	+8.808e+03	+7.473e+03	+0.789
134.700	+2.251e+03	+7.345e+03	+7.889e+03	+0.765
134.800	+6.455e+03	+4.054e+03	+1.045e+04	+0.386
134.900	+9.087e+03	-2.724e+02	+9.105e+03	-0.031
135.000	+8.797e+03	+3.689e+02	+8.889e+03	+0.040
135.100	+7.534e+03	+6.249e+02	+9.361e+03	+0.077
135.200	+8.039e+03	+9.229e+02	+8.984e+03	+0.103
135.300	+8.380e+03	+7.960e+02	+9.883e+03	+0.087
135.400	+7.292e+03	-5.616e+02	+1.113e+04	-0.083
135.500	+8.787e+03	+1.829e+03	+1.038e+04	+0.172
135.600	+8.205e+03	+5.502e+02	+9.047e+03	+0.063
135.700	+8.680e+03	+5.538e+02	+9.715e+03	+0.060
135.800	+7.961e+03	-2.711e+02	+9.212e+03	-0.035
135.900	+8.180e+03	+1.074e+03	+1.035e+04	+0.116
136.000	+8.493e+03	+8.088e+02	+7.876e+03	+0.087
136.100	-2.331e+01	+7.997e+03	+8.460e+03	+1.003
136.200	+9.026e+02	+6.915e+03	+9.796e+03	+0.885
136.300	+3.283e+03	+6.226e+03	+7.670e+03	+0.655
136.400	+3.750e+03	+4.711e+03	+9.355e+03	+0.557
136.500	+4.349e+03	+5.808e+03	+8.722e+03	+0.572
136.600	+3.996e+03	+5.436e+03	+9.437e+03	+0.576
136.700	+6.007e+03	+6.518e+03	+8.390e+03	+0.520
136.800	+4.053e+03	+6.053e+03	+9.944e+03	+0.599
136.900	+5.044e+03	+4.817e+03	+9.871e+03	+0.489
137.000	+4.025e+03	+6.775e+03	+8.083e+03	+0.627
137.100	+6.221e+03	+5.112e+03	+8.283e+03	+0.451
137.200	+4.731e+03	+7.315e+03	+1.001e+04	+0.607
137.300	+5.313e+03	+5.313e+03	+9.696e+03	+0.500
137.400	+4.479e+03	+5.201e+03	+9.635e+03	+0.537
137.500	+3.913e+03	+5.873e+03	+1.015e+04	+0.600
137.600	+2.952e+03	+6.688e+03	+9.944e+03	+0.694
137.700	+1.788e+02	+7.923e+03	+9.276e+03	+0.978
137.800	+1.116e+03	+6.604e+03	+7.964e+03	+0.855
137.900	+2.308e+03	+6.485e+03	+7.815e+03	+0.737
138.000	+8.908e+02	+9.421e+03	+8.964e+03	+0.914
138.100	+1.145e+03	+8.408e+03	+9.711e+03	+0.880
138.200	+5.782e+02	+6.947e+03	+8.950e+03	+0.923
138.300	+1.060e+03	+7.984e+03	+8.950e+03	+0.883
138.400	+1.328e+03	+8.269e+03	+1.071e+04	+0.862
138.500	+6.751e+02	+7.381e+03	+8.272e+03	+0.916
138.600	+5.339e+02	+7.428e+03	+9.091e+03	+0.933
138.700	+1.252e+03	+6.671e+03	+9.648e+03	+0.842
138.800	+7.008e+02	+5.919e+03	+8.924e+03	+0.894
138.900	+1.972e+03	+8.125e+03	+8.675e+03	+0.805
139.000	+1.207e+03	+8.101e+03	+7.661e+03	+0.870
139.100	+1.150e+03	+7.735e+03	+9.186e+03	+0.871
139.200	+1.548e+03	+8.539e+03	+8.904e+03	+0.847
139.300	+1.660e+03	+8.027e+03	+8.447e+03	+0.829
139.400	+9.844e+02	+6.602e+03	+8.770e+03	+0.870
139.500	+8.469e+02	+8.362e+03	+8.885e+03	+0.908
139.600	+1.526e+03	+8.610e+03	+8.508e+03	+0.849
139.700	+8.855e+02	+7.627e+03	+9.300e+03	+0.896
139.800	+1.047e+03	+8.474e+03	+9.262e+03	+0.890
139.900	-5.764e+02	+9.499e+03	+1.060e+04	+1.065
140.000	-1.954e+02	+6.888e+03	+1.103e+04	+1.029
140.100	+4.049e+03	+6.403e+03	+9.307e+03	+0.613
140.200	+5.111e+03	+5.991e+03	+1.158e+04	+0.540
140.300	+5.669e+03	+6.301e+03	+8.589e+03	+0.526
140.400	+5.703e+03	+6.013e+03	+9.507e+03	+0.513
140.500	+4.601e+03	+5.987e+03	+6.539e+03	+0.565
140.600	+4.109e+03	+6.829e+03	+7.985e+03	+0.624
140.700	+4.190e+03	+4.922e+03	+9.734e+03	+0.540
140.800	+4.098e+03	+5.603e+03	+9.009e+03	+0.578
140.900	+5.094e+03	+4.944e+03	+8.312e+03	+0.493
141.000	+3.446e+03	+3.881e+03	+7.766e+03	+0.530
141.100	+4.684e+03	+4.969e+03	+9.336e+03	+0.515
141.200	+4.807e+03	+6.502e+03	+8.537e+03	+0.575
141.300	+2.867e+03	+4.815e+03	+1.034e+04	+0.627
141.400	+4.143e+03	+6.510e+03	+1.009e+04	+0.611
141.500	+4.271e+03	+4.953e+03	+8.432e+03	+0.537
141.600	+4.281e+03	+6.409e+03	+7.780e+03	+0.600
141.700	+4.980e+03	+5.365e+03	+9.492e+03	+0.519
141.800	+5.045e+03	+6.376e+03	+9.434e+03	+0.558
141.900	+4.153e+03	+7.149e+03	+9.354e+03	+0.633
142.000	+5.127e+03	+4.968e+03	+9.437e+03	+0.492
142.100	+4.985e+03	+5.854e+03	+8.393e+03	+0.540
142.200	+5.414e+03	+6.144e+03	+1.023e+04	+0.532
142.300	+4.184e+03	+6.154e+03	+1.004e+04	+0.595
142.400	+4.859e+03	+4.807e+03	+1.018e+04	+0.497
142.500	+5.241e+03	+6.332e+03	+9.318e+03	+0.547
142.600	+2.316e+03	+5.416e+03	+9.256e+03	+0.700
142.700	+2.126e+03	+7.607e+03	+9.258e+03	+0.782
142.800	+1.820e+03	+8.957e+03	+8.708e+03	+0.831
142.900	+6.817e+02	+8.099e+03	+1.161e+04	+0.922
143.000	+2.010e+03	+6.638e+03	+1.014e+04	+0.768
143.100	+4.944e+02	+8.673e+03	+8.988e+03	+0.946
143.200	+6.002e+02	+7.821e+03	+9.205e+03	+0.929
143.300	+1.857e+03	+8.491e+03	+1.024e+04	+0.821
143.400	+8.253e+02	+9.703e+03	+9.100e+03	+0.922
143.500	+1.784e+03	+7.902e+03	+8.335e+03	+0.816
143.600	+1.723e+03	+9.481e+03	+9.562e+03	+0.846
143.700	+5.143e+02	+7.104e+03	+1.115e+04	+0.933
143.800	+1.571e+03	+8.365e+03	+1.178e+04	+0.842
143.900	+1.845e+03	+6.866e+03	+1.012e+04	+0.788
144.000	+9.065e+02	+9.281e+03	+8.169e+03	+0.911
144.100	+6.751e+02	+7.483e+03	+9.305e+03	+0.917
144.200	+1.192e+03	+8.420e+03	+8.920e+03	+0.876
144.300	+9.825e+02	+7.212e+03	+1.186e+04	+0.880
144.400	+2.009e+03	+5.767e+03	+9.569e+03	+0.742
144.500	+5.380e+03	+5.899e+03	+8.006e+03	+0.523
144.600	+1.448e+03	+7.536e+03	+8.864e+03	+0.839
144.700	+2.486e+03	+5.523e+03	+8.768e+03	+0.690
144.800	+1.289e+03	+8.325e+03	+9.275e+03	+0.866
144.900	+1.724e+03	+9.773e+03	+9.241e+03	+0.850
145.000	+6.297e+02	+7.562e+03	+9.814e+03	+0.923
145.100	+1.909e+03	+6.471e+03	+8.599e+03	+0.772
145.200	+2.265e+03	+9.400e+03	+1.148e+04	+0.806
145.300	+9.414e+02	+7.714e+03	+9.958e+03	+0.891
145.400	+1.475e+03	+6.208e+03	+8.020e+03	+0.808
145.500	+1.437e+03	+8.302e+03	+7.664e+03	+0.852
145.600	+1.856e+03	+6.967e+03	+9.551e+03	+0.790
145.700	+3.739e+03	+4.205e+03	+8.589e+03	+0.529
145.800	+4.864e+03	+4.301e+03	+9.814e+03	+0.469
145.900	+2.479e+03	+6.843e+03	+9.638e+03	+0.734
146.000	+1.304e+03	+6.890e+03	+6.780e+03	+0.841
146.100	+9.348e+01	+8.258e+03	+1.060e+04	+0.989
146.200	+5.630e+02	+7.265e+03	+9.717e+03	+0.928
146.300	-9.204e+02	+7.038e+03	+7.635e+03	+1.150
146.400	-2.309e+02	+9.131e+03	+8.543e+03	+1.026
146.500	+4.921e+02	+7.874e+03	+1.175e+04	+0.941
146.600	+2.487e+03	+8.788e+03	+7.279e+03	+0.779
146.700	+1.648e+03	+8.060e+03	+9.753e+03	+0.830
146.800	+7.175e+02	+7.102e+03	+1.020e+04	+0.908
146.900	+8.533e+02	+6.711e+03	+7.091e+03	+0.887
147.000	+4.381e+03	+5.621e+03	+8.150e+03	+0.562
147.100	+2.586e+03	+4.012e+03	+9.149e+03	+0.608
147.200	+4.557e+03	+5.477e+03	+9.230e+03	+0.546
147.300	+1.850e+03	+6.351e+03	+9.741e+03	+0.774
147.400	+9.511e+01	+8.962e+03	+9.965e+03	+0.989
147.500	+1.772e+03	+7.425e+03	+8.716e+03	+0.807
147.600	+1.006e+03	+8.023e+03	+1.099e+04	+0.889
147.700	+1.120e+03	+6.935e+03	+9.404e+03	+0.861
147.800	+1.666e+03	+7.955e+03	+8.612e+03	+0.827
147.900	+1.966e+03	+8.511e+03	+8.958e+03	+0.812
148.000	+1.206e+03	+7.411e+03	+1.022e+04	+0.860
148.100	+1.176e+03	+7.529e+03	+8.774e+03	+0.865
148.200	+1.321e+03	+7.475e+03	+1.050e+04	+0.850
148.300	+1.852e+03	+7.064e+03	+8.870e+03	+0.792
148.400	+7.962e+02	+7.447e+03	+9.984e+03	+0.903
148.500	+1.291e+03	+5.981e+03	+9.263e+03	+0.822
148.600	-4.455e+02	+6.890e+03	+9.585e+03	+1.069
148.700	+1.540e+03	+7.202e+03	+1.012e+04	+0.824
148.800	-4.549e+02	+6.923e+03	+8.746e+03	+1.070
148.900	+2.158e+02	+6.476e+03	+9.203e+03	+0.968
149.000	+1.730e+03	+6.900e+03	+8.868e+03	+0.800
149.100	+6.241e+02	+9.945e+03	+7.133e+03	+0.941
149.200	+1.821e+03	+8.700e+03	+1.090e+04	+0.827
149.300	-1.227e+02	+7.734e+03	+8.878e+03	+1.016
149.400	+1.108e+03	+8.270e+03	+7.650e+03	+0.882
149.500	+2.572e+03	+7.492e+03	+9.945e+03	+0.744
149.600	+1.404e+03	+7.283e+03	+8.671e+03	+0.838
149.700	+2.619e+02	+7.228e+03	+1.084e+04	+0.965
149.800	+2.031e+03	+7.389e+03	+9.480e+03	+0.784
149.900	+1.298e+02	+6.841e+03	+1.188e+04	+0.981
150.000	+1.148e+03	+8.918e+03	+1.162e+04	+0.886
150.100	+1.764e+03	+8.443e+03	+1.112e+04	+0.827
150.200	+2.688e+03	+8.293e+03	+9.864e+03	+0.755
150.300	+1.072e+03	+5.606e+03	+9.459e+03	+0.839
150.400	+2.016e+03	+7.889e+03	+1.213e+04	+0.796
150.500	+2.162e+03	+7.017e+03	+9.783e+03	+0.764
150.600	+1.033e+02	+9.104e+03	+7.241e+03	+0.989
150.700	+2.510e+02	+6.381e+03	+9.482e+03	+0.962
150.800	+1.943e+02	+7.122e+03	+1.078e+04	+0.973
150.900	+1.660e+03	+5.190e+03	+1.079e+04	+0.758
151.000	+3.770e+03	+5.149e+03	+1.012e+04	+0.577
151.100	+4.080e+03	+4.422e+03	+1.033e+04	+0.520
151.200	+4.117e+03	+6.048e+03	+1.038e+04	+0.595
151.300	+3.361e+03	+6.406e+03	+9.752e+03	+0.656
151.400	+3.062e+03	+6.315e+03	+7.839e+03	+0.673
151.500	+3.023e+03	+4.535e+03	+1.130e+04	+0.600
151.600	+3.116e+03	+5.276e+03	+9.273e+03	+0.629
151.700	+4.364e+03	+5.341e+03	+7.636e+03	+0.550
151.800	+3.903e+03	+4.594e+03	+8.700e+03	+0.541
151.900	+2.873e+03	+6.185e+03	+9.654e+03	+0.683
152.000	+3.258e+03	+6.217e+03	+1.030e+04	+0.656
152.100	+3.411e+03	+4.783e+03	+1.028e+04	+0.584
152.200	+5.006e+03	+5.358e+03	+9.470e+03	+0.517
152.300	+5.554e+03	+4.629e+03	+1.080e+04	+0.455
152.400	+3.726e+03	+5.243e+03	+8.258e+03	+0.585
152.500	+4.940e+03	+4.329e+03	+7.984e+03	+0.467
152.600	+5.231e+03	+5.807e+03	+8.876e+03	+0.526
152.700	+5.504e+03	+4.465e+03	+9.364e+03	+0.448
152.800	+3.987e+03	+5.406e+03	+7.826e+03	+0.576
152.900	+3.979e+03	+4.197e+03	+9.889e+03	+0.513
153.000	+2.114e+03	+7.790e+03	+8.335e+03	+0.787
153.100	+1.520e+03	+7.863e+03	+1.122e+04	+0.838
153.200	+2.383e+03	+8.241e+03	+7.391e+03	+0.776
153.300	+1.645e+03	+6.917e+03	+7.869e+03	+0.808
153.400	+2.727e+03	+7.476e+03	+1.165e+04	+0.733
153.500	+7.580e+02	+9.899e+03	+1.065e+04	+0.929
153.600	+1.322e+03	+6.623e+03	+9.074e+03	+0.834
153.700	+1.767e+03	+8.532e+03	+8.118e+03	+0.828
153.800	+4.384e+02	+7.274e+03	+8.433e+03	+0.943
153.900	+4.896e+02	+8.088e+03	+1.025e+04	+0.943
154.000	+1.458e+03	+9.454e+03	+6.847e+03	+0.866
154.100	+6.512e+02	+8.732e+03	+1.104e+04	+0.931
154.200	+8.680e+02	+9.086e+03	+8.468e+03	+0.913
154.300	+1.500e+03	+7.928e+03	+1.005e+04	+0.841
154.400	+1.681e+03	+8.002e+03	+9.572e+03	+0.826
154.500	+2.594e+01	+7.010e+03	+8.104e+03	+0.996
154.600	+9.072e+02	+6.003e+03	+1.071e+04	+0.869
154.700	+1.021e+03	+9.995e+03	+9.723e+03	+0.907
154.800	+7.126e+02	+7.692e+03	+8.689e+03	+0.915
154.900	+1.320e+03	+8.283e+03	+7.366e+03	+0.863
155.000	+2.412e+03	+6.309e+03	+9.177e+03	+0.723
155.100	+5.082e+01	+9.777e+03	+8.865e+03	+0.995
155.200	+1.049e+03	+6.314e+03	+7.682e+03	+0.858
155.300	+1.487e+03	+6.022e+03	+1.030e+04	+0.802
155.400	+5.306e+02	+6.842e+03	+8.854e+03	+0.928
155.500	+2.947e+02	+8.652e+03	+7.922e+03	+0.967
155.600	+7.275e+02	+9.064e+03	+9.376e+03	+0.926
155.700	+5.132e+01	+5.596e+03	+8.592e+03	+0.991
155.800	+6.943e+02	+7.690e+03	+7.425e+03	+0.917
155.900	+2.601e+03	+6.150e+03	+8.287e+03	+0.703
156.000	+7.046e+02	+5.474e+03	+9.838e+03	+0.886
156.100	-3.215e+02	+6.222e+03	+7.676e+03	+1.054
156.200	+1.627e+03	+8.023e+03	+8.837e+03	+0.831
156.300	+2.055e+03	+8.439e+03	+8.062e+03	+0.804
156.400	+7.880e+02	+7.658e+03	+9.988e+03	+0.907
156.500	+1.767e+03	+1.127e+04	+9.723e+03	+0.864
156.600	-1.193e+02	+1.009e+04	+8.522e+03	+1.012
156.700	+3.301e+02	+8.114e+03	+8.335e+03	+0.961
156.800	+2.877e+03	+7.213e+03	+1.289e+04	+0.715
156.900	+1.250e+03	+8.124e+03	+8.286e+03	+0.867
157.000	+2.056e+03	+7.223e+03	+1.074e+04	+0.778
157.100	+2.631e+02	+8.062e+03	+1.164e+04	+0.968
157.200	+4.006e+02	+7.104e+03	+9.524e+03	+0.947
157.300	+7.141e+02	+7.365e+03	+1.067e+04	+0.912
157.400	+5.680e+02	+8.413e+03	+1.126e+04	+0.937
157.500	-1.803e+02	+7.871e+03	+9.703e+03	+1.023
157.600	+8.281e+02	+8.432e+03	+9.852e+03	+0.911
157.700	+1.294e+03	+7.788e+03	+9.229e+03	+0.858
157.800	-1.196e+03	+9.956e+03	+8.276e+03	+1.137
157.900	+1.515e+03	+6.936e+03	+9.778e+03	+0.821
158.000	+2.796e+02	+8.076e+03	+7.230e+03	+0.967
158.100	+6.031e+02	+7.522e+03	+9.684e+03	+0.926
158.200	+1.201e+03	+8.253e+03	+8.301e+03	+0.873
158.300	+9.619e+02	+7.434e+03	+8.243e+03	+0.885
158.400	+3.237e+02	+8.047e+03	+9.454e+03	+0.961
158.500	+6.877e+02	+8.935e+03	+9.776e+03	+0.929
158.600	+2.442e+03	+7.820e+03	+9.249e+03	+0.762
158.700	+2.413e+03	+7.500e+03	+9.365e+03	+0.757
158.800	+7.499e+02	+6.494e+03	+1.005e+04	+0.896
158.900	+1.671e+03	+7.106e+03	+9.695e+03	+0.810
159.000	+1.074e+03	+7.690e+03	+1.017e+04	+0.877
159.100	+3.400e+02	+1.048e+04	+7.635e+03	+0.969
159.200	+8.769e+02	+5.878e+03	+8.719e+03	+0.870
159.300	+1.297e+03	+8.376e+03	+1.002e+04	+0.866
159.400	+6.031e+02	+8.046e+03	+1.020e+04	+0.930
159.500	+3.062e+03	+5.310e+03	+7.792e+03	+0.634
159.600	+2.490e+03	+8.136e+03	+7.728e+03	+0.766
159.700	+1.198e+03	+7.938e+03	+9.594e+03	+0.869
159.800	+1.218e+03	+5.776e+03	+9.279e+03	+0.826
159.900	+2.588e+02	+8.160e+03	+8.618e+03	+0.969
160.000	+2.825e+02	+7.806e+03	+1.097e+04	+0.965
160.100	+1.842e+03	+6.688e+03	+9.625e+03	+0.784
160.200	+9.098e+02	+8.240e+03	+1.044e+04	+0.901
160.300	+1.900e+03	+7.531e+03	+8.979e+03	+0.799
160.400	+1.975e+02	+9.671e+03	+1.195e+04	+0.980
160.500	+2.084e+03	+6.912e+03	+9.084e+03	+0.768
160.600	+1.184e+03	+1.029e+04	+1.123e+04	+0.897
160.700	+7.534e+02	+8.675e+03	+1.094e+04	+0.920
160.800	+8.811e-01	+7.388e+03	+1.191e+04	+1.000
160.900	-5.216e+02	+9.355e+03	+7.795e+03	+1.059
161.000	+1.045e+03	+7.305e+03	+7.592e+03	+0.875
161.100	+1.590e+03	+6.782e+03	+7.701e+03	+0.810
161.200	-1.602e+03	+6.202e+03	+9.320e+03	+1.348
161.300	+1.348e+03	+8.083e+03	+1.039e+04	+0.857
161.400	+8.061e+01	+8.824e+03	+1.076e+04	+0.991
161.500	+8.496e+02	+8.170e+03	+8.636e+03	+0.906
161.600	+3.944e+02	+7.671e+03	+1.130e+04	+0.951
161.700	+2.731e+03	+9.406e+03	+7.913e+03	+0.775
161.800	+1.352e+03	+6.923e+03	+9.079e+03	+0.837
161.900	+1.298e+03	+6.760e+03	+1.143e+04	+0.839
162.000	-2.279e+01	+7.633e+03	+1.290e+04	+1.003
162.100	+1.002e+03	+8.702e+03	+1.038e+04	+0.897
162.200	+1.699e+03	+9.737e+03	+9.868e+03	+0.851
162.300	+1.181e+03	+8.583e+03	+9.269e+03	+0.879
162.400	+8.552e+02	+8.096e+03	+8.420e+03	+0.904
162.500	+2.230e+03	+9.076e+03	+1.019e+04	+0.803
162.600	+1.174e+03	+6.786e+03	+9.036e+03	+0.853
162.700	+1.423e+03	+7.793e+03	+9.249e+03	+0.846
162.800	-5.113e+02	+8.788e+03	+9.228e+03	+1.062
162.900	+7.538e+02	+8.899e+03	+1.040e+04	+0.922
163.000	+1.054e+03	+9.729e+03	+1.036e+04	+0.902
163.100	+1.070e+03	+8.373e+03	+8.707e+03	+0.887
163.200	+9.041e+02	+7.296e+03	+9.156e+03	+0.890
163.300	+1.275e+03	+1.023e+04	+9.288e+03	+0.889
163.400	+1.425e+03	+7.544e+03	+9.642e+03	+0.841
163.500	+2.356e+03	+7.799e+03	+9.019e+03	+0.768
163.600	+1.539e+03	+7.805e+03	+1.020e+04	+0.835
163.700	+1.246e+03	+8.567e+03	+8.285e+03	+0.873
163.800	+4.951e+03	+6.549e+03	+8.213e+03	+0.569
163.900	+3.768e+03	+5.912e+03	+1.035e+04	+0.611
164.000	+4.797e+03	+5.145e+03	+1.004e+04	+0.517
164.100	+3.369e+03	+4.652e+03	+9.514e+03	+0.580
164.200	+3.318e+03	+5.805e+03	+8.079e+03	+0.636
164.300	+3.747e+03	+5.818e+03	+8.361e+03	+0.608
164.400	+4.215e+03	+5.186e+03	+9.325e+03	+0.552
164.500	+4.181e+03	+3.380e+03	+7.417e+03	+0.447
164.600	+2.920e+03	+5.125e+03	+6.549e+03	+0.637
164.700	+4.355e+03	+5.716e+03	+7.883e+03	+0.568
164.800	+7.173e+03	+1.945e+03	+8.292e+03	+0.213
164.900	+7.817e+03	-6.281e+02	+1.113e+04	-0.087
165.000	+8.820e+03	+2.542e+03	+9.404e+03	+0.224
165.100	+6.364e+03	+9.899e+02	+1.177e+04	+0.135
165.200	+6.404e+03	+1.520e+03	+1.051e+04	+0.192
165.300	+9.205e+03	+1.480e+03	+8.074e+03	+0.138
165.400	+7.702e+03	+1.216e+03	+8.981e+03	+0.136
165.500	+8.076e+03	+1.169e+03	+1.049e+04	+0.126
165.600	+8.515e+03	+1.246e+03	+9.487e+03	+0.128
165.700	+7.528e+03	+4.587e+02	+1.119e+04	+0.057
165.800	+6.960e+03	+6.005e+02	+9.975e+03	+0.079
165.900	+8.201e+03	+9.715e+02	+8.883e+03	+0.106
166.000	+5.537e+03	+3.175e+02	+9.657e+03	+0.054
166.100	+6.527e+03	+4.998e+03	+8.403e+03	+0.434
166.200	+4.502e+03	+4.861e+03	+8.154e+03	+0.519
166.300	+5.818e+03	+4.586e+03	+8.818e+03	+0.441
166.400	+3.550e+03	+4.488e+03	+8.824e+03	+0.558
166.500	+3.314e+03	+5.136e+03	+1.109e+04	+0.608
166.600	+4.253e+03	+5.595e+03	+9.004e+03	+0.568
166.700	+3.172e+03	+6.350e+03	+1.124e+04	+0.667
166.800	+3.099e+03	+5.952e+03	+9.772e+03	+0.658
166.900	+3.903e+03	+5.528e+03	+8.746e+03	+0.586
167.000	+4.671e+03	+4.066e+03	+1.093e+04	+0.465
167.100	+5.174e+03	+5.761e+03	+9.119e+03	+0.527
167.200	+3.972e+03	+6.900e+03	+9.677e+03	+0.635
167.300	+4.357e+03	+5.145e+03	+8.005e+03	+0.541
167.400	+5.661e+03	+7.050e+03	+8.949e+03	+0.555
167.500	+3.142e+03	+6.071e+03	+1.094e+04	+0.659
167.600	+3.481e+03	+5.475e+03	+9.846e+03	+0.611
167.700	+3.856e+03	+4.946e+03	+7.418e+03	+0.562
167.800	+3.688e+03	+6.474e+03	+1.123e+04	+0.637
167.900	+4.271e+02	+7.113e+03	+9.615e+03	+0.943
168.000	+1.195e+03	+7.049e+03	+9.068e+03	+0.855
168.100	+5.405e+03	+3.069e+03	+8.883e+03	+0.362
168.200	+8.666e+03	-4.927e+02	+9.786e+03	-0.060
168.300	+8.138e+03	+8.341e+02	+9.976e+03	+0.093
168.400	+7.755e+03	+4.752e+02	+1.097e+04	+0.058
168.500	+7.994e+03	+2.730e+03	+8.770e+03	+0.255
168.600	+7.800e+03	+2.272e+03	+7.994e+03	+0.226
168.700	+4.971e+03	+5.880e+02	+7.817e+03	+0.106
168.800	+9.304e+03	+9.471e+02	+1.223e+04	+0.092
168.900	+8.357e+03	-1.871e+02	+9.659e+03	-0.023
169.000	+8.028e+03	+7.714e+02	+1.215e+04	+0.088
169.100	+7.860e+03	+1.365e+03	+1.044e+04	+0.148
169.200	+7.332e+03	+1.754e+03	+8.366e+03	+0.193
169.300	+5.409e+03	+1.598e+03	+1.069e+04	+0.228
169.400	+8.687e+03	+6.824e+02	+9.913e+03	+0.073
169.500	+6.814e+03	+2.604e+02	+1.061e+04	+0.037
169.600	+7.776e+03	+1.290e+03	+9.916e+03	+0.142
169.700	+8.042e+03	+7.054e+01	+7.695e+03	+0.009
169.800	+6.642e+03	+2.240e+03	+7.588e+03	+0.252
169.900	+1.428e+03	+7.687e+03	+9.305e+03	+0.843
170.000	+9.549e+02	+6.922e+03	+1.023e+04	+0.879
170.100	+2.572e+02	+7.437e+03	+1.011e+04	+0.967
170.200	+2.350e+02	+7.777e+03	+1.020e+04	+0.971
170.300	+7.983e+02	+7.028e+03	+8.139e+03	+0.898
170.400	+1.597e+02	+6.717e+03	+7.477e+03	+0.977
170.500	+1.609e+03	+7.323e+03	+9.927e+03	+0.820
170.600	+1.393e+02	+1.053e+04	+9.830e+03	+0.987
170.700	+1.639e+03	+7.538e+03	+9.854e+03	+0.821
170.800	+1.613e+03	+7.243e+03	+9.227e+03	+0.818
170.900	+1.357e+03	+5.470e+03	+8.837e+03	+0.801
171.000	+7.447e+02	+7.354e+03	+7.006e+03	+0.908
171.100	+1.211e+03	+8.183e+03	+9.178e+03	+0.871
171.200	+1.690e+03	+9.252e+03	+8.371e+03	+0.846
171.300	+2.809e+03	+4.658e+03	+9.619e+03	+0.624
171.400	+2.353e+03	+5.701e+03	+7.917e+03	+0.708
171.500	+1.462e+03	+9.117e+03	+1.104e+04	+0.862
171.600	+1.641e+03	+6.448e+03	+7.403e+03	+0.797
171.700	+2.847e+02	+5.291e+03	+8.852e+03	+0.949
171.800	+3.486e+01	+7.495e+03	+9.288e+03	+0.995
171.900	+2.103e+03	+7.690e+03	+8.432e+03	+0.785
172.000	+4.958e+02	+6.571e+03	+1.029e+04	+0.930
172.100	-8.085e+01	+9.505e+03	+9.076e+03	+1.009
172.200	+2.047e+03	+7.259e+03	+8.382e+03	+0.780
172.300	+1.325e+03	+5.959e+03	+8.458e+03	+0.818
172.400	+2.111e+03	+7.989e+03	+7.547e+03	+0.791
172.500	+2.159e+03	+6.679e+03	+7.194e+03	+0.756
172.600	+1.268e+03	+7.457e+03	+1.161e+04	+0.855
172.700	+5.639e+02	+6.741e+03	+8.121e+03	+0.923
172.800	+1.172e+03	+8.288e+03	+1.121e+04	+0.876
172.900	+6.392e+02	+6.348e+03	+8.130e+03	+0.909
173.000	+8.273e+02	+8.145e+03	+9.323e+03	+0.908
173.100	+4.301e+02	+7.066e+03	+7.684e+03	+0.943
173.200	+1.697e+03	+6.924e+03	+9.597e+03	+0.803
173.300	+1.797e+03	+7.244e+03	+1.206e+04	+0.801
173.400	+9.383e+02	+6.748e+03	+9.906e+03	+0.878
173.500	+1.158e+03	+7.364e+03	+8.327e+03	+0.864
173.600	+1.750e+03	+7.836e+03	+8.630e+03	+0.817
173.700	+1.902e+03	+6.865e+03	+1.028e+04	+0.783
173.800	+1.716e+03	+7.969e+03	+1.085e+04	+0.823
173.900	+8.741e+02	+7.197e+03	+1.017e+04	+0.892
174.000	+1.333e+03	+7.097e+03	+1.086e+04	+0.842
174.100	+1.155e+03	+8.149e+03	+1.132e+04	+0.876
174.200	+3.158e+02	+6.156e+03	+9.314e+03	+0.951
174.300	+1.890e+03	+9.806e+03	+7.278e+03	+0.838
174.400	+3.660e+02	+7.716e+03	+8.492e+03	+0.955
174.500	+1.991e+03	+6.326e+03	+8.293e+03	+0.761
174.600	+2.512e+03	+9.282e+03	+1.122e+04	+0.787
174.700	+1.457e+03	+7.380e+03	+9.396e+03	+0.835
174.800	+3.234e+02	+8.193e+03	+1.004e+04	+0.962
174.900	+4.006e+03	+5.112e+03	+9.216e+03	+0.561
175.000	+4.957e+03	+5.307e+03	+6.189e+03	+0.517
175.100	+5.048e+03	+5.181e+03	+9.264e+03	+0.506
175.200	+5.122e+03	+7.330e+03	+7.906e+03	+0.589
175.300	+4.359e+03	+5.430e+03	+7.750e+03	+0.555
175.400	+3.790e+03	+4.882e+03	+8.262e+03	+0.563
175.500	+5.131e+03	+5.063e+03	+1.103e+04	+0.497
175.600	+4.763e+03	+5.479e+03	+8.543e+03	+0.535
175.700	+5.160e+03	+5.032e+03	+1.093e+04	+0.494
175.800	+6.652e+03	+5.307e+03	+8.339e+03	+0.444
175.900	+4.121e+03	+5.061e+03	+1.147e+04	+0.551
176.000	+8.180e+03	+1.339e+02	+1.077e+04	+0.016
176.100	+7.013e+03	+3.188e+02	+9.784e+03	+0.043
176.200	+8.131e+03	+2.082e+03	+1.024e+04	+0.204
176.300	+7.320e+03	+1.106e+03	+1.038e+04	+0.131
176.400	+8.265e+03	+3.869e+01	+7.723e+03	+0.005
176.500	+8.230e+03	+4.068e+02	+9.861e+03	+0.047
176.600	+9.826e+03	+3.374e+02	+1.202e+04	+0.033
176.700	+9.226e+03	-2.367e+02	+1.090e+04	-0.026
176.800	+7.244e+03	-1.293e+03	+7.159e+03	-0.217
176.900	+8.441e+03	+2.032e+03	+9.059e+03	+0.194
177.000	+8.734e+03	+7.187e+02	+1.018e+04	+0.076
177.100	+6.892e+03	+6.154e+02	+9.221e+03	+0.082
177.200	+7.550e+03	-4.933e+02	+9.894e+03	-0.070
177.300	+7.355e+03	+4.718e+02	+9.789e+03	+0.060
177.400	+1.039e+04	-2.346e+00	+1.164e+04	-0.000
177.500	+8.042e+03	+7.536e+02	+1.177e+04	+0.086
177.600	+8.709e+03	+9.091e+02	+1.058e+04	+0.095
177.700	+5.786e+03	+1.415e+03	+7.863e+03	+0.197
177.800	+5.937e+03	+3.041e+02	+1.027e+04	+0.049
177.900	+7.373e+03	+1.322e+03	+1.276e+04	+0.152
178.000	+8.933e+03	+1.245e+03	+1.179e+04	+0.122
178.100	+8.258e+03	+1.676e+02	+9.828e+03	+0.020
178.200	+7.445e+03	+3.492e+02	+1.013e+04	+0.045
178.300	+7.702e+03	+2.423e+02	+9.531e+03	+0.030
178.400	+8.600e+03	+1.031e+03	+1.010e+04	+0.107
178.500	+8.749e+03	+1.435e+03	+1.264e+04	+0.141
178.600	+8.031e+03	+1.690e+02	+8.085e+03	+0.021
178.700	+7.738e+03	+8.679e+02	+8.596e+03	+0.101
178.800	+7.518e+03	+5.782e+02	+9.977e+03	+0.071
178.900	+7.923e+03	+2.742e+02	+9.918e+03	+0.033
179.000	+3.586e+03	+7.267e+03	+9.930e+03	+0.670
179.100	+5.276e+02	+6.910e+03	+1.071e+04	+0.929
179.200	-6.596e+02	+1.055e+04	+8.503e+03	+1.067
179.300	+9.016e+02	+8.565e+03	+9.817e+03	+0.905
179.400	+2.721e+03	+3.523e+03	+8.602e+03	+0.564
179.500	+4.357e+03	+7.224e+03	+1.014e+04	+0.624
179.600	+5.467e+03	+8.185e+03	+9.687e+03	+0.600
179.700	+3.764e+03	+5.785e+03	+1.037e+04	+0.606
179.800	+4.858e+03	+5.908e+03	+8.025e+03	+0.549
179.900	+4.938e+03	+6.746e+03	+9.548e+03	+0.577
180.000	+3.516e+03	+5.545e+03	+8.368e+03	+0.612
180.100	+3.778e+03	+5.494e+03	+6.904e+03	+0.593
180.200	+4.569e+03	+6.502e+03	+1.081e+04	+0.587
180.300	+5.046e+03	+6.305e+03	+9.659e+03	+0.555
180.400	+4.809e+03	+5.368e+03	+8.352e+03	+0.527
180.500	+4.169e+03	+5.684e+03	+7.288e+03	+0.577
180.600	+2.677e+03	+6.601e+03	+1.022e+04	+0.711
180.700	+1.913e+03	+5.970e+03	+1.019e+04	+0.757
180.800	+1.289e+02	+8.917e+03	+9.244e+03	+0.986
180.900	-2.438e+02	+6.896e+03	+1.115e+04	+1.037
181.000	+6.624e+02	+7.939e+03	+9.352e+03	+0.923
181.100	+1.398e+02	+6.921e+03	+1.001e+04	+0.980
181.200	-2.681e+02	+8.931e+03	+1.092e+04	+1.031
181.300	+4.683e+02	+9.275e+03	+1.008e+04	+0.952
181.400	+5.268e+02	+7.647e+03	+1.005e+04	+0.936
181.500	+2.927e+02	+8.117e+03	+1.113e+04	+0.965
181.600	+1.915e+03	+7.873e+03	+8.511e+03	+0.804
181.700	-2.269e+02	+8.127e+03	+1.081e+04	+1.029
181.800	+1.205e+03	+7.393e+03	+1.131e+04	+0.860
181.900	+1.745e+03	+7.752e+03	+1.087e+04	+0.816
182.000	-5.417e+02	+7.547e+03	+8.964e+03	+1.077
182.100	-3.511e+02	+7.382e+03	+1.051e+04	+1.050
182.200	+1.564e+03	+6.780e+03	+8.402e+03	+0.813
182.300	+1.651e+03	+6.111e+03	+9.822e+03	+0.787
182.400	+2.117e+03	+8.820e+03	+9.484e+03	+0.806
182.500	-5.125e+02	+5.963e+03	+8.756e+03	+1.094
182.600	+6.248e+02	+8.959e+03	+1.098e+04	+0.935
182.700	+1.867e+03	+8.575e+03	+8.904e+03	+0.821
182.800	+2.094e+03	+9.133e+03	+8.938e+03	+0.813
182.900	+1.368e+03	+7.519e+03	+7.524e+03	+0.846
183.000	+1.566e+03	+7.542e+03	+8.370e+03	+0.828
183.100	+7.348e+02	+7.760e+03	+9.875e+03	+0.913
183.200	+5.057e+02	+9.076e+03	+9.868e+03	+0.947
183.300	+2.548e+03	+7.145e+03	+9.038e+03	+0.737
183.400	+1.925e+03	+7.818e+03	+1.251e+04	+0.802
183.500	+2.202e+03	+8.707e+03	+1.097e+04	+0.798
183.600	+1.434e+03	+8.010e+03	+9.350e+03	+0.848
183.700	+4.186e+03	+5.147e+03	+7.810e+03	+0.551
183.800	+4.797e+03	+4.808e+03	+8.199e+03	+0.501
183.900	+3.619e+03	+6.974e+03	+8.443e+03	+0.658
184.000	+4.831e+03	+3.932e+03	+9.952e+03	+0.449
184.100	+6.631e+03	+1.390e+03	+8.087e+03	+0.173
184.200	+6.973e+03	+4.885e+02	+9.904e+03	+0.065
184.300	+9.528e+03	+7.497e+02	+8.349e+03	+0.073
184.400	+4.113e+03	+4.447e+03	+9.265e+03	+0.520
184.500	+8.786e+03	+2.860e+03	+1.054e+04	+0.246
184.600	+9.508e+03	+2.680e+02	+1.009e+04	+0.027
184.700	+1.012e+04	+9.311e+02	+1.188e+04	+0.084
184.800	+9.284e+03	+3.035e+03	+1.124e+04	+0.246
184.900	+7.491e+03	+6.011e+02	+1.244e+04	+0.074
185.000	+8.643e+03	+9.125e+02	+9.961e+03	+0.095
185.100	+8.632e+03	+6.567e+02	+9.995e+03	+0.071
185.200	+8.056e+03	+3.737e+02	+1.235e+04	+0.044
185.300	+8.494e+03	+8.412e+02	+1.309e+04	+0.090
185.400	+1.034e+04	+1.850e+03	+9.465e+03	+0.152
185.500	+7.244e+03	+7.853e+02	+1.063e+04	+0.098
185.600	+7.399e+03	+1.277e+03	+7.626e+03	+0.147
185.700	+5.085e+03	+6.714e+02	+8.924e+03	+0.117
185.800	+6.884e+03	+7.604e+02	+1.027e+04	+0.099
185.900	+8.683e+03	+1.613e+03	+1.157e+04	+0.157
186.000	+8.439e+03	+3.434e+01	+8.527e+03	+0.004
186.100	+7.989e+03	+2.720e+02	+1.164e+04	+0.033
186.200	+6.710e+03	-9.397e+02	+9.315e+03	-0.163
186.300	+8.432e+03	+9.244e+02	+1.176e+04	+0.099
186.400	+8.212e+03	+7.413e+02	+9.689e+03	+0.083
186.500	+7.297e+03	-3.735e+02	+7.534e+03	-0.054
186.600	+9.089e+03	+1.482e+02	+9.778e+03	+0.016
186.700	+7.346e+03	+6.849e+02	+1.172e+04	+0.085
186.800	+8.656e+03	+9.590e+02	+8.990e+03	+0.100
186.900	+1.026e+04	+7.489e+01	+9.634e+03	+0.007
187.000	+8.714e+03	-1.803e+02	+1.013e+04	-0.021
187.100	+7.457e+03	-3.826e+02	+1.123e+04	-0.054
187.200	+9.071e+03	+1.434e+03	+7.037e+03	+0.137
187.300	+9.483e+03	-3.868e+02	+1.099e+04	-0.043
187.400	+9.151e+03	-8.050e+01	+1.182e+04	-0.009
187.500	+9.073e+03	+1.109e+03	+8.831e+03	+0.109
187.600	+8.527e+03	+1.161e+03	+1.094e+04	+0.120
187.700	+8.144e+03	+7.031e+02	+1.050e+04	+0.079
187.800	+8.781e+03	+3.644e+02	+1.108e+04	+0.040
187.900	+8.592e+03	+1.885e+03	+1.010e+04	+0.180
188.000	+8.464e+03	+4.421e+02	+9.904e+03	+0.050
188.100	+8.624e+03	-1.453e+02	+8.526e+03	-0.017
188.200	+9.717e+03	-1.530e+02	+1.200e+04	-0.016
188.300	+7.266e+03	+1.882e+02	+9.581e+03	+0.025
188.400	+7.186e+03	+1.430e+03	+9.776e+03	+0.166
188.500	+8.050e+03	+1.370e+03	+9.608e+03	+0.145
188.600	+8.968e+03	-5.574e+02	+1.119e+04	-0.066
188.700	+7.402e+03	+1.658e+02	+1.288e+04	+0.022
188.800	+8.477e+03	+1.207e+03	+9.319e+03	+0.125
188.900	+7.175e+03	+3.544e+02	+7.956e+03	+0.047
189.000	+7.360e+03	+9.970e+02	+1.142e+04	+0.119
189.100	+8.374e+03	+2.004e+03	+8.281e+03	+0.193
189.200	+6.867e+03	+5.143e+02	+1.171e+04	+0.070
189.300	+6.517e+03	+1.059e+03	+9.984e+03	+0.140
189.400	+4.552e+03	+6.156e+03	+9.499e+03	+0.575
189.500	+5.684e+03	+6.974e+03	+7.174e+03	+0.551
189.600	+3.347e+03	+4.537e+03	+9.414e+03	+0.575
189.700	+5.576e+03	+4.189e+03	+8.815e+03	+0.429
189.800	+5.020e+03	+6.523e+03	+9.492e+03	+0.565
189.900	+5.291e+03	+4.761e+03	+1.058e+04	+0.474
190.000	+4.415e+03	+4.486e+03	+8.605e+03	+0.504
190.100	+3.834e+03	+7.345e+03	+8.419e+03	+0.657
190.200	+4.604e+03	+5.640e+03	+8.491e+03	+0.551
190.300	+4.911e+03	+6.427e+03	+7.477e+03	+0.567
190.400	+4.961e+03	+7.122e+03	+7.888e+03	+0.589
190.500	+4.765e+03	+5.972e+03	+9.149e+03	+0.556
190.600	+6.076e+03	+5.605e+03	+1.082e+04	+0.480
190.700	+2.550e+03	+7.250e+03	+1.029e+04	+0.740
190.800	+3.742e+03	+4.661e+03	+7.317e+03	+0.555
190.900	+5.792e+03	+6.610e+03	+8.701e+03	+0.533
191.000	+4.964e+03	+4.268e+03	+8.331e+03	+0.462
191.100	+4.776e+03	+4.745e+03	+1.122e+04	+0.498
191.200	+4.774e+03	+5.522e+03	+8.422e+03	+0.536
191.300	+3.192e+03	+5.972e+03	+7.402e+03	+0.652
191.400	+2.076e+03	+5.290e+03	+8.655e+03	+0.718
191.500	+1.485e+03	+6.803e+03	+1.095e+04	+0.821
191.600	+9.249e+02	+7.863e+03	+8.882e+03	+0.895
191.700	+2.349e+03	+7.200e+03	+8.662e+03	+0.754
191.800	+1.171e+03	+9.346e+03	+9.411e+03	+0.889
191.900	+7.317e+02	+7.719e+03	+9.053e+03	+0.913
192.000	+1.653e+03	+8.576e+03	+9.783e+03	+0.838
192.100	+8.667e+02	+8.925e+03	+6.097e+03	+0.911
192.200	-1.317e+02	+7.775e+03	+1.066e+04	+1.017
192.300	+1.569e+02	+7.003e+03	+9.994e+03	+0.978
192.400	-3.861e+02	+7.972e+03	+9.716e+03	+1.051
192.500	+1.305e+03	+7.107e+03	+9.563e+03	+0.845
192.600	+6.565e+02	+7.992e+03	+1.172e+04	+0.924
192.700	+1.231e+03	+5.901e+03	+9.103e+03	+0.827
192.800	+3.010e+03	+7.833e+03	+8.108e+03	+0.722
192.900	+4.225e+03	+5.679e+03	+8.901e+03	+0.573
193.000	+3.234e+03	+5.138e+03	+8.620e+03	+0.614
193.100	+6.245e+03	+6.389e+03	+9.105e+03	+0.506
193.200	+4.369e+03	+5.147e+03	+7.743e+03	+0.541
193.300	+1.907e+03	+6.787e+03	+7.454e+03	+0.781
193.400	+2.153e+03	+6.286e+03	+8.971e+03	+0.745
193.500	+4.882e+02	+7.408e+03	+8.667e+03	+0.938
193.600	+1.401e+03	+9.600e+03	+8.800e+03	+0.873
193.700	-1.583e+02	+6.944e+03	+8.870e+03	+1.023
193.800	+1.778e+03	+6.643e+03	+6.371e+03	+0.789
193.900	+1.511e+03	+5.870e+03	+7.496e+03	+0.795
194.000	+1.015e+03	+8.551e+03	+1.104e+04	+0.894
194.100	+1.051e+03	+9.733e+03	+8.220e+03	+0.903
194.200	+1.425e+03	+7.791e+03	+8.160e+03	+0.845
194.300	+6.056e+02	+9.250e+03	+9.558e+03	+0.939
194.400	-7.806e+02	+7.858e+03	+9.111e+03	+1.110
194.500	+1.920e+03	+7.942e+03	+9.599e+03	+0.805
194.600	-2.751e+01	+6.113e+03	+7.883e+03	+1.005
194.700	+1.751e+03	+7.925e+03	+1.043e+04	+0.819
194.800	+1.205e+03	+7.337e+03	+1.057e+04	+0.859
194.900	+9.147e+02	+9.160e+03	+8.265e+03	+0.909
195.000	+3.175e+02	+8.317e+03	+9.339e+03	+0.963
195.100	+2.077e+03	+6.416e+03	+6.929e+03	+0.755
195.200	+2.376e+03	+5.845e+03	+1.002e+04	+0.711
195.300	+8.295e+02	+7.312e+03	+8.899e+03	+0.898
195.400	+1.294e+03	+7.130e+03	+8.624e+03	+0.846
195.500	+1.495e+03	+6.059e+03	+8.848e+03	+0.802
195.600	+1.037e+03	+6.950e+03	+9.029e+03	+0.870
195.700	+8.383e+01	+6.853e+03	+9.451e+03	+0.988
195.800	+8.497e+02	+8.303e+03	+6.243e+03	+0.907
195.900	-4.814e+02	+8.057e+03	+1.007e+04	+1.064
196.000	+3.656e+02	+7.458e+03	+1.023e+04	+0.953
196.100	-9.531e+02	+9.442e+03	+9.897e+03	+1.112
196.200	+1.860e+03	+9.337e+03	+8.251e+03	+0.834
196.300	+8.582e+02	+7.490e+03	+1.048e+04	+0.897
196.400	+1.687e+02	+9.099e+03	+1.034e+04	+0.982
196.500	+3.628e+02	+7.597e+03	+1.198e+04	+0.954
196.600	+1.045e+03	+6.462e+03	+8.282e+03	+0.861
196.700	+1.166e+03	+9.466e+03	+8.274e+03	+0.890
196.800	-1.234e+02	+7.188e+03	+8.092e+03	+1.017
196.900	+1.467e+03	+7.883e+03	+7.616e+03	+0.843
197.000	+9.763e+02	+7.753e+03	+9.920e+03	+0.888
197.100	+1.972e+03	+8.040e+03	+7.848e+03	+0.803
197.200	+2.011e+03	+9.908e+03	+9.248e+03	+0.831
197.300	+1.963e+02	+8.066e+03	+8.863e+03	+0.976
197.400	+1.629e+03	+7.640e+03	+9.846e+03	+0.824
197.500	+9.014e+02	+7.204e+03	+9.786e+03	+0.889
197.600	+1.393e+03	+8.839e+03	+8.631e+03	+0.864
197.700	+7.418e+02	+7.806e+03	+1.120e+04	+0.913
197.800	+2.386e+03	+7.511e+03	+9.502e+03	+0.759
197.900	+3.564e+03	+5.309e+03	+1.017e+04	+0.598
198.000	+6.440e+03	+4.941e+03	+7.698e+03	+0.434
198.100	+4.074e+03	+4.853e+03	+8.835e+03	+0.544
198.200	+5.513e+03	+6.095e+03	+1.040e+04	+0.525
198.300	+4.864e+03	+6.388e+03	+1.006e+04	+0.568
198.400	+4.913e+03	+5.556e+03	+7.443e+03	+0.531
198.500	+4.221e+03	+5.799e+03	+9.466e+03	+0.579
198.600	+4.109e+03	+5.646e+03	+9.310e+03	+0.579
198.700	+3.247e+03	+6.071e+03	+7.559e+03	+0.652
198.800	+4.757e+03	+6.001e+03	+1.104e+04	+0.558
198.900	+5.965e+03	+2.462e+03	+1.009e+04	+0.292
199.000	+4.087e+03	+4.961e+03	+8.711e+03	+0.548
199.100	+5.242e+03	+5.694e+03	+9.622e+03	+0.521
199.200	+3.652e+03	+4.238e+03	+9.209e+03	+0.537
199.300	+3.506e+03	+5.264e+03	+7.915e+03	+0.600
199.400	+4.052e+03	+6.388e+03	+8.164e+03	+0.612
199.500	+2.548e+03	+7.017e+03	+9.165e+03	+0.734
199.600	+5.838e+02	+6.065e+03	+9.051e+03	+0.912
199.700	-2.615e+02	+8.983e+03	+7.666e+03	+1.030
199.800	+1.025e+03	+7.569e+03	+1.089e+04	+0.881
