%t (s)	Idd (a.u.)	Ida (a.u.)	Iaa (a.u.)	FRET E
0.000	+6.676e+03	+1.316e+03	+6.644e+03	+0.165
0.100	+6.236e+03	+1.328e+03	+5.429e+03	+0.176
0.200	+6.507e+03	-5.294e+02	+5.579e+03	-0.089
0.300	+5.537e+03	+7.442e+02	+6.774e+03	+0.118
0.400	+4.959e+03	-5.893e+02	+6.537e+03	-0.135
0.500	+6.326e+03	+4.375e+02	+7.076e+03	+0.065
0.600	+6.608e+03	+1.039e+03	+4.521e+03	+0.136
0.700	+6.595e+03	+7.436e+02	+6.399e+03	+0.101
0.800	+6.062e+03	+9.177e+01	+6.943e+03	+0.015
0.900	+5.617e+03	+2.989e+02	+6.195e+03	+0.051
1.000	+5.586e+03	+2.806e+02	+6.622e+03	+0.048
1.100	+6.374e+03	+1.413e+03	+6.807e+03	+0.182
1.200	+7.170e+03	+8.733e+02	+6.678e+03	+0.109
1.300	+5.997e+03	+1.037e+03	+7.393e+03	+0.147
1.400	+2.602e+03	+3.326e+03	+7.140e+03	+0.561
1.500	+2.261e+01	+6.083e+03	+6.115e+03	+0.996
1.600	-5.245e+01	+5.250e+03	+7.108e+03	+1.010
1.700	+7.509e+02	+5.339e+03	+7.078e+03	+0.877
1.800	+7.464e+02	+4.551e+03	+7.809e+03	+0.859
1.900	+3.076e+03	+4.446e+03	+7.092e+03	+0.591
2.000	+2.969e+03	+4.087e+03	+7.919e+03	+0.579
2.100	+3.525e+03	+2.588e+03	+5.990e+03	+0.423
2.200	+2.515e+03	+4.101e+03	+8.769e+03	+0.620
2.300	+3.626e+03	+3.797e+03	+8.680e+03	+0.512
2.400	+1.598e+03	+3.071e+03	+4.985e+03	+0.658
2.500	+2.782e+03	+2.930e+03	+7.047e+03	+0.513
2.600	+2.983e+03	+3.165e+03	+9.424e+03	+0.515
2.700	+1.998e+03	+4.131e+03	+7.337e+03	+0.674
2.800	+3.273e+03	+3.709e+03	+7.062e+03	+0.531
2.900	+2.726e+03	+2.459e+03	+7.964e+03	+0.474
3.000	+1.272e+03	+4.664e+03	+7.843e+03	+0.786
3.100	+1.789e+03	+3.267e+03	+6.412e+03	+0.646
3.200	+2.476e+03	+4.195e+03	+7.749e+03	+0.629
3.300	+2.339e+03	+4.867e+03	+7.920e+03	+0.675
3.400	+2.290e+03	+3.058e+03	+7.861e+03	+0.572
3.500	+2.359e+03	+2.630e+03	+7.912e+03	+0.527
3.600	+2.034e+03	+4.449e+03	+7.660e+03	+0.686
3.700	+2.779e+03	+4.528e+03	+6.752e+03	+0.620
3.800	+1.476e+03	+4.103e+03	+6.885e+03	+0.735
3.900	+4.169e+03	+2.815e+03	+9.503e+03	+0.403
4.000	+2.226e+03	+4.029e+03	+8.645e+03	+0.644
4.100	+2.568e+03	+4.716e+03	+7.354e+03	+0.647
4.200	+2.482e+03	+3.125e+03	+7.270e+03	+0.557
4.300	+3.227e+03	+4.439e+03	+7.715e+03	+0.579
4.400	+1.648e+03	+3.320e+03	+9.835e+03	+0.668
4.500	+3.704e+03	+4.455e+03	+7.646e+03	+0.546
4.600	+2.477e+03	+3.640e+03	+5.790e+03	+0.595
4.700	+3.968e+03	+4.850e+03	+8.053e+03	+0.550
4.800	+3.708e+03	+3.804e+03	+8.704e+03	+0.506
4.900	+2.291e+03	+3.285e+03	+8.780e+03	+0.589
5.000	+3.319e+03	+3.084e+03	+8.168e+03	+0.482
5.100	+1.546e+03	+3.487e+03	+8.226e+03	+0.693
5.200	+3.485e+03	+4.422e+03	+6.719e+03	+0.559
5.300	+2.959e+03	+2.502e+03	+7.879e+03	+0.458
5.400	+2.519e+03	+3.966e+03	+6.153e+03	+0.612
5.500	+3.330e+03	+4.775e+03	+7.449e+03	+0.589
5.600	+2.575e+03	+4.612e+03	+7.349e+03	+0.642
5.700	+3.039e+03	+4.494e+03	+6.914e+03	+0.597
5.800	+2.610e+03	+4.356e+03	+6.493e+03	+0.625
5.900	+2.254e+03	+2.751e+03	+9.014e+03	+0.550
6.000	+2.624e+03	+4.222e+03	+7.085e+03	+0.617
6.100	+1.676e+03	+2.974e+03	+7.912e+03	+0.640
6.200	+1.578e+03	+2.785e+03	+7.907e+03	+0.638
6.300	+2.397e+03	+3.591e+03	+8.027e+03	+0.600
6.400	+2.152e+03	+4.442e+03	+8.322e+03	+0.674
6.500	+6.074e+02	+5.274e+03	+5.848e+03	+0.897
6.600	+1.119e+03	+5.769e+03	+8.119e+03	+0.838
6.700	+6.835e+02	+5.995e+03	+7.145e+03	+0.898
6.800	+7.599e+02	+4.898e+03	+7.800e+03	+0.866
6.900	+1.399e+03	+5.799e+03	+6.517e+03	+0.806
7.000	+1.182e+03	+4.107e+03	+6.325e+03	+0.776
7.100	+2.534e+02	+5.234e+03	+7.529e+03	+0.954
7.200	+1.584e+03	+6.136e+03	+6.500e+03	+0.795
7.300	+1.052e+03	+5.199e+03	+8.752e+03	+0.832
7.400	+1.148e+03	+5.228e+03	+5.055e+03	+0.820
7.500	+7.230e+02	+4.817e+03	+6.138e+03	+0.870
7.600	-2.728e+02	+5.402e+03	+6.461e+03	+1.053
7.700	+8.279e+01	+5.687e+03	+7.772e+03	+0.986
7.800	-1.789e+02	+5.689e+03	+7.474e+03	+1.032
7.900	+6.882e+02	+5.029e+03	+7.467e+03	+0.880
8.000	-3.143e+02	+4.919e+03	+7.147e+03	+1.068
8.100	+1.013e+03	+6.681e+03	+7.919e+03	+0.868
8.200	-6.215e+02	+5.580e+03	+5.590e+03	+1.125
8.300	+9.921e+02	+5.956e+03	+7.385e+03	+0.857
8.400	+5.955e+02	+4.904e+03	+7.355e+03	+0.892
8.500	+1.107e+03	+5.749e+03	+7.541e+03	+0.839
8.600	+1.636e+03	+6.686e+03	+5.067e+03	+0.803
8.700	+1.139e+03	+5.313e+03	+6.610e+03	+0.823
8.800	+7.807e+02	+5.699e+03	+5.915e+03	+0.880
8.900	+1.367e+02	+4.448e+03	+8.869e+03	+0.970
9.000	+9.174e+02	+5.350e+03	+8.348e+03	+0.854
9.100	+6.272e+02	+5.382e+03	+7.942e+03	+0.896
9.200	+6.232e+02	+4.950e+03	+5.741e+03	+0.888
9.300	+4.472e+02	+4.952e+03	+8.260e+03	+0.917
9.400	+9.939e+02	+4.717e+03	+6.958e+03	+0.826
9.500	+1.211e+03	+5.471e+03	+7.453e+03	+0.819
9.600	+1.233e+03	+3.973e+03	+5.999e+03	+0.763
9.700	+2.086e+03	+4.821e+03	+7.609e+03	+0.698
9.800	+9.557e+02	+5.610e+03	+6.706e+03	+0.854
9.900	+4.955e+02	+5.443e+03	+6.676e+03	+0.917
10.000	+2.011e+03	+4.450e+03	+6.561e+03	+0.689
10.100	+1.794e+03	+4.877e+03	+8.085e+03	+0.731
10.200	+4.993e+02	+5.370e+03	+7.232e+03	+0.915
10.300	+1.465e+03	+6.296e+03	+8.526e+03	+0.811
10.400	+1.117e+03	+5.229e+03	+8.131e+03	+0.824
10.500	+6.965e+02	+7.093e+03	+6.475e+03	+0.911
10.600	+3.346e+02	+6.083e+03	+6.411e+03	+0.948
10.700	-7.172e+01	+4.949e+03	+8.676e+03	+1.015
10.800	+2.052e+03	+7.207e+03	+5.887e+03	+0.778
10.900	+9.498e+02	+5.536e+03	+9.359e+03	+0.854
11.000	+1.428e+03	+4.214e+03	+6.602e+03	+0.747
11.100	+2.299e+03	+3.397e+03	+7.294e+03	+0.596
11.200	+3.159e+03	+3.626e+03	+7.638e+03	+0.534
11.300	+3.556e+03	+3.870e+03	+7.711e+03	+0.521
11.400	+1.807e+03	+3.693e+03	+6.880e+03	+0.671
11.500	+3.311e+03	+4.011e+03	+6.036e+03	+0.548
11.600	+2.925e+03	+2.691e+03	+7.649e+03	+0.479
11.700	+3.540e+03	+3.060e+03	+6.573e+03	+0.464
11.800	+2.410e+03	+2.947e+03	+7.158e+03	+0.550
11.900	+2.731e+03	+4.038e+03	+7.918e+03	+0.597
12.000	+5.708e+03	+1.403e+03	+6.337e+03	+0.197
12.100	+6.519e+03	+5.983e+02	+6.176e+03	+0.084
12.200	+5.609e+03	+1.864e+03	+6.292e+03	+0.249
12.300	+4.920e+03	+3.038e+02	+7.612e+03	+0.058
12.400	+4.585e+03	+8.097e+02	+4.074e+03	+0.150
12.500	+6.423e+03	+1.103e+03	+5.877e+03	+0.147
12.600	+6.716e+03	+8.113e+01	+5.163e+03	+0.012
12.700	+7.364e+03	+2.552e+02	+4.927e+03	+0.033
12.800	+5.256e+03	-2.816e+02	+5.606e+03	-0.057
12.900	+5.938e+03	+7.373e+02	+5.428e+03	+0.110
13.000	+4.295e+03	+3.161e+03	+7.615e+03	+0.424
13.100	+2.057e+03	+3.119e+03	+8.809e+03	+0.603
13.200	+2.311e+03	+3.758e+03	+7.847e+03	+0.619
13.300	+2.631e+03	+3.136e+03	+6.732e+03	+0.544
13.400	+3.001e+03	+3.948e+03	+8.087e+03	+0.568
13.500	+2.523e+03	+3.912e+03	+7.801e+03	+0.608
13.600	+2.281e+03	+2.490e+03	+6.596e+03	+0.522
13.700	+3.222e+03	+2.480e+03	+6.018e+03	+0.435
13.800	+2.830e+03	+3.579e+03	+8.560e+03	+0.558
13.900	+2.938e+03	+5.105e+03	+7.255e+03	+0.635
14.000	+2.468e+03	+5.057e+03	+7.641e+03	+0.672
14.100	+2.935e+03	+3.619e+03	+8.695e+03	+0.552
14.200	+1.952e+03	+4.459e+03	+1.045e+04	+0.696
14.300	+2.173e+03	+3.321e+03	+9.080e+03	+0.604
14.400	+3.748e+03	+4.331e+03	+7.989e+03	+0.536
14.500	+3.360e+03	+3.314e+03	+7.703e+03	+0.497
14.600	+1.944e+03	+2.420e+03	+8.038e+03	+0.555
14.700	+2.610e+03	+2.661e+03	+8.237e+03	+0.505
14.800	+2.800e+03	+4.082e+03	+6.795e+03	+0.593
14.900	+1.794e+03	+3.188e+03	+6.723e+03	+0.640
15.000	+3.392e+03	+4.833e+03	+6.895e+03	+0.588
15.100	+3.070e+03	+3.939e+03	+7.158e+03	+0.562
15.200	+2.610e+02	+6.629e+03	+6.660e+03	+0.962
15.300	+1.360e+02	+5.192e+03	+5.283e+03	+0.974
15.400	+6.166e+02	+6.188e+03	+5.908e+03	+0.909
15.500	+2.493e+03	+3.443e+03	+6.794e+03	+0.580
15.600	+2.800e+03	+4.785e+03	+7.033e+03	+0.631
15.700	+3.318e+03	+4.827e+03	+8.102e+03	+0.593
15.800	+4.105e+03	+4.190e+03	+7.182e+03	+0.505
15.900	+3.042e+03	+3.695e+03	+8.550e+03	+0.548
16.000	+1.942e+03	+3.375e+03	+8.070e+03	+0.635
16.100	+2.787e+03	+2.877e+03	+7.616e+03	+0.508
16.200	+1.227e+03	+3.015e+03	+8.915e+03	+0.711
16.300	+3.875e+03	+4.317e+03	+7.020e+03	+0.527
16.400	+2.207e+03	+4.246e+03	+7.797e+03	+0.658
16.500	+1.331e+03	+3.282e+03	+7.650e+03	+0.711
16.600	+4.195e+03	+3.798e+03	+7.837e+03	+0.475
16.700	+3.666e+03	+4.130e+03	+7.525e+03	+0.530
16.800	+3.189e+03	+4.650e+03	+7.832e+03	+0.593
16.900	+2.848e+03	+3.163e+03	+7.888e+03	+0.526
17.000	+1.126e+03	+4.606e+03	+6.334e+03	+0.804
17.100	+4.415e+02	+4.733e+03	+6.589e+03	+0.915
17.200	+1.363e+03	+4.692e+03	+5.645e+03	+0.775
17.300	-3.469e+02	+4.969e+03	+7.131e+03	+1.075
17.400	+9.749e+02	+6.043e+03	+6.674e+03	+0.861
17.500	+2.376e+02	+4.812e+03	+8.996e+03	+0.953
17.600	+6.403e+02	+6.024e+03	+6.849e+03	+0.904
17.700	+2.170e+03	+6.245e+03	+5.858e+03	+0.742
17.800	+5.257e+02	+5.962e+03	+6.215e+03	+0.919
17.900	+9.853e+02	+5.533e+03	+6.328e+03	+0.849
18.000	+1.292e+03	+4.456e+03	+6.450e+03	+0.775
18.100	+1.199e+03	+3.064e+03	+7.005e+03	+0.719
18.200	-4.632e+02	+4.920e+03	+6.386e+03	+1.104
18.300	+1.078e+03	+5.757e+03	+7.054e+03	+0.842
18.400	+1.037e+03	+5.457e+03	+7.391e+03	+0.840
18.500	+1.584e+02	+5.484e+03	+7.133e+03	+0.972
18.600	+1.171e+03	+4.092e+03	+6.411e+03	+0.777
18.700	+2.130e+03	+5.694e+03	+8.430e+03	+0.728
18.800	+7.988e+02	+4.886e+03	+7.578e+03	+0.859
18.900	+5.806e+02	+7.180e+03	+8.608e+03	+0.925
19.000	-9.058e+01	+5.520e+03	+7.749e+03	+1.017
19.100	+1.447e+03	+4.839e+03	+5.868e+03	+0.770
19.200	+2.386e+03	+6.516e+03	+6.612e+03	+0.732
19.300	+9.430e+02	+6.564e+03	+6.104e+03	+0.874
19.400	+9.126e+01	+4.948e+03	+7.529e+03	+0.982
19.500	+2.230e+03	+5.608e+03	+6.559e+03	+0.715
19.600	+1.131e+03	+7.348e+03	+7.650e+03	+0.867
19.700	+1.062e+03	+3.662e+03	+8.625e+03	+0.775
19.800	+1.780e+03	+7.549e+03	+5.724e+03	+0.809
19.900	+1.495e+03	+5.737e+03	+6.396e+03	+0.793
20.000	+1.048e+03	+5.181e+03	+6.470e+03	+0.832
20.100	+3.436e+02	+3.648e+03	+5.653e+03	+0.914
20.200	+9.839e+01	+5.135e+03	+6.450e+03	+0.981
20.300	+5.250e+02	+5.713e+03	+7.903e+03	+0.916
20.400	+1.044e+03	+5.496e+03	+4.753e+03	+0.840
20.500	+3.758e+02	+5.760e+03	+7.216e+03	+0.939
20.600	+7.308e+02	+6.615e+03	+6.531e+03	+0.901
20.700	-9.066e+02	+4.746e+03	+7.664e+03	+1.236
20.800	+7.577e+02	+5.381e+03	+8.577e+03	+0.877
20.900	+8.489e+02	+5.991e+03	+6.325e+03	+0.876
21.000	+6.078e+02	+5.063e+03	+8.118e+03	+0.893
21.100	+8.634e+02	+4.755e+03	+7.470e+03	+0.846
21.200	+9.999e+02	+5.313e+03	+6.958e+03	+0.842
21.300	+1.379e+03	+6.394e+03	+6.945e+03	+0.823
21.400	+5.161e+02	+5.877e+03	+5.954e+03	+0.919
21.500	+6.392e+02	+4.632e+03	+7.010e+03	+0.879
21.600	+1.188e+03	+5.345e+03	+7.299e+03	+0.818
21.700	+1.340e+03	+5.681e+03	+8.563e+03	+0.809
21.800	+2.227e+03	+3.487e+03	+8.344e+03	+0.610
21.900	+4.178e+03	+3.866e+03	+8.218e+03	+0.481
22.000	+2.636e+03	+3.557e+03	+7.139e+03	+0.574
22.100	+1.653e+03	+4.203e+03	+8.085e+03	+0.718
22.200	+4.101e+03	+5.126e+03	+7.918e+03	+0.556
22.300	+3.301e+03	+3.275e+03	+9.291e+03	+0.498
22.400	+3.854e+03	+4.717e+03	+7.174e+03	+0.550
22.500	+3.015e+03	+4.104e+03	+7.901e+03	+0.576
22.600	+2.087e+03	+4.004e+03	+7.854e+03	+0.657
22.700	+3.212e+03	+4.840e+03	+8.419e+03	+0.601
22.800	+3.569e+03	+3.621e+03	+6.459e+03	+0.504
22.900	+3.891e+03	+1.913e+03	+8.032e+03	+0.330
23.000	+2.476e+03	+3.309e+03	+7.148e+03	+0.572
23.100	+1.949e+03	+4.722e+03	+7.587e+03	+0.708
23.200	+3.572e+03	+2.872e+03	+7.170e+03	+0.446
23.300	+2.610e+03	+4.442e+03	+7.251e+03	+0.630
23.400	+2.014e+03	+5.311e+03	+8.758e+03	+0.725
23.500	+3.240e+03	+2.949e+03	+7.090e+03	+0.477
23.600	+5.596e+03	-5.612e+02	+6.453e+03	-0.111
23.700	+7.234e+03	+4.837e+02	+5.631e+03	+0.063
23.800	+5.371e+03	+1.302e+03	+8.594e+03	+0.195
23.900	+6.361e+03	+1.151e+02	+5.756e+03	+0.018
24.000	+5.923e+03	+3.448e+02	+6.832e+03	+0.055
24.100	+5.602e+03	+8.100e+02	+5.595e+03	+0.126
24.200	+5.371e+03	+5.165e+02	+8.111e+03	+0.088
24.300	+6.236e+03	+1.851e+02	+8.171e+03	+0.029
24.400	+5.035e+03	+1.831e+03	+7.635e+03	+0.267
24.500	+6.860e+03	+7.406e+02	+6.573e+03	+0.097
24.600	+7.123e+03	-1.053e+03	+6.631e+03	-0.173
24.700	+7.216e+03	+3.340e+02	+6.029e+03	+0.044
24.800	+5.129e+03	+9.165e+01	+5.347e+03	+0.018
24.900	+7.175e+03	+4.187e+02	+4.971e+03	+0.055
25.000	+5.941e+03	+3.831e+02	+4.666e+03	+0.061
25.100	+7.055e+03	+2.057e+03	+7.217e+03	+0.226
25.200	+6.859e+03	+4.986e+02	+7.625e+03	+0.068
25.300	+4.337e+03	+1.495e+03	+6.146e+03	+0.256
25.400	+1.428e+03	+5.423e+03	+6.996e+03	+0.792
25.500	+1.516e+03	+4.278e+03	+8.012e+03	+0.738
25.600	+2.419e+03	+4.283e+03	+7.322e+03	+0.639
25.700	+1.823e+03	+4.127e+03	+7.664e+03	+0.694
25.800	+2.694e+03	+3.167e+03	+5.789e+03	+0.540
25.900	+3.942e+03	+5.180e+03	+8.751e+03	+0.568
26.000	+4.484e+03	+2.349e+03	+6.949e+03	+0.344
26.100	+5.790e+03	-7.793e+02	+6.253e+03	-0.156
26.200	+6.922e+03	-4.323e+02	+5.567e+03	-0.067
26.300	+7.234e+03	+2.252e+01	+7.199e+03	+0.003
26.400	+5.783e+03	+1.041e+03	+6.274e+03	+0.153
26.500	+6.459e+03	+1.241e+03	+6.541e+03	+0.161
26.600	+7.031e+03	+1.325e+01	+6.737e+03	+0.002
26.700	+5.844e+03	+3.614e+02	+7.269e+03	+0.058
26.800	+5.387e+03	-4.569e+02	+8.109e+03	-0.093
26.900	+5.310e+02	+5.155e+03	+7.721e+03	+0.907
27.000	-1.356e+02	+5.111e+03	+7.836e+03	+1.027
27.100	-6.065e+02	+4.989e+03	+6.322e+03	+1.138
27.200	+2.478e+02	+5.657e+03	+7.782e+03	+0.958
27.300	+4.541e+02	+6.895e+03	+8.240e+03	+0.938
27.400	+9.095e+02	+4.767e+03	+7.726e+03	+0.840
27.500	+1.622e+03	+4.670e+03	+7.525e+03	+0.742
27.600	+1.371e+03	+6.132e+03	+7.668e+03	+0.817
27.700	+6.829e+02	+6.324e+03	+5.838e+03	+0.903
27.800	+4.498e+02	+5.121e+03	+6.311e+03	+0.919
27.900	+1.308e+03	+4.199e+03	+8.105e+03	+0.763
28.000	+7.541e+02	+6.558e+03	+6.495e+03	+0.897
28.100	+1.200e+03	+5.063e+03	+8.587e+03	+0.808
28.200	+8.982e+02	+4.827e+03	+6.524e+03	+0.843
28.300	+8.233e+02	+5.134e+03	+7.902e+03	+0.862
28.400	-1.054e+02	+5.373e+03	+7.168e+03	+1.020
28.500	+5.255e+02	+5.523e+03	+7.160e+03	+0.913
28.600	+1.657e+03	+4.529e+03	+6.775e+03	+0.732
28.700	+8.958e+02	+5.410e+03	+5.790e+03	+0.858
28.800	+2.959e+02	+5.472e+03	+7.026e+03	+0.949
28.900	+2.368e+03	+4.072e+03	+7.796e+03	+0.632
29.000	+6.644e+03	+1.581e+03	+6.109e+03	+0.192
29.100	+7.305e+03	+2.129e+03	+6.709e+03	+0.226
29.200	+6.012e+03	+7.796e+02	+6.879e+03	+0.115
29.300	+6.192e+03	+1.244e+03	+6.668e+03	+0.167
29.400	+7.309e+03	+6.786e+02	+4.885e+03	+0.085
29.500	+6.566e+03	-1.032e+02	+6.517e+03	-0.016
29.600	+3.641e+03	+3.064e+03	+8.526e+03	+0.457
29.700	+3.280e+03	+2.983e+03	+8.102e+03	+0.476
29.800	+3.476e+03	+3.733e+03	+8.041e+03	+0.518
29.900	+3.719e+03	+4.938e+03	+8.268e+03	+0.570
30.000	+2.616e+03	+2.788e+03	+6.891e+03	+0.516
30.100	+1.918e+03	+3.822e+03	+8.106e+03	+0.666
30.200	+2.066e+03	+4.203e+03	+7.931e+03	+0.670
30.300	+2.717e+03	+3.108e+03	+8.295e+03	+0.534
30.400	+3.973e+03	+4.605e+03	+7.709e+03	+0.537
30.500	+3.364e+03	+4.738e+03	+7.939e+03	+0.585
30.600	+2.282e+03	+3.537e+03	+7.307e+03	+0.608
30.700	+2.967e+03	+4.480e+03	+8.524e+03	+0.602
30.800	+4.642e+03	+2.832e+03	+7.167e+03	+0.379
30.900	+5.263e+03	+1.947e+02	+6.756e+03	+0.036
31.000	+7.331e+03	+3.668e+02	+6.111e+03	+0.048
31.100	+1.379e+03	+6.100e+03	+8.006e+03	+0.816
31.200	+9.160e+01	+5.326e+03	+5.122e+03	+0.983
31.300	+8.210e+02	+5.516e+03	+7.782e+03	+0.870
31.400	+3.506e+02	+5.870e+03	+7.106e+03	+0.944
31.500	-4.488e+02	+5.510e+03	+6.763e+03	+1.089
31.600	+1.683e+03	+5.082e+03	+7.283e+03	+0.751
31.700	+1.555e+03	+4.458e+03	+8.331e+03	+0.741
31.800	+1.743e+03	+6.821e+03	+6.212e+03	+0.797
31.900	+1.048e+03	+6.144e+03	+6.058e+03	+0.854
32.000	+2.858e+03	+3.690e+03	+7.527e+03	+0.564
32.100	+3.274e+03	+4.243e+03	+8.087e+03	+0.564
32.200	+2.618e+03	+4.063e+03	+8.215e+03	+0.608
32.300	+2.930e+03	+4.165e+03	+7.793e+03	+0.587
32.400	+2.438e+03	+3.962e+03	+6.483e+03	+0.619
32.500	+1.365e+03	+4.435e+03	+8.688e+03	+0.765
32.600	+2.716e+03	+3.756e+03	+7.019e+03	+0.580
32.700	+2.627e+03	+4.638e+03	+7.227e+03	+0.638
32.800	+2.274e+03	+4.063e+03	+8.020e+03	+0.641
32.900	+2.380e+03	+3.369e+03	+5.883e+03	+0.586
33.000	+3.233e+03	+3.420e+03	+8.047e+03	+0.514
33.100	+3.343e+03	+2.725e+03	+8.847e+03	+0.449
33.200	+2.707e+03	+3.731e+03	+5.458e+03	+0.580
33.300	+3.501e+03	+4.274e+03	+6.990e+03	+0.550
33.400	+2.909e+03	+4.137e+03	+7.636e+03	+0.587
33.500	+3.770e+03	+4.278e+03	+8.938e+03	+0.532
33.600	+2.820e+03	+3.663e+03	+7.252e+03	+0.565
33.700	+4.675e+03	+4.040e+02	+6.195e+03	+0.080
33.800	+6.564e+03	+1.645e+02	+5.463e+03	+0.024
33.900	+6.602e+03	+5.909e+02	+6.402e+03	+0.082
34.000	+6.763e+03	+5.878e+02	+6.924e+03	+0.080
34.100	+7.427e+03	+1.095e+03	+4.616e+03	+0.129
34.200	+7.360e+03	+1.352e+03	+6.896e+03	+0.155
34.300	+8.294e+03	+2.961e+02	+4.713e+03	+0.034
34.400	+7.362e+03	+2.760e+02	+5.303e+03	+0.036
34.500	+7.265e+03	+1.454e+03	+6.445e+03	+0.167
34.600	+6.407e+03	-1.508e+02	+6.005e+03	-0.024
34.700	+6.506e+03	+1.242e+03	+6.597e+03	+0.160
34.800	+6.987e+03	-4.766e+01	+5.696e+03	-0.007
34.900	+7.446e+03	+3.367e+01	+8.409e+03	+0.005
35.000	+7.733e+03	+1.208e+03	+7.314e+03	+0.135
35.100	+6.656e+03	-4.675e+01	+5.967e+03	-0.007
35.200	+6.168e+03	-2.060e+02	+5.889e+03	-0.035
35.300	+6.279e+03	-8.411e+01	+6.938e+03	-0.014
35.400	+6.689e+03	+1.601e+03	+6.396e+03	+0.193
35.500	+4.069e+03	+2.464e+03	+6.813e+03	+0.377
35.600	+1.328e+03	+6.068e+03	+7.007e+03	+0.820
35.700	-1.984e+01	+5.484e+03	+5.831e+03	+1.004
35.800	+9.076e+02	+5.492e+03	+7.092e+03	+0.858
35.900	+9.912e+01	+4.065e+03	+5.680e+03	+0.976
36.000	+8.678e+02	+5.888e+03	+7.031e+03	+0.872
36.100	-8.296e+02	+6.339e+03	+6.115e+03	+1.151
36.200	+7.130e+02	+4.052e+03	+6.648e+03	+0.850
36.300	+5.387e+02	+5.199e+03	+5.002e+03	+0.906
36.400	+1.265e+03	+5.919e+03	+5.187e+03	+0.824
36.500	-2.989e+02	+4.829e+03	+5.966e+03	+1.066
36.600	+9.721e+02	+4.095e+03	+7.454e+03	+0.808
36.700	+7.520e+02	+4.499e+03	+5.973e+03	+0.857
36.800	+8.316e+02	+4.747e+03	+5.855e+03	+0.851
36.900	+9.201e+02	+5.168e+03	+5.962e+03	+0.849
37.000	+3.268e+02	+4.491e+03	+8.395e+03	+0.932
37.100	+1.748e+02	+4.759e+03	+5.934e+03	+0.965
37.200	+3.399e+02	+4.445e+03	+6.431e+03	+0.929
37.300	+1.717e+03	+3.977e+03	+6.315e+03	+0.698
37.400	+3.284e+03	+4.628e+03	+7.883e+03	+0.585
37.500	+2.240e+03	+3.166e+03	+7.372e+03	+0.586
37.600	+1.320e+03	+5.004e+03	+6.778e+03	+0.791
37.700	+1.020e+03	+4.771e+03	+6.043e+03	+0.824
37.800	+1.096e+03	+5.206e+03	+7.368e+03	+0.826
37.900	-1.009e+03	+4.470e+03	+5.954e+03	+1.292
38.000	+1.052e+03	+6.594e+03	+7.155e+03	+0.862
38.100	+2.436e+02	+5.739e+03	+6.324e+03	+0.959
38.200	+1.076e+03	+4.869e+03	+6.908e+03	+0.819
38.300	+2.406e+03	+4.357e+03	+7.857e+03	+0.644
38.400	+2.303e+03	+4.203e+03	+7.667e+03	+0.646
38.500	+2.030e+03	+3.861e+03	+8.983e+03	+0.655
38.600	+3.669e+03	+4.160e+03	+7.537e+03	+0.531
38.700	+3.448e+03	+3.814e+03	+7.082e+03	+0.525
38.800	+6.012e+02	+3.506e+03	+8.026e+03	+0.854
38.900	+2.466e+03	+3.276e+03	+5.857e+03	+0.571
39.000	+3.197e+03	+2.868e+03	+8.284e+03	+0.473
39.100	+2.842e+03	+2.715e+03	+8.318e+03	+0.489
39.200	+2.740e+03	+3.802e+03	+7.827e+03	+0.581
39.300	+2.167e+03	+3.724e+03	+8.214e+03	+0.632
39.400	+2.352e+03	+3.379e+03	+7.805e+03	+0.590
39.500	+1.981e+03	+3.443e+03	+9.135e+03	+0.635
39.600	+2.163e+03	+3.153e+03	+6.824e+03	+0.593
39.700	+2.308e+03	+5.800e+03	+8.442e+03	+0.715
39.800	+3.373e+03	+3.845e+03	+7.840e+03	+0.533
39.900	+1.598e+03	+2.879e+03	+7.405e+03	+0.643
40.000	+2.857e+03	+3.311e+03	+9.003e+03	+0.537
40.100	+2.676e+03	+3.210e+03	+7.728e+03	+0.545
40.200	+2.381e+03	+4.214e+03	+9.109e+03	+0.639
40.300	+2.763e+03	+3.702e+03	+6.786e+03	+0.573
40.400	+3.291e+03	+3.647e+03	+7.986e+03	+0.526
40.500	+2.504e+03	+3.979e+03	+8.422e+03	+0.614
40.600	+5.108e+03	+1.690e+03	+6.418e+03	+0.249
40.700	+7.057e+03	-3.604e+02	+6.062e+03	-0.054
40.800	+7.194e+03	+9.047e+02	+8.150e+03	+0.112
40.900	+5.157e+03	+5.617e+02	+7.699e+03	+0.098
41.000	+7.242e+03	+7.979e+02	+7.512e+03	+0.099
41.100	+5.986e+03	+1.125e+03	+5.704e+03	+0.158
41.200	+5.274e+03	+6.721e+02	+8.240e+03	+0.113
41.300	+5.196e+03	+1.818e+03	+8.020e+03	+0.259
41.400	+2.110e+03	+3.646e+03	+8.569e+03	+0.633
41.500	+3.051e+03	+4.038e+03	+8.409e+03	+0.570
41.600	+2.828e+03	+3.643e+03	+7.357e+03	+0.563
41.700	+2.211e+03	+3.741e+03	+6.529e+03	+0.629
41.800	+3.425e+03	+3.596e+03	+8.215e+03	+0.512
41.900	+3.241e+03	+2.956e+03	+7.230e+03	+0.477
42.000	+2.371e+03	+4.130e+03	+7.683e+03	+0.635
42.100	+2.765e+03	+3.624e+03	+6.824e+03	+0.567
42.200	+3.116e+03	+4.302e+03	+6.818e+03	+0.580
42.300	+2.597e+03	+4.912e+03	+8.187e+03	+0.654
42.400	+2.940e+03	+3.548e+03	+6.055e+03	+0.547
42.500	+2.933e+03	+2.577e+03	+8.771e+03	+0.468
42.600	+3.640e+03	+3.518e+03	+7.466e+03	+0.491
42.700	+3.057e+03	+5.019e+03	+9.590e+03	+0.621
42.800	+2.123e+03	+4.097e+03	+8.812e+03	+0.659
42.900	+1.231e+03	+4.170e+03	+8.052e+03	+0.772
43.000	+1.314e+03	+4.024e+03	+7.715e+03	+0.754
43.100	+2.884e+03	+4.137e+03	+8.479e+03	+0.589
43.200	+2.873e+03	+4.032e+03	+7.799e+03	+0.584
43.300	+2.905e+03	+3.802e+03	+1.032e+04	+0.567
43.400	+3.298e+03	+4.710e+03	+6.847e+03	+0.588
43.500	+2.742e+03	+5.101e+03	+8.743e+03	+0.650
43.600	+3.170e+03	+4.182e+03	+8.257e+03	+0.569
43.700	+2.304e+03	+4.603e+03	+9.635e+03	+0.666
43.800	+1.884e+03	+3.246e+03	+8.307e+03	+0.633
43.900	+2.606e+03	+3.768e+03	+6.311e+03	+0.591
44.000	+2.649e+03	+5.291e+03	+6.712e+03	+0.666
44.100	+3.191e+03	+4.169e+03	+8.389e+03	+0.566
44.200	+3.335e+03	+4.381e+03	+6.854e+03	+0.568
44.300	+1.960e+03	+4.247e+03	+6.715e+03	+0.684
44.400	-4.552e+01	+5.327e+03	+5.518e+03	+1.009
44.500	+8.012e+02	+5.432e+03	+6.882e+03	+0.871
44.600	+6.418e+02	+5.692e+03	+6.278e+03	+0.899
44.700	+9.764e+02	+5.352e+03	+7.684e+03	+0.846
44.800	+3.165e+02	+5.038e+03	+6.030e+03	+0.941
44.900	+3.321e+01	+4.225e+03	+5.990e+03	+0.992
45.000	+7.678e+01	+3.255e+03	+7.104e+03	+0.977
45.100	+8.674e+02	+5.211e+03	+6.554e+03	+0.857
45.200	+2.605e+02	+3.843e+03	+5.779e+03	+0.937
45.300	+6.944e+02	+5.924e+03	+7.584e+03	+0.895
45.400	+8.199e+02	+4.155e+03	+7.180e+03	+0.835
45.500	+1.749e+03	+3.645e+03	+7.512e+03	+0.676
45.600	+2.835e+03	+3.778e+03	+8.295e+03	+0.571
45.700	+3.438e+03	+2.884e+03	+6.011e+03	+0.456
45.800	+3.018e+03	+3.501e+03	+7.776e+03	+0.537
45.900	+1.919e+03	+3.572e+03	+7.788e+03	+0.650
46.000	+2.279e+03	+4.411e+03	+8.156e+03	+0.659
46.100	+3.269e+03	+3.813e+03	+6.961e+03	+0.538
46.200	+2.761e+03	+3.947e+03	+5.846e+03	+0.588
46.300	+1.922e+03	+2.773e+03	+8.010e+03	+0.591
46.400	+2.214e+03	+3.474e+03	+6.978e+03	+0.611
46.500	+2.961e+03	+2.744e+03	+7.593e+03	+0.481
46.600	+3.424e+03	+4.319e+03	+8.157e+03	+0.558
46.700	+3.461e+03	+4.169e+03	+7.589e+03	+0.546
46.800	+3.158e+03	+3.491e+03	+7.034e+03	+0.525
46.900	+1.659e+03	+3.121e+03	+7.677e+03	+0.653
47.000	+3.924e+03	+2.453e+03	+7.792e+03	+0.385
47.100	+2.217e+03	+4.587e+03	+9.171e+03	+0.674
47.200	+1.933e+03	+5.092e+03	+7.097e+03	+0.725
47.300	+2.277e+03	+3.002e+03	+6.272e+03	+0.569
47.400	+2.862e+03	+3.919e+03	+8.216e+03	+0.578
47.500	+6.582e+03	+1.341e+03	+6.111e+03	+0.169
47.600	+6.661e+03	+1.211e+03	+7.307e+03	+0.154
47.700	+7.222e+03	-1.044e+03	+6.676e+03	-0.169
47.800	+6.622e+03	+5.253e+02	+7.073e+03	+0.073
47.900	+7.077e+03	+3.227e+02	+5.668e+03	+0.044
48.000	+6.055e+03	+8.254e+02	+5.945e+03	+0.120
48.100	+4.769e+03	+7.248e+02	+5.117e+03	+0.132
48.200	+5.886e+03	-1.617e+02	+6.012e+03	-0.028
48.300	+6.982e+03	+2.564e+02	+6.319e+03	+0.035
48.400	+5.046e+03	+4.381e+02	+6.318e+03	+0.080
48.500	+6.057e+03	-4.233e+02	+7.148e+03	-0.075
48.600	+6.122e+03	-2.180e+02	+7.407e+03	-0.037
48.700	+7.322e+03	+7.821e+02	+6.230e+03	+0.097
48.800	+5.970e+03	+1.044e+03	+5.969e+03	+0.149
48.900	+5.666e+03	+7.804e+02	+5.964e+03	+0.121
49.000	+6.637e+03	+5.403e+02	+6.783e+03	+0.075
49.100	+7.496e+03	-6.607e+02	+6.041e+03	-0.097
49.200	+5.444e+03	+6.400e+02	+3.905e+03	+0.105
49.300	+3.283e+03	+3.604e+03	+7.538e+03	+0.523
49.400	+2.535e+03	+4.820e+03	+7.459e+03	+0.655
49.500	+2.633e+03	+3.894e+03	+7.452e+03	+0.597
49.600	+3.977e+03	+1.364e+03	+7.788e+03	+0.255
49.700	+6.185e+03	+1.109e+03	+5.751e+03	+0.152
49.800	+2.924e+03	+3.670e+03	+7.215e+03	+0.557
49.900	+3.982e+03	+3.253e+03	+7.603e+03	+0.450
50.000	+2.537e+03	+3.731e+03	+7.450e+03	+0.595
50.100	+2.069e+03	+3.568e+03	+6.430e+03	+0.633
50.200	+2.063e+03	+4.109e+03	+7.472e+03	+0.666
50.300	+3.167e+03	+3.641e+03	+7.034e+03	+0.535
50.400	+3.467e+03	+4.358e+03	+9.397e+03	+0.557
50.500	+2.835e+03	+4.626e+03	+6.966e+03	+0.620
50.600	+1.899e+03	+4.678e+03	+8.709e+03	+0.711
50.700	+2.268e+03	+3.873e+03	+7.716e+03	+0.631
50.800	+2.039e+03	+2.984e+03	+8.365e+03	+0.594
50.900	+3.048e+03	+3.274e+03	+6.981e+03	+0.518
51.000	+3.223e+03	+5.271e+03	+7.358e+03	+0.621
51.100	+2.188e+03	+3.909e+03	+8.195e+03	+0.641
51.200	+2.277e+03	+4.420e+03	+7.536e+03	+0.660
51.300	+2.489e+03	+4.351e+03	+6.407e+03	+0.636
51.400	+2.147e+03	+3.978e+03	+7.416e+03	+0.649
51.500	+7.837e+02	+4.874e+03	+7.157e+03	+0.861
51.600	+1.250e+03	+6.324e+03	+7.657e+03	+0.835
51.700	+2.904e+02	+5.353e+03	+6.223e+03	+0.949
51.800	+1.044e+03	+5.617e+03	+7.379e+03	+0.843
51.900	+2.635e+02	+5.898e+03	+6.897e+03	+0.957
52.000	+6.049e+02	+5.832e+03	+6.857e+03	+0.906
52.100	+9.490e+02	+5.052e+03	+5.986e+03	+0.842
52.200	+3.982e+02	+4.965e+03	+8.468e+03	+0.926
52.300	+6.488e+02	+6.790e+03	+6.324e+03	+0.913
52.400	+6.551e+02	+5.332e+03	+5.762e+03	+0.891
52.500	+1.065e+02	+6.026e+03	+5.475e+03	+0.983
52.600	-7.585e+00	+4.783e+03	+7.250e+03	+1.002
52.700	+1.265e+03	+3.832e+03	+6.027e+03	+0.752
52.800	+2.693e+01	+4.921e+03	+9.372e+03	+0.995
52.900	+1.263e+03	+5.243e+03	+7.464e+03	+0.806
53.000	+1.661e+03	+5.009e+03	+7.945e+03	+0.751
53.100	+2.986e+02	+6.432e+03	+7.508e+03	+0.956
53.200	+5.683e+02	+5.156e+03	+7.183e+03	+0.901
53.300	+2.285e+03	+4.674e+03	+8.642e+03	+0.672
53.400	+2.722e+03	+3.895e+03	+6.671e+03	+0.589
53.500	+2.598e+03	+3.014e+03	+8.312e+03	+0.537
53.600	+2.152e+03	+2.226e+03	+5.957e+03	+0.508
53.700	+2.444e+03	+3.914e+03	+8.466e+03	+0.616
53.800	+3.557e+03	+3.696e+03	+9.210e+03	+0.510
53.900	+2.613e+03	+2.132e+03	+7.906e+03	+0.449
54.000	+2.703e+03	+4.088e+03	+6.354e+03	+0.602
54.100	+3.114e+03	+3.579e+03	+7.837e+03	+0.535
54.200	+1.993e+03	+3.723e+03	+7.398e+03	+0.651
54.300	+2.328e+03	+5.502e+03	+7.587e+03	+0.703
54.400	+1.894e+03	+4.355e+03	+6.302e+03	+0.697
54.500	+2.915e+03	+3.012e+03	+8.835e+03	+0.508
54.600	+3.949e+03	+3.473e+03	+7.406e+03	+0.468
54.700	+2.308e+03	+3.238e+03	+6.917e+03	+0.584
54.800	+2.247e+03	+3.674e+03	+8.765e+03	+0.620
54.900	+3.242e+03	+5.359e+03	+7.511e+03	+0.623
55.000	+2.658e+03	+4.992e+03	+7.571e+03	+0.653
55.100	+2.314e+03	+3.070e+03	+6.678e+03	+0.570
55.200	+1.476e+03	+4.011e+03	+7.774e+03	+0.731
55.300	+2.674e+03	+4.214e+03	+8.396e+03	+0.612
55.400	+2.831e+03	+4.545e+03	+6.605e+03	+0.616
55.500	+1.701e+03	+3.863e+03	+8.311e+03	+0.694
55.600	+4.371e+02	+6.230e+03	+6.459e+03	+0.934
55.700	+4.595e+02	+6.068e+03	+6.577e+03	+0.930
55.800	+1.872e+03	+5.198e+03	+6.882e+03	+0.735
55.900	+5.008e+02	+5.131e+03	+8.270e+03	+0.911
56.000	+1.649e+03	+5.021e+03	+6.401e+03	+0.753
56.100	-3.731e+02	+6.313e+03	+5.870e+03	+1.063
56.200	+1.014e+03	+5.198e+03	+5.860e+03	+0.837
56.300	+6.105e+02	+5.066e+03	+6.373e+03	+0.892
56.400	+1.040e+03	+5.108e+03	+7.377e+03	+0.831
56.500	+1.294e+03	+4.655e+03	+6.898e+03	+0.782
56.600	+2.378e+03	+5.006e+03	+8.247e+03	+0.678
56.700	+3.228e+03	+5.576e+03	+7.293e+03	+0.633
56.800	+2.759e+03	+2.859e+03	+7.915e+03	+0.509
56.900	+3.701e+03	+4.030e+03	+7.692e+03	+0.521
57.000	+3.000e+03	+2.680e+03	+6.694e+03	+0.472
57.100	+2.486e+03	+4.890e+03	+8.084e+03	+0.663
57.200	+2.698e+03	+4.154e+03	+8.101e+03	+0.606
57.300	+3.419e+03	+3.754e+03	+7.099e+03	+0.523
57.400	+2.716e+03	+4.325e+03	+5.812e+03	+0.614
57.500	+2.658e+03	+4.046e+03	+7.876e+03	+0.603
57.600	+2.457e+03	+3.705e+03	+6.807e+03	+0.601
57.700	+3.185e+03	+3.454e+03	+8.080e+03	+0.520
57.800	+3.651e+03	+4.551e+03	+8.578e+03	+0.555
57.900	+3.433e+03	+4.400e+03	+9.120e+03	+0.562
58.000	+3.145e+03	+3.629e+03	+7.181e+03	+0.536
58.100	+4.114e+03	+4.687e+03	+7.002e+03	+0.533
58.200	+2.085e+03	+4.033e+03	+6.109e+03	+0.659
58.300	+2.966e+03	+3.855e+03	+7.906e+03	+0.565
58.400	+6.190e+03	+1.132e+03	+6.454e+03	+0.155
58.500	+6.143e+03	+1.348e+03	+7.309e+03	+0.180
58.600	+6.555e+03	-1.692e+02	+6.607e+03	-0.026
58.700	+8.212e+03	+7.946e+02	+8.153e+03	+0.088
58.800	+5.765e+03	+3.525e+02	+6.745e+03	+0.058
58.900	+5.943e+03	+5.086e+02	+6.179e+03	+0.079
59.000	+5.809e+03	+1.151e+03	+6.985e+03	+0.165
59.100	+6.144e+03	-8.620e+01	+7.332e+03	-0.014
59.200	+6.915e+03	+1.188e+03	+6.586e+03	+0.147
59.300	+6.568e+03	+9.103e+02	+6.333e+03	+0.122
59.400	+5.653e+03	-4.665e+02	+7.506e+03	-0.090
59.500	+5.166e+03	+1.988e+03	+5.528e+03	+0.278
59.600	+7.884e+01	+5.083e+03	+6.948e+03	+0.985
59.700	+1.039e+02	+4.908e+03	+6.474e+03	+0.979
59.800	+5.583e+02	+4.365e+03	+6.095e+03	+0.887
59.900	+1.213e+03	+5.250e+03	+7.030e+03	+0.812
60.000	+1.040e+03	+6.773e+03	+5.815e+03	+0.867
60.100	+1.083e+03	+4.751e+03	+7.909e+03	+0.814
60.200	+2.154e+02	+5.973e+03	+6.144e+03	+0.965
60.300	+1.737e+03	+5.930e+03	+7.851e+03	+0.773
60.400	+1.272e+03	+6.335e+03	+6.686e+03	+0.833
60.500	+1.332e+03	+5.690e+03	+7.130e+03	+0.810
60.600	-2.586e+02	+5.587e+03	+7.211e+03	+1.049
60.700	+1.673e+02	+7.524e+03	+5.987e+03	+0.978
60.800	-2.368e+01	+6.960e+03	+6.381e+03	+1.003
60.900	+1.433e+03	+6.493e+03	+8.252e+03	+0.819
61.000	+1.986e+03	+4.136e+03	+7.874e+03	+0.676
61.100	+3.250e+03	+3.131e+03	+7.708e+03	+0.491
61.200	+3.174e+03	+4.634e+03	+7.726e+03	+0.594
61.300	+2.433e+03	+3.033e+03	+8.644e+03	+0.555
61.400	+2.718e+03	+2.569e+03	+7.290e+03	+0.486
61.500	+2.570e+03	+4.242e+03	+6.974e+03	+0.623
61.600	+2.815e+03	+4.037e+03	+7.037e+03	+0.589
61.700	+2.994e+03	+4.044e+03	+7.469e+03	+0.575
61.800	+2.730e+03	+3.156e+03	+7.906e+03	+0.536
61.900	+3.235e+03	+4.125e+03	+7.794e+03	+0.560
62.000	+2.771e+03	+4.125e+03	+6.160e+03	+0.598
62.100	+2.680e+03	+3.526e+03	+7.504e+03	+0.568
62.200	+1.731e+03	+4.245e+03	+7.100e+03	+0.710
62.300	+4.168e+03	+3.278e+03	+7.748e+03	+0.440
62.400	+2.496e+03	+3.560e+03	+1.016e+04	+0.588
62.500	+2.746e+03	+4.123e+03	+6.502e+03	+0.600
62.600	+2.454e+03	+4.613e+03	+7.846e+03	+0.653
62.700	+3.701e+03	+2.940e+03	+9.451e+03	+0.443
62.800	+2.905e+03	+4.590e+03	+6.683e+03	+0.612
62.900	+3.433e+03	+4.689e+03	+7.762e+03	+0.577
63.000	+1.694e+03	+4.874e+03	+7.422e+03	+0.742
63.100	+5.579e+02	+6.867e+03	+6.824e+03	+0.925
63.200	+6.192e+02	+5.020e+03	+7.810e+03	+0.890
63.300	+1.663e+03	+6.300e+03	+6.131e+03	+0.791
63.400	+1.138e+03	+5.610e+03	+6.342e+03	+0.831
63.500	-8.652e+01	+6.319e+03	+7.131e+03	+1.014
63.600	-3.420e+02	+6.938e+03	+7.491e+03	+1.052
63.700	+2.038e+03	+3.890e+03	+9.002e+03	+0.656
63.800	+2.243e+03	+3.551e+03	+8.438e+03	+0.613
63.900	+2.614e+03	+3.795e+03	+6.971e+03	+0.592
64.000	+2.254e+03	+4.255e+03	+8.746e+03	+0.654
64.100	+1.110e+03	+3.500e+03	+7.165e+03	+0.759
64.200	+3.251e+03	+4.379e+03	+8.367e+03	+0.574
64.300	+3.590e+03	+3.233e+03	+7.691e+03	+0.474
64.400	+2.641e+03	+3.090e+03	+6.529e+03	+0.539
64.500	+2.114e+03	+4.799e+03	+7.426e+03	+0.694
64.600	+1.807e+03	+2.704e+03	+7.381e+03	+0.599
64.700	+2.740e+03	+3.460e+03	+6.890e+03	+0.558
64.800	+3.808e+03	+4.547e+03	+7.691e+03	+0.544
64.900	+3.089e+03	+3.215e+03	+8.223e+03	+0.510
65.000	+2.642e+03	+4.419e+03	+7.437e+03	+0.626
65.100	+1.667e+03	+3.008e+03	+8.850e+03	+0.643
65.200	+1.061e+03	+3.982e+03	+8.025e+03	+0.790
65.300	+2.636e+03	+3.923e+03	+7.981e+03	+0.598
65.400	+2.545e+03	+3.168e+03	+5.818e+03	+0.555
65.500	+1.282e+03	+4.136e+03	+9.972e+03	+0.763
65.600	-1.980e+02	+5.564e+03	+6.375e+03	+1.037
65.700	+1.361e+03	+5.162e+03	+6.792e+03	+0.791
65.800	-8.691e+02	+5.689e+03	+6.053e+03	+1.180
65.900	-2.831e+02	+5.998e+03	+7.679e+03	+1.050
66.000	+5.650e+02	+7.326e+03	+7.499e+03	+0.928
66.100	+7.776e+02	+5.437e+03	+7.228e+03	+0.875
66.200	+4.931e+02	+5.883e+03	+7.092e+03	+0.923
66.300	+1.157e+03	+6.208e+03	+8.102e+03	+0.843
66.400	+1.113e+03	+6.046e+03	+6.921e+03	+0.845
66.500	+9.323e+02	+4.509e+03	+6.319e+03	+0.829
66.600	+5.466e+02	+5.934e+03	+4.955e+03	+0.916
66.700	+1.427e+03	+6.270e+03	+7.184e+03	+0.815
66.800	+1.014e+02	+5.619e+03	+6.399e+03	+0.982
66.900	+2.806e+03	+5.482e+03	+5.974e+03	+0.661
67.000	+3.924e+03	+4.110e+03	+7.201e+03	+0.512
67.100	+3.149e+03	+5.178e+03	+8.629e+03	+0.622
67.200	+3.348e+03	+4.737e+03	+7.692e+03	+0.586
67.300	+2.064e+03	+3.879e+03	+6.610e+03	+0.653
67.400	+2.858e+03	+4.201e+03	+9.365e+03	+0.595
67.500	+2.621e+03	+3.471e+03	+5.752e+03	+0.570
67.600	+2.968e+03	+4.104e+03	+9.012e+03	+0.580
67.700	+2.632e+03	+4.666e+03	+7.427e+03	+0.639
67.800	+2.799e+03	+4.497e+03	+6.777e+03	+0.616
67.900	+1.052e+03	+5.405e+03	+8.715e+03	+0.837
68.000	+7.544e+02	+6.070e+03	+5.709e+03	+0.889
68.100	+2.021e+03	+3.729e+03	+8.081e+03	+0.648
68.200	+1.942e+03	+3.163e+03	+7.859e+03	+0.620
68.300	+3.053e+03	+4.211e+03	+7.474e+03	+0.580
68.400	+2.927e+03	+4.327e+03	+9.172e+03	+0.596
68.500	+4.352e+03	+4.874e+03	+8.649e+03	+0.528
68.600	+2.559e+03	+3.825e+03	+7.669e+03	+0.599
68.700	+2.842e+03	+4.255e+03	+6.993e+03	+0.599
68.800	+4.221e+02	+5.994e+03	+6.862e+03	+0.934
68.900	+5.155e+02	+5.999e+03	+5.998e+03	+0.921
69.000	+1.286e+03	+5.079e+03	+7.384e+03	+0.798
69.100	+4.386e+02	+4.761e+03	+8.147e+03	+0.916
69.200	+8.688e+02	+6.378e+03	+8.682e+03	+0.880
69.300	+1.506e+03	+5.261e+03	+7.100e+03	+0.777
69.400	-6.143e+01	+6.086e+03	+6.856e+03	+1.010
69.500	+1.072e+03	+4.691e+03	+7.954e+03	+0.814
69.600	+4.587e+02	+5.914e+03	+7.189e+03	+0.928
69.700	+1.250e+03	+7.065e+03	+6.088e+03	+0.850
69.800	+2.856e+03	+4.156e+03	+7.401e+03	+0.593
69.900	+2.570e+03	+3.284e+03	+8.187e+03	+0.561
70.000	+3.776e+03	+4.432e+03	+7.904e+03	+0.540
70.100	+1.540e+03	+4.900e+03	+7.315e+03	+0.761
70.200	+2.259e+03	+3.294e+03	+6.880e+03	+0.593
70.300	+2.904e+03	+3.688e+03	+6.069e+03	+0.559
70.400	+2.894e+03	+3.183e+03	+6.434e+03	+0.524
70.500	+1.779e+03	+4.541e+03	+7.514e+03	+0.718
70.600	+2.581e+03	+3.095e+03	+6.470e+03	+0.545
70.700	+1.700e+03	+3.632e+03	+8.093e+03	+0.681
70.800	+1.954e+03	+4.999e+03	+6.756e+03	+0.719
70.900	+2.839e+03	+4.574e+03	+7.453e+03	+0.617
71.000	+1.379e+03	+4.136e+03	+7.788e+03	+0.750
71.100	+2.394e+02	+5.343e+03	+7.100e+03	+0.957
71.200	-4.400e+02	+6.018e+03	+5.463e+03	+1.079
71.300	+5.616e+02	+4.201e+03	+5.812e+03	+0.882
71.400	+1.158e+03	+5.172e+03	+6.543e+03	+0.817
71.500	+2.524e+03	+4.034e+03	+9.085e+03	+0.615
71.600	+2.454e+03	+4.348e+03	+6.207e+03	+0.639
71.700	+2.211e+03	+4.114e+03	+7.250e+03	+0.650
71.800	+3.330e+03	+3.506e+03	+7.776e+03	+0.513
71.900	+2.797e+03	+4.198e+03	+5.308e+03	+0.600
72.000	+2.659e+03	+3.474e+03	+7.660e+03	+0.566
72.100	+1.714e+03	+2.931e+03	+8.444e+03	+0.631
72.200	+2.749e+03	+3.439e+03	+8.583e+03	+0.556
72.300	+2.546e+03	+4.882e+03	+7.883e+03	+0.657
72.400	+2.499e+03	+3.115e+03	+7.106e+03	+0.555
72.500	+2.718e+03	+4.117e+03	+8.279e+03	+0.602
72.600	+2.452e+03	+3.893e+03	+8.325e+03	+0.614
72.700	+2.455e+03	+4.321e+03	+7.398e+03	+0.638
72.800	+2.287e+03	+3.711e+03	+7.603e+03	+0.619
72.900	+3.326e+03	+3.633e+03	+6.546e+03	+0.522
73.000	+2.064e+03	+2.644e+03	+7.342e+03	+0.562
73.100	+2.516e+03	+3.700e+03	+8.345e+03	+0.595
73.200	+3.369e+03	+4.092e+03	+6.590e+03	+0.548
73.300	+3.160e+03	+4.161e+03	+6.929e+03	+0.568
73.400	+1.618e+03	+4.049e+03	+6.784e+03	+0.714
73.500	+1.524e+03	+4.524e+03	+6.254e+03	+0.748
73.600	+8.620e+02	+6.293e+03	+6.771e+03	+0.880
73.700	+1.717e+03	+5.293e+03	+7.234e+03	+0.755
73.800	-1.586e+02	+6.306e+03	+8.047e+03	+1.026
73.900	-1.104e+02	+4.070e+03	+7.214e+03	+1.028
74.000	+1.756e+01	+4.480e+03	+7.502e+03	+0.996
74.100	+1.286e+03	+5.419e+03	+8.486e+03	+0.808
74.200	+1.193e+02	+5.801e+03	+6.220e+03	+0.980
74.300	+5.744e+02	+5.377e+03	+5.602e+03	+0.903
74.400	+4.710e+02	+5.099e+03	+6.950e+03	+0.915
74.500	+9.845e+02	+4.925e+03	+7.319e+03	+0.833
74.600	+7.206e+02	+4.731e+03	+6.589e+03	+0.868
74.700	+5.732e+02	+5.781e+03	+5.215e+03	+0.910
74.800	-5.640e+00	+6.888e+03	+7.586e+03	+1.001
74.900	+3.952e+02	+4.581e+03	+7.589e+03	+0.921
75.000	+1.168e+03	+4.994e+03	+7.708e+03	+0.810
75.100	+1.120e+03	+6.187e+03	+5.836e+03	+0.847
75.200	+3.662e+02	+4.529e+03	+8.140e+03	+0.925
75.300	+1.656e+02	+3.225e+03	+6.880e+03	+0.951
75.400	+6.184e+02	+4.675e+03	+6.698e+03	+0.883
75.500	+6.880e+02	+6.344e+03	+6.520e+03	+0.902
75.600	+8.927e+02	+5.321e+03	+7.110e+03	+0.856
75.700	+1.664e+03	+5.630e+03	+6.915e+03	+0.772
75.800	+1.478e+03	+5.839e+03	+8.272e+03	+0.798
75.900	-5.087e+01	+6.084e+03	+7.297e+03	+1.008
76.000	+1.222e+03	+6.001e+03	+6.912e+03	+0.831
76.100	+9.966e+02	+6.349e+03	+6.481e+03	+0.864
76.200	+1.136e+03	+5.694e+03	+6.863e+03	+0.834
76.300	+1.579e+02	+4.800e+03	+7.356e+03	+0.968
76.400	+6.812e+02	+7.425e+03	+7.207e+03	+0.916
76.500	+4.737e+01	+7.707e+03	+7.614e+03	+0.994
76.600	+8.211e+02	+6.431e+03	+6.200e+03	+0.887
76.700	+6.311e+02	+6.490e+03	+7.245e+03	+0.911
76.800	-2.720e+02	+5.131e+03	+7.554e+03	+1.056
76.900	-1.693e+01	+5.249e+03	+6.937e+03	+1.003
77.000	-3.464e+02	+4.967e+03	+5.720e+03	+1.075
77.100	+1.124e+03	+6.083e+03	+4.609e+03	+0.844
77.200	+5.586e+02	+6.128e+03	+7.587e+03	+0.916
77.300	-4.328e+02	+4.665e+03	+6.601e+03	+1.102
77.400	+4.997e+02	+5.433e+03	+5.765e+03	+0.916
77.500	-1.122e+02	+6.580e+03	+6.512e+03	+1.017
77.600	+1.003e+03	+5.083e+03	+7.150e+03	+0.835
77.700	+1.899e+02	+5.179e+03	+7.285e+03	+0.965
77.800	+1.586e+03	+4.729e+03	+6.845e+03	+0.749
77.900	+1.810e+03	+3.869e+03	+9.455e+03	+0.681
78.000	+2.815e+03	+3.670e+03	+7.587e+03	+0.566
78.100	+3.068e+03	+3.697e+03	+7.416e+03	+0.546
78.200	+2.314e+03	+4.526e+03	+8.266e+03	+0.662
78.300	+2.285e+03	+3.172e+03	+6.356e+03	+0.581
78.400	+1.894e+03	+4.727e+03	+6.988e+03	+0.714
78.500	+2.464e+03	+4.465e+03	+7.663e+03	+0.644
78.600	+2.302e+03	+3.491e+03	+7.446e+03	+0.603
78.700	+1.497e+03	+4.060e+03	+8.373e+03	+0.731
78.800	+2.377e+03	+3.929e+03	+9.078e+03	+0.623
78.900	+2.618e+03	+3.644e+03	+7.633e+03	+0.582
79.000	+3.567e+03	+2.116e+03	+6.325e+03	+0.372
79.100	+3.003e+03	+4.453e+03	+7.398e+03	+0.597
79.200	+2.392e+03	+3.599e+03	+7.692e+03	+0.601
79.300	+2.664e+03	+3.044e+03	+6.633e+03	+0.533
79.400	+2.822e+03	+4.552e+03	+5.840e+03	+0.617
79.500	+2.516e+03	+3.802e+03	+8.533e+03	+0.602
79.600	+1.959e+02	+4.429e+03	+6.562e+03	+0.958
79.700	+9.222e+02	+5.392e+03	+5.932e+03	+0.854
79.800	+1.081e+03	+5.578e+03	+7.629e+03	+0.838
79.900	+7.663e+02	+5.048e+03	+5.840e+03	+0.868
80.000	+1.784e+03	+4.686e+03	+5.751e+03	+0.724
80.100	+5.084e+02	+5.528e+03	+6.548e+03	+0.916
80.200	+1.133e+03	+5.547e+03	+5.852e+03	+0.830
80.300	+1.353e+03	+5.618e+03	+4.900e+03	+0.806
80.400	+5.697e+02	+3.443e+03	+8.298e+03	+0.858
80.500	+7.554e+02	+4.936e+03	+7.964e+03	+0.867
80.600	+5.319e+02	+6.026e+03	+5.831e+03	+0.919
80.700	+1.391e+03	+5.329e+03	+6.782e+03	+0.793
80.800	+7.270e+03	-4.825e+01	+5.799e+03	-0.007
80.900	+7.715e+03	+1.320e+03	+7.871e+03	+0.146
81.000	+8.087e+03	+5.051e+02	+6.571e+03	+0.059
81.100	+7.670e+03	+5.436e+02	+7.208e+03	+0.066
81.200	+8.113e+03	+3.657e+02	+7.057e+03	+0.043
81.300	+7.625e+03	+4.419e+02	+5.718e+03	+0.055
81.400	+6.507e+03	+9.540e+02	+5.957e+03	+0.128
81.500	+7.104e+03	-1.049e+02	+7.011e+03	-0.015
81.600	+7.706e+03	-3.493e+02	+7.517e+03	-0.047
81.700	+6.085e+03	+9.736e+02	+7.145e+03	+0.138
81.800	+7.366e+03	+1.882e+03	+6.972e+03	+0.204
81.900	+6.361e+03	+9.595e+02	+6.925e+03	+0.131
82.000	+7.300e+03	-2.983e+02	+5.749e+03	-0.043
82.100	+7.349e+03	+4.450e+02	+6.287e+03	+0.057
82.200	+6.728e+03	+7.367e+02	+6.208e+03	+0.099
82.300	+6.229e+03	+1.572e+03	+6.456e+03	+0.202
82.400	+7.255e+03	+8.744e+02	+6.294e+03	+0.108
82.500	+6.184e+03	+1.162e+02	+3.981e+03	+0.018
82.600	+7.577e+03	-1.381e+01	+5.434e+03	-0.002
82.700	+6.322e+03	+7.452e+02	+6.426e+03	+0.105
82.800	+6.612e+03	+1.401e+03	+7.617e+03	+0.175
82.900	+6.286e+03	-2.056e+02	+7.013e+03	-0.034
83.000	+5.724e+03	+1.128e+03	+7.189e+03	+0.165
83.100	+6.200e+03	+3.415e+02	+5.306e+03	+0.052
83.200	+5.297e+03	+8.929e+02	+6.124e+03	+0.144
83.300	+7.196e+03	+2.042e+03	+7.684e+03	+0.221
83.400	+6.390e+03	+7.727e+01	+6.344e+03	+0.012
83.500	+5.403e+03	-2.079e+02	+5.465e+03	-0.040
83.600	+6.759e+03	+6.351e+02	+5.653e+03	+0.086
83.700	+6.837e+03	+3.663e+02	+6.836e+03	+0.051
83.800	+6.261e+03	-1.599e+02	+6.266e+03	-0.026
83.900	+5.383e+03	+5.838e+02	+5.485e+03	+0.098
84.000	+7.714e+03	-5.650e+02	+5.339e+03	-0.079
84.100	+5.786e+03	+3.824e+02	+5.833e+03	+0.062
84.200	+8.162e+03	+4.605e+02	+7.375e+03	+0.053
84.300	+4.944e+03	+7.654e+02	+5.024e+03	+0.134
84.400	+6.680e+03	+9.324e+02	+5.364e+03	+0.122
84.500	+6.675e+03	+5.086e+02	+5.427e+03	+0.071
84.600	+5.984e+03	-8.528e+01	+6.431e+03	-0.014
84.700	+6.803e+03	+3.381e+02	+6.967e+03	+0.047
84.800	+6.927e+03	+3.639e+02	+6.280e+03	+0.050
84.900	+7.469e+03	+2.054e+03	+6.574e+03	+0.216
85.000	+7.094e+03	+8.870e+01	+6.395e+03	+0.012
85.100	+6.151e+03	+1.396e+03	+6.058e+03	+0.185
85.200	+6.790e+03	+4.931e+01	+5.404e+03	+0.007
85.300	+6.662e+03	+9.562e+02	+7.232e+03	+0.126
85.400	+6.487e+03	+4.454e+02	+6.654e+03	+0.064
85.500	+6.056e+03	+1.309e+03	+6.029e+03	+0.178
85.600	+7.736e+03	+1.856e+03	+7.537e+03	+0.193
85.700	+5.703e+03	-2.058e+02	+5.610e+03	-0.037
85.800	+2.087e+03	+3.727e+03	+6.745e+03	+0.641
85.900	+2.158e+03	+3.138e+03	+7.928e+03	+0.593
86.000	+2.322e+03	+3.122e+03	+7.086e+03	+0.574
86.100	+2.223e+03	+5.334e+03	+7.843e+03	+0.706
86.200	+2.215e+03	+3.441e+03	+8.681e+03	+0.608
86.300	+1.509e+03	+3.361e+03	+8.621e+03	+0.690
86.400	+1.610e+03	+3.836e+03	+8.361e+03	+0.704
86.500	+1.738e+03	+5.022e+03	+6.338e+03	+0.743
86.600	+3.576e+03	+3.585e+03	+7.021e+03	+0.501
86.700	+1.215e+03	+3.791e+03	+5.891e+03	+0.757
86.800	+3.954e+03	+3.150e+03	+7.888e+03	+0.443
86.900	+1.678e+03	+4.438e+03	+8.316e+03	+0.726
87.000	+2.757e+03	+4.047e+03	+7.938e+03	+0.595
87.100	+2.208e+03	+3.502e+03	+6.636e+03	+0.613
87.200	+4.492e+03	+3.413e+03	+8.069e+03	+0.432
87.300	+4.214e+03	+4.399e+03	+7.931e+03	+0.511
87.400	+2.308e+03	+3.787e+03	+7.006e+03	+0.621
87.500	+2.039e+03	+2.939e+03	+8.871e+03	+0.590
87.600	+3.652e+03	+3.884e+03	+6.986e+03	+0.515
87.700	+1.420e+03	+5.412e+03	+8.481e+03	+0.792
87.800	+1.397e+02	+3.712e+03	+6.445e+03	+0.964
87.900	+1.348e+01	+4.434e+03	+5.707e+03	+0.997
88.000	+1.468e+03	+5.276e+03	+6.465e+03	+0.782
88.100	+1.381e+03	+5.034e+03	+7.275e+03	+0.785
88.200	+1.896e+02	+6.786e+03	+8.654e+03	+0.973
88.300	-1.190e+02	+5.845e+03	+6.891e+03	+1.021
88.400	+1.150e+03	+5.376e+03	+5.155e+03	+0.824
88.500	-1.651e+02	+4.953e+03	+7.661e+03	+1.034
88.600	+7.222e+02	+5.135e+03	+6.843e+03	+0.877
88.700	+3.384e+02	+6.009e+03	+5.884e+03	+0.947
88.800	-6.635e+02	+6.519e+03	+5.548e+03	+1.113
88.900	+1.395e+03	+5.062e+03	+6.625e+03	+0.784
89.000	+1.287e+03	+4.309e+03	+7.196e+03	+0.770
89.100	-3.172e+02	+6.626e+03	+6.598e+03	+1.050
89.200	+1.070e+03	+5.030e+03	+6.349e+03	+0.825
89.300	+1.852e+03	+4.489e+03	+7.548e+03	+0.708
89.400	+2.183e+03	+3.183e+03	+7.294e+03	+0.593
89.500	+1.848e+03	+3.841e+03	+7.841e+03	+0.675
89.600	+3.105e+03	+2.632e+03	+7.347e+03	+0.459
89.700	+2.332e+03	+5.163e+03	+7.068e+03	+0.689
89.800	+2.457e+03	+3.516e+03	+8.948e+03	+0.589
89.900	+2.094e+03	+4.551e+03	+9.023e+03	+0.685
90.000	+2.972e+03	+4.124e+03	+6.168e+03	+0.581
90.100	+2.528e+03	+4.675e+03	+8.757e+03	+0.649
90.200	+2.147e+03	+3.033e+03	+7.655e+03	+0.586
90.300	+2.207e+03	+3.576e+03	+7.993e+03	+0.618
90.400	+2.458e+03	+3.699e+03	+8.164e+03	+0.601
90.500	+3.522e+03	+3.675e+03	+7.586e+03	+0.511
90.600	+2.103e+03	+5.983e+03	+7.061e+03	+0.740
90.700	+1.797e+03	+3.348e+03	+5.905e+03	+0.651
90.800	+3.506e+03	+4.093e+03	+6.941e+03	+0.539
90.900	+3.463e+03	+4.030e+03	+7.593e+03	+0.538
91.000	+2.677e+03	+3.339e+03	+7.920e+03	+0.555
91.100	+2.452e+03	+3.440e+03	+8.472e+03	+0.584
91.200	+2.167e+03	+3.391e+03	+6.293e+03	+0.610
91.300	+2.155e+03	+4.258e+03	+7.682e+03	+0.664
91.400	+3.288e+03	+3.975e+03	+8.119e+03	+0.547
91.500	+1.911e+03	+3.978e+03	+7.605e+03	+0.676
91.600	+2.164e+03	+3.885e+03	+7.413e+03	+0.642
91.700	+2.598e+03	+3.759e+03	+6.967e+03	+0.591
91.800	+2.441e+03	+5.589e+03	+6.771e+03	+0.696
91.900	+2.169e+03	+4.556e+03	+4.574e+03	+0.678
92.000	+3.138e+03	+3.272e+03	+7.783e+03	+0.510
92.100	+1.882e+03	+3.699e+03	+8.146e+03	+0.663
92.200	+1.921e+03	+3.417e+03	+8.064e+03	+0.640
92.300	+2.191e+03	+4.491e+03	+7.695e+03	+0.672
92.400	+1.517e+03	+3.135e+03	+7.914e+03	+0.674
92.500	+2.484e+03	+2.665e+03	+9.143e+03	+0.518
92.600	+3.004e+03	+3.730e+03	+7.823e+03	+0.554
92.700	+3.344e+03	+3.807e+03	+7.880e+03	+0.532
92.800	+3.638e+03	+3.026e+03	+7.807e+03	+0.454
92.900	+3.584e+03	+3.622e+03	+7.177e+03	+0.503
93.000	+1.954e+03	+4.551e+03	+7.733e+03	+0.700
93.100	+3.451e+03	+3.939e+03	+8.079e+03	+0.533
93.200	+2.286e+03	+3.743e+03	+7.499e+03	+0.621
93.300	+1.952e+03	+2.792e+03	+6.677e+03	+0.589
93.400	+1.261e+03	+3.149e+03	+7.070e+03	+0.714
93.500	+3.098e+03	+4.424e+03	+7.960e+03	+0.588
93.600	+3.049e+03	+3.856e+03	+7.446e+03	+0.558
93.700	+2.362e+03	+2.610e+03	+8.836e+03	+0.525
93.800	+3.284e+03	+4.096e+03	+7.169e+03	+0.555
93.900	+2.829e+03	+3.524e+03	+7.729e+03	+0.555
94.000	+6.283e+02	+5.937e+03	+6.187e+03	+0.904
94.100	+5.664e+02	+6.056e+03	+7.152e+03	+0.914
94.200	+2.124e+01	+6.433e+03	+6.395e+03	+0.997
94.300	+4.291e+02	+4.587e+03	+4.409e+03	+0.914
94.400	+1.082e+03	+6.084e+03	+6.070e+03	+0.849
94.500	+1.461e+03	+5.034e+03	+6.505e+03	+0.775
94.600	+2.632e+02	+5.112e+03	+4.659e+03	+0.951
94.700	+7.866e+02	+6.659e+03	+8.805e+03	+0.894
94.800	+4.267e+02	+4.099e+03	+6.265e+03	+0.906
94.900	+1.420e+03	+3.787e+03	+6.660e+03	+0.727
95.000	+5.056e+02	+5.641e+03	+5.981e+03	+0.918
95.100	+1.376e+01	+5.190e+03	+7.294e+03	+0.997
95.200	+1.341e+03	+5.074e+03	+8.003e+03	+0.791
95.300	-5.358e+02	+5.840e+03	+7.800e+03	+1.101
95.400	+1.220e+03	+5.436e+03	+5.921e+03	+0.817
95.500	+1.918e+03	+6.865e+03	+6.463e+03	+0.782
95.600	+1.318e+03	+4.562e+03	+7.024e+03	+0.776
95.700	+1.891e+03	+6.057e+03	+7.747e+03	+0.762
95.800	+9.121e+02	+6.325e+03	+6.730e+03	+0.874
95.900	+9.338e+02	+5.547e+03	+7.781e+03	+0.856
96.000	+3.024e+03	+5.070e+03	+6.205e+03	+0.626
96.100	+6.205e+03	+7.544e+02	+7.160e+03	+0.108
96.200	+1.663e+03	+3.983e+03	+8.049e+03	+0.705
96.300	+8.129e+02	+4.545e+03	+6.042e+03	+0.848
96.400	+5.888e+02	+4.675e+03	+7.435e+03	+0.888
96.500	+3.988e+03	+2.910e+03	+7.070e+03	+0.422
96.600	+6.114e+03	+1.291e+02	+7.361e+03	+0.021
96.700	+6.365e+03	-1.373e+02	+7.174e+03	-0.022
96.800	+5.681e+03	-6.675e+02	+5.722e+03	-0.133
96.900	+5.515e+03	+4.976e+02	+6.071e+03	+0.083
97.000	+7.025e+03	+8.246e+02	+6.212e+03	+0.105
97.100	+6.976e+03	-3.046e+02	+5.361e+03	-0.046
97.200	+6.821e+03	+1.406e+03	+6.543e+03	+0.171
97.300	+6.629e+03	+2.070e+01	+5.494e+03	+0.003
97.400	+5.175e+03	+6.224e+02	+4.908e+03	+0.107
97.500	+6.847e+03	+6.859e+02	+6.280e+03	+0.091
97.600	+6.700e+03	+7.309e+02	+5.886e+03	+0.098
97.700	+6.983e+03	+3.307e+02	+5.778e+03	+0.045
97.800	+5.995e+03	+5.576e+02	+5.236e+03	+0.085
97.900	+7.821e+02	+4.913e+03	+6.468e+03	+0.863
98.000	+8.828e+02	+5.523e+03	+8.574e+03	+0.862
98.100	+1.832e+02	+5.526e+03	+6.572e+03	+0.968
98.200	+1.148e+03	+5.011e+03	+7.027e+03	+0.814
98.300	+9.502e+02	+6.793e+03	+6.460e+03	+0.877
98.400	+5.804e+02	+5.000e+03	+5.887e+03	+0.896
98.500	+1.232e+03	+6.570e+03	+6.449e+03	+0.842
98.600	+8.704e+02	+5.537e+03	+7.038e+03	+0.864
98.700	+3.033e+02	+5.849e+03	+4.727e+03	+0.951
98.800	+8.712e+02	+6.589e+03	+4.592e+03	+0.883
98.900	+1.634e+03	+5.322e+03	+6.891e+03	+0.765
99.000	+1.395e+02	+6.714e+03	+7.361e+03	+0.980
99.100	+2.108e+02	+4.074e+03	+6.196e+03	+0.951
99.200	-3.582e+02	+5.192e+03	+7.533e+03	+1.074
99.300	+1.725e+03	+5.395e+03	+5.349e+03	+0.758
99.400	+1.933e+03	+7.171e+03	+6.445e+03	+0.788
99.500	+2.728e+02	+5.799e+03	+5.778e+03	+0.955
99.600	+1.277e+03	+5.466e+03	+7.274e+03	+0.811
99.700	+9.274e+02	+5.775e+03	+7.214e+03	+0.862
99.800	+1.516e+03	+5.574e+03	+7.450e+03	+0.786
99.900	+1.041e+03	+4.932e+03	+7.942e+03	+0.826
100.000	+8.681e+02	+6.660e+03	+5.627e+03	+0.885
100.100	+1.569e+02	+5.220e+03	+7.820e+03	+0.971
100.200	+6.189e+02	+4.130e+03	+6.817e+03	+0.870
100.300	+7.684e+02	+6.120e+03	+6.448e+03	+0.888
100.400	+4.672e+02	+6.364e+03	+7.077e+03	+0.932
100.500	+1.194e+03	+5.566e+03	+8.411e+03	+0.823
100.600	+1.643e+03	+5.706e+03	+4.958e+03	+0.776
100.700	+5.157e+02	+7.691e+03	+6.178e+03	+0.937
100.800	-1.327e+02	+4.977e+03	+6.061e+03	+1.027
100.900	+2.360e+02	+4.568e+03	+7.269e+03	+0.951
101.000	-1.701e+02	+5.787e+03	+6.387e+03	+1.030
101.100	+7.754e+01	+4.395e+03	+7.364e+03	+0.983
101.200	+1.229e+03	+4.327e+03	+6.001e+03	+0.779
101.300	+5.356e+02	+5.281e+03	+6.681e+03	+0.908
101.400	+5.500e+02	+6.064e+03	+7.836e+03	+0.917
101.500	+1.511e+03	+6.529e+03	+6.605e+03	+0.812
101.600	+7.919e+02	+5.725e+03	+7.077e+03	+0.878
101.700	+9.131e+02	+5.324e+03	+7.947e+03	+0.854
101.800	+1.316e+03	+3.663e+03	+6.027e+03	+0.736
101.900	+2.525e+02	+6.353e+03	+6.367e+03	+0.962
102.000	+9.558e+02	+3.824e+03	+8.426e+03	+0.800
102.100	+1.135e+03	+5.901e+03	+7.568e+03	+0.839
102.200	+7.094e+00	+6.321e+03	+7.000e+03	+0.999
102.300	+3.337e+02	+6.127e+03	+6.675e+03	+0.948
102.400	+5.491e+02	+5.271e+03	+7.455e+03	+0.906
102.500	+1.021e+03	+5.145e+03	+6.085e+03	+0.834
102.600	+8.954e+02	+4.705e+03	+7.329e+03	+0.840
102.700	+4.051e+02	+6.515e+03	+7.565e+03	+0.941
102.800	+1.403e+03	+5.392e+03	+6.082e+03	+0.793
102.900	+4.100e+00	+6.210e+03	+7.018e+03	+0.999
103.000	+2.081e+02	+5.168e+03	+5.742e+03	+0.961
103.100	+3.258e+02	+4.175e+03	+7.891e+03	+0.928
103.200	+1.023e+03	+5.217e+03	+6.579e+03	+0.836
103.300	+4.195e+02	+7.304e+03	+6.641e+03	+0.946
103.400	+7.777e+02	+4.841e+03	+6.223e+03	+0.862
103.500	+1.099e+03	+5.428e+03	+6.229e+03	+0.832
103.600	+1.504e+02	+4.210e+03	+7.454e+03	+0.966
103.700	+5.558e+02	+4.806e+03	+7.381e+03	+0.896
103.800	+1.359e+03	+6.670e+03	+6.963e+03	+0.831
103.900	+9.060e+02	+4.575e+03	+7.193e+03	+0.835
104.000	+1.428e+02	+3.605e+03	+6.051e+03	+0.962
104.100	+1.036e+03	+5.247e+03	+8.900e+03	+0.835
104.200	+7.755e+02	+5.370e+03	+6.052e+03	+0.874
104.300	+4.623e+02	+4.944e+03	+6.836e+03	+0.914
104.400	+6.428e+02	+6.849e+03	+7.109e+03	+0.914
104.500	+1.741e+03	+5.743e+03	+7.043e+03	+0.767
104.600	+2.651e+02	+5.716e+03	+5.797e+03	+0.956
104.700	+3.185e+02	+5.812e+03	+7.577e+03	+0.948
104.800	+1.289e+03	+5.074e+03	+7.118e+03	+0.797
104.900	+3.180e+02	+5.402e+03	+7.337e+03	+0.944
105.000	+7.921e+02	+4.206e+03	+6.108e+03	+0.841
105.100	+1.214e+03	+5.741e+03	+7.276e+03	+0.825
105.200	-1.983e+02	+4.574e+03	+8.307e+03	+1.045
105.300	+7.175e+01	+5.840e+03	+6.688e+03	+0.988
105.400	-8.621e+01	+6.941e+03	+6.165e+03	+1.013
105.500	+1.135e+03	+4.860e+03	+5.284e+03	+0.811
105.600	-4.537e+02	+6.919e+03	+6.353e+03	+1.070
105.700	-2.276e+02	+5.969e+03	+8.842e+03	+1.040
105.800	+8.369e+02	+4.576e+03	+6.364e+03	+0.845
105.900	+7.212e+02	+5.739e+03	+8.085e+03	+0.888
106.000	-8.064e+02	+5.984e+03	+7.840e+03	+1.156
106.100	+1.912e+03	+7.112e+03	+7.574e+03	+0.788
106.200	+1.344e+03	+5.499e+03	+6.256e+03	+0.804
106.300	-2.970e+01	+4.359e+03	+6.102e+03	+1.007
106.400	+1.034e+03	+4.577e+03	+7.205e+03	+0.816
106.500	+8.719e+02	+4.759e+03	+6.602e+03	+0.845
106.600	+1.744e+03	+5.880e+03	+7.994e+03	+0.771
106.700	+1.675e+02	+4.432e+03	+7.449e+03	+0.964
106.800	+7.881e+02	+5.714e+03	+6.095e+03	+0.879
106.900	+1.585e+03	+5.784e+03	+7.983e+03	+0.785
107.000	+8.132e+02	+5.264e+03	+6.928e+03	+0.866
107.100	+7.453e+02	+5.386e+03	+7.077e+03	+0.878
107.200	+1.016e+03	+5.094e+03	+6.465e+03	+0.834
107.300	+4.399e+02	+5.031e+03	+6.242e+03	+0.920
107.400	+6.958e+02	+3.442e+03	+6.581e+03	+0.832
107.500	+5.485e+02	+6.074e+03	+5.495e+03	+0.917
107.600	+1.080e+03	+3.974e+03	+6.941e+03	+0.786
107.700	+1.088e+03	+5.581e+03	+4.231e+03	+0.837
107.800	+2.242e+02	+4.520e+03	+5.751e+03	+0.953
107.900	+1.097e+03	+5.098e+03	+7.709e+03	+0.823
108.000	+6.337e+02	+5.100e+03	+7.789e+03	+0.889
108.100	+2.205e+03	+4.754e+03	+7.119e+03	+0.683
108.200	+2.924e+03	+4.171e+03	+7.253e+03	+0.588
108.300	+3.327e+03	+3.093e+03	+7.805e+03	+0.482
108.400	+2.182e+03	+3.595e+03	+7.551e+03	+0.622
108.500	+2.233e+03	+4.999e+03	+7.462e+03	+0.691
108.600	+1.449e+03	+4.919e+03	+5.041e+03	+0.773
108.700	-3.262e+02	+6.370e+03	+6.612e+03	+1.054
108.800	-1.769e+02	+4.170e+03	+7.499e+03	+1.044
108.900	+9.349e+02	+5.596e+03	+7.356e+03	+0.857
109.000	+5.916e+02	+5.615e+03	+6.551e+03	+0.905
109.100	+1.545e+03	+5.628e+03	+7.159e+03	+0.785
109.200	+1.836e+03	+6.165e+03	+5.908e+03	+0.771
109.300	+1.308e+03	+4.676e+03	+6.927e+03	+0.781
109.400	+2.633e+02	+4.499e+03	+6.945e+03	+0.945
109.500	+8.694e+02	+5.846e+03	+6.578e+03	+0.871
109.600	-7.611e+02	+5.381e+03	+5.534e+03	+1.165
109.700	+7.479e+02	+6.114e+03	+7.169e+03	+0.891
109.800	+1.326e+03	+5.185e+03	+6.087e+03	+0.796
109.900	+1.266e+03	+5.056e+03	+6.387e+03	+0.800
110.000	+1.507e+03	+4.055e+03	+7.628e+03	+0.729
110.100	+9.444e+02	+4.759e+03	+6.945e+03	+0.834
110.200	-2.986e+02	+4.936e+03	+7.680e+03	+1.064
110.300	+1.649e+03	+5.675e+03	+6.069e+03	+0.775
110.400	+1.312e+03	+4.946e+03	+7.886e+03	+0.790
110.500	+8.507e+02	+7.216e+03	+6.114e+03	+0.895
110.600	+2.063e+02	+5.982e+03	+8.689e+03	+0.967
110.700	-1.057e+02	+5.947e+03	+6.719e+03	+1.018
110.800	+3.985e+02	+6.959e+03	+6.541e+03	+0.946
110.900	+1.801e+03	+4.193e+03	+7.283e+03	+0.699
111.000	+1.365e+03	+5.938e+03	+6.832e+03	+0.813
111.100	+3.149e+02	+6.275e+03	+6.664e+03	+0.952
111.200	+5.175e+02	+5.055e+03	+9.096e+03	+0.907
111.300	-3.977e+02	+4.810e+03	+5.729e+03	+1.090
111.400	+1.921e+03	+4.796e+03	+7.577e+03	+0.714
111.500	+2.440e+03	+4.065e+03	+8.343e+03	+0.625
111.600	+2.797e+03	+2.096e+03	+6.768e+03	+0.428
111.700	+2.788e+03	+3.240e+03	+8.701e+03	+0.538
111.800	+2.661e+03	+3.419e+03	+6.428e+03	+0.562
111.900	+2.954e+03	+4.427e+03	+7.289e+03	+0.600
112.000	+2.675e+03	+2.469e+03	+9.173e+03	+0.480
112.100	+1.493e+03	+3.088e+03	+7.535e+03	+0.674
112.200	+2.400e+03	+4.603e+03	+6.947e+03	+0.657
112.300	+3.412e+03	+3.400e+03	+6.754e+03	+0.499
112.400	+2.525e+03	+4.104e+03	+7.546e+03	+0.619
112.500	+3.069e+03	+3.717e+03	+9.298e+03	+0.548
112.600	+1.361e+03	+5.914e+03	+6.561e+03	+0.813
112.700	+8.149e+02	+4.748e+03	+5.994e+03	+0.854
112.800	-1.727e+02	+4.143e+03	+7.454e+03	+1.044
112.900	+2.949e+02	+5.646e+03	+6.665e+03	+0.950
113.000	+7.849e+02	+5.059e+03	+7.346e+03	+0.866
113.100	+2.063e+03	+4.524e+03	+5.191e+03	+0.687
113.200	-3.063e+01	+5.204e+03	+7.383e+03	+1.006
113.300	+9.486e+02	+5.742e+03	+6.996e+03	+0.858
113.400	+1.314e+03	+4.621e+03	+8.724e+03	+0.779
113.500	+2.246e+02	+6.018e+03	+7.805e+03	+0.964
113.600	+4.427e+02	+6.144e+03	+6.842e+03	+0.933
113.700	+1.280e+03	+5.854e+03	+7.714e+03	+0.821
113.800	+2.235e+03	+5.013e+03	+6.238e+03	+0.692
113.900	+2.559e+03	+3.488e+03	+6.682e+03	+0.577
114.000	+2.361e+03	+4.840e+03	+9.674e+03	+0.672
114.100	+2.544e+03	+4.749e+03	+8.849e+03	+0.651
114.200	+1.789e+03	+2.829e+03	+8.470e+03	+0.613
114.300	+3.840e+03	+3.544e+03	+7.026e+03	+0.480
114.400	+2.551e+03	+4.697e+03	+8.233e+03	+0.648
114.500	+1.491e+03	+3.293e+03	+6.293e+03	+0.688
114.600	+2.939e+03	+3.973e+03	+7.415e+03	+0.575
114.700	+1.939e+03	+3.663e+03	+8.753e+03	+0.654
114.800	+2.870e+03	+4.024e+03	+6.975e+03	+0.584
114.900	+1.888e+03	+3.808e+03	+9.023e+03	+0.669
115.000	+2.190e+03	+4.236e+03	+6.856e+03	+0.659
115.100	+3.770e+03	+3.571e+03	+6.618e+03	+0.486
115.200	+2.502e+03	+4.307e+03	+6.857e+03	+0.633
115.300	+3.247e+03	+3.648e+03	+7.701e+03	+0.529
115.400	+1.942e+03	+4.495e+03	+8.981e+03	+0.698
115.500	+1.965e+03	+4.254e+03	+9.288e+03	+0.684
115.600	+1.977e+03	+3.114e+03	+9.132e+03	+0.612
115.700	+3.257e+03	+2.422e+03	+5.910e+03	+0.426
115.800	+3.474e+03	+5.153e+03	+7.590e+03	+0.597
115.900	+2.619e+03	+4.459e+03	+6.422e+03	+0.630
116.000	+2.400e+03	+2.608e+03	+6.944e+03	+0.521
116.100	+1.733e+03	+4.395e+03	+7.909e+03	+0.717
116.200	+3.021e+03	+3.663e+03	+8.943e+03	+0.548
116.300	+2.648e+03	+4.839e+03	+6.289e+03	+0.646
116.400	+2.428e+03	+3.184e+03	+6.419e+03	+0.567
116.500	+2.842e+03	+4.533e+03	+7.219e+03	+0.615
116.600	+3.849e+03	+4.402e+03	+8.309e+03	+0.533
116.700	+2.072e+03	+3.740e+03	+7.333e+03	+0.644
116.800	+1.787e+03	+4.301e+03	+8.629e+03	+0.706
116.900	+3.020e+03	+3.341e+03	+6.911e+03	+0.525
117.000	+3.160e+03	+3.885e+03	+7.861e+03	+0.551
117.100	+2.584e+03	+3.999e+03	+7.266e+03	+0.607
117.200	+2.643e+03	+4.038e+03	+7.253e+03	+0.604
117.300	+1.790e+03	+2.639e+03	+6.999e+03	+0.596
117.400	+2.712e+03	+4.659e+03	+7.869e+03	+0.632
117.500	+2.529e+03	+4.635e+03	+9.021e+03	+0.647
117.600	+2.423e+03	+4.111e+03	+7.262e+03	+0.629
117.700	+2.470e+03	+5.662e+03	+7.497e+03	+0.696
117.800	+3.641e+03	+3.595e+03	+7.857e+03	+0.497
117.900	+2.037e+03	+3.104e+03	+7.541e+03	+0.604
118.000	+3.398e+03	+4.065e+03	+7.253e+03	+0.545
118.100	+2.230e+03	+3.766e+03	+7.897e+03	+0.628
118.200	+1.621e+03	+3.668e+03	+7.594e+03	+0.693
118.300	+2.379e+03	+4.631e+03	+9.951e+03	+0.661
118.400	+3.708e+03	+5.573e+03	+8.015e+03	+0.601
118.500	+3.153e+03	+4.000e+03	+8.567e+03	+0.559
118.600	+3.281e+03	+3.833e+03	+6.368e+03	+0.539
118.700	+2.728e+03	+3.456e+03	+8.384e+03	+0.559
118.800	+6.239e+03	+1.150e+03	+6.534e+03	+0.156
118.900	+2.079e+03	+3.488e+03	+7.493e+03	+0.627
119.000	+1.086e+03	+2.392e+03	+8.850e+03	+0.688
119.100	+3.385e+03	+3.289e+03	+7.684e+03	+0.493
119.200	+2.409e+03	+3.311e+03	+7.693e+03	+0.579
119.300	+3.283e+03	+4.647e+03	+8.014e+03	+0.586
119.400	+3.262e+03	+4.340e+03	+7.553e+03	+0.571
119.500	+2.831e+03	+4.392e+03	+7.231e+03	+0.608
119.600	+3.171e+03	+3.974e+03	+8.030e+03	+0.556
119.700	+2.479e+03	+4.218e+03	+7.332e+03	+0.630
119.800	+1.992e+03	+4.343e+03	+7.513e+03	+0.686
119.900	+3.555e+03	+2.677e+03	+7.082e+03	+0.430
120.000	+7.297e+03	+2.605e+02	+5.515e+03	+0.034
120.100	+4.006e+03	+3.540e+03	+7.079e+03	+0.469
120.200	+8.072e+02	+4.271e+03	+7.971e+03	+0.841
120.300	-1.872e+02	+5.443e+03	+6.700e+03	+1.036
120.400	+1.417e+03	+6.377e+03	+5.408e+03	+0.818
120.500	+9.694e+02	+5.891e+03	+6.616e+03	+0.859
120.600	+3.742e+01	+4.418e+03	+6.177e+03	+0.992
120.700	+2.506e+01	+6.714e+03	+5.973e+03	+0.996
120.800	-8.168e+01	+6.913e+03	+6.542e+03	+1.012
120.900	+4.631e+02	+5.863e+03	+9.399e+03	+0.927
121.000	+9.997e+01	+4.592e+03	+5.908e+03	+0.979
121.100	+1.290e+03	+5.832e+03	+7.093e+03	+0.819
121.200	+6.393e+02	+5.733e+03	+6.632e+03	+0.900
121.300	+2.415e+02	+5.912e+03	+6.116e+03	+0.961
121.400	+8.410e+02	+5.640e+03	+7.525e+03	+0.870
121.500	-5.976e+02	+3.615e+03	+5.650e+03	+1.198
121.600	+4.114e+02	+4.710e+03	+7.263e+03	+0.920
121.700	+7.070e+02	+7.024e+03	+7.006e+03	+0.909
121.800	+4.007e+02	+5.636e+03	+7.764e+03	+0.934
121.900	+4.068e+02	+5.411e+03	+5.979e+03	+0.930
122.000	+1.185e+03	+5.354e+03	+5.051e+03	+0.819
122.100	+6.217e+02	+5.414e+03	+7.650e+03	+0.897
122.200	+9.537e+02	+6.279e+03	+5.809e+03	+0.868
122.300	+7.933e+02	+4.673e+03	+6.296e+03	+0.855
122.400	+1.125e+03	+5.504e+03	+6.954e+03	+0.830
122.500	+1.640e+03	+5.803e+03	+6.239e+03	+0.780
122.600	+6.948e+02	+5.695e+03	+8.551e+03	+0.891
122.700	+4.393e+02	+4.295e+03	+5.532e+03	+0.907
122.800	-7.711e+01	+5.128e+03	+7.569e+03	+1.015
122.900	+8.275e+02	+4.871e+03	+6.861e+03	+0.855
123.000	+2.303e+03	+4.395e+03	+6.716e+03	+0.656
123.100	+8.473e+02	+5.957e+03	+8.150e+03	+0.875
123.200	+1.105e+03	+4.628e+03	+5.976e+03	+0.807
123.300	+1.234e+03	+6.761e+03	+6.781e+03	+0.846
123.400	+1.192e+03	+4.850e+03	+6.201e+03	+0.803
123.500	-3.419e+02	+3.184e+03	+9.449e+03	+1.120
123.600	+4.845e+02	+5.827e+03	+5.845e+03	+0.923
123.700	+1.238e+03	+7.639e+03	+5.343e+03	+0.861
123.800	+8.618e+02	+4.456e+03	+6.204e+03	+0.838
123.900	+9.926e+02	+4.733e+03	+6.497e+03	+0.827
124.000	+1.045e+03	+5.874e+03	+8.048e+03	+0.849
124.100	+1.228e+03	+5.403e+03	+7.667e+03	+0.815
124.200	-1.197e+02	+4.991e+03	+7.576e+03	+1.025
124.300	+9.180e+02	+4.460e+03	+7.309e+03	+0.829
124.400	+1.637e+03	+5.591e+03	+6.124e+03	+0.774
124.500	+4.904e+02	+4.858e+03	+6.983e+03	+0.908
124.600	+6.799e+02	+4.808e+03	+8.522e+03	+0.876
124.700	+8.251e+02	+4.438e+03	+7.310e+03	+0.843
124.800	+4.482e+02	+4.865e+03	+6.076e+03	+0.916
124.900	+1.099e+03	+5.116e+03	+7.217e+03	+0.823
125.000	+5.430e+02	+5.015e+03	+7.286e+03	+0.902
125.100	+2.098e+03	+5.008e+03	+8.768e+03	+0.705
125.200	+3.072e+03	+3.477e+03	+7.584e+03	+0.531
125.300	+3.422e+03	+4.092e+03	+8.798e+03	+0.545
125.400	+2.763e+03	+4.998e+03	+5.647e+03	+0.644
125.500	+2.540e+03	+3.395e+03	+8.570e+03	+0.572
125.600	+2.809e+03	+3.389e+03	+7.935e+03	+0.547
125.700	+2.233e+03	+5.103e+03	+7.544e+03	+0.696
125.800	+2.963e+03	+3.557e+03	+8.122e+03	+0.546
125.900	+2.993e+03	+4.528e+03	+8.826e+03	+0.602
126.000	+3.670e+03	+3.418e+03	+8.668e+03	+0.482
126.100	+2.931e+03	+3.818e+03	+8.194e+03	+0.566
126.200	+3.574e+03	+3.744e+03	+9.047e+03	+0.512
126.300	+3.627e+03	+3.596e+03	+7.540e+03	+0.498
126.400	+3.259e+03	+4.223e+03	+7.279e+03	+0.564
126.500	+3.167e+03	+3.873e+03	+8.243e+03	+0.550
126.600	+2.105e+03	+3.526e+03	+6.921e+03	+0.626
126.700	+1.946e+03	+3.125e+03	+6.506e+03	+0.616
126.800	+2.759e+03	+3.939e+03	+8.034e+03	+0.588
126.900	+2.965e+03	+3.563e+03	+6.660e+03	+0.546
127.000	+2.253e+03	+2.979e+03	+6.992e+03	+0.569
127.100	+3.231e+03	+3.403e+03	+7.759e+03	+0.513
127.200	+3.139e+03	+3.909e+03	+8.047e+03	+0.555
127.300	+2.981e+03	+4.270e+03	+6.671e+03	+0.589
127.400	+2.484e+03	+3.309e+03	+7.107e+03	+0.571
127.500	+2.486e+03	+4.374e+03	+7.447e+03	+0.638
127.600	+9.195e+02	+4.706e+03	+6.956e+03	+0.837
127.700	+2.875e+02	+5.828e+03	+6.348e+03	+0.953
127.800	+1.677e+02	+6.641e+03	+6.924e+03	+0.975
127.900	+4.930e+02	+4.190e+03	+4.871e+03	+0.895
128.000	+8.471e+02	+5.718e+03	+6.412e+03	+0.871
128.100	+1.503e+03	+4.949e+03	+8.336e+03	+0.767
128.200	+9.833e+02	+5.159e+03	+5.497e+03	+0.840
128.300	+1.365e+03	+5.125e+03	+7.582e+03	+0.790
128.400	+1.234e+03	+5.443e+03	+6.194e+03	+0.815
128.500	+2.648e+02	+5.005e+03	+7.091e+03	+0.950
128.600	+1.111e+03	+7.045e+03	+6.693e+03	+0.864
128.700	+5.866e+02	+4.582e+03	+5.748e+03	+0.886
128.800	+1.965e+03	+6.365e+03	+8.748e+03	+0.764
128.900	+1.768e+03	+5.740e+03	+6.098e+03	+0.764
129.000	+1.633e+03	+6.044e+03	+6.450e+03	+0.787
129.100	-1.652e+02	+5.936e+03	+6.761e+03	+1.029
129.200	+2.412e+01	+5.584e+03	+4.720e+03	+0.996
129.300	+4.926e+02	+6.527e+03	+7.431e+03	+0.930
129.400	+6.834e+02	+6.067e+03	+6.848e+03	+0.899
129.500	+1.171e+03	+5.106e+03	+6.476e+03	+0.813
129.600	+6.277e+02	+5.098e+03	+6.838e+03	+0.890
129.700	+1.766e+02	+5.834e+03	+6.445e+03	+0.971
129.800	+3.666e+02	+6.661e+03	+5.976e+03	+0.948
129.900	+1.774e+03	+5.027e+03	+6.945e+03	+0.739
130.000	+1.389e+03	+4.870e+03	+8.316e+03	+0.778
130.100	+1.602e+03	+4.990e+03	+7.215e+03	+0.757
130.200	+9.962e+02	+6.031e+03	+6.979e+03	+0.858
130.300	+1.670e+03	+4.361e+03	+6.572e+03	+0.723
130.400	+1.613e+03	+5.006e+03	+6.327e+03	+0.756
130.500	+8.745e+02	+5.376e+03	+8.604e+03	+0.860
130.600	+1.201e+03	+4.774e+03	+5.805e+03	+0.799
130.700	+3.152e+02	+5.015e+03	+5.221e+03	+0.941
130.800	+1.414e+03	+5.896e+03	+6.705e+03	+0.807
130.900	-2.433e+01	+4.668e+03	+6.595e+03	+1.005
131.000	+5.742e+02	+4.594e+03	+6.807e+03	+0.889
131.100	+3.906e+02	+5.738e+03	+7.738e+03	+0.936
131.200	+4.876e+02	+5.618e+03	+8.042e+03	+0.920
131.300	-3.978e+02	+5.319e+03	+8.095e+03	+1.081
131.400	-1.225e+02	+4.846e+03	+6.963e+03	+1.026
131.500	+1.314e+03	+5.191e+03	+7.104e+03	+0.798
131.600	+1.373e+03	+5.027e+03	+6.860e+03	+0.785
131.700	-6.734e+02	+5.238e+03	+5.918e+03	+1.148
131.800	+1.074e+03	+5.796e+03	+6.922e+03	+0.844
131.900	+7.208e+02	+5.321e+03	+9.062e+03	+0.881
132.000	+4.525e+02	+4.779e+03	+8.032e+03	+0.914
132.100	-5.272e+02	+5.794e+03	+6.814e+03	+1.100
132.200	+1.755e+02	+4.933e+03	+7.239e+03	+0.966
132.300	+1.073e+03	+4.232e+03	+7.189e+03	+0.798
132.400	+2.879e+03	+3.355e+03	+8.065e+03	+0.538
132.500	+2.126e+03	+4.137e+03	+6.357e+03	+0.661
132.600	+2.348e+03	+2.487e+03	+6.720e+03	+0.514
132.700	+2.630e+03	+4.341e+03	+7.477e+03	+0.623
132.800	+3.903e+03	+3.715e+03	+7.447e+03	+0.488
132.900	+2.697e+03	+3.407e+03	+9.416e+03	+0.558
133.000	+2.346e+03	+2.194e+03	+8.324e+03	+0.483
133.100	+3.019e+03	+4.278e+03	+7.838e+03	+0.586
133.200	+3.214e+03	+4.073e+03	+6.903e+03	+0.559
133.300	+1.892e+03	+2.545e+03	+8.285e+03	+0.574
133.400	+4.311e+03	+1.953e+03	+6.834e+03	+0.312
133.500	+7.416e+03	+9.150e+02	+7.722e+03	+0.110
133.600	+7.351e+03	-1.316e+02	+6.639e+03	-0.018
133.700	+7.963e+03	-2.244e+02	+7.161e+03	-0.029
133.800	+6.793e+03	+9.827e+01	+4.501e+03	+0.014
133.900	+5.257e+03	+5.660e+02	+6.459e+03	+0.097
134.000	+6.036e+03	+5.235e+02	+6.475e+03	+0.080
134.100	+6.405e+03	+1.123e+03	+7.093e+03	+0.149
134.200	+7.524e+03	-9.793e+01	+7.050e+03	-0.013
134.300	+6.655e+03	+4.779e+02	+6.412e+03	+0.067
134.400	+7.423e+03	+9.649e+02	+5.444e+03	+0.115
134.500	+6.366e+03	+4.923e+02	+5.942e+03	+0.072
134.600	+7.238e+03	-1.119e+02	+7.934e+03	-0.016
134.700	+5.759e+03	+1.597e+02	+5.501e+03	+0.027
134.800	+6.382e+03	+2.582e+02	+5.779e+03	+0.039
134.900	+6.978e+03	-5.687e+02	+4.744e+03	-0.089
135.000	+6.265e+03	-4.992e+01	+8.062e+03	-0.008
135.100	+7.346e+03	+4.243e+02	+5.038e+03	+0.055
135.200	+6.235e+03	+7.627e+02	+8.038e+03	+0.109
135.300	+7.856e+03	+1.121e+03	+5.964e+03	+0.125
135.400	+6.679e+03	+1.104e+03	+6.111e+03	+0.142
135.500	+6.266e+03	+1.288e+03	+6.830e+03	+0.170
135.600	+6.834e+03	-1.356e+02	+6.022e+03	-0.020
135.700	+6.332e+03	+9.638e+02	+7.606e+03	+0.132
135.800	+6.957e+03	+8.584e+02	+7.689e+03	+0.110
135.900	+3.376e+03	+2.739e+03	+6.048e+03	+0.448
136.000	+2.860e+03	+4.578e+03	+7.888e+03	+0.615
136.100	+2.572e+03	+3.577e+03	+8.052e+03	+0.582
136.200	+2.836e+03	+4.661e+03	+7.695e+03	+0.622
136.300	+3.281e+03	+5.709e+03	+9.067e+03	+0.635
136.400	+2.655e+03	+3.892e+03	+7.408e+03	+0.595
136.500	+2.133e+03	+4.127e+03	+8.137e+03	+0.659
136.600	+8.072e+02	+6.304e+03	+6.852e+03	+0.886
136.700	+1.059e+03	+4.683e+03	+7.913e+03	+0.816
136.800	+7.254e+02	+5.395e+03	+6.144e+03	+0.881
136.900	+1.177e+03	+6.589e+03	+7.079e+03	+0.848
137.000	+1.164e+03	+6.117e+03	+8.274e+03	+0.840
137.100	+4.894e+02	+4.640e+03	+7.038e+03	+0.905
137.200	+1.367e+03	+4.932e+03	+6.833e+03	+0.783
137.300	+3.129e+03	+3.292e+03	+8.794e+03	+0.513
137.400	+2.683e+03	+4.771e+03	+8.716e+03	+0.640
137.500	+3.313e+03	+3.319e+03	+7.627e+03	+0.500
137.600	+3.367e+03	+4.654e+03	+8.588e+03	+0.580
137.700	+2.162e+03	+3.528e+03	+6.430e+03	+0.620
137.800	+2.388e+03	+5.001e+03	+7.655e+03	+0.677
137.900	+2.189e+03	+3.814e+03	+7.861e+03	+0.635
138.000	+9.720e+02	+4.374e+03	+6.083e+03	+0.818
138.100	+4.334e+02	+6.068e+03	+7.338e+03	+0.933
138.200	+6.856e+02	+5.149e+03	+7.719e+03	+0.882
138.300	+1.128e+03	+6.132e+03	+7.487e+03	+0.845
138.400	+7.124e+02	+5.782e+03	+8.512e+03	+0.890
138.500	-1.194e+02	+4.805e+03	+9.340e+03	+1.025
138.600	+1.420e+03	+5.458e+03	+8.159e+03	+0.794
138.700	+4.178e+02	+4.882e+03	+6.862e+03	+0.921
138.800	+1.787e+02	+7.297e+03	+5.707e+03	+0.976
138.900	+3.042e+02	+4.095e+03	+6.421e+03	+0.931
139.000	-3.865e+02	+5.690e+03	+7.382e+03	+1.073
139.100	+1.200e+03	+4.549e+03	+6.832e+03	+0.791
139.200	-5.663e+02	+6.013e+03	+6.484e+03	+1.104
139.300	+5.818e+02	+4.367e+03	+7.037e+03	+0.882
139.400	+2.411e+03	+4.095e+03	+7.194e+03	+0.629
139.500	+1.461e+03	+3.458e+03	+7.516e+03	+0.703
139.600	+2.669e+03	+3.384e+03	+9.287e+03	+0.559
139.700	+3.149e+03	+4.406e+03	+9.867e+03	+0.583
139.800	+2.307e+03	+4.525e+03	+6.911e+03	+0.662
139.900	+3.133e+03	+4.475e+03	+7.325e+03	+0.588
140.000	+3.653e+03	+3.510e+03	+9.301e+03	+0.490
140.100	+2.636e+03	+4.639e+03	+6.787e+03	+0.638
140.200	+2.655e+03	+3.032e+03	+7.179e+03	+0.533
140.300	+1.390e+03	+3.696e+03	+7.465e+03	+0.727
140.400	+2.591e+03	+4.822e+03	+6.420e+03	+0.651
140.500	+2.187e+03	+4.886e+03	+8.825e+03	+0.691
140.600	+2.974e+03	+4.320e+03	+9.403e+03	+0.592
140.700	+1.962e+03	+3.774e+03	+8.292e+03	+0.658
140.800	+2.254e+03	+3.017e+03	+7.853e+03	+0.572
140.900	+3.472e+03	+5.292e+03	+8.330e+03	+0.604
141.000	+2.201e+03	+3.771e+03	+8.533e+03	+0.631
141.100	+3.469e+03	+4.241e+03	+8.006e+03	+0.550
141.200	+3.577e+03	+4.361e+03	+8.176e+03	+0.549
141.300	+3.957e+03	+2.756e+03	+8.376e+03	+0.411
141.400	+2.893e+03	+4.888e+03	+6.423e+03	+0.628
141.500	+2.248e+03	+3.268e+03	+9.063e+03	+0.592
141.600	+2.045e+03	+3.804e+03	+9.418e+03	+0.650
141.700	+3.564e+03	+4.485e+03	+6.329e+03	+0.557
141.800	+1.888e+03	+4.113e+03	+7.524e+03	+0.685
141.900	+3.820e+03	+4.884e+03	+7.069e+03	+0.561
142.000	+2.714e+03	+4.202e+03	+9.187e+03	+0.608
142.100	+2.413e+03	+4.828e+03	+8.347e+03	+0.667
142.200	+1.853e+03	+3.961e+03	+8.103e+03	+0.681
142.300	+1.759e+03	+4.526e+03	+7.185e+03	+0.720
142.400	+3.737e+03	+3.821e+03	+6.722e+03	+0.506
142.500	+3.325e+03	+4.381e+03	+6.851e+03	+0.569
142.600	+2.497e+03	+4.122e+03	+5.819e+03	+0.623
142.700	+3.522e+03	+3.827e+03	+8.271e+03	+0.521
142.800	+2.382e+03	+3.430e+03	+6.737e+03	+0.590
142.900	+3.137e+03	+4.515e+03	+6.030e+03	+0.590
143.000	+2.972e+03	+2.765e+03	+7.346e+03	+0.482
143.100	+3.045e+03	+5.153e+03	+7.438e+03	+0.629
143.200	+1.484e+03	+2.936e+03	+7.502e+03	+0.664
143.300	+3.027e+03	+4.077e+03	+8.033e+03	+0.574
143.400	+3.469e+03	+3.728e+03	+9.210e+03	+0.518
143.500	+2.263e+03	+5.098e+03	+8.911e+03	+0.693
143.600	+3.426e+03	+3.339e+03	+7.698e+03	+0.494
143.700	+4.029e+03	+3.209e+03	+7.452e+03	+0.443
143.800	+1.392e+03	+4.317e+03	+7.926e+03	+0.756
143.900	+2.010e+03	+4.019e+03	+8.096e+03	+0.667
144.000	+3.311e+03	+4.091e+03	+6.299e+03	+0.553
144.100	+2.471e+03	+3.417e+03	+6.835e+03	+0.580
144.200	+1.998e+03	+2.912e+03	+7.797e+03	+0.593
144.300	+1.480e+03	+4.644e+03	+7.094e+03	+0.758
144.400	-1.889e+01	+4.686e+03	+6.878e+03	+1.004
144.500	+1.620e+02	+6.026e+03	+7.715e+03	+0.974
144.600	+4.603e+02	+5.688e+03	+7.932e+03	+0.925
144.700	+1.272e+03	+5.533e+03	+6.155e+03	+0.813
144.800	+7.263e+02	+6.017e+03	+7.823e+03	+0.892
144.900	+1.391e+03	+5.836e+03	+5.684e+03	+0.808
145.000	+2.617e+02	+3.583e+03	+8.205e+03	+0.932
145.100	+1.301e+03	+6.041e+03	+6.824e+03	+0.823
145.200	+4.016e+03	+2.896e+03	+7.039e+03	+0.419
145.300	+2.953e+03	+4.696e+03	+8.353e+03	+0.614
145.400	+2.908e+03	+4.355e+03	+8.480e+03	+0.600
145.500	+2.626e+03	+3.771e+03	+7.664e+03	+0.590
145.600	+3.242e+03	+4.429e+03	+8.105e+03	+0.577
145.700	+1.967e+03	+4.066e+03	+4.701e+03	+0.674
145.800	+3.002e+03	+4.678e+03	+9.020e+03	+0.609
145.900	+2.297e+03	+2.108e+03	+8.132e+03	+0.479
146.000	+3.934e+03	+4.034e+03	+8.344e+03	+0.506
146.100	+3.439e+03	+4.081e+03	+8.267e+03	+0.543
146.200	+3.610e+03	+3.319e+03	+6.341e+03	+0.479
146.300	+3.169e+03	+4.005e+03	+8.102e+03	+0.558
146.400	+3.910e+03	+4.102e+03	+6.182e+03	+0.512
146.500	+2.686e+03	+3.147e+03	+7.777e+03	+0.540
146.600	+2.297e+03	+3.705e+03	+8.465e+03	+0.617
146.700	+2.444e+03	+4.092e+03	+8.158e+03	+0.626
146.800	+2.040e+03	+3.504e+03	+6.556e+03	+0.632
146.900	+3.110e+03	+4.601e+03	+8.801e+03	+0.597
147.000	+2.622e+03	+3.646e+03	+8.295e+03	+0.582
147.100	+1.563e+03	+4.291e+03	+6.696e+03	+0.733
147.200	+2.211e+03	+3.527e+03	+8.352e+03	+0.615
147.300	+3.277e+03	+3.214e+03	+7.490e+03	+0.495
147.400	+3.228e+03	+3.999e+03	+8.614e+03	+0.553
147.500	+1.849e+03	+3.368e+03	+7.821e+03	+0.646
147.600	+2.394e+03	+2.625e+03	+9.578e+03	+0.523
147.700	+1.828e+03	+3.534e+03	+7.251e+03	+0.659
147.800	+2.706e+03	+3.534e+03	+6.500e+03	+0.566
147.900	+2.191e+03	+4.792e+03	+7.604e+03	+0.686
148.000	+2.496e+03	+3.496e+03	+8.105e+03	+0.583
148.100	+2.878e+03	+3.770e+03	+7.827e+03	+0.567
148.200	+2.064e+03	+3.455e+03	+9.938e+03	+0.626
148.300	+2.746e+03	+2.861e+03	+7.749e+03	+0.510
148.400	+2.375e+03	+4.603e+03	+7.655e+03	+0.660
148.500	+2.467e+03	+4.954e+03	+7.181e+03	+0.668
148.600	+3.716e+02	+5.164e+03	+6.300e+03	+0.933
148.700	+7.307e+02	+5.971e+03	+6.095e+03	+0.891
148.800	+1.856e+03	+4.637e+03	+6.349e+03	+0.714
148.900	+1.156e+02	+4.843e+03	+7.545e+03	+0.977
149.000	+7.710e+02	+4.961e+03	+8.851e+03	+0.865
149.100	+1.162e+03	+4.829e+03	+6.866e+03	+0.806
149.200	+8.588e+02	+5.807e+03	+8.022e+03	+0.871
149.300	-1.484e+02	+5.849e+03	+7.619e+03	+1.026
149.400	+5.148e+02	+4.825e+03	+6.096e+03	+0.904
149.500	+1.587e+03	+5.362e+03	+6.923e+03	+0.772
149.600	+2.337e+02	+4.832e+03	+7.265e+03	+0.954
149.700	-3.235e+02	+5.819e+03	+8.406e+03	+1.059
149.800	+1.003e+03	+6.039e+03	+7.049e+03	+0.858
149.900	+2.943e+03	+3.869e+03	+7.058e+03	+0.568
150.000	+1.881e+03	+4.751e+03	+7.185e+03	+0.716
150.100	+1.699e+03	+3.256e+03	+7.640e+03	+0.657
150.200	+2.010e+03	+4.338e+03	+8.099e+03	+0.683
150.300	+2.476e+03	+3.780e+03	+7.415e+03	+0.604
150.400	+1.584e+03	+4.598e+03	+7.126e+03	+0.744
150.500	-2.972e+02	+6.123e+03	+7.166e+03	+1.051
150.600	+6.057e+02	+6.394e+03	+5.305e+03	+0.913
150.700	+3.910e+02	+6.693e+03	+7.220e+03	+0.945
150.800	+1.657e+02	+5.505e+03	+6.406e+03	+0.971
150.900	+4.823e+02	+5.746e+03	+6.512e+03	+0.923
151.000	+1.246e+03	+5.862e+03	+5.915e+03	+0.825
151.100	-4.516e+01	+5.672e+03	+7.566e+03	+1.008
151.200	-6.016e+02	+3.101e+03	+6.725e+03	+1.241
151.300	+1.452e+03	+5.827e+03	+8.470e+03	+0.801
151.400	+1.435e+03	+5.195e+03	+5.703e+03	+0.783
151.500	+1.323e+03	+5.545e+03	+7.890e+03	+0.807
151.600	+6.931e+02	+5.839e+03	+6.351e+03	+0.894
151.700	-5.699e+02	+6.141e+03	+8.276e+03	+1.102
151.800	+1.561e+03	+4.676e+03	+7.917e+03	+0.750
151.900	+6.179e+02	+5.399e+03	+6.735e+03	+0.897
152.000	-5.737e+02	+4.170e+03	+5.850e+03	+1.160
152.100	+4.248e+02	+5.609e+03	+6.275e+03	+0.930
152.200	-4.499e+00	+5.363e+03	+6.308e+03	+1.001
152.300	+1.192e+03	+5.262e+03	+7.131e+03	+0.815
152.400	+1.839e+03	+5.691e+03	+6.793e+03	+0.756
152.500	-9.437e+01	+5.191e+03	+6.547e+03	+1.019
152.600	+1.063e+03	+7.032e+03	+7.550e+03	+0.869
152.700	+1.436e+03	+6.155e+03	+7.330e+03	+0.811
152.800	-4.916e+02	+6.705e+03	+4.645e+03	+1.079
152.900	+2.358e+02	+6.259e+03	+6.175e+03	+0.964
153.000	+1.122e+03	+5.375e+03	+7.316e+03	+0.827
153.100	+2.730e+03	+4.212e+03	+6.269e+03	+0.607
153.200	+2.348e+03	+3.408e+03	+8.082e+03	+0.592
153.300	+1.642e+03	+2.564e+03	+7.250e+03	+0.610
153.400	+2.250e+03	+4.066e+03	+7.948e+03	+0.644
153.500	+2.070e+03	+3.578e+03	+6.614e+03	+0.634
153.600	+2.532e+03	+3.834e+03	+8.261e+03	+0.602
153.700	+2.702e+03	+2.751e+03	+6.630e+03	+0.504
153.800	+2.337e+03	+3.923e+03	+8.471e+03	+0.627
153.900	+2.172e+03	+5.246e+03	+8.277e+03	+0.707
154.000	+1.695e+03	+7.468e+03	+6.592e+03	+0.815
154.100	-2.730e+02	+4.578e+03	+8.421e+03	+1.063
154.200	+6.889e+02	+6.123e+03	+6.037e+03	+0.899
154.300	+5.010e+02	+5.921e+03	+7.242e+03	+0.922
154.400	+3.182e+03	+2.640e+03	+6.792e+03	+0.453
154.500	+2.926e+03	+2.222e+03	+8.680e+03	+0.432
154.600	+2.239e+03	+4.803e+03	+7.459e+03	+0.682
154.700	+3.425e+02	+5.713e+03	+7.707e+03	+0.943
154.800	+7.996e+02	+5.923e+03	+6.887e+03	+0.881
154.900	+1.229e+03	+5.425e+03	+6.388e+03	+0.815
155.000	+5.879e+02	+6.907e+03	+7.848e+03	+0.922
155.100	+2.957e+02	+5.429e+03	+5.534e+03	+0.948
155.200	+1.276e+03	+5.253e+03	+8.172e+03	+0.805
155.300	+3.775e+03	+3.084e+03	+8.510e+03	+0.450
155.400	+2.570e+03	+4.676e+03	+6.932e+03	+0.645
155.500	+3.670e+03	+3.789e+03	+8.549e+03	+0.508
155.600	+2.884e+03	+3.736e+03	+7.190e+03	+0.564
155.700	+1.649e+03	+3.798e+03	+7.679e+03	+0.697
155.800	+2.725e+03	+4.291e+03	+8.190e+03	+0.612
155.900	+2.923e+03	+4.602e+03	+8.155e+03	+0.611
156.000	+2.906e+03	+4.794e+03	+6.093e+03	+0.623
156.100	+2.432e+03	+2.731e+03	+8.091e+03	+0.529
156.200	+1.539e+03	+4.015e+03	+7.139e+03	+0.723
156.300	+2.171e+03	+3.767e+03	+8.166e+03	+0.634
156.400	+1.796e+03	+3.751e+03	+6.878e+03	+0.676
156.500	+3.118e+03	+4.470e+03	+9.436e+03	+0.589
156.600	+3.618e+03	+2.887e+03	+7.466e+03	+0.444
156.700	+3.156e+03	+3.547e+03	+8.117e+03	+0.529
156.800	+2.781e+03	+2.310e+03	+8.620e+03	+0.454
156.900	+2.681e+03	+3.513e+03	+7.039e+03	+0.567
157.000	+3.658e+03	+4.283e+03	+7.553e+03	+0.539
157.100	+3.073e+03	+3.835e+03	+8.375e+03	+0.555
157.200	+2.983e+03	+3.423e+03	+8.350e+03	+0.534
157.300	+2.742e+03	+4.045e+03	+7.316e+03	+0.596
157.400	+2.773e+03	+3.472e+03	+9.108e+03	+0.556
157.500	+2.343e+03	+4.540e+03	+8.834e+03	+0.660
157.600	+2.286e+03	+4.458e+03	+6.395e+03	+0.661
157.700	+3.237e+03	+3.510e+03	+8.255e+03	+0.520
157.800	+2.338e+03	+3.275e+03	+7.572e+03	+0.583
157.900	+1.837e+03	+3.663e+03	+7.116e+03	+0.666
158.000	+2.549e+03	+4.092e+03	+7.598e+03	+0.616
158.100	+6.090e+02	+4.733e+03	+7.051e+03	+0.886
158.200	+1.702e+03	+4.353e+03	+5.807e+03	+0.719
158.300	+2.539e+03	+3.895e+03	+9.490e+03	+0.605
158.400	+2.821e+03	+3.711e+03	+6.662e+03	+0.568
158.500	+3.206e+03	+4.181e+03	+7.375e+03	+0.566
158.600	+2.834e+03	+3.669e+03	+6.221e+03	+0.564
158.700	+1.204e+03	+3.723e+03	+8.110e+03	+0.756
158.800	+2.787e+03	+4.207e+03	+6.886e+03	+0.602
158.900	+1.467e+03	+2.138e+03	+6.480e+03	+0.593
159.000	+2.881e+03	+4.390e+03	+8.294e+03	+0.604
159.100	+2.357e+03	+3.438e+03	+6.785e+03	+0.593
159.200	+3.243e+03	+4.079e+03	+8.198e+03	+0.557
159.300	+3.093e+03	+3.363e+03	+7.253e+03	+0.521
159.400	+2.798e+03	+4.545e+03	+7.106e+03	+0.619
159.500	+2.292e+03	+3.444e+03	+8.911e+03	+0.600
159.600	+3.320e+03	+3.960e+03	+7.899e+03	+0.544
159.700	+2.792e+03	+4.246e+03	+8.567e+03	+0.603
159.800	+3.832e+03	+4.023e+03	+7.811e+03	+0.512
159.900	+2.761e+03	+3.131e+03	+6.898e+03	+0.531
160.000	+2.360e+03	+2.881e+03	+8.597e+03	+0.550
160.100	+4.976e+03	+9.990e+02	+6.486e+03	+0.167
160.200	+7.100e+03	-1.431e+02	+6.560e+03	-0.021
160.300	+6.716e+03	+1.075e+03	+6.767e+03	+0.138
160.400	+7.431e+03	+1.880e+01	+6.790e+03	+0.003
160.500	+5.164e+03	+7.688e+02	+6.706e+03	+0.130
160.600	+5.494e+03	+6.660e+02	+5.482e+03	+0.108
160.700	+6.858e+03	+1.016e+03	+7.479e+03	+0.129
160.800	+6.492e+03	+5.770e+01	+5.817e+03	+0.009
160.900	+7.461e+03	+9.663e+02	+5.638e+03	+0.115
161.000	+6.198e+03	+9.424e+02	+5.874e+03	+0.132
161.100	+5.245e+03	-3.835e+02	+7.320e+03	-0.079
161.200	+6.392e+03	+1.408e+03	+6.333e+03	+0.181
161.300	+6.188e+03	+1.705e+03	+6.971e+03	+0.216
161.400	+6.679e+03	+5.676e+02	+5.757e+03	+0.078
161.500	+3.827e+03	+3.416e+03	+7.112e+03	+0.472
161.600	+1.076e+03	+5.258e+03	+7.619e+03	+0.830
161.700	+1.118e+03	+5.119e+03	+6.476e+03	+0.821
161.800	+1.411e+03	+5.829e+03	+7.988e+03	+0.805
161.900	+6.957e+02	+5.270e+03	+6.759e+03	+0.883
162.000	+5.861e+02	+6.029e+03	+6.067e+03	+0.911
162.100	+1.638e+03	+5.618e+03	+6.860e+03	+0.774
162.200	+7.158e+02	+6.547e+03	+7.138e+03	+0.901
162.300	+1.669e+03	+4.992e+03	+7.734e+03	+0.749
162.400	+7.508e+02	+5.763e+03	+6.369e+03	+0.885
162.500	-8.760e+01	+5.333e+03	+7.871e+03	+1.017
162.600	+8.275e+02	+5.883e+03	+6.440e+03	+0.877
162.700	-8.338e+01	+3.618e+03	+8.071e+03	+1.024
162.800	+1.487e+03	+4.527e+03	+6.031e+03	+0.753
162.900	+1.564e+03	+6.066e+03	+7.299e+03	+0.795
163.000	+1.025e+03	+6.641e+03	+7.461e+03	+0.866
163.100	+1.821e+02	+5.100e+03	+7.202e+03	+0.966
163.200	+2.873e+03	+3.193e+03	+7.318e+03	+0.526
163.300	+5.897e+03	+7.141e+02	+4.926e+03	+0.108
163.400	+5.452e+03	+1.863e+03	+5.068e+03	+0.255
163.500	+5.372e+03	+1.124e+02	+7.476e+03	+0.021
163.600	+6.646e+03	-1.437e+02	+6.645e+03	-0.022
163.700	+5.378e+03	+8.962e+02	+6.510e+03	+0.143
163.800	+1.123e+03	+4.106e+03	+7.081e+03	+0.785
163.900	+2.401e+02	+6.734e+03	+6.417e+03	+0.966
164.000	+2.155e+03	+5.375e+03	+6.923e+03	+0.714
164.100	+7.316e+02	+4.701e+03	+8.140e+03	+0.865
164.200	+1.415e+03	+4.936e+03	+5.518e+03	+0.777
164.300	+5.962e+02	+4.987e+03	+7.025e+03	+0.893
164.400	+1.412e+03	+5.746e+03	+7.232e+03	+0.803
164.500	+1.071e+03	+5.268e+03	+7.137e+03	+0.831
164.600	+1.778e+03	+5.438e+03	+8.285e+03	+0.754
164.700	+8.372e+02	+4.438e+03	+6.619e+03	+0.841
164.800	+5.612e+02	+5.290e+03	+6.453e+03	+0.904
164.900	+2.298e+02	+6.044e+03	+7.432e+03	+0.963
165.000	+7.622e+02	+4.563e+03	+6.323e+03	+0.857
165.100	+7.337e+02	+5.694e+03	+7.184e+03	+0.886
165.200	+7.267e+02	+4.339e+03	+7.193e+03	+0.857
165.300	+1.558e+03	+5.921e+03	+6.836e+03	+0.792
165.400	+4.528e+02	+5.921e+03	+7.580e+03	+0.929
165.500	+6.424e+02	+5.720e+03	+9.012e+03	+0.899
165.600	+5.693e+02	+5.505e+03	+6.459e+03	+0.906
165.700	+1.553e+02	+6.476e+03	+5.521e+03	+0.977
165.800	+4.697e+02	+6.289e+03	+7.360e+03	+0.930
165.900	+2.342e+03	+3.978e+03	+8.906e+03	+0.629
166.000	+3.798e+03	+3.923e+03	+6.904e+03	+0.508
166.100	+2.109e+03	+4.536e+03	+8.827e+03	+0.683
166.200	+2.367e+03	+4.076e+03	+6.731e+03	+0.633
166.300	+2.685e+03	+3.981e+03	+8.345e+03	+0.597
166.400	+2.262e+03	+4.345e+03	+9.730e+03	+0.658
166.500	+2.264e+03	+2.875e+03	+9.519e+03	+0.559
166.600	+3.168e+03	+5.045e+03	+8.068e+03	+0.614
166.700	+2.408e+03	+4.756e+03	+9.025e+03	+0.664
166.800	+3.341e+03	+3.583e+03	+7.089e+03	+0.517
166.900	+3.162e+03	+3.469e+03	+5.970e+03	+0.523
167.000	+3.323e+03	+3.762e+03	+6.774e+03	+0.531
167.100	+2.107e+03	+3.847e+03	+8.732e+03	+0.646
167.200	+2.615e+03	+2.760e+03	+8.980e+03	+0.513
167.300	+1.886e+03	+4.579e+03	+8.358e+03	+0.708
167.400	+1.016e+03	+4.512e+03	+8.675e+03	+0.816
167.500	+2.344e+03	+4.675e+03	+7.633e+03	+0.666
167.600	+3.719e+03	+3.642e+03	+8.193e+03	+0.495
167.700	+2.329e+03	+4.726e+03	+6.782e+03	+0.670
167.800	+2.693e+03	+3.197e+03	+7.570e+03	+0.543
167.900	+3.482e+03	+2.986e+03	+9.090e+03	+0.462
168.000	+3.309e+03	+2.545e+03	+8.607e+03	+0.435
168.100	+4.992e+03	+5.130e+02	+7.423e+03	+0.093
168.200	+6.226e+03	+1.122e+03	+7.071e+03	+0.153
168.300	+7.756e+03	+3.554e+02	+6.681e+03	+0.044
168.400	+6.728e+03	+2.182e+02	+7.173e+03	+0.031
168.500	+5.591e+03	-2.673e+02	+4.362e+03	-0.050
168.600	+7.197e+03	+4.159e+02	+8.294e+03	+0.055
168.700	+5.401e+03	-3.713e+02	+6.842e+03	-0.074
168.800	+6.196e+03	+7.007e+02	+6.396e+03	+0.102
168.900	+5.762e+03	+1.864e+02	+4.809e+03	+0.031
169.000	+7.417e+03	+9.951e+02	+7.358e+03	+0.118
169.100	+7.583e+03	+4.211e+02	+6.761e+03	+0.053
169.200	+5.215e+03	+7.371e+02	+6.870e+03	+0.124
169.300	+7.631e+03	+4.121e+01	+5.401e+03	+0.005
169.400	+5.483e+03	+1.602e+03	+5.522e+03	+0.226
169.500	+5.692e+02	+4.099e+03	+6.059e+03	+0.878
169.600	+6.749e+02	+4.101e+03	+9.364e+03	+0.859
169.700	+6.574e+02	+5.415e+03	+6.883e+03	+0.892
169.800	+4.532e+02	+5.478e+03	+6.721e+03	+0.924
169.900	+3.433e+02	+6.311e+03	+6.704e+03	+0.948
170.000	+1.953e+02	+6.583e+03	+7.510e+03	+0.971
170.100	+3.805e+02	+6.370e+03	+8.014e+03	+0.944
170.200	+8.357e+02	+4.780e+03	+6.412e+03	+0.851
170.300	+2.598e+02	+6.068e+03	+5.766e+03	+0.959
170.400	+1.135e+03	+5.387e+03	+8.766e+03	+0.826
170.500	+1.600e+03	+4.049e+03	+5.500e+03	+0.717
170.600	+3.828e+02	+6.256e+03	+6.307e+03	+0.942
170.700	+4.357e+02	+4.853e+03	+5.506e+03	+0.918
170.800	+1.446e+03	+6.085e+03	+6.971e+03	+0.808
170.900	+4.223e+02	+4.852e+03	+6.728e+03	+0.920
171.000	+9.518e+02	+4.791e+03	+7.795e+03	+0.834
171.100	+1.128e+03	+6.733e+03	+7.097e+03	+0.856
171.200	+3.240e+02	+6.001e+03	+7.528e+03	+0.949
171.300	+1.128e+03	+4.667e+03	+5.078e+03	+0.805
171.400	+3.604e+02	+5.263e+03	+7.493e+03	+0.936
171.500	+4.204e+02	+5.259e+03	+6.097e+03	+0.926
171.600	+6.393e+02	+5.258e+03	+6.806e+03	+0.892
171.700	+1.186e+03	+6.503e+03	+6.021e+03	+0.846
171.800	+3.623e+02	+5.319e+03	+7.482e+03	+0.936
171.900	-5.982e+02	+5.885e+03	+6.982e+03	+1.113
172.000	+9.905e+02	+5.744e+03	+6.416e+03	+0.853
172.100	+1.075e+03	+4.672e+03	+6.437e+03	+0.813
172.200	-2.026e+02	+4.950e+03	+6.632e+03	+1.043
172.300	+1.422e+03	+7.152e+03	+8.553e+03	+0.834
172.400	+1.153e+03	+4.281e+03	+6.126e+03	+0.788
172.500	+1.362e+03	+4.805e+03	+5.553e+03	+0.779
172.600	+3.770e+02	+3.985e+03	+6.827e+03	+0.914
172.700	+9.988e+02	+5.701e+03	+5.954e+03	+0.851
172.800	+3.952e+02	+5.041e+03	+7.513e+03	+0.927
172.900	+9.543e+02	+3.538e+03	+6.394e+03	+0.788
173.000	+6.946e+02	+5.141e+03	+8.225e+03	+0.881
173.100	+9.244e+02	+5.237e+03	+7.638e+03	+0.850
173.200	+3.625e+02	+5.815e+03	+6.635e+03	+0.941
173.300	+3.709e+02	+6.125e+03	+8.710e+03	+0.943
173.400	+7.156e+02	+5.900e+03	+8.254e+03	+0.892
173.500	-4.318e+02	+6.480e+03	+6.216e+03	+1.071
173.600	+9.344e+02	+7.083e+03	+6.881e+03	+0.883
173.700	+1.011e+03	+4.817e+03	+6.074e+03	+0.827
173.800	+3.944e+02	+6.367e+03	+6.034e+03	+0.942
173.900	-3.397e+02	+5.505e+03	+6.406e+03	+1.066
174.000	+5.096e+02	+6.543e+03	+7.413e+03	+0.928
174.100	+1.252e+03	+4.280e+03	+6.834e+03	+0.774
174.200	+9.193e+02	+6.406e+03	+5.777e+03	+0.875
174.300	+1.803e+03	+5.305e+03	+6.239e+03	+0.746
174.400	+9.481e+01	+4.311e+03	+7.667e+03	+0.978
174.500	+4.427e+02	+5.162e+03	+6.794e+03	+0.921
174.600	+1.242e+02	+5.659e+03	+6.238e+03	+0.979
174.700	+1.507e+03	+4.111e+03	+8.789e+03	+0.732
174.800	+2.713e+03	+3.607e+03	+7.443e+03	+0.571
174.900	+3.999e+03	+2.689e+03	+8.197e+03	+0.402
175.000	+2.214e+03	+4.074e+03	+9.479e+03	+0.648
175.100	+2.432e+03	+4.265e+03	+7.773e+03	+0.637
175.200	+2.274e+03	+2.957e+03	+9.167e+03	+0.565
175.300	+2.508e+03	+3.937e+03	+8.701e+03	+0.611
175.400	+2.601e+03	+3.001e+03	+6.910e+03	+0.536
175.500	+3.018e+03	+4.375e+03	+9.108e+03	+0.592
175.600	+2.385e+03	+2.720e+03	+6.468e+03	+0.533
175.700	+2.840e+03	+2.917e+03	+8.139e+03	+0.507
175.800	+2.464e+03	+5.145e+03	+9.118e+03	+0.676
175.900	+2.318e+03	+4.028e+03	+8.107e+03	+0.635
176.000	+2.580e+03	+4.154e+03	+7.311e+03	+0.617
176.100	+3.416e+03	+4.013e+03	+7.938e+03	+0.540
176.200	+2.089e+03	+4.714e+03	+8.204e+03	+0.693
176.300	+3.248e+03	+5.701e+03	+7.339e+03	+0.637
176.400	+2.425e+03	+4.484e+03	+8.585e+03	+0.649
176.500	+2.354e+03	+4.007e+03	+7.353e+03	+0.630
176.600	+3.774e+03	+3.492e+03	+9.059e+03	+0.481
176.700	+3.033e+03	+2.475e+03	+7.087e+03	+0.449
176.800	+2.509e+03	+3.192e+03	+7.535e+03	+0.560
176.900	+2.183e+03	+4.677e+03	+6.024e+03	+0.682
177.000	+2.359e+03	+4.948e+03	+7.348e+03	+0.677
177.100	+4.044e+03	+3.872e+03	+5.233e+03	+0.489
177.200	+4.678e+03	+3.257e+03	+7.513e+03	+0.410
177.300	+1.315e+03	+4.154e+03	+7.557e+03	+0.760
177.400	+3.759e+03	+3.715e+03	+6.700e+03	+0.497
177.500	+3.173e+03	+4.212e+03	+7.897e+03	+0.570
177.600	+1.174e+03	+3.518e+03	+9.776e+03	+0.750
177.700	+2.112e+03	+3.112e+03	+7.063e+03	+0.596
177.800	+2.715e+03	+2.960e+03	+7.264e+03	+0.522
177.900	+1.487e+03	+5.014e+03	+8.161e+03	+0.771
178.000	+1.440e+03	+5.105e+03	+5.964e+03	+0.780
178.100	-4.650e+02	+6.112e+03	+6.557e+03	+1.082
178.200	-9.984e+02	+5.896e+03	+6.415e+03	+1.204
178.300	+9.992e+02	+3.535e+03	+8.798e+03	+0.780
178.400	+2.477e+03	+2.560e+03	+7.459e+03	+0.508
178.500	+3.344e+03	+4.125e+03	+8.358e+03	+0.552
178.600	+2.299e+03	+2.553e+03	+8.594e+03	+0.526
178.700	+3.712e+03	+2.660e+03	+7.282e+03	+0.417
178.800	+5.654e+03	-5.038e+02	+6.577e+03	-0.098
178.900	+6.912e+03	-2.095e+02	+5.040e+03	-0.031
179.000	+6.103e+03	+9.530e+02	+6.880e+03	+0.135
179.100	+6.323e+03	+2.666e+02	+6.566e+03	+0.040
179.200	+5.864e+03	+2.474e+02	+5.841e+03	+0.040
179.300	+7.309e+03	+5.578e+02	+8.400e+03	+0.071
179.400	+6.859e+03	+6.613e+02	+8.222e+03	+0.088
179.500	+6.128e+03	+4.564e+02	+7.447e+03	+0.069
179.600	+6.947e+03	+8.625e+02	+6.173e+03	+0.110
179.700	+6.357e+03	+6.072e+02	+6.360e+03	+0.087
179.800	+6.735e+03	+2.012e+02	+8.375e+03	+0.029
179.900	+6.720e+03	+1.867e+02	+5.252e+03	+0.027
180.000	+5.274e+03	+4.631e+02	+4.905e+03	+0.081
180.100	+6.383e+03	+1.053e+03	+4.244e+03	+0.142
180.200	+4.647e+03	+9.792e+02	+7.120e+03	+0.174
180.300	+7.075e+03	+6.952e+02	+6.173e+03	+0.089
180.400	+8.072e+03	+8.278e+02	+6.228e+03	+0.093
180.500	+6.684e+03	+7.587e+02	+7.635e+03	+0.102
180.600	+5.525e+03	+5.629e+02	+5.962e+03	+0.092
180.700	+5.890e+03	+1.288e+03	+7.550e+03	+0.179
180.800	+3.720e+03	+4.689e+03	+8.364e+03	+0.558
180.900	+3.329e+03	+3.309e+03	+6.997e+03	+0.498
181.000	+5.014e+01	+5.529e+03	+5.488e+03	+0.991
181.100	+3.850e+02	+6.295e+03	+6.799e+03	+0.942
181.200	+9.425e+02	+6.200e+03	+6.690e+03	+0.868
181.300	-1.631e+02	+4.922e+03	+7.123e+03	+1.034
181.400	+1.938e+03	+4.765e+03	+9.449e+03	+0.711
181.500	+4.945e+02	+6.471e+03	+7.640e+03	+0.929
181.600	+9.344e+02	+4.982e+03	+6.335e+03	+0.842
181.700	+1.004e+03	+5.601e+03	+5.738e+03	+0.848
181.800	+7.106e+02	+6.237e+03	+6.898e+03	+0.898
181.900	+3.235e+02	+3.818e+03	+6.575e+03	+0.922
182.000	+7.911e+02	+3.918e+03	+7.739e+03	+0.832
182.100	-3.249e+02	+6.499e+03	+7.232e+03	+1.053
182.200	-6.253e+02	+4.786e+03	+5.315e+03	+1.150
182.300	+5.127e+02	+5.516e+03	+6.556e+03	+0.915
182.400	+8.729e+02	+5.527e+03	+7.844e+03	+0.864
182.500	+1.255e+03	+4.807e+03	+8.374e+03	+0.793
182.600	-5.092e+02	+4.761e+03	+6.279e+03	+1.120
182.700	+7.274e+02	+4.749e+03	+6.626e+03	+0.867
182.800	+1.163e+03	+7.443e+03	+6.235e+03	+0.865
182.900	+1.430e+03	+5.588e+03	+6.161e+03	+0.796
183.000	+1.467e+02	+4.577e+03	+5.196e+03	+0.969
183.100	+1.104e+03	+5.659e+03	+5.961e+03	+0.837
183.200	+1.782e+02	+4.647e+03	+6.720e+03	+0.963
183.300	+1.168e+03	+4.536e+03	+6.038e+03	+0.795
183.400	+1.456e+03	+4.609e+03	+6.663e+03	+0.760
183.500	+1.051e+03	+4.779e+03	+6.510e+03	+0.820
183.600	-4.941e+02	+5.068e+03	+6.833e+03	+1.108
183.700	+9.036e+01	+5.519e+03	+7.560e+03	+0.984
183.800	+2.310e+02	+7.489e+03	+8.238e+03	+0.970
183.900	+1.414e+02	+5.157e+03	+7.688e+03	+0.973
184.000	+3.078e+02	+6.042e+03	+6.423e+03	+0.952
184.100	+1.592e+03	+3.924e+03	+7.890e+03	+0.711
184.200	+6.573e+02	+6.491e+03	+5.669e+03	+0.908
184.300	-2.208e+02	+5.473e+03	+8.071e+03	+1.042
184.400	+4.439e+02	+5.861e+03	+8.183e+03	+0.930
184.500	+2.568e+02	+5.855e+03	+7.374e+03	+0.958
184.600	+7.461e+02	+4.564e+03	+5.026e+03	+0.859
184.700	+4.931e+02	+5.199e+03	+7.194e+03	+0.913
184.800	-5.324e+01	+6.290e+03	+7.040e+03	+1.009
184.900	+1.429e+03	+4.099e+03	+6.258e+03	+0.742
185.000	+2.150e+02	+5.618e+03	+6.290e+03	+0.963
185.100	+1.715e+03	+8.464e+03	+7.598e+03	+0.831
185.200	-1.480e+02	+6.229e+03	+5.796e+03	+1.024
185.300	+6.716e+02	+5.700e+03	+6.283e+03	+0.895
185.400	+7.185e+02	+5.633e+03	+7.358e+03	+0.887
185.500	+2.133e+03	+4.992e+03	+6.403e+03	+0.701
185.600	+1.463e+03	+5.030e+03	+6.409e+03	+0.775
185.700	+1.376e+03	+4.694e+03	+7.232e+03	+0.773
185.800	+1.715e+03	+5.023e+03	+7.950e+03	+0.746
185.900	+1.106e+03	+4.795e+03	+5.335e+03	+0.813
186.000	+5.474e+02	+7.093e+03	+6.283e+03	+0.928
186.100	+1.182e+03	+5.863e+03	+7.339e+03	+0.832
186.200	+1.665e+03	+5.857e+03	+6.995e+03	+0.779
186.300	+1.906e+02	+5.597e+03	+7.153e+03	+0.967
186.400	+1.483e+03	+4.111e+03	+7.831e+03	+0.735
186.500	+2.715e+02	+4.459e+03	+6.371e+03	+0.943
186.600	+1.922e+03	+6.794e+03	+7.485e+03	+0.779
186.700	+8.886e+02	+5.731e+03	+7.254e+03	+0.866
186.800	-7.682e+02	+5.753e+03	+6.115e+03	+1.154
186.900	-2.870e+02	+4.859e+03	+8.453e+03	+1.063
187.000	+1.661e+03	+5.084e+03	+7.290e+03	+0.754
187.100	+2.817e+03	+3.962e+03	+8.625e+03	+0.584
187.200	+2.362e+03	+4.127e+03	+5.992e+03	+0.636
187.300	+3.792e+03	+3.858e+03	+6.934e+03	+0.504
187.400	+1.569e+03	+3.720e+03	+6.928e+03	+0.703
187.500	+4.476e+02	+4.634e+03	+5.649e+03	+0.912
187.600	+1.167e+03	+6.535e+03	+7.308e+03	+0.849
187.700	+7.602e+02	+3.538e+03	+6.206e+03	+0.823
187.800	+1.442e+03	+5.113e+03	+7.346e+03	+0.780
187.900	+1.429e+02	+6.429e+03	+7.189e+03	+0.978
188.000	+6.797e+02	+4.204e+03	+6.563e+03	+0.861
188.100	+2.096e+03	+5.112e+03	+7.008e+03	+0.709
188.200	+1.176e+03	+5.388e+03	+6.923e+03	+0.821
188.300	+3.590e+02	+5.484e+03	+6.636e+03	+0.939
188.400	-2.246e+02	+3.689e+03	+8.079e+03	+1.065
188.500	+8.155e+02	+5.766e+03	+6.656e+03	+0.876
188.600	+1.782e+03	+5.827e+03	+6.686e+03	+0.766
188.700	+3.502e+02	+6.252e+03	+7.345e+03	+0.947
188.800	+1.100e+03	+5.212e+03	+5.452e+03	+0.826
188.900	+1.217e+03	+5.150e+03	+7.932e+03	+0.809
189.000	+7.976e+02	+5.281e+03	+6.792e+03	+0.869
189.100	+1.455e+03	+4.584e+03	+7.819e+03	+0.759
189.200	-5.912e+02	+4.459e+03	+8.426e+03	+1.153
189.300	+8.184e+01	+4.615e+03	+6.896e+03	+0.983
189.400	+6.405e+02	+5.956e+03	+7.024e+03	+0.903
189.500	+1.884e+02	+4.460e+03	+6.790e+03	+0.959
189.600	+4.407e+02	+5.226e+03	+4.955e+03	+0.922
189.700	+6.980e+02	+7.185e+03	+5.787e+03	+0.911
189.800	+1.127e+03	+6.450e+03	+7.278e+03	+0.851
189.900	+1.305e+02	+5.450e+03	+6.784e+03	+0.977
190.000	+1.008e+03	+4.535e+03	+5.424e+03	+0.818
190.100	+7.994e+02	+5.720e+03	+6.307e+03	+0.877
190.200	+7.036e+02	+5.603e+03	+7.221e+03	+0.888
190.300	+9.939e+02	+6.164e+03	+7.985e+03	+0.861
190.400	+3.468e+02	+5.881e+03	+7.258e+03	+0.944
190.500	-4.946e+02	+5.364e+03	+6.938e+03	+1.102
190.600	+1.133e+02	+4.663e+03	+6.004e+03	+0.976
190.700	+8.354e+02	+5.756e+03	+7.269e+03	+0.873
190.800	-7.725e+01	+5.784e+03	+8.022e+03	+1.014
190.900	+3.070e+02	+7.131e+03	+6.506e+03	+0.959
191.000	+6.575e+02	+5.398e+03	+7.030e+03	+0.891
191.100	+9.333e+02	+4.371e+03	+6.828e+03	+0.824
191.200	-1.123e+02	+5.254e+03	+8.418e+03	+1.022
191.300	-6.706e+01	+6.402e+03	+7.032e+03	+1.011
191.400	+1.028e+03	+4.738e+03	+5.884e+03	+0.822
191.500	+1.235e+03	+4.826e+03	+7.743e+03	+0.796
191.600	+8.180e+02	+5.537e+03	+7.257e+03	+0.871
191.700	-3.731e+02	+6.014e+03	+5.443e+03	+1.066
191.800	+7.048e+02	+6.285e+03	+7.587e+03	+0.899
191.900	+9.497e+02	+6.078e+03	+6.563e+03	+0.865
192.000	+3.724e+02	+5.355e+03	+6.809e+03	+0.935
192.100	+2.640e+02	+3.263e+03	+5.670e+03	+0.925
192.200	-1.315e+02	+5.925e+03	+6.159e+03	+1.023
192.300	+2.075e+02	+6.115e+03	+5.933e+03	+0.967
192.400	+2.663e+02	+5.761e+03	+6.952e+03	+0.956
192.500	+2.725e+02	+6.992e+03	+7.221e+03	+0.962
192.600	-1.202e+02	+5.921e+03	+7.864e+03	+1.021
192.700	+5.363e+02	+4.624e+03	+6.660e+03	+0.896
192.800	+1.060e+02	+5.984e+03	+7.296e+03	+0.983
192.900	+1.012e+03	+5.655e+03	+7.463e+03	+0.848
193.000	+8.985e+02	+5.700e+03	+6.564e+03	+0.864
193.100	+1.950e+03	+4.950e+03	+6.818e+03	+0.717
193.200	+2.436e+03	+4.117e+03	+6.864e+03	+0.628
193.300	+3.350e+03	+3.752e+03	+7.362e+03	+0.528
193.400	+1.473e+03	+3.815e+03	+9.046e+03	+0.721
193.500	+2.502e+03	+4.218e+03	+8.729e+03	+0.628
193.600	+3.655e+03	+3.470e+03	+6.924e+03	+0.487
193.700	+2.428e+03	+3.088e+03	+7.391e+03	+0.560
193.800	+1.431e+03	+3.276e+03	+9.406e+03	+0.696
193.900	+2.399e+03	+2.797e+03	+7.701e+03	+0.538
194.000	+3.100e+03	+4.789e+03	+7.766e+03	+0.607
194.100	+3.366e+03	+3.899e+03	+8.140e+03	+0.537
194.200	+3.740e+03	+4.524e+03	+8.508e+03	+0.547
194.300	+3.305e+03	+2.977e+03	+7.187e+03	+0.474
194.400	+2.224e+03	+2.615e+03	+6.072e+03	+0.540
194.500	+2.027e+03	+2.809e+03	+7.006e+03	+0.581
194.600	+2.710e+03	+3.567e+03	+6.115e+03	+0.568
194.700	+2.851e+03	+4.497e+03	+8.143e+03	+0.612
194.800	+2.507e+03	+3.936e+03	+6.974e+03	+0.611
194.900	+3.679e+03	+4.283e+03	+8.149e+03	+0.538
195.000	+3.294e+03	+2.759e+03	+9.177e+03	+0.456
195.100	+2.899e+03	+4.171e+03	+6.363e+03	+0.590
195.200	+2.597e+03	+3.001e+03	+5.670e+03	+0.536
195.300	+2.546e+03	+4.236e+03	+8.355e+03	+0.625
195.400	+1.920e+03	+3.343e+03	+7.675e+03	+0.635
195.500	+1.671e+03	+3.188e+03	+8.550e+03	+0.656
195.600	+2.567e+03	+3.654e+03	+8.224e+03	+0.587
195.700	+2.273e+03	+2.549e+03	+7.397e+03	+0.529
195.800	+2.917e+03	+3.940e+03	+8.008e+03	+0.575
195.900	+5.220e+03	+5.185e+02	+6.938e+03	+0.090
196.000	+7.038e+03	+2.475e+02	+5.189e+03	+0.034
196.100	+6.620e+03	+2.144e+02	+6.042e+03	+0.031
196.200	+6.772e+02	+6.594e+03	+7.106e+03	+0.907
196.300	+1.647e+03	+7.516e+03	+4.991e+03	+0.820
196.400	+4.375e+02	+6.025e+03	+6.341e+03	+0.932
196.500	+1.899e+03	+5.087e+03	+7.057e+03	+0.728
196.600	+2.600e+03	+4.805e+03	+7.962e+03	+0.649
196.700	+2.548e+03	+3.795e+03	+8.706e+03	+0.598
196.800	+2.076e+03	+5.039e+03	+8.828e+03	+0.708
196.900	+2.494e+03	+3.388e+03	+8.363e+03	+0.576
197.000	+2.187e+03	+3.616e+03	+7.767e+03	+0.623
197.100	+1.899e+03	+3.373e+03	+6.468e+03	+0.640
197.200	+1.660e+03	+2.211e+03	+6.398e+03	+0.571
197.300	+2.913e+03	+3.374e+03	+6.523e+03	+0.537
197.400	+2.182e+03	+3.678e+03	+8.474e+03	+0.628
197.500	+3.696e+03	+4.075e+03	+6.885e+03	+0.524
197.600	+1.651e+03	+4.941e+03	+8.222e+03	+0.749
197.700	+1.790e+03	+3.849e+03	+7.680e+03	+0.683
197.800	+1.132e+02	+6.521e+03	+5.433e+03	+0.983
197.900	+6.614e+02	+4.820e+03	+6.519e+03	+0.879
198.000	+2.508e+03	+3.940e+03	+8.119e+03	+0.611
198.100	+3.038e+03	+3.656e+03	+6.794e+03	+0.546
198.200	+2.882e+03	+4.641e+03	+6.746e+03	+0.617
198.300	+4.191e+03	+4.414e+03	+8.252e+03	+0.513
198.400	+2.897e+03	+4.782e+03	+6.334e+03	+0.623
198.500	+3.938e+03	+4.463e+03	+9.261e+03	+0.531
198.600	+2.579e+03	+4.782e+03	+7.688e+03	+0.650
198.700	+2.891e+02	+5.898e+03	+6.339e+03	+0.953
198.800	+2.432e+02	+5.163e+03	+6.379e+03	+0.955
198.900	+1.133e+03	+5.953e+03	+7.552e+03	+0.840
199.000	+9.052e+02	+4.792e+03	+6.558e+03	+0.841
199.100	+1.641e+03	+5.117e+03	+6.931e+03	+0.757
199.200	+5.180e+02	+6.054e+03	+7.772e+03	+0.921
199.300	+4.370e+02	+3.775e+03	+7.703e+03	+0.896
199.400	+7.229e+02	+7.120e+03	+5.457e+03	+0.908
199.500	+9.710e+02	+4.934e+03	+6.712e+03	+0.836
199.600	+3.964e+03	+3.199e+03	+6.276e+03	+0.447
199.700	+6.708e+03	+9.527e+02	+5.003e+03	+0.124
199.800	+6.641e+03	+1.930e+02	+4.458e+03	+0.028
