%t (s)	Idd (a.u.)	Ida (a.u.)	Iaa (a.u.)	FRET E
0.000	+4.166e+03	+5.442e+03	+8.896e+03	+0.566
0.100	+3.743e+03	+6.004e+03	+1.114e+04	+0.616
0.200	+3.580e+03	+4.393e+03	+9.465e+03	+0.551
0.300	+2.934e+03	+5.622e+03	+7.601e+03	+0.657
0.400	+3.579e+03	+2.843e+03	+1.264e+04	+0.443
0.500	+3.905e+03	+3.886e+03	+8.750e+03	+0.499
0.600	+3.490e+03	+3.985e+03	+9.166e+03	+0.533
0.700	+4.439e+03	+5.793e+03	+9.964e+03	+0.566
0.800	+4.540e+03	+4.699e+03	+9.385e+03	+0.509
0.900	+3.780e+03	+5.134e+03	+9.834e+03	+0.576
1.000	+4.900e+03	+4.027e+03	+8.881e+03	+0.451
1.100	+4.500e+03	+3.867e+03	+1.159e+04	+0.462
1.200	+3.598e+03	+3.774e+03	+9.890e+03	+0.512
1.300	+3.917e+03	+5.169e+03	+9.409e+03	+0.569
1.400	+2.417e+03	+3.896e+03	+7.535e+03	+0.617
1.500	+4.234e+03	+5.832e+03	+1.019e+04	+0.579
1.600	+3.858e+03	+5.794e+03	+1.164e+04	+0.600
1.700	+5.026e+03	+5.299e+03	+8.835e+03	+0.513
1.800	+2.381e+03	+6.592e+03	+9.691e+03	+0.735
1.900	+4.779e+03	+4.021e+03	+9.032e+03	+0.457
2.000	+4.152e+03	+5.959e+03	+8.834e+03	+0.589
2.100	+3.518e+03	+5.432e+03	+1.030e+04	+0.607
2.200	+4.206e+03	+4.858e+03	+7.988e+03	+0.536
2.300	+5.194e+03	+3.410e+03	+9.093e+03	+0.396
2.400	+7.541e+03	+1.386e+03	+1.379e+04	+0.155
2.500	+8.808e+03	+1.338e+03	+1.024e+04	+0.132
2.600	+6.770e+03	+1.011e+03	+1.267e+04	+0.130
2.700	+8.690e+03	+3.110e+03	+9.182e+03	+0.264
2.800	+8.451e+03	+8.597e+02	+8.279e+03	+0.092
2.900	+6.720e+03	+1.087e+03	+1.069e+04	+0.139
3.000	+1.032e+04	-6.019e+02	+1.231e+04	-0.062
3.100	+8.976e+03	+1.862e+03	+1.162e+04	+0.172
3.200	+8.127e+03	+4.862e+02	+9.804e+03	+0.056
3.300	+8.524e+03	+1.047e+03	+8.978e+03	+0.109
3.400	+6.299e+03	+4.861e+03	+9.965e+03	+0.436
3.500	+4.157e+03	+4.662e+03	+6.988e+03	+0.529
3.600	+5.161e+03	+5.460e+03	+1.024e+04	+0.514
3.700	+4.000e+03	+5.903e+03	+8.822e+03	+0.596
3.800	+4.658e+03	+4.317e+03	+1.236e+04	+0.481
3.900	+5.556e+03	+4.482e+03	+9.163e+03	+0.446
4.000	+2.987e+03	+4.150e+03	+9.481e+03	+0.581
4.100	+4.770e+03	+5.027e+03	+1.129e+04	+0.513
4.200	+6.040e+03	+3.722e+03	+8.508e+03	+0.381
4.300	+5.958e+03	+4.477e+03	+1.020e+04	+0.429
4.400	+2.033e+03	+5.646e+03	+1.100e+04	+0.735
4.500	+7.347e+03	+3.043e+03	+1.088e+04	+0.293
4.600	+8.558e+03	+1.762e+03	+8.628e+03	+0.171
4.700	+6.926e+03	+8.859e+02	+1.105e+04	+0.113
4.800	+9.923e+03	+1.480e+03	+1.124e+04	+0.130
4.900	+8.124e+03	+1.007e+03	+1.210e+04	+0.110
5.000	+1.024e+04	+1.558e+03	+9.707e+03	+0.132
5.100	+6.464e+03	+5.652e+02	+9.825e+03	+0.080
5.200	+1.034e+04	+2.254e+03	+8.502e+03	+0.179
5.300	+7.639e+03	+2.311e+03	+9.859e+03	+0.232
5.400	+6.465e+03	-5.470e+02	+1.338e+04	-0.092
5.500	+8.879e+03	+5.383e+02	+7.319e+03	+0.057
5.600	+7.564e+03	+7.542e+02	+1.097e+04	+0.091
5.700	+8.808e+03	+1.165e+03	+1.165e+04	+0.117
5.800	+9.246e+03	+2.522e+03	+1.099e+04	+0.214
5.900	+8.624e+03	+9.101e+02	+1.033e+04	+0.095
6.000	+1.012e+04	+3.911e+02	+1.090e+04	+0.037
6.100	+6.770e+03	+4.532e+02	+1.057e+04	+0.063
6.200	+9.995e+03	+6.097e+02	+8.558e+03	+0.057
6.300	+7.478e+03	+5.895e+02	+9.334e+03	+0.073
6.400	+7.549e+03	+2.015e+03	+9.743e+03	+0.211
6.500	+6.682e+03	+2.307e+03	+1.106e+04	+0.257
6.600	+8.786e+03	+6.409e+02	+9.159e+03	+0.068
6.700	+6.708e+03	+9.964e+02	+1.034e+04	+0.129
6.800	+9.704e+03	+1.559e+03	+1.161e+04	+0.138
6.900	+8.037e+03	+1.152e+03	+9.907e+03	+0.125
7.000	+3.031e+03	+8.115e+03	+9.369e+03	+0.728
7.100	-1.766e+02	+9.533e+03	+9.381e+03	+1.019
7.200	+4.055e+02	+1.053e+04	+1.171e+04	+0.963
7.300	-4.230e+02	+8.297e+03	+9.910e+03	+1.054
7.400	-4.434e+02	+8.562e+03	+7.106e+03	+1.055
7.500	+1.496e+03	+8.989e+03	+9.897e+03	+0.857
7.600	-2.752e+01	+8.855e+03	+8.016e+03	+1.003
7.700	+8.429e+02	+7.731e+03	+9.896e+03	+0.902
7.800	+8.238e+02	+6.846e+03	+8.331e+03	+0.893
7.900	+1.405e+03	+7.948e+03	+9.475e+03	+0.850
8.000	+5.403e+02	+9.910e+03	+9.620e+03	+0.948
8.100	+4.293e+02	+7.120e+03	+7.882e+03	+0.943
8.200	+9.604e+02	+7.407e+03	+9.188e+03	+0.885
8.300	+1.472e+03	+7.216e+03	+9.230e+03	+0.831
8.400	+1.589e+03	+8.429e+03	+9.638e+03	+0.841
8.500	+1.264e+02	+8.210e+03	+1.042e+04	+0.985
8.600	-2.983e+02	+7.934e+03	+9.863e+03	+1.039
8.700	-4.554e+02	+8.368e+03	+1.034e+04	+1.058
8.800	-1.287e+02	+8.921e+03	+8.572e+03	+1.015
8.900	+1.411e+03	+1.099e+04	+8.950e+03	+0.886
9.000	+9.813e+02	+9.616e+03	+9.310e+03	+0.907
9.100	+2.655e+03	+7.243e+03	+6.666e+03	+0.732
9.200	+1.074e+04	+8.982e+02	+1.221e+04	+0.077
9.300	+8.692e+03	+3.054e+02	+1.097e+04	+0.034
9.400	+1.060e+04	+8.664e+02	+1.054e+04	+0.076
9.500	+7.985e+03	+2.601e+03	+9.819e+03	+0.246
9.600	+2.020e+03	+7.353e+03	+1.010e+04	+0.784
9.700	+1.682e+02	+9.181e+03	+8.735e+03	+0.982
9.800	-1.815e+03	+7.071e+03	+9.306e+03	+1.345
9.900	+4.700e+03	+4.911e+03	+1.089e+04	+0.511
10.000	+4.114e+03	+6.139e+03	+6.704e+03	+0.599
10.100	+8.213e+02	+6.103e+03	+8.800e+03	+0.881
10.200	+8.638e+02	+7.560e+03	+8.819e+03	+0.897
10.300	+1.294e+03	+7.926e+03	+9.603e+03	+0.860
10.400	+1.013e+03	+8.973e+03	+9.935e+03	+0.899
10.500	+2.241e+03	+7.417e+03	+9.229e+03	+0.768
10.600	+1.963e+02	+8.835e+03	+9.831e+03	+0.978
10.700	+3.410e+02	+9.232e+03	+1.013e+04	+0.964
10.800	+2.523e+03	+7.304e+03	+8.876e+03	+0.743
10.900	+3.614e+02	+1.003e+04	+8.195e+03	+0.965
11.000	+1.472e+03	+9.640e+03	+8.574e+03	+0.867
11.100	+1.433e+03	+8.507e+03	+1.047e+04	+0.856
11.200	+7.985e+02	+8.123e+03	+9.064e+03	+0.910
11.300	+1.420e+03	+9.550e+03	+9.313e+03	+0.871
11.400	+6.896e+02	+7.663e+03	+1.138e+04	+0.917
11.500	+2.161e+03	+9.202e+03	+7.773e+03	+0.810
11.600	+6.034e+02	+8.836e+03	+1.045e+04	+0.936
11.700	+1.708e+03	+8.370e+03	+9.085e+03	+0.831
11.800	+1.556e+03	+8.768e+03	+1.197e+04	+0.849
11.900	+4.130e+02	+8.246e+03	+8.647e+03	+0.952
12.000	+5.851e+02	+9.118e+03	+9.752e+03	+0.940
12.100	+3.729e+01	+7.350e+03	+8.125e+03	+0.995
12.200	+1.038e+03	+8.173e+03	+9.553e+03	+0.887
12.300	+2.425e+03	+7.445e+03	+8.448e+03	+0.754
12.400	+1.035e+03	+8.850e+03	+1.010e+04	+0.895
12.500	+2.783e+03	+7.312e+03	+9.367e+03	+0.724
12.600	+5.268e+02	+7.022e+03	+1.015e+04	+0.930
12.700	+1.627e+02	+7.867e+03	+9.721e+03	+0.980
12.800	+5.029e+02	+8.941e+03	+9.271e+03	+0.947
12.900	-1.281e+02	+8.561e+03	+8.393e+03	+1.015
13.000	+4.909e+02	+8.076e+03	+1.122e+04	+0.943
13.100	-4.982e+02	+6.841e+03	+1.006e+04	+1.079
13.200	+9.997e+02	+7.000e+03	+1.002e+04	+0.875
13.300	+1.745e+02	+7.785e+03	+9.563e+03	+0.978
13.400	+6.741e+02	+1.024e+04	+9.750e+03	+0.938
13.500	+9.556e+02	+7.695e+03	+8.971e+03	+0.890
13.600	+1.215e+03	+8.159e+03	+8.021e+03	+0.870
13.700	+7.866e+02	+8.292e+03	+9.877e+03	+0.913
13.800	+3.854e+02	+5.642e+03	+8.065e+03	+0.936
13.900	-4.455e+02	+5.678e+03	+1.003e+04	+1.085
14.000	+1.095e+03	+7.323e+03	+8.602e+03	+0.870
14.100	+1.307e+03	+9.625e+03	+1.044e+04	+0.880
14.200	+2.120e+03	+8.646e+03	+1.110e+04	+0.803
14.300	+5.365e+02	+8.538e+03	+1.194e+04	+0.941
14.400	-2.813e+02	+7.755e+03	+9.363e+03	+1.038
14.500	+4.944e+02	+8.315e+03	+1.079e+04	+0.944
14.600	+5.568e+02	+7.408e+03	+1.012e+04	+0.930
14.700	+1.609e+03	+8.811e+03	+8.081e+03	+0.846
14.800	+5.227e+02	+9.293e+03	+1.047e+04	+0.947
14.900	+7.511e+02	+5.512e+03	+7.903e+03	+0.880
15.000	+2.322e+02	+8.823e+03	+9.978e+03	+0.974
15.100	+1.197e+03	+8.427e+03	+9.216e+03	+0.876
15.200	+4.423e+03	+5.563e+03	+9.401e+03	+0.557
15.300	+4.885e+03	+6.114e+03	+8.595e+03	+0.556
15.400	+5.775e+03	+4.078e+03	+1.053e+04	+0.414
15.500	+3.489e+03	+3.122e+03	+7.450e+03	+0.472
15.600	+4.741e+03	+4.679e+03	+9.088e+03	+0.497
15.700	+3.972e+03	+4.480e+03	+9.819e+03	+0.530
15.800	+3.414e+03	+3.873e+03	+1.053e+04	+0.531
15.900	+3.969e+03	+4.699e+03	+9.406e+03	+0.542
16.000	+4.248e+03	+4.201e+03	+1.125e+04	+0.497
16.100	+4.300e+03	+5.437e+03	+8.345e+03	+0.558
16.200	+5.671e+03	+6.086e+03	+8.656e+03	+0.518
16.300	+4.174e+03	+5.689e+03	+1.044e+04	+0.577
16.400	+3.777e+03	+5.992e+03	+9.168e+03	+0.613
16.500	+4.222e+03	+5.429e+03	+9.650e+03	+0.562
16.600	+2.918e+03	+4.099e+03	+1.099e+04	+0.584
16.700	+4.160e+03	+4.486e+03	+8.169e+03	+0.519
16.800	+5.251e+03	+4.558e+03	+6.887e+03	+0.465
16.900	+4.654e+03	+5.450e+03	+9.234e+03	+0.539
17.000	+4.912e+03	+4.244e+03	+9.742e+03	+0.464
17.100	+3.777e+03	+4.659e+03	+9.670e+03	+0.552
17.200	+5.742e+03	+4.142e+03	+1.041e+04	+0.419
17.300	+4.535e+03	+5.938e+03	+9.805e+03	+0.567
17.400	+3.299e+03	+5.666e+03	+9.817e+03	+0.632
17.500	+4.066e+03	+5.553e+03	+5.383e+03	+0.577
17.600	+5.196e+03	+2.146e+03	+1.057e+04	+0.292
17.700	+4.958e+03	+4.024e+03	+8.480e+03	+0.448
17.800	+5.163e+03	+4.947e+03	+8.611e+03	+0.489
17.900	+5.620e+03	+5.419e+03	+7.575e+03	+0.491
18.000	+3.568e+03	+6.494e+03	+1.145e+04	+0.645
18.100	+4.477e+03	+4.621e+03	+8.383e+03	+0.508
18.200	+3.263e+03	+3.973e+03	+9.607e+03	+0.549
18.300	+4.614e+03	+4.834e+03	+1.011e+04	+0.512
18.400	+2.783e+03	+4.669e+03	+7.035e+03	+0.627
18.500	+5.358e+03	+4.248e+03	+1.005e+04	+0.442
18.600	+5.181e+03	+5.760e+03	+1.163e+04	+0.526
18.700	+4.687e+03	+4.413e+03	+9.358e+03	+0.485
18.800	+2.111e+03	+6.029e+03	+9.996e+03	+0.741
18.900	+3.430e+03	+4.240e+03	+6.990e+03	+0.553
19.000	+2.950e+03	+2.918e+03	+5.358e+03	+0.497
19.100	+5.583e+03	+3.123e+03	+8.487e+03	+0.359
19.200	+3.274e+03	+3.550e+03	+1.035e+04	+0.520
19.300	+4.163e+03	+5.722e+03	+9.467e+03	+0.579
19.400	+3.314e+03	+3.329e+03	+4.562e+03	+0.501
19.500	+4.489e+03	+5.288e+03	+8.726e+03	+0.541
19.600	+8.835e+03	+3.187e+03	+1.160e+04	+0.265
19.700	+1.544e+03	+6.789e+03	+7.887e+03	+0.815
19.800	+1.144e+03	+7.467e+03	+9.106e+03	+0.867
19.900	-4.394e+02	+7.702e+03	+8.515e+03	+1.061
20.000	+7.390e+02	+9.159e+03	+1.149e+04	+0.925
20.100	+1.646e+03	+1.047e+04	+1.056e+04	+0.864
20.200	+7.777e+02	+8.381e+03	+1.069e+04	+0.915
20.300	+4.674e+03	+4.115e+03	+1.135e+04	+0.468
20.400	+4.535e+03	+3.880e+03	+8.395e+03	+0.461
20.500	+3.574e+03	+4.455e+03	+8.121e+03	+0.555
20.600	+3.627e+03	+3.446e+03	+1.057e+04	+0.487
20.700	+4.004e+03	+4.450e+03	+1.031e+04	+0.526
20.800	+4.021e+03	+6.223e+03	+9.863e+03	+0.607
20.900	+3.162e+03	+4.851e+03	+1.104e+04	+0.605
21.000	+2.505e+03	+6.962e+03	+9.038e+03	+0.735
21.100	+1.865e+03	+8.931e+03	+1.139e+04	+0.827
21.200	+1.184e+03	+8.697e+03	+9.409e+03	+0.880
21.300	+1.887e+03	+8.174e+03	+1.002e+04	+0.812
21.400	+1.239e+03	+7.447e+03	+1.068e+04	+0.857
21.500	-2.886e+01	+7.980e+03	+7.826e+03	+1.004
21.600	-3.164e+02	+7.239e+03	+1.003e+04	+1.046
21.700	+1.094e+03	+7.952e+03	+8.831e+03	+0.879
21.800	+1.651e+02	+8.309e+03	+9.174e+03	+0.981
21.900	-9.733e+02	+7.359e+03	+1.039e+04	+1.152
22.000	+7.925e+02	+7.979e+03	+7.529e+03	+0.910
22.100	+1.673e+03	+1.002e+04	+7.566e+03	+0.857
22.200	-2.804e+00	+6.764e+03	+1.029e+04	+1.000
22.300	+3.172e+02	+9.101e+03	+9.726e+03	+0.966
22.400	+1.255e+03	+5.779e+03	+1.194e+04	+0.822
22.500	+1.126e+03	+1.072e+04	+9.829e+03	+0.905
22.600	+4.552e+01	+8.348e+03	+8.865e+03	+0.995
22.700	+1.138e+03	+7.712e+03	+8.368e+03	+0.871
22.800	-7.741e+02	+9.476e+03	+8.108e+03	+1.089
22.900	+3.557e+02	+8.917e+03	+1.162e+04	+0.962
23.000	-2.188e+02	+9.338e+03	+9.299e+03	+1.024
23.100	+1.880e+03	+6.993e+03	+9.842e+03	+0.788
23.200	+2.042e+03	+9.832e+03	+8.617e+03	+0.828
23.300	+1.123e+03	+6.678e+03	+9.542e+03	+0.856
23.400	+3.505e+03	+2.873e+03	+9.953e+03	+0.450
23.500	+5.181e+03	+5.255e+03	+9.701e+03	+0.504
23.600	+4.454e+03	+4.546e+03	+9.319e+03	+0.505
23.700	+4.598e+03	+5.488e+03	+1.044e+04	+0.544
23.800	+3.876e+03	+3.351e+03	+7.209e+03	+0.464
23.900	+2.401e+03	+2.879e+03	+1.117e+04	+0.545
24.000	+4.580e+03	+6.320e+03	+1.213e+04	+0.580
24.100	+4.832e+03	+4.107e+03	+9.286e+03	+0.459
24.200	+3.769e+03	+5.877e+03	+1.243e+04	+0.609
24.300	+4.281e+03	+6.520e+03	+1.115e+04	+0.604
24.400	+6.011e+03	+3.415e+03	+9.165e+03	+0.362
24.500	+8.824e+03	+1.770e+03	+1.013e+04	+0.167
24.600	+8.688e+03	+7.268e+02	+1.010e+04	+0.077
24.700	+8.348e+03	+7.447e+02	+9.185e+03	+0.082
24.800	+8.040e+03	+1.342e+03	+9.458e+03	+0.143
24.900	+7.630e+03	+1.593e+02	+9.755e+03	+0.020
25.000	+1.009e+04	+1.539e+03	+1.046e+04	+0.132
25.100	+7.934e+03	+1.428e+03	+1.141e+04	+0.153
25.200	+8.519e+03	+1.778e+03	+1.167e+04	+0.173
25.300	+7.302e+03	+7.817e+02	+1.052e+04	+0.097
25.400	+7.458e+03	+8.476e+02	+1.086e+04	+0.102
25.500	+7.541e+03	-7.365e+01	+1.275e+04	-0.010
25.600	+7.781e+03	+5.496e+02	+1.096e+04	+0.066
25.700	+8.777e+03	+1.363e+03	+9.856e+03	+0.134
25.800	+7.892e+03	+7.005e+02	+1.307e+04	+0.082
25.900	+7.657e+03	+6.610e+02	+9.273e+03	+0.079
26.000	+7.387e+03	+8.162e+02	+1.073e+04	+0.099
26.100	+9.194e+03	+2.678e+03	+1.013e+04	+0.226
26.200	+9.028e+03	+2.265e+03	+1.014e+04	+0.201
26.300	+6.121e+03	+1.007e+03	+1.377e+04	+0.141
26.400	+9.148e+03	+2.075e+03	+1.027e+04	+0.185
26.500	+7.738e+03	+1.904e+03	+8.511e+03	+0.197
26.600	+6.214e+03	+8.425e+02	+1.199e+04	+0.119
26.700	+8.869e+03	+1.043e+03	+1.189e+04	+0.105
26.800	+7.963e+03	+1.236e+03	+9.378e+03	+0.134
26.900	+8.451e+03	+1.581e+03	+1.030e+04	+0.158
27.000	+9.767e+03	+7.217e+02	+1.198e+04	+0.069
27.100	+1.077e+04	+4.988e+02	+1.213e+04	+0.044
27.200	+7.607e+03	+7.808e+01	+1.093e+04	+0.010
27.300	+8.097e+03	+5.194e+02	+1.151e+04	+0.060
27.400	+9.137e+03	+8.951e+02	+1.045e+04	+0.089
27.500	+9.416e+03	+7.794e+02	+1.209e+04	+0.076
27.600	+9.404e+03	+2.136e+03	+1.217e+04	+0.185
27.700	+7.438e+03	+2.087e+03	+1.200e+04	+0.219
27.800	+7.258e+03	+1.533e+03	+8.822e+03	+0.174
27.900	+6.372e+03	+1.654e+03	+1.020e+04	+0.206
28.000	+8.558e+03	+7.737e+02	+8.794e+03	+0.083
28.100	+9.241e+03	-1.196e+02	+1.106e+04	-0.013
28.200	+9.429e+03	+2.114e+03	+1.113e+04	+0.183
28.300	+9.062e+03	+2.150e+03	+1.097e+04	+0.192
28.400	+9.846e+03	+2.802e+03	+9.320e+03	+0.222
28.500	+9.815e+03	+2.386e+02	+1.051e+04	+0.024
28.600	+8.781e+03	-4.972e+02	+1.176e+04	-0.060
28.700	+9.567e+03	+1.640e+03	+9.037e+03	+0.146
28.800	+8.351e+03	+1.204e+03	+1.030e+04	+0.126
28.900	+8.276e+03	+2.342e+03	+9.175e+03	+0.221
29.000	+9.697e+03	-1.192e+02	+1.179e+04	-0.012
29.100	+8.141e+03	+9.949e+02	+1.060e+04	+0.109
29.200	+7.311e+03	-6.614e+02	+9.835e+03	-0.099
29.300	+6.873e+03	+9.843e+02	+8.708e+03	+0.125
29.400	+7.252e+03	+1.022e+02	+9.347e+03	+0.014
29.500	+7.755e+03	+5.132e+02	+1.047e+04	+0.062
29.600	+6.369e+03	+5.492e+02	+1.152e+04	+0.079
29.700	+7.695e+03	+4.102e+02	+1.281e+04	+0.051
29.800	+7.936e+03	+7.948e+02	+1.261e+04	+0.091
29.900	+8.681e+03	+2.457e+02	+1.067e+04	+0.028
30.000	+6.224e+03	+1.329e+03	+1.207e+04	+0.176
30.100	+8.963e+03	+1.417e+03	+7.126e+03	+0.136
30.200	+9.617e+03	+1.453e+03	+8.934e+03	+0.131
30.300	+7.527e+03	-1.658e+02	+9.666e+03	-0.023
30.400	+9.181e+03	+1.983e+03	+1.162e+04	+0.178
30.500	+8.083e+03	+1.826e+03	+1.099e+04	+0.184
30.600	+6.422e+03	+3.182e+03	+8.280e+03	+0.331
30.700	+6.518e+03	-2.721e+02	+1.144e+04	-0.044
30.800	+7.991e+03	+9.443e+02	+1.081e+04	+0.106
30.900	+8.016e+03	+1.585e+02	+1.122e+04	+0.019
31.000	+9.207e+03	+6.553e+02	+9.994e+03	+0.066
31.100	+8.210e+03	+1.538e+03	+1.017e+04	+0.158
31.200	+7.786e+03	+1.967e+03	+1.187e+04	+0.202
31.300	+4.610e+03	+4.369e+03	+9.648e+03	+0.487
31.400	+5.370e+03	+5.742e+03	+7.831e+03	+0.517
31.500	+3.578e+03	+6.057e+03	+9.776e+03	+0.629
31.600	+4.919e+03	+5.386e+03	+9.720e+03	+0.523
31.700	+3.776e+03	+5.025e+03	+9.869e+03	+0.571
31.800	+3.602e+03	+4.867e+03	+9.650e+03	+0.575
31.900	+4.732e+03	+5.524e+03	+9.339e+03	+0.539
32.000	+5.874e+03	+4.829e+03	+9.688e+03	+0.451
32.100	+3.561e+03	+4.115e+03	+1.042e+04	+0.536
32.200	+3.134e+03	+4.098e+03	+9.039e+03	+0.567
32.300	+3.868e+03	+4.338e+03	+1.151e+04	+0.529
32.400	+5.446e+03	+4.975e+03	+9.361e+03	+0.477
32.500	+5.532e+03	+6.489e+03	+1.153e+04	+0.540
32.600	+4.558e+03	+3.865e+03	+1.122e+04	+0.459
32.700	+3.573e+03	+5.507e+03	+9.491e+03	+0.607
32.800	+1.439e+03	+7.102e+03	+1.158e+04	+0.831
32.900	-1.236e+03	+7.146e+03	+9.207e+03	+1.209
33.000	+2.244e+03	+8.166e+03	+9.951e+03	+0.784
33.100	+1.539e+03	+7.615e+03	+8.487e+03	+0.832
33.200	+2.377e+02	+8.911e+03	+1.140e+04	+0.974
33.300	+3.280e+03	+6.546e+03	+9.313e+03	+0.666
33.400	+3.205e+03	+4.670e+03	+9.417e+03	+0.593
33.500	+3.475e+03	+6.666e+03	+1.034e+04	+0.657
33.600	-3.938e+01	+9.000e+03	+6.329e+03	+1.004
33.700	-1.716e+02	+9.405e+03	+8.711e+03	+1.019
33.800	-5.907e+02	+8.236e+03	+7.180e+03	+1.077
33.900	+1.930e+03	+9.965e+03	+9.478e+03	+0.838
34.000	+5.641e+02	+6.744e+03	+9.973e+03	+0.923
34.100	+2.149e+03	+8.459e+03	+1.241e+04	+0.797
34.200	+1.051e+03	+8.556e+03	+1.047e+04	+0.891
34.300	+7.336e+02	+7.782e+03	+9.987e+03	+0.914
34.400	+5.661e+01	+7.449e+03	+1.174e+04	+0.992
34.500	+1.585e+03	+7.455e+03	+9.422e+03	+0.825
34.600	+2.484e+03	+8.172e+03	+7.876e+03	+0.767
34.700	+2.308e+03	+9.270e+03	+8.701e+03	+0.801
34.800	-4.644e+02	+7.103e+03	+9.950e+03	+1.070
34.900	+1.288e+03	+9.942e+03	+9.023e+03	+0.885
35.000	+2.154e+03	+8.690e+03	+6.600e+03	+0.801
35.100	-1.307e+03	+9.091e+03	+1.062e+04	+1.168
35.200	+1.590e+01	+8.838e+03	+8.491e+03	+0.998
35.300	+1.665e+03	+8.626e+03	+1.086e+04	+0.838
35.400	+2.642e+03	+6.770e+03	+9.570e+03	+0.719
35.500	+4.334e+03	+4.445e+03	+9.734e+03	+0.506
35.600	+4.244e+03	+5.519e+03	+1.070e+04	+0.565
35.700	+4.715e+03	+4.202e+03	+7.523e+03	+0.471
35.800	+6.025e+03	+5.250e+03	+9.124e+03	+0.466
35.900	+5.003e+03	+4.613e+03	+9.359e+03	+0.480
36.000	+3.906e+03	+5.316e+03	+1.073e+04	+0.576
36.100	+3.785e+03	+5.014e+03	+8.619e+03	+0.570
36.200	+3.786e+03	+5.297e+03	+7.916e+03	+0.583
36.300	+4.276e+03	+3.073e+03	+9.876e+03	+0.418
36.400	+5.342e+03	+3.655e+03	+9.504e+03	+0.406
36.500	+4.145e+03	+3.472e+03	+1.048e+04	+0.456
36.600	+4.370e+03	+5.690e+03	+1.002e+04	+0.566
36.700	+5.038e+03	+3.681e+03	+1.016e+04	+0.422
36.800	+4.494e+03	+7.205e+03	+9.210e+03	+0.616
36.900	+3.975e+03	+5.505e+03	+1.029e+04	+0.581
37.000	+4.239e+03	+7.110e+03	+8.617e+03	+0.626
37.100	+3.534e+03	+4.833e+03	+9.087e+03	+0.578
37.200	+3.543e+03	+4.505e+03	+1.207e+04	+0.560
37.300	+3.910e+03	+6.269e+03	+8.913e+03	+0.616
37.400	+3.218e+03	+4.154e+03	+8.724e+03	+0.563
37.500	+5.150e+03	+4.882e+03	+1.157e+04	+0.487
37.600	+2.381e+03	+6.014e+03	+1.019e+04	+0.716
37.700	+4.508e+03	+3.848e+03	+7.988e+03	+0.461
37.800	+5.342e+03	+6.378e+03	+7.910e+03	+0.544
37.900	+5.614e+03	+3.828e+03	+9.528e+03	+0.405
38.000	+3.613e+03	+4.473e+03	+9.104e+03	+0.553
38.100	+1.851e+03	+4.069e+03	+1.204e+04	+0.687
38.200	+2.644e+03	+6.700e+03	+6.093e+03	+0.717
38.300	+6.038e+03	+3.257e+03	+8.172e+03	+0.350
38.400	+7.315e+03	+2.151e+03	+1.178e+04	+0.227
38.500	+6.261e+03	+8.601e+02	+1.010e+04	+0.121
38.600	+2.991e+03	+5.069e+03	+1.181e+04	+0.629
38.700	+3.776e+03	+5.916e+03	+1.011e+04	+0.610
38.800	+4.073e+02	+8.722e+03	+1.157e+04	+0.955
38.900	+1.549e+03	+6.954e+03	+1.100e+04	+0.818
39.000	+3.791e+02	+6.686e+03	+8.012e+03	+0.946
39.100	+9.200e+02	+6.150e+03	+1.207e+04	+0.870
39.200	+2.449e+03	+1.090e+04	+9.900e+03	+0.817
39.300	+4.241e+02	+8.830e+03	+1.286e+04	+0.954
39.400	+1.494e+03	+7.827e+03	+1.225e+04	+0.840
39.500	-1.288e+02	+8.101e+03	+9.948e+03	+1.016
39.600	+3.772e+02	+8.921e+03	+7.951e+03	+0.959
39.700	+1.618e+03	+8.666e+03	+9.487e+03	+0.843
39.800	-2.217e+02	+1.050e+04	+9.187e+03	+1.022
39.900	+8.935e+01	+1.146e+04	+8.783e+03	+0.992
40.000	+2.992e+02	+9.020e+03	+1.070e+04	+0.968
40.100	+9.358e+02	+6.684e+03	+1.006e+04	+0.877
40.200	-5.687e+02	+9.417e+03	+9.065e+03	+1.064
40.300	+5.906e+02	+8.319e+03	+8.852e+03	+0.934
40.400	+6.252e+02	+8.696e+03	+1.222e+04	+0.933
40.500	+6.772e+02	+8.088e+03	+1.018e+04	+0.923
40.600	+2.250e+03	+9.082e+03	+7.642e+03	+0.801
40.700	+1.080e+03	+7.794e+03	+9.059e+03	+0.878
40.800	+1.368e+02	+9.072e+03	+8.424e+03	+0.985
40.900	+3.356e+02	+6.351e+03	+1.100e+04	+0.950
41.000	+1.268e+03	+9.309e+03	+8.958e+03	+0.880
41.100	+1.955e+03	+8.732e+03	+1.175e+04	+0.817
41.200	-8.569e+02	+8.984e+03	+9.741e+03	+1.105
41.300	+2.488e+02	+8.335e+03	+8.834e+03	+0.971
41.400	-7.583e+02	+6.729e+03	+9.599e+03	+1.127
41.500	+2.788e+02	+8.935e+03	+9.965e+03	+0.970
41.600	+3.783e+03	+5.443e+03	+8.799e+03	+0.590
41.700	+3.574e+03	+4.157e+03	+1.188e+04	+0.538
41.800	+4.190e+03	+5.138e+03	+8.849e+03	+0.551
41.900	+4.027e+03	+3.320e+03	+8.128e+03	+0.452
42.000	+4.875e+03	+4.147e+03	+9.349e+03	+0.460
42.100	+9.341e+03	+1.418e+03	+1.144e+04	+0.132
42.200	+7.773e+03	+3.163e+01	+1.090e+04	+0.004
42.300	+4.181e+03	+4.864e+03	+8.696e+03	+0.538
42.400	+1.841e+03	+7.174e+03	+1.052e+04	+0.796
42.500	+9.821e+02	+7.444e+03	+1.080e+04	+0.883
42.600	+4.005e+02	+9.749e+03	+8.709e+03	+0.961
42.700	+8.956e+02	+9.241e+03	+1.128e+04	+0.912
42.800	+1.007e+03	+7.450e+03	+1.100e+04	+0.881
42.900	+1.822e+03	+6.530e+03	+8.831e+03	+0.782
43.000	+2.251e+02	+9.677e+03	+9.212e+03	+0.977
43.100	+4.288e+02	+9.254e+03	+9.741e+03	+0.956
43.200	+2.367e+03	+6.812e+03	+1.051e+04	+0.742
43.300	+5.435e+02	+7.958e+03	+8.398e+03	+0.936
43.400	+1.376e+02	+7.995e+03	+1.129e+04	+0.983
43.500	-4.574e+02	+8.707e+03	+8.090e+03	+1.055
43.600	+1.750e+03	+8.301e+03	+1.319e+04	+0.826
43.700	-1.903e+02	+7.306e+03	+1.058e+04	+1.027
43.800	+1.499e+03	+9.455e+03	+1.114e+04	+0.863
43.900	+9.267e+02	+7.326e+03	+9.977e+03	+0.888
44.000	+9.816e+02	+8.395e+03	+1.009e+04	+0.895
44.100	+7.748e+02	+9.854e+03	+8.664e+03	+0.927
44.200	+2.468e+03	+9.169e+03	+7.903e+03	+0.788
44.300	+3.625e+02	+9.319e+03	+6.797e+03	+0.963
44.400	+1.926e+03	+8.130e+03	+8.912e+03	+0.808
44.500	+9.712e+02	+8.825e+03	+9.998e+03	+0.901
44.600	+8.319e+02	+9.638e+03	+1.132e+04	+0.921
44.700	+5.189e+02	+1.145e+04	+1.029e+04	+0.957
44.800	+1.749e+03	+9.503e+03	+9.968e+03	+0.845
44.900	+7.844e+02	+7.670e+03	+1.109e+04	+0.907
45.000	+5.893e+02	+9.865e+03	+8.886e+03	+0.944
45.100	-1.119e+03	+9.283e+03	+1.056e+04	+1.137
45.200	+1.077e+03	+7.792e+03	+9.260e+03	+0.879
45.300	+3.365e+02	+9.429e+03	+9.289e+03	+0.966
45.400	+1.476e+03	+5.601e+03	+1.135e+04	+0.791
45.500	+1.635e+03	+8.708e+03	+9.975e+03	+0.842
45.600	+6.666e+02	+9.619e+03	+1.077e+04	+0.935
45.700	+5.288e+02	+8.711e+03	+8.109e+03	+0.943
45.800	+1.357e+03	+8.460e+03	+1.010e+04	+0.862
45.900	+5.339e+02	+7.855e+03	+1.243e+04	+0.936
46.000	+4.830e+02	+8.041e+03	+1.125e+04	+0.943
46.100	+1.188e+03	+9.658e+03	+8.218e+03	+0.891
46.200	+1.210e+03	+6.773e+03	+9.414e+03	+0.848
46.300	+9.210e+02	+8.608e+03	+1.040e+04	+0.903
46.400	+1.604e+03	+9.708e+03	+8.720e+03	+0.858
46.500	+1.298e+03	+8.782e+03	+1.073e+04	+0.871
46.600	+7.073e+02	+9.197e+03	+9.980e+03	+0.929
46.700	+1.520e+03	+8.788e+03	+1.210e+04	+0.853
46.800	+9.608e+01	+9.912e+03	+8.987e+03	+0.990
46.900	+2.582e+01	+1.008e+04	+1.185e+04	+0.997
47.000	+2.416e+03	+8.134e+03	+1.212e+04	+0.771
47.100	-7.261e+02	+1.071e+04	+6.878e+03	+1.073
47.200	+2.310e+02	+7.365e+03	+1.063e+04	+0.970
47.300	+6.949e+02	+9.806e+03	+9.905e+03	+0.934
47.400	+1.272e+03	+7.675e+03	+9.806e+03	+0.858
47.500	-5.107e+02	+9.219e+03	+1.076e+04	+1.059
47.600	+1.324e+02	+8.703e+03	+9.027e+03	+0.985
47.700	-6.851e+02	+8.041e+03	+9.719e+03	+1.093
47.800	+1.263e+03	+8.194e+03	+1.104e+04	+0.866
47.900	+3.068e+02	+6.765e+03	+9.451e+03	+0.957
48.000	+1.121e+03	+7.815e+03	+9.688e+03	+0.875
48.100	+5.510e+02	+7.153e+03	+1.062e+04	+0.928
48.200	+1.555e+03	+7.944e+03	+9.601e+03	+0.836
48.300	+6.801e+03	+3.830e+03	+9.651e+03	+0.360
48.400	+6.755e+03	+7.896e+02	+1.186e+04	+0.105
48.500	+8.923e+03	-1.502e+02	+1.080e+04	-0.017
48.600	+1.007e+04	-3.664e+00	+8.118e+03	-0.000
48.700	+9.946e+03	+3.105e+03	+1.072e+04	+0.238
48.800	+6.729e+03	+1.013e+03	+1.045e+04	+0.131
48.900	+8.519e+03	+5.772e+02	+1.163e+04	+0.063
49.000	+8.390e+03	+1.819e+03	+1.126e+04	+0.178
49.100	+1.005e+04	+5.873e+02	+1.179e+04	+0.055
49.200	+7.681e+03	-2.569e+02	+9.304e+03	-0.035
49.300	+9.788e+03	+1.571e+03	+9.407e+03	+0.138
49.400	+7.481e+03	+8.467e+02	+1.040e+04	+0.102
49.500	+8.616e+03	+1.784e+03	+9.157e+03	+0.172
49.600	+9.513e+03	+5.969e+02	+1.037e+04	+0.059
49.700	+7.372e+03	+1.128e+03	+8.704e+03	+0.133
49.800	+7.803e+03	+1.777e+02	+1.230e+04	+0.022
49.900	+8.018e+03	+1.421e+02	+9.877e+03	+0.017
50.000	+8.500e+03	+8.857e+02	+1.120e+04	+0.094
50.100	+8.119e+03	+1.240e+03	+1.240e+04	+0.133
50.200	+1.086e+04	+9.284e+02	+1.122e+04	+0.079
50.300	+8.847e+03	+1.685e+03	+1.031e+04	+0.160
50.400	+7.916e+03	-2.518e+02	+1.001e+04	-0.033
50.500	+9.289e+03	+7.486e+02	+9.880e+03	+0.075
50.600	+9.125e+03	+4.621e+02	+9.980e+03	+0.048
50.700	+8.390e+03	+1.464e+03	+1.056e+04	+0.149
50.800	+3.831e+03	+4.572e+03	+9.430e+03	+0.544
50.900	+2.999e+03	+4.081e+03	+1.066e+04	+0.576
51.000	+4.942e+03	+5.196e+03	+1.106e+04	+0.512
51.100	+4.064e+03	+3.235e+03	+9.765e+03	+0.443
51.200	+3.056e+03	+5.494e+03	+8.557e+03	+0.643
51.300	+3.840e+03	+4.007e+03	+9.427e+03	+0.511
51.400	+3.794e+03	+4.539e+03	+9.628e+03	+0.545
51.500	+5.611e+02	+7.458e+03	+1.021e+04	+0.930
51.600	+1.608e+03	+7.445e+03	+1.038e+04	+0.822
51.700	+1.734e+03	+7.994e+03	+1.136e+04	+0.822
51.800	-4.306e+02	+1.020e+04	+1.101e+04	+1.044
51.900	+9.465e+02	+8.165e+03	+1.086e+04	+0.896
52.000	+1.791e+03	+9.081e+03	+1.083e+04	+0.835
52.100	+1.216e+03	+9.022e+03	+9.101e+03	+0.881
52.200	+5.812e+02	+8.326e+03	+8.977e+03	+0.935
52.300	-7.910e+02	+8.347e+03	+7.098e+03	+1.105
52.400	+3.637e+02	+8.441e+03	+1.093e+04	+0.959
52.500	+9.678e+02	+6.740e+03	+8.937e+03	+0.874
52.600	-3.244e+01	+1.209e+04	+1.172e+04	+1.003
52.700	+2.139e+03	+9.590e+03	+9.383e+03	+0.818
52.800	+3.580e+02	+8.338e+03	+1.125e+04	+0.959
52.900	+1.505e+03	+7.705e+03	+1.114e+04	+0.837
53.000	+1.331e+02	+7.791e+03	+1.128e+04	+0.983
53.100	+2.016e+03	+7.771e+03	+1.295e+04	+0.794
53.200	+2.414e+03	+1.023e+04	+1.006e+04	+0.809
53.300	+3.671e+03	+6.264e+03	+1.104e+04	+0.631
53.400	+1.996e+03	+6.108e+03	+8.723e+03	+0.754
53.500	+5.111e+03	+4.115e+03	+8.883e+03	+0.446
53.600	+5.132e+03	+5.167e+03	+1.022e+04	+0.502
53.700	+4.767e+03	+4.929e+03	+9.671e+03	+0.508
53.800	+2.315e+03	+4.356e+03	+6.751e+03	+0.653
53.900	+4.065e+03	+5.384e+03	+8.624e+03	+0.570
54.000	+4.082e+03	+6.174e+03	+8.393e+03	+0.602
54.100	+4.310e+03	+3.061e+03	+9.374e+03	+0.415
54.200	+3.542e+03	+4.098e+03	+9.483e+03	+0.536
54.300	+2.853e+03	+4.337e+03	+9.288e+03	+0.603
54.400	+4.629e+03	+4.680e+03	+9.638e+03	+0.503
54.500	+4.866e+03	+4.697e+03	+7.375e+03	+0.491
54.600	+3.612e+03	+3.668e+03	+1.103e+04	+0.504
54.700	+3.273e+03	+5.888e+03	+8.587e+03	+0.643
54.800	+7.131e+03	+1.473e+03	+9.285e+03	+0.171
54.900	+8.441e+03	+7.945e+02	+1.150e+04	+0.086
55.000	+9.436e+03	+2.935e+02	+9.633e+03	+0.030
55.100	+9.474e+03	+1.614e+03	+1.420e+04	+0.146
55.200	+9.245e+03	+1.642e+03	+1.356e+04	+0.151
55.300	+8.047e+03	+1.336e+03	+1.279e+04	+0.142
55.400	+8.667e+03	-3.296e+01	+9.601e+03	-0.004
55.500	+1.881e+03	+6.304e+03	+1.137e+04	+0.770
55.600	-1.334e+02	+7.967e+03	+8.986e+03	+1.017
55.700	+3.925e+02	+8.021e+03	+1.064e+04	+0.953
55.800	+1.565e+03	+6.506e+03	+1.146e+04	+0.806
55.900	-5.975e+02	+1.026e+04	+1.008e+04	+1.062
56.000	+1.541e+03	+8.872e+03	+9.796e+03	+0.852
56.100	+3.702e+02	+7.627e+03	+9.757e+03	+0.954
56.200	+7.342e+02	+9.151e+03	+1.004e+04	+0.926
56.300	+2.007e+03	+7.745e+03	+1.283e+04	+0.794
56.400	+1.314e+03	+7.987e+03	+1.005e+04	+0.859
56.500	+2.908e+03	+3.887e+03	+8.371e+03	+0.572
56.600	+4.108e+03	+3.348e+03	+6.776e+03	+0.449
56.700	+3.426e+03	+4.457e+03	+1.084e+04	+0.565
56.800	+5.462e+03	+4.190e+03	+9.442e+03	+0.434
56.900	+2.361e+03	+6.026e+03	+9.044e+03	+0.719
57.000	+5.047e+03	+6.117e+03	+9.343e+03	+0.548
57.100	+3.218e+03	+4.260e+03	+9.389e+03	+0.570
57.200	+3.033e+03	+5.604e+03	+9.821e+03	+0.649
57.300	+2.164e+03	+4.185e+03	+7.777e+03	+0.659
57.400	+4.955e+03	+5.457e+03	+1.074e+04	+0.524
57.500	+5.578e+03	+5.343e+03	+9.472e+03	+0.489
57.600	+5.869e+03	+5.840e+03	+7.440e+03	+0.499
57.700	+4.389e+03	+5.310e+03	+7.953e+03	+0.547
57.800	+5.058e+03	+4.013e+03	+8.744e+03	+0.442
57.900	+5.812e+03	+5.098e+03	+1.007e+04	+0.467
58.000	+3.000e+03	+5.921e+03	+8.202e+03	+0.664
58.100	+4.631e+03	+3.938e+03	+8.686e+03	+0.460
58.200	+4.120e+03	+5.087e+03	+9.857e+03	+0.552
58.300	+2.293e+03	+5.096e+03	+9.589e+03	+0.690
58.400	+3.414e+03	+3.711e+03	+9.383e+03	+0.521
58.500	+4.732e+03	+5.295e+03	+7.481e+03	+0.528
58.600	+4.565e+03	+4.884e+03	+1.002e+04	+0.517
58.700	+3.858e+03	+4.581e+03	+1.226e+04	+0.543
58.800	+2.670e+03	+5.198e+03	+1.179e+04	+0.661
58.900	+5.574e+03	+5.113e+03	+6.984e+03	+0.478
59.000	+5.029e+03	+4.997e+03	+7.795e+03	+0.498
59.100	+5.393e+03	+6.055e+03	+8.060e+03	+0.529
59.200	+4.794e+03	+5.072e+03	+1.091e+04	+0.514
59.300	+5.149e+03	+4.617e+03	+9.496e+03	+0.473
59.400	+4.820e+03	+5.072e+03	+8.383e+03	+0.513
59.500	+5.906e+03	+3.305e+03	+7.781e+03	+0.359
59.600	+1.728e+03	+3.333e+03	+8.931e+03	+0.659
59.700	+4.390e+03	+3.525e+03	+9.554e+03	+0.445
59.800	+3.285e+03	+4.672e+03	+9.032e+03	+0.587
59.900	+2.654e+03	+5.120e+03	+9.131e+03	+0.659
60.000	+4.179e+03	+6.076e+03	+9.053e+03	+0.592
60.100	+2.868e+03	+7.214e+03	+9.500e+03	+0.716
60.200	+7.549e+02	+8.461e+03	+9.185e+03	+0.918
60.300	+5.335e+02	+7.194e+03	+8.883e+03	+0.931
60.400	+1.386e+03	+8.716e+03	+1.224e+04	+0.863
60.500	+1.694e+01	+7.153e+03	+1.036e+04	+0.998
60.600	+2.442e+01	+8.213e+03	+1.056e+04	+0.997
60.700	-3.670e+02	+8.882e+03	+1.031e+04	+1.043
60.800	+1.352e+03	+9.868e+03	+8.724e+03	+0.879
60.900	+4.650e+03	+5.108e+03	+1.052e+04	+0.524
61.000	+4.882e+03	+5.520e+03	+8.546e+03	+0.531
61.100	+6.041e+03	+3.736e+03	+1.082e+04	+0.382
61.200	+3.601e+03	+5.267e+03	+9.172e+03	+0.594
61.300	+2.982e+03	+5.602e+03	+9.613e+03	+0.653
61.400	+4.497e+03	+5.825e+03	+8.299e+03	+0.564
61.500	+3.558e+03	+6.516e+03	+8.866e+03	+0.647
61.600	+4.458e+03	+6.367e+03	+1.069e+04	+0.588
61.700	+6.081e+03	+5.449e+03	+8.180e+03	+0.473
61.800	+2.784e+03	+5.335e+03	+8.858e+03	+0.657
61.900	+4.022e+03	+4.270e+03	+9.982e+03	+0.515
62.000	+5.144e+03	+4.508e+03	+9.407e+03	+0.467
62.100	+3.540e+03	+4.629e+03	+8.086e+03	+0.567
62.200	+4.078e+03	+4.680e+03	+1.090e+04	+0.534
62.300	+5.968e+03	+6.949e+03	+8.586e+03	+0.538
62.400	+5.110e+03	+6.476e+03	+9.372e+03	+0.559
62.500	+4.065e+03	+4.735e+03	+1.002e+04	+0.538
62.600	+3.565e+03	+6.064e+03	+9.838e+03	+0.630
62.700	+4.888e+03	+5.966e+03	+9.362e+03	+0.550
62.800	+3.094e+03	+5.325e+03	+1.011e+04	+0.633
62.900	+3.558e+03	+4.109e+03	+9.291e+03	+0.536
63.000	+2.595e+03	+4.592e+03	+7.638e+03	+0.639
63.100	+3.564e+03	+4.662e+03	+9.912e+03	+0.567
63.200	+5.702e+03	+5.349e+03	+9.252e+03	+0.484
63.300	+6.484e+03	+4.085e+03	+9.916e+03	+0.386
63.400	+3.344e+03	+6.327e+03	+1.249e+04	+0.654
63.500	+3.463e+03	+6.040e+03	+8.333e+03	+0.636
63.600	+3.265e+03	+4.216e+03	+9.826e+03	+0.564
63.700	+4.677e+03	+5.060e+03	+1.076e+04	+0.520
63.800	+4.005e+03	+5.880e+03	+9.277e+03	+0.595
63.900	+6.013e+02	+1.085e+04	+8.352e+03	+0.947
64.000	+9.379e+02	+6.928e+03	+8.633e+03	+0.881
64.100	+1.618e+03	+6.752e+03	+8.701e+03	+0.807
64.200	+1.578e+03	+8.194e+03	+9.934e+03	+0.839
64.300	+3.167e+02	+8.534e+03	+1.128e+04	+0.964
64.400	-7.712e+02	+6.736e+03	+1.033e+04	+1.129
64.500	+1.091e+03	+7.413e+03	+9.698e+03	+0.872
64.600	+8.651e+02	+8.292e+03	+1.195e+04	+0.906
64.700	-8.674e+02	+8.781e+03	+8.044e+03	+1.110
64.800	+4.906e+02	+8.448e+03	+9.441e+03	+0.945
64.900	+1.036e+02	+9.080e+03	+9.094e+03	+0.989
65.000	+9.292e+02	+8.207e+03	+7.524e+03	+0.898
65.100	+4.819e+02	+7.595e+03	+1.049e+04	+0.940
65.200	+1.713e+03	+7.248e+03	+1.153e+04	+0.809
65.300	+3.599e+03	+6.031e+03	+1.137e+04	+0.626
65.400	+3.637e+03	+5.390e+03	+1.007e+04	+0.597
65.500	+3.838e+03	+4.798e+03	+9.246e+03	+0.556
65.600	+4.041e+03	+4.903e+03	+8.287e+03	+0.548
65.700	+4.654e+03	+5.159e+03	+1.012e+04	+0.526
65.800	+4.030e+03	+4.185e+03	+9.241e+03	+0.509
65.900	+3.382e+03	+3.657e+03	+8.259e+03	+0.520
66.000	+4.293e+03	+3.998e+03	+1.024e+04	+0.482
66.100	+4.919e+03	+4.047e+03	+7.685e+03	+0.451
66.200	+2.992e+03	+4.935e+03	+1.075e+04	+0.623
66.300	+3.730e+03	+3.042e+03	+6.918e+03	+0.449
66.400	+3.263e+03	+4.028e+03	+8.013e+03	+0.552
66.500	+4.736e+03	+5.864e+03	+7.603e+03	+0.553
66.600	+3.273e+03	+5.991e+03	+9.104e+03	+0.647
66.700	+3.466e+03	+4.944e+03	+1.241e+04	+0.588
66.800	+3.745e+03	+4.257e+03	+9.837e+03	+0.532
66.900	+1.068e+03	+8.482e+03	+9.020e+03	+0.888
67.000	+2.501e+02	+8.792e+03	+1.101e+04	+0.972
67.100	+8.104e+02	+9.505e+03	+8.649e+03	+0.921
67.200	+4.485e+02	+9.184e+03	+9.254e+03	+0.953
67.300	-2.842e+02	+8.482e+03	+9.218e+03	+1.035
67.400	+2.709e+02	+8.277e+03	+1.023e+04	+0.968
67.500	+1.524e+03	+1.179e+04	+1.038e+04	+0.886
67.600	+1.691e+03	+8.829e+03	+8.310e+03	+0.839
67.700	+2.105e+03	+8.003e+03	+9.666e+03	+0.792
67.800	+3.390e+02	+8.926e+03	+1.026e+04	+0.963
67.900	+1.286e+03	+8.211e+03	+8.510e+03	+0.865
68.000	-6.728e+02	+8.322e+03	+1.032e+04	+1.088
68.100	-5.552e+01	+9.748e+03	+7.306e+03	+1.006
68.200	-1.068e+03	+8.302e+03	+1.054e+04	+1.148
68.300	+4.202e+02	+7.775e+03	+1.117e+04	+0.949
68.400	+1.361e+03	+8.391e+03	+8.698e+03	+0.860
68.500	+8.057e+02	+1.019e+04	+1.071e+04	+0.927
68.600	+1.223e+03	+9.669e+03	+9.237e+03	+0.888
68.700	+1.735e+03	+6.717e+03	+7.379e+03	+0.795
68.800	+7.871e+02	+8.855e+03	+1.054e+04	+0.918
68.900	+7.122e+02	+8.559e+03	+1.254e+04	+0.923
69.000	-1.825e+03	+1.054e+04	+1.094e+04	+1.209
69.100	-2.939e+02	+1.033e+04	+7.556e+03	+1.029
69.200	-2.203e+01	+8.078e+03	+1.014e+04	+1.003
69.300	-1.317e+02	+6.628e+03	+8.593e+03	+1.020
69.400	+7.106e+02	+8.360e+03	+1.039e+04	+0.922
69.500	+1.331e+03	+9.999e+03	+9.283e+03	+0.882
69.600	+1.014e+02	+9.162e+03	+8.287e+03	+0.989
69.700	+2.102e+02	+7.431e+03	+9.733e+03	+0.972
69.800	+3.262e+03	+6.479e+03	+9.136e+03	+0.665
69.900	+2.869e+03	+4.629e+03	+1.188e+04	+0.617
70.000	+7.753e+03	+2.224e+03	+8.044e+03	+0.223
70.100	+6.794e+03	-2.751e+02	+1.061e+04	-0.042
70.200	+9.923e+03	+2.110e+03	+1.118e+04	+0.175
70.300	+7.988e+03	+8.831e+02	+1.050e+04	+0.100
70.400	+4.589e+03	+3.978e+03	+1.243e+04	+0.464
70.500	+4.188e+03	+3.394e+03	+1.004e+04	+0.448
70.600	+3.778e+03	+2.924e+03	+1.038e+04	+0.436
70.700	+2.082e+03	+3.908e+03	+8.344e+03	+0.652
70.800	+4.908e+03	+3.455e+03	+1.002e+04	+0.413
70.900	+5.983e+02	+9.835e+03	+1.049e+04	+0.943
71.000	+4.559e+02	+7.414e+03	+1.015e+04	+0.942
71.100	+1.451e+03	+1.001e+04	+1.062e+04	+0.873
71.200	+1.088e+03	+8.203e+03	+8.327e+03	+0.883
71.300	-8.658e+02	+7.507e+03	+1.113e+04	+1.130
71.400	+1.997e+03	+7.441e+03	+1.039e+04	+0.788
71.500	+1.347e+03	+6.950e+03	+9.558e+03	+0.838
71.600	-7.315e+02	+1.024e+04	+8.805e+03	+1.077
71.700	+1.141e+03	+9.757e+03	+7.226e+03	+0.895
71.800	+1.206e+03	+9.372e+03	+7.732e+03	+0.886
71.900	-8.026e+02	+8.469e+03	+1.160e+04	+1.105
72.000	+6.106e+02	+9.961e+03	+9.531e+03	+0.942
72.100	+9.756e+02	+7.204e+03	+8.649e+03	+0.881
72.200	+1.303e+03	+7.242e+03	+1.185e+04	+0.847
72.300	+1.356e+03	+9.270e+03	+1.158e+04	+0.872
72.400	+5.652e+02	+7.436e+03	+1.346e+04	+0.929
72.500	-1.674e+02	+9.951e+03	+7.759e+03	+1.017
72.600	+5.780e+02	+8.847e+03	+7.000e+03	+0.939
72.700	+7.054e+02	+8.642e+03	+8.991e+03	+0.925
72.800	+1.047e+02	+8.658e+03	+1.166e+04	+0.988
72.900	-1.217e+02	+8.289e+03	+7.829e+03	+1.015
73.000	+1.492e+03	+8.006e+03	+9.210e+03	+0.843
73.100	+7.177e+02	+8.421e+03	+8.334e+03	+0.921
73.200	+3.922e+02	+8.285e+03	+8.770e+03	+0.955
73.300	-2.244e+02	+6.365e+03	+9.756e+03	+1.037
73.400	+1.423e+03	+8.032e+03	+1.044e+04	+0.849
73.500	-1.201e+02	+7.073e+03	+1.004e+04	+1.017
73.600	+1.030e+03	+8.530e+03	+7.437e+03	+0.892
73.700	-5.543e+02	+8.239e+03	+9.401e+03	+1.072
73.800	-4.861e+02	+8.079e+03	+1.048e+04	+1.064
73.900	-1.577e+02	+9.133e+03	+9.446e+03	+1.018
74.000	+1.300e+03	+7.878e+03	+8.373e+03	+0.858
74.100	+3.610e+02	+9.147e+03	+1.196e+04	+0.962
74.200	+1.075e+03	+8.119e+03	+1.082e+04	+0.883
74.300	+1.104e+03	+8.084e+03	+9.807e+03	+0.880
74.400	+4.581e+01	+7.132e+03	+8.065e+03	+0.994
74.500	+1.313e+03	+8.446e+03	+9.762e+03	+0.865
74.600	+1.437e+03	+8.291e+03	+1.044e+04	+0.852
74.700	+3.923e+02	+9.745e+03	+9.996e+03	+0.961
74.800	-2.805e+02	+9.052e+03	+1.037e+04	+1.032
74.900	-6.157e+02	+1.179e+04	+6.318e+03	+1.055
75.000	+2.708e+02	+1.107e+04	+1.052e+04	+0.976
75.100	+9.455e+02	+6.673e+03	+8.001e+03	+0.876
75.200	-2.662e+02	+9.636e+03	+9.023e+03	+1.028
75.300	+1.112e+03	+8.102e+03	+7.984e+03	+0.879
75.400	+1.143e+03	+8.460e+03	+8.629e+03	+0.881
75.500	+1.098e+03	+7.975e+03	+1.091e+04	+0.879
75.600	+1.415e+03	+8.784e+03	+1.125e+04	+0.861
75.700	-1.006e+01	+7.527e+03	+9.302e+03	+1.001
75.800	-1.422e+02	+6.863e+03	+9.351e+03	+1.021
75.900	-2.636e+02	+8.371e+03	+1.045e+04	+1.033
76.000	+1.404e+03	+7.567e+03	+1.015e+04	+0.843
76.100	+7.052e+02	+7.436e+03	+1.022e+04	+0.913
76.200	+9.605e+02	+7.854e+03	+1.060e+04	+0.891
76.300	+7.334e+02	+7.060e+03	+9.437e+03	+0.906
76.400	+1.121e+03	+5.622e+03	+1.251e+04	+0.834
76.500	+1.048e+03	+8.400e+03	+1.073e+04	+0.889
76.600	+8.118e+02	+8.856e+03	+1.052e+04	+0.916
76.700	+5.760e+02	+7.181e+03	+1.052e+04	+0.926
76.800	+5.657e+03	+4.149e+03	+1.199e+04	+0.423
76.900	+4.406e+03	+5.591e+03	+9.791e+03	+0.559
77.000	+5.296e+03	+4.852e+03	+8.113e+03	+0.478
77.100	+4.329e+02	+8.445e+03	+1.040e+04	+0.951
77.200	+9.209e+02	+8.052e+03	+9.073e+03	+0.897
77.300	+1.147e+03	+8.748e+03	+1.049e+04	+0.884
77.400	+4.707e+02	+8.845e+03	+9.220e+03	+0.949
77.500	+7.461e+02	+9.546e+03	+1.152e+04	+0.928
77.600	+1.150e+03	+8.536e+03	+9.153e+03	+0.881
77.700	+1.183e+03	+5.532e+03	+9.588e+03	+0.824
77.800	+1.223e+03	+9.544e+03	+9.885e+03	+0.886
77.900	+1.509e+03	+9.069e+03	+8.697e+03	+0.857
78.000	+1.810e+03	+7.806e+03	+9.819e+03	+0.812
78.100	+3.665e+03	+5.765e+03	+1.038e+04	+0.611
78.200	+5.753e+02	+6.647e+03	+8.101e+03	+0.920
78.300	+1.374e+03	+9.139e+03	+1.173e+04	+0.869
78.400	+1.557e+03	+8.370e+03	+1.083e+04	+0.843
78.500	-1.246e+03	+8.022e+03	+9.977e+03	+1.184
78.600	+1.642e+03	+7.218e+03	+1.075e+04	+0.815
78.700	+3.326e+02	+9.026e+03	+1.035e+04	+0.964
78.800	+9.728e+01	+7.997e+03	+1.197e+04	+0.988
78.900	-9.027e+02	+7.022e+03	+1.253e+04	+1.148
79.000	-2.018e+02	+9.242e+03	+7.528e+03	+1.022
79.100	+9.407e+02	+6.773e+03	+1.138e+04	+0.878
79.200	+1.727e+03	+8.982e+03	+1.082e+04	+0.839
79.300	+1.314e+03	+8.574e+03	+8.863e+03	+0.867
79.400	+5.704e+02	+7.623e+03	+1.184e+04	+0.930
79.500	+9.209e+02	+7.878e+03	+8.235e+03	+0.895
79.600	+7.415e+02	+8.761e+03	+7.948e+03	+0.922
79.700	+1.454e+03	+7.925e+03	+9.191e+03	+0.845
79.800	+1.206e+03	+6.214e+03	+9.678e+03	+0.837
79.900	+1.357e+03	+7.981e+03	+9.948e+03	+0.855
80.000	-1.312e+02	+1.043e+04	+9.130e+03	+1.013
80.100	+1.030e+03	+8.964e+03	+1.022e+04	+0.897
80.200	+4.236e+02	+7.147e+03	+9.678e+03	+0.944
80.300	+1.042e+03	+6.707e+03	+1.007e+04	+0.866
80.400	+2.358e+02	+7.659e+03	+1.030e+04	+0.970
80.500	+1.255e+03	+6.474e+03	+9.212e+03	+0.838
80.600	+8.009e+02	+6.875e+03	+1.113e+04	+0.896
80.700	+8.424e+02	+6.983e+03	+9.626e+03	+0.892
80.800	+9.261e+02	+9.162e+03	+8.516e+03	+0.908
80.900	+6.992e+02	+9.661e+03	+8.612e+03	+0.933
81.000	+1.827e+03	+9.403e+03	+9.501e+03	+0.837
81.100	+4.179e+02	+9.290e+03	+7.122e+03	+0.957
81.200	+4.971e+02	+8.983e+03	+9.526e+03	+0.948
81.300	-1.106e+02	+8.682e+03	+1.100e+04	+1.013
81.400	+4.274e+02	+8.211e+03	+9.429e+03	+0.951
81.500	+9.133e+02	+9.393e+03	+1.055e+04	+0.911
81.600	+1.103e+03	+7.425e+03	+1.133e+04	+0.871
81.700	-7.474e+01	+8.624e+03	+8.898e+03	+1.009
81.800	+1.611e+02	+8.296e+03	+1.066e+04	+0.981
81.900	+2.040e+03	+8.797e+03	+9.515e+03	+0.812
82.000	+2.547e+01	+8.296e+03	+8.857e+03	+0.997
82.100	+1.344e+03	+1.034e+04	+7.532e+03	+0.885
82.200	+1.022e+03	+7.748e+03	+9.925e+03	+0.883
82.300	-4.121e+01	+8.955e+03	+1.116e+04	+1.005
82.400	+1.741e+03	+8.247e+03	+9.065e+03	+0.826
82.500	+2.952e+02	+8.757e+03	+1.221e+04	+0.967
82.600	+2.287e+03	+7.991e+03	+9.740e+03	+0.777
82.700	+6.085e+02	+8.850e+03	+1.139e+04	+0.936
82.800	+4.806e+02	+8.338e+03	+9.777e+03	+0.946
82.900	+1.569e+03	+8.855e+03	+1.108e+04	+0.849
83.000	-2.427e+01	+8.570e+03	+1.026e+04	+1.003
83.100	-7.990e+02	+7.561e+03	+1.078e+04	+1.118
83.200	+1.173e+03	+8.472e+03	+7.379e+03	+0.878
83.300	-5.287e+02	+8.602e+03	+1.142e+04	+1.065
83.400	+6.564e+02	+9.999e+03	+9.517e+03	+0.938
83.500	+2.380e+03	+8.121e+03	+9.060e+03	+0.773
83.600	+1.208e+03	+7.455e+03	+1.063e+04	+0.861
83.700	+5.003e+02	+8.722e+03	+9.811e+03	+0.946
83.800	+6.001e+02	+8.610e+03	+1.188e+04	+0.935
83.900	+1.213e+03	+7.117e+03	+1.019e+04	+0.854
84.000	+3.152e+03	+6.707e+03	+9.813e+03	+0.680
84.100	+3.335e+03	+6.322e+03	+7.814e+03	+0.655
84.200	-6.081e+02	+8.214e+03	+1.196e+04	+1.080
84.300	+8.903e+02	+9.681e+03	+7.737e+03	+0.916
84.400	+4.450e+02	+7.163e+03	+9.993e+03	+0.942
84.500	+3.289e+02	+7.140e+03	+9.484e+03	+0.956
84.600	+2.649e+03	+8.074e+03	+1.099e+04	+0.753
84.700	+1.636e+03	+9.072e+03	+1.014e+04	+0.847
84.800	+3.922e+02	+8.799e+03	+1.101e+04	+0.957
84.900	-3.583e+02	+9.287e+03	+1.097e+04	+1.040
85.000	+1.126e+03	+1.021e+04	+9.104e+03	+0.901
85.100	+2.724e+03	+8.030e+03	+9.255e+03	+0.747
85.200	+1.743e+03	+7.930e+03	+1.404e+04	+0.820
85.300	-5.464e+02	+7.188e+03	+8.972e+03	+1.082
85.400	+1.636e+03	+9.677e+03	+8.465e+03	+0.855
85.500	+9.320e+01	+8.174e+03	+9.953e+03	+0.989
85.600	+1.274e+02	+7.619e+03	+7.653e+03	+0.984
85.700	+1.703e+03	+7.602e+03	+1.065e+04	+0.817
85.800	+1.075e+03	+1.079e+04	+9.614e+03	+0.909
85.900	+5.868e+02	+7.907e+03	+1.118e+04	+0.931
86.000	+5.916e+02	+9.650e+03	+9.511e+03	+0.942
86.100	+4.980e+03	+5.030e+03	+9.191e+03	+0.503
86.200	+1.843e+03	+7.503e+03	+9.381e+03	+0.803
86.300	+1.307e+03	+8.035e+03	+1.033e+04	+0.860
86.400	+1.300e+03	+1.048e+04	+1.031e+04	+0.890
86.500	+1.818e+03	+8.391e+03	+1.115e+04	+0.822
86.600	+9.454e+02	+8.479e+03	+8.489e+03	+0.900
86.700	+5.670e+02	+7.853e+03	+8.556e+03	+0.933
86.800	+5.866e+02	+7.603e+03	+9.413e+03	+0.928
86.900	+1.255e+03	+8.827e+03	+8.331e+03	+0.876
87.000	+2.334e+03	+5.798e+03	+8.970e+03	+0.713
87.100	+3.979e+03	+3.646e+03	+8.912e+03	+0.478
87.200	+3.806e+03	+4.875e+03	+9.458e+03	+0.562
87.300	+5.588e+03	+4.355e+03	+7.124e+03	+0.438
87.400	+4.705e+03	+5.242e+03	+8.638e+03	+0.527
87.500	+4.489e+03	+2.810e+03	+9.469e+03	+0.385
87.600	+5.867e+03	+4.999e+03	+1.038e+04	+0.460
87.700	+3.788e+03	+3.366e+03	+6.997e+03	+0.470
87.800	+5.846e+03	+5.266e+03	+1.003e+04	+0.474
87.900	+4.231e+03	+2.765e+03	+9.333e+03	+0.395
88.000	+5.287e+03	+3.690e+03	+1.021e+04	+0.411
88.100	+2.898e+03	+3.111e+03	+9.293e+03	+0.518
88.200	+3.527e+03	+3.916e+03	+1.073e+04	+0.526
88.300	+8.408e+03	+2.329e+03	+1.203e+04	+0.217
88.400	+9.091e+03	-2.805e+02	+1.098e+04	-0.032
88.500	+3.765e+03	+3.136e+03	+7.995e+03	+0.454
88.600	+5.786e+03	+2.823e+03	+1.015e+04	+0.328
88.700	+9.753e+03	+2.018e+03	+1.241e+04	+0.171
88.800	+9.395e+03	-4.368e+02	+1.091e+04	-0.049
88.900	+9.837e+03	+6.701e+02	+9.611e+03	+0.064
89.000	+1.019e+04	+7.390e+02	+1.010e+04	+0.068
89.100	+4.709e+03	+4.904e+03	+1.060e+04	+0.510
89.200	+1.568e+03	+8.687e+03	+1.157e+04	+0.847
89.300	+6.979e+02	+8.485e+03	+9.776e+03	+0.924
89.400	+7.034e+02	+8.184e+03	+1.206e+04	+0.921
89.500	+6.402e+02	+7.708e+03	+9.491e+03	+0.923
89.600	+2.038e+03	+8.525e+03	+1.025e+04	+0.807
89.700	+5.013e+01	+7.465e+03	+6.650e+03	+0.993
89.800	+1.202e+03	+7.855e+03	+8.108e+03	+0.867
89.900	+2.081e+03	+8.615e+03	+9.671e+03	+0.805
90.000	+3.862e+03	+4.946e+03	+9.744e+03	+0.561
90.100	+6.585e+03	+4.642e+03	+1.091e+04	+0.413
90.200	+3.685e+03	+4.799e+03	+1.006e+04	+0.566
90.300	+3.699e+03	+3.863e+03	+7.797e+03	+0.511
90.400	+2.838e+03	+4.893e+03	+1.151e+04	+0.633
90.500	+3.627e+03	+5.662e+03	+9.197e+03	+0.610
90.600	+5.520e+03	+5.030e+03	+1.079e+04	+0.477
90.700	+2.263e+03	+5.287e+03	+8.012e+03	+0.700
90.800	+3.092e+03	+3.901e+03	+8.859e+03	+0.558
90.900	+3.181e+03	+4.715e+03	+8.958e+03	+0.597
91.000	+3.865e+03	+4.458e+03	+1.094e+04	+0.536
91.100	+3.679e+03	+2.834e+03	+9.657e+03	+0.435
91.200	+4.948e+03	+5.166e+03	+9.121e+03	+0.511
91.300	+4.857e+03	+4.705e+03	+1.180e+04	+0.492
91.400	+9.258e+03	+1.238e+02	+9.446e+03	+0.013
91.500	+7.921e+03	+2.577e+03	+9.752e+03	+0.245
91.600	+8.716e+03	+9.766e+02	+8.073e+03	+0.101
91.700	+8.151e+03	+2.352e+02	+1.133e+04	+0.028
91.800	+1.537e+03	+7.637e+03	+8.450e+03	+0.832
91.900	+8.236e+02	+7.752e+03	+1.135e+04	+0.904
92.000	+1.517e+02	+1.031e+04	+1.149e+04	+0.986
92.100	-3.249e+02	+9.842e+03	+8.824e+03	+1.034
92.200	+9.927e+02	+9.336e+03	+9.572e+03	+0.904
92.300	+1.608e+03	+7.306e+03	+1.005e+04	+0.820
92.400	+9.378e+02	+1.040e+04	+1.097e+04	+0.917
92.500	+1.558e+03	+8.771e+03	+9.737e+03	+0.849
92.600	+1.742e+03	+8.551e+03	+1.089e+04	+0.831
92.700	+4.099e+02	+8.061e+03	+9.709e+03	+0.952
92.800	+1.608e+01	+7.119e+03	+1.243e+04	+0.998
92.900	+1.440e+03	+6.909e+03	+9.042e+03	+0.828
93.000	+1.174e+03	+8.995e+03	+1.135e+04	+0.885
93.100	+6.652e+02	+8.442e+03	+1.228e+04	+0.927
93.200	-7.291e+02	+7.232e+03	+8.689e+03	+1.112
93.300	+6.065e+02	+6.713e+03	+8.561e+03	+0.917
93.400	+1.109e+03	+8.411e+03	+8.712e+03	+0.884
93.500	+1.039e+03	+1.018e+04	+1.231e+04	+0.907
93.600	+1.601e+03	+8.428e+03	+1.069e+04	+0.840
93.700	+1.072e+02	+7.159e+03	+1.083e+04	+0.985
93.800	+1.907e+03	+7.979e+03	+9.801e+03	+0.807
93.900	+6.297e+02	+8.906e+03	+9.776e+03	+0.934
94.000	+5.792e+02	+6.675e+03	+1.109e+04	+0.920
94.100	+5.392e+02	+9.207e+03	+1.074e+04	+0.945
94.200	+9.142e+02	+8.493e+03	+9.804e+03	+0.903
94.300	-1.135e+02	+6.467e+03	+9.496e+03	+1.018
94.400	-3.604e+02	+9.025e+03	+8.869e+03	+1.042
94.500	-2.676e+02	+7.277e+03	+1.058e+04	+1.038
94.600	+4.212e+03	+3.609e+03	+9.327e+03	+0.462
94.700	+3.994e+03	+5.005e+03	+9.112e+03	+0.556
94.800	+4.948e+03	+5.085e+03	+1.150e+04	+0.507
94.900	+4.522e+03	+5.395e+03	+8.526e+03	+0.544
95.000	+4.086e+03	+4.691e+03	+9.082e+03	+0.534
95.100	+4.970e+03	+4.673e+03	+8.723e+03	+0.485
95.200	+5.430e+03	+5.642e+03	+7.062e+03	+0.510
95.300	+8.843e+03	+8.398e+02	+1.142e+04	+0.087
95.400	+8.590e+03	+4.692e+02	+1.365e+04	+0.052
95.500	+8.245e+03	+3.534e+01	+1.166e+04	+0.004
95.600	+8.219e+03	+2.055e+03	+1.206e+04	+0.200
95.700	+6.741e+03	+7.346e+02	+9.615e+03	+0.098
95.800	+7.809e+03	+7.615e+02	+1.139e+04	+0.089
95.900	+1.141e+04	+6.127e+01	+1.248e+04	+0.005
96.000	+8.022e+03	+9.267e+02	+9.929e+03	+0.104
96.100	+6.752e+03	+1.536e+03	+9.499e+03	+0.185
96.200	+9.020e+03	+1.003e+03	+1.062e+04	+0.100
96.300	+7.412e+03	+1.414e+03	+6.342e+03	+0.160
96.400	+7.586e+03	+9.444e+02	+1.127e+04	+0.111
96.500	+7.698e+03	+2.045e+03	+9.859e+03	+0.210
96.600	+8.720e+03	+1.068e+03	+1.272e+04	+0.109
96.700	+8.220e+03	+1.236e+03	+1.121e+04	+0.131
96.800	+7.534e+03	+2.935e+02	+9.820e+03	+0.037
96.900	+8.778e+03	-6.506e+02	+1.173e+04	-0.080
97.000	+8.192e+03	+9.671e+02	+1.008e+04	+0.106
97.100	+7.663e+03	+8.955e+02	+1.317e+04	+0.105
97.200	+7.479e+03	+1.234e+03	+1.015e+04	+0.142
97.300	+8.760e+03	+9.697e+02	+1.219e+04	+0.100
97.400	+7.803e+03	+1.397e+03	+9.643e+03	+0.152
97.500	+9.524e+03	+6.786e+02	+1.026e+04	+0.067
97.600	+7.709e+03	+2.190e+03	+1.082e+04	+0.221
97.700	+7.756e+03	+1.756e+03	+1.038e+04	+0.185
97.800	+5.918e+03	+4.108e+03	+1.084e+04	+0.410
97.900	+3.001e+03	+3.784e+03	+7.243e+03	+0.558
98.000	+3.541e+03	+4.527e+03	+8.855e+03	+0.561
98.100	+4.503e+03	+5.338e+03	+7.881e+03	+0.542
98.200	+3.943e+03	+6.045e+03	+9.094e+03	+0.605
98.300	+2.615e+03	+6.140e+03	+1.004e+04	+0.701
98.400	+4.023e+03	+7.508e+03	+9.346e+03	+0.651
98.500	+5.538e+03	+5.088e+03	+9.438e+03	+0.479
98.600	+4.070e+03	+3.974e+03	+9.451e+03	+0.494
98.700	+4.760e+03	+4.314e+03	+8.731e+03	+0.475
98.800	+4.695e+03	+4.562e+03	+1.075e+04	+0.493
98.900	+4.174e+03	+6.136e+03	+8.407e+03	+0.595
99.000	+1.998e+03	+9.285e+03	+1.077e+04	+0.823
99.100	+1.376e+03	+9.543e+03	+9.297e+03	+0.874
99.200	+1.723e+03	+7.639e+03	+7.523e+03	+0.816
99.300	+2.069e+02	+8.899e+03	+7.187e+03	+0.977
99.400	-3.720e+02	+8.874e+03	+9.146e+03	+1.044
99.500	+1.687e+03	+9.436e+03	+8.696e+03	+0.848
99.600	+7.080e+02	+8.488e+03	+1.010e+04	+0.923
99.700	+1.341e+03	+7.335e+03	+8.715e+03	+0.845
99.800	+1.495e+03	+1.004e+04	+8.672e+03	+0.870
99.900	+1.162e+03	+8.555e+03	+9.058e+03	+0.880
100.000	+1.287e+03	+5.551e+03	+1.000e+04	+0.812
100.100	-9.814e+01	+6.595e+03	+9.228e+03	+1.015
100.200	+9.049e+01	+9.887e+03	+1.009e+04	+0.991
100.300	-4.877e+02	+7.868e+03	+9.227e+03	+1.066
100.400	-9.218e+02	+8.743e+03	+9.831e+03	+1.118
100.500	+2.096e+03	+8.987e+03	+6.387e+03	+0.811
100.600	+5.398e+03	+5.165e+03	+9.137e+03	+0.489
100.700	+4.737e+03	+3.783e+03	+1.022e+04	+0.444
100.800	+5.103e+03	+3.708e+03	+7.835e+03	+0.421
100.900	+5.516e+03	+5.892e+03	+6.782e+03	+0.516
101.000	+3.776e+03	+5.120e+03	+9.150e+03	+0.576
101.100	+2.964e+03	+5.380e+03	+9.399e+03	+0.645
101.200	+4.785e+03	+4.561e+03	+7.689e+03	+0.488
101.300	+5.074e+03	+4.629e+03	+7.293e+03	+0.477
101.400	+3.845e+03	+5.019e+03	+9.956e+03	+0.566
101.500	+5.916e+03	+4.255e+03	+1.208e+04	+0.418
101.600	+4.949e+03	+4.535e+03	+1.093e+04	+0.478
101.700	+3.697e+03	+4.431e+03	+1.002e+04	+0.545
101.800	+4.387e+03	+4.958e+03	+8.551e+03	+0.531
101.900	+3.804e+03	+5.479e+03	+1.003e+04	+0.590
102.000	+6.323e+03	+3.904e+03	+9.837e+03	+0.382
102.100	+1.023e+04	+6.987e+01	+1.007e+04	+0.007
102.200	+8.741e+03	+3.839e+02	+1.015e+04	+0.042
102.300	+8.738e+03	-3.761e+02	+9.475e+03	-0.045
102.400	+1.090e+04	+8.552e+01	+1.092e+04	+0.008
102.500	+8.566e+03	-1.239e+03	+9.290e+03	-0.169
102.600	+6.077e+03	+1.713e+03	+9.931e+03	+0.220
102.700	+7.800e+03	+5.987e+01	+1.040e+04	+0.008
102.800	+8.015e+03	+1.740e+03	+1.051e+04	+0.178
102.900	+9.099e+03	+1.225e+03	+1.281e+04	+0.119
103.000	+6.242e+03	+2.053e+03	+1.094e+04	+0.247
103.100	+4.587e+03	+5.047e+03	+8.202e+03	+0.524
103.200	+4.390e+03	+4.998e+03	+7.878e+03	+0.532
103.300	+3.567e+03	+4.505e+03	+1.024e+04	+0.558
103.400	+3.095e+03	+5.915e+03	+9.602e+03	+0.656
103.500	+3.419e+03	+5.379e+03	+1.101e+04	+0.611
103.600	+7.620e+03	+7.950e+02	+8.212e+03	+0.094
103.700	+6.881e+03	+9.405e+02	+9.866e+03	+0.120
103.800	+9.495e+03	+1.105e+03	+1.052e+04	+0.104
103.900	+9.865e+03	+1.857e+03	+9.374e+03	+0.158
104.000	+8.450e+03	+1.345e+03	+9.439e+03	+0.137
104.100	+9.187e+03	+4.397e+02	+8.685e+03	+0.046
104.200	+8.484e+03	+1.092e+03	+1.200e+04	+0.114
104.300	+7.765e+03	+1.526e+03	+1.102e+04	+0.164
104.400	+7.585e+03	+4.664e+02	+9.591e+03	+0.058
104.500	+8.516e+03	+1.975e+03	+1.200e+04	+0.188
104.600	+8.067e+03	+1.593e+03	+7.987e+03	+0.165
104.700	+6.061e+03	+1.196e+03	+1.026e+04	+0.165
104.800	+8.133e+03	+9.964e+02	+8.463e+03	+0.109
104.900	+9.348e+03	-4.105e+02	+9.600e+03	-0.046
105.000	+7.657e+03	+2.030e+02	+1.132e+04	+0.026
105.100	+6.424e+03	+1.063e+03	+9.639e+03	+0.142
105.200	+8.763e+03	+1.150e+03	+1.325e+04	+0.116
105.300	+8.281e+03	+6.761e+02	+1.185e+04	+0.075
105.400	+1.005e+04	+1.554e+03	+1.167e+04	+0.134
105.500	+7.899e+03	+6.537e+02	+9.280e+03	+0.076
105.600	+8.654e+03	+7.933e+02	+1.096e+04	+0.084
105.700	+8.346e+03	+1.262e+03	+9.513e+03	+0.131
105.800	+8.018e+03	+8.116e+02	+1.149e+04	+0.092
105.900	+1.046e+04	+1.943e+03	+1.249e+04	+0.157
106.000	+8.841e+03	+8.138e+02	+1.268e+04	+0.084
106.100	+6.529e+03	+1.229e+03	+1.137e+04	+0.158
106.200	+8.683e+03	+8.534e+02	+8.680e+03	+0.089
106.300	+8.371e+03	+1.877e+03	+1.168e+04	+0.183
106.400	+7.049e+03	+2.011e+03	+1.040e+04	+0.222
106.500	+8.679e+03	+3.828e+02	+8.290e+03	+0.042
106.600	+8.747e+03	+2.060e+03	+9.965e+03	+0.191
106.700	+5.545e+03	+8.699e+02	+7.289e+03	+0.136
106.800	+9.223e+03	+1.883e+03	+1.037e+04	+0.170
106.900	+8.846e+03	+1.940e+03	+1.066e+04	+0.180
107.000	+8.934e+03	+1.290e+03	+1.083e+04	+0.126
107.100	+6.594e+03	+1.076e+02	+1.111e+04	+0.016
107.200	+8.831e+03	+7.345e+02	+1.120e+04	+0.077
107.300	+8.223e+03	-3.300e+02	+8.321e+03	-0.042
107.400	+8.964e+03	+1.616e+03	+1.262e+04	+0.153
107.500	+9.083e+03	+2.809e+03	+9.425e+03	+0.236
107.600	+6.973e+03	+1.703e+03	+8.824e+03	+0.196
107.700	+8.028e+03	+1.761e+03	+9.933e+03	+0.180
107.800	+8.397e+03	-2.273e+02	+1.311e+04	-0.028
107.900	+9.721e+03	+2.375e+03	+1.014e+04	+0.196
108.000	+7.283e+03	+2.252e+03	+9.407e+03	+0.236
108.100	+8.765e+03	+1.027e+03	+9.229e+03	+0.105
108.200	+1.001e+04	+9.287e+02	+1.097e+04	+0.085
108.300	+8.368e+03	+6.771e+01	+9.965e+03	+0.008
108.400	+9.925e+03	+5.237e+02	+1.128e+04	+0.050
108.500	+9.754e+03	+9.496e+02	+1.185e+04	+0.089
108.600	+6.597e+03	+2.651e+03	+1.099e+04	+0.287
108.700	+8.255e+03	+7.351e+02	+1.069e+04	+0.082
108.800	+8.320e+03	+4.236e+02	+1.081e+04	+0.048
108.900	+9.441e+03	+1.088e+03	+9.157e+03	+0.103
109.000	+8.361e+03	+4.032e+02	+1.068e+04	+0.046
109.100	+1.018e+04	+6.940e+02	+8.373e+03	+0.064
109.200	+9.297e+03	+1.974e+03	+1.085e+04	+0.175
109.300	+8.682e+03	+1.492e+02	+9.415e+03	+0.017
109.400	+6.233e+03	+1.228e+03	+1.058e+04	+0.165
109.500	+9.971e+03	+2.542e+01	+1.148e+04	+0.003
109.600	+1.028e+04	+3.699e+02	+1.078e+04	+0.035
109.700	+6.618e+03	+1.363e+03	+9.301e+03	+0.171
109.800	+7.827e+03	+1.758e+03	+1.058e+04	+0.183
109.900	+1.065e+04	-3.565e+01	+1.334e+04	-0.003
110.000	+5.899e+03	+5.248e+02	+1.135e+04	+0.082
110.100	+7.637e+03	+3.727e+01	+1.002e+04	+0.005
110.200	+8.032e+03	+1.830e+02	+9.935e+03	+0.022
110.300	+7.670e+03	+1.020e+03	+1.056e+04	+0.117
110.400	+8.204e+03	+3.948e+02	+1.051e+04	+0.046
110.500	+8.385e+03	+1.190e+03	+8.661e+03	+0.124
110.600	+9.303e+03	+2.175e+03	+1.148e+04	+0.190
110.700	+8.729e+03	+1.893e+03	+1.169e+04	+0.178
110.800	+7.104e+03	+1.066e+03	+9.165e+03	+0.130
110.900	+9.321e+02	+1.016e+04	+9.575e+03	+0.916
111.000	+1.653e+03	+8.586e+03	+1.217e+04	+0.839
111.100	+1.688e+03	+9.156e+03	+9.799e+03	+0.844
111.200	+8.534e+02	+1.005e+04	+8.647e+03	+0.922
111.300	+6.731e+02	+9.409e+03	+8.917e+03	+0.933
111.400	+9.483e+02	+7.592e+03	+8.711e+03	+0.889
111.500	+5.366e+02	+7.636e+03	+1.068e+04	+0.934
111.600	-7.806e+02	+9.054e+03	+8.520e+03	+1.094
111.700	+2.144e+03	+8.001e+03	+9.230e+03	+0.789
111.800	+3.268e+03	+4.772e+03	+9.155e+03	+0.594
111.900	+3.971e+03	+4.674e+03	+9.067e+03	+0.541
112.000	+3.880e+03	+4.895e+03	+6.424e+03	+0.558
112.100	+5.713e+03	+4.643e+03	+8.580e+03	+0.448
112.200	+4.554e+03	+3.105e+03	+9.361e+03	+0.405
112.300	+4.249e+03	+3.206e+03	+8.511e+03	+0.430
112.400	+3.385e+03	+4.069e+03	+1.126e+04	+0.546
112.500	+3.850e+03	+5.393e+03	+7.666e+03	+0.583
112.600	+4.430e+03	+5.967e+03	+8.585e+03	+0.574
112.700	-3.633e+02	+7.554e+03	+1.046e+04	+1.051
112.800	+1.246e+03	+9.023e+03	+1.099e+04	+0.879
112.900	-7.500e+02	+7.967e+03	+8.951e+03	+1.104
113.000	+1.192e+03	+7.590e+03	+1.068e+04	+0.864
113.100	+9.393e+02	+6.276e+03	+1.059e+04	+0.870
113.200	+3.004e+03	+8.154e+03	+9.292e+03	+0.731
113.300	+2.036e+03	+6.723e+03	+1.046e+04	+0.768
113.400	+2.050e+03	+1.039e+04	+1.234e+04	+0.835
113.500	+5.166e+03	+3.539e+03	+9.073e+03	+0.407
113.600	+3.300e+03	+5.748e+03	+1.190e+04	+0.635
113.700	+3.887e+03	+4.678e+03	+7.264e+03	+0.546
113.800	+5.386e+03	+3.527e+03	+8.049e+03	+0.396
113.900	+3.668e+03	+7.410e+03	+9.538e+03	+0.669
114.000	+2.017e+03	+8.593e+03	+8.730e+03	+0.810
114.100	+4.048e+02	+8.266e+03	+9.611e+03	+0.953
114.200	+2.461e+02	+7.652e+03	+8.826e+03	+0.969
114.300	-9.033e+02	+8.740e+03	+9.893e+03	+1.115
114.400	+2.369e+03	+8.564e+03	+8.402e+03	+0.783
114.500	+6.248e+01	+9.401e+03	+8.482e+03	+0.993
114.600	+1.067e+03	+8.466e+03	+1.287e+04	+0.888
114.700	+2.170e+03	+6.833e+03	+7.091e+03	+0.759
114.800	+1.307e+03	+8.657e+03	+1.051e+04	+0.869
114.900	+9.934e+02	+8.858e+03	+1.035e+04	+0.899
115.000	+1.363e+03	+8.663e+03	+9.582e+03	+0.864
115.100	+1.069e+03	+6.690e+03	+1.019e+04	+0.862
115.200	-1.048e+03	+6.867e+03	+8.757e+03	+1.180
115.300	+1.416e+03	+9.496e+03	+8.846e+03	+0.870
115.400	-8.133e+01	+8.216e+03	+8.120e+03	+1.010
115.500	+4.281e+02	+8.192e+03	+1.137e+04	+0.950
115.600	+1.643e+03	+7.307e+03	+9.552e+03	+0.816
115.700	+4.719e+03	+7.497e+03	+7.676e+03	+0.614
115.800	+3.960e+03	+4.122e+03	+8.706e+03	+0.510
115.900	+3.537e+03	+4.978e+03	+7.549e+03	+0.585
116.000	+4.548e+03	+2.939e+03	+9.695e+03	+0.393
116.100	+3.128e+03	+5.655e+03	+7.081e+03	+0.644
116.200	+4.204e+03	+4.252e+03	+1.107e+04	+0.503
116.300	+4.285e+03	+2.637e+03	+9.590e+03	+0.381
116.400	+3.912e+03	+4.274e+03	+1.092e+04	+0.522
116.500	+3.817e+03	+4.153e+03	+7.839e+03	+0.521
116.600	+4.990e+03	+4.351e+03	+7.446e+03	+0.466
116.700	+4.569e+03	+3.597e+03	+9.890e+03	+0.440
116.800	+4.309e+03	+4.719e+03	+8.768e+03	+0.523
116.900	+2.970e+03	+5.141e+03	+8.690e+03	+0.634
117.000	+4.000e+03	+4.998e+03	+1.029e+04	+0.555
117.100	+4.413e+03	+4.519e+03	+1.030e+04	+0.506
117.200	+3.738e+03	+5.882e+03	+9.720e+03	+0.611
117.300	+4.114e+03	+2.651e+03	+8.824e+03	+0.392
117.400	+3.213e+03	+4.190e+03	+8.970e+03	+0.566
117.500	+2.814e+03	+4.029e+03	+9.623e+03	+0.589
117.600	+4.153e+03	+5.359e+03	+9.957e+03	+0.563
117.700	+2.793e+03	+5.621e+03	+9.696e+03	+0.668
117.800	+3.503e+02	+8.231e+03	+1.108e+04	+0.959
117.900	+1.410e+03	+1.048e+04	+7.464e+03	+0.881
118.000	+6.314e+02	+9.454e+03	+8.939e+03	+0.937
118.100	+1.260e+03	+9.529e+03	+8.237e+03	+0.883
118.200	+9.345e+02	+8.287e+03	+1.143e+04	+0.899
118.300	-1.288e+03	+9.458e+03	+1.003e+04	+1.158
118.400	+1.093e+03	+8.298e+03	+7.322e+03	+0.884
118.500	+5.204e+02	+9.227e+03	+6.915e+03	+0.947
118.600	+1.020e+03	+7.998e+03	+1.192e+04	+0.887
118.700	+1.155e+03	+9.458e+03	+9.932e+03	+0.891
118.800	+3.000e+02	+7.139e+03	+1.130e+04	+0.960
118.900	+2.635e+02	+7.933e+03	+1.053e+04	+0.968
119.000	+7.390e+02	+8.106e+03	+1.055e+04	+0.916
119.100	+3.739e+02	+8.114e+03	+8.922e+03	+0.956
119.200	+1.554e+03	+8.077e+03	+1.173e+04	+0.839
119.300	+4.144e+02	+8.838e+03	+8.762e+03	+0.955
119.400	+1.011e+03	+8.962e+03	+9.624e+03	+0.899
119.500	-4.376e+01	+1.113e+04	+9.055e+03	+1.004
119.600	+8.038e+02	+8.454e+03	+9.652e+03	+0.913
119.700	+3.689e+02	+8.726e+03	+8.745e+03	+0.959
119.800	+1.266e+03	+8.620e+03	+7.297e+03	+0.872
119.900	+5.983e+02	+9.050e+03	+1.093e+04	+0.938
120.000	+1.886e+03	+7.508e+03	+9.867e+03	+0.799
120.100	+1.796e+03	+7.949e+03	+8.881e+03	+0.816
120.200	+1.192e+03	+8.830e+03	+1.136e+04	+0.881
120.300	+1.731e+03	+7.710e+03	+7.525e+03	+0.817
120.400	+4.630e+02	+9.122e+03	+9.945e+03	+0.952
120.500	+8.484e-01	+9.390e+03	+1.115e+04	+1.000
120.600	-5.559e+02	+9.695e+03	+8.932e+03	+1.061
120.700	+1.500e+03	+8.260e+03	+1.016e+04	+0.846
120.800	-3.400e+01	+7.181e+03	+9.601e+03	+1.005
120.900	-4.678e+01	+8.703e+03	+8.748e+03	+1.005
121.000	+1.008e+03	+9.317e+03	+8.535e+03	+0.902
121.100	+2.395e+02	+9.542e+03	+1.011e+04	+0.976
121.200	+9.209e+02	+9.721e+03	+1.257e+04	+0.913
121.300	+8.419e+02	+7.926e+03	+1.057e+04	+0.904
121.400	+3.077e+03	+6.601e+03	+9.488e+03	+0.682
121.500	+3.355e+03	+5.326e+03	+7.786e+03	+0.614
121.600	+2.425e+03	+4.423e+03	+8.992e+03	+0.646
121.700	+1.845e+03	+4.496e+03	+9.658e+03	+0.709
121.800	+4.910e+03	+5.857e+03	+9.615e+03	+0.544
121.900	+4.097e+03	+5.241e+03	+1.116e+04	+0.561
122.000	+5.082e+03	+3.477e+03	+9.339e+03	+0.406
122.100	+4.439e+03	+2.329e+03	+9.112e+03	+0.344
122.200	+3.834e+03	+4.526e+03	+9.718e+03	+0.541
122.300	+4.157e+03	+3.245e+03	+1.095e+04	+0.438
122.400	+4.380e+03	+4.235e+03	+8.620e+03	+0.492
122.500	+6.142e+03	+5.504e+03	+7.774e+03	+0.473
122.600	+4.080e+03	+6.185e+03	+9.348e+03	+0.603
122.700	+4.830e+03	+5.449e+03	+1.003e+04	+0.530
122.800	+3.632e+03	+5.159e+03	+1.120e+04	+0.587
122.900	+5.196e+03	+1.520e+03	+9.874e+03	+0.226
123.000	+8.718e+03	+2.518e+02	+1.010e+04	+0.028
123.100	+7.185e+03	+1.544e+03	+1.033e+04	+0.177
123.200	+1.036e+04	+9.350e+02	+8.373e+03	+0.083
123.300	+7.242e+03	+1.270e+03	+9.662e+03	+0.149
123.400	+9.087e+03	+8.800e+01	+1.200e+04	+0.010
123.500	+7.576e+03	+8.227e+01	+1.023e+04	+0.011
123.600	+1.047e+04	+5.822e+01	+9.344e+03	+0.006
123.700	+8.727e+03	+9.977e+02	+8.396e+03	+0.103
123.800	+8.549e+03	+8.311e+02	+1.066e+04	+0.089
123.900	+6.417e+03	+1.594e+03	+1.110e+04	+0.199
124.000	+8.069e+03	+1.438e+03	+1.015e+04	+0.151
124.100	+8.198e+03	+2.846e+02	+1.104e+04	+0.034
124.200	+9.253e+03	-6.004e+01	+1.119e+04	-0.007
124.300	+7.210e+03	-6.447e+02	+1.025e+04	-0.098
124.400	+2.080e+02	+9.504e+03	+9.178e+03	+0.979
124.500	+5.185e+02	+7.900e+03	+1.015e+04	+0.938
124.600	+3.842e+02	+7.190e+03	+1.072e+04	+0.949
124.700	+1.064e+02	+7.882e+03	+1.168e+04	+0.987
124.800	-5.179e+02	+7.537e+03	+9.360e+03	+1.074
124.900	-1.712e+02	+8.122e+03	+8.103e+03	+1.022
125.000	+4.900e+02	+1.067e+04	+1.017e+04	+0.956
125.100	+5.063e+01	+1.036e+04	+1.037e+04	+0.995
125.200	+5.319e+02	+8.010e+03	+9.866e+03	+0.938
125.300	+1.014e+03	+9.750e+03	+1.175e+04	+0.906
125.400	+3.373e+01	+8.107e+03	+1.126e+04	+0.996
125.500	-2.546e+02	+7.082e+03	+1.003e+04	+1.037
125.600	+2.151e+02	+9.694e+03	+8.509e+03	+0.978
125.700	+4.387e+03	+4.976e+03	+9.010e+03	+0.531
125.800	+4.556e+03	+4.078e+03	+1.240e+04	+0.472
125.900	+4.313e+03	+3.398e+03	+1.005e+04	+0.441
126.000	+5.506e+03	+4.613e+03	+8.145e+03	+0.456
126.100	+2.226e+03	+9.225e+03	+7.657e+03	+0.806
126.200	-1.138e+03	+5.760e+03	+1.068e+04	+1.246
126.300	+5.487e+02	+1.074e+04	+9.064e+03	+0.951
126.400	-3.118e+02	+7.666e+03	+8.783e+03	+1.042
126.500	+7.701e+02	+9.596e+03	+1.298e+04	+0.926
126.600	+1.448e+03	+8.574e+03	+9.790e+03	+0.856
126.700	+2.609e+02	+6.810e+03	+1.059e+04	+0.963
126.800	+6.538e+02	+7.821e+03	+9.724e+03	+0.923
126.900	+8.025e+02	+7.479e+03	+8.206e+03	+0.903
127.000	+1.030e+02	+1.004e+04	+9.303e+03	+0.990
127.100	+1.138e+03	+9.845e+03	+6.770e+03	+0.896
127.200	+4.503e+02	+7.859e+03	+9.368e+03	+0.946
127.300	-3.664e+02	+7.988e+03	+9.732e+03	+1.048
127.400	+2.089e+03	+8.003e+03	+9.409e+03	+0.793
127.500	+1.350e+03	+8.059e+03	+1.148e+04	+0.857
127.600	+1.667e+03	+8.157e+03	+1.000e+04	+0.830
127.700	+4.914e+01	+8.471e+03	+1.111e+04	+0.994
127.800	-7.467e+01	+8.915e+03	+8.624e+03	+1.008
127.900	+1.081e+03	+8.304e+03	+9.935e+03	+0.885
128.000	+6.347e+01	+8.198e+03	+1.208e+04	+0.992
128.100	+1.759e+03	+1.031e+04	+9.054e+03	+0.854
128.200	+1.148e+03	+6.750e+03	+8.125e+03	+0.855
128.300	+2.556e+02	+8.544e+03	+1.007e+04	+0.971
128.400	+1.743e+03	+7.545e+03	+1.069e+04	+0.812
128.500	-3.513e+02	+8.462e+03	+9.228e+03	+1.043
128.600	+1.644e+03	+7.613e+03	+9.636e+03	+0.822
128.700	+3.157e+02	+7.174e+03	+1.195e+04	+0.958
128.800	+1.332e+03	+7.151e+03	+8.557e+03	+0.843
128.900	+3.535e+02	+7.634e+03	+8.581e+03	+0.956
129.000	-2.670e+02	+9.599e+03	+1.038e+04	+1.029
129.100	+1.599e+03	+7.646e+03	+9.799e+03	+0.827
129.200	+5.934e+02	+8.676e+03	+7.755e+03	+0.936
129.300	+4.980e+02	+7.037e+03	+8.860e+03	+0.934
129.400	+1.589e+03	+7.853e+03	+1.010e+04	+0.832
129.500	+9.484e+02	+9.424e+03	+8.761e+03	+0.909
129.600	+1.048e+03	+6.261e+03	+1.126e+04	+0.857
129.700	+1.133e+03	+8.969e+03	+9.310e+03	+0.888
129.800	+1.586e+03	+8.679e+03	+8.491e+03	+0.845
129.900	+1.529e+02	+7.738e+03	+9.405e+03	+0.981
130.000	+2.083e+03	+5.905e+03	+9.519e+03	+0.739
130.100	+2.243e+03	+9.879e+03	+1.010e+04	+0.815
130.200	-6.885e+02	+7.916e+03	+1.009e+04	+1.095
130.300	+1.605e+03	+6.350e+03	+1.147e+04	+0.798
130.400	+6.325e+02	+6.824e+03	+1.175e+04	+0.915
130.500	+5.196e+02	+7.230e+03	+8.485e+03	+0.933
130.600	+1.545e+03	+8.206e+03	+9.256e+03	+0.842
130.700	+7.969e+02	+8.282e+03	+1.043e+04	+0.912
130.800	+1.463e+03	+8.961e+03	+1.006e+04	+0.860
130.900	+2.798e+03	+8.008e+03	+9.908e+03	+0.741
131.000	+1.873e+03	+8.348e+03	+9.016e+03	+0.817
131.100	+1.159e+03	+1.052e+04	+1.142e+04	+0.901
131.200	+1.573e+03	+8.339e+03	+1.106e+04	+0.841
131.300	+1.190e+03	+6.178e+03	+1.098e+04	+0.839
131.400	+4.194e+01	+7.392e+03	+9.971e+03	+0.994
131.500	+1.808e+03	+8.552e+03	+1.146e+04	+0.825
131.600	+1.532e+03	+7.540e+03	+9.357e+03	+0.831
131.700	+4.804e+03	+2.270e+03	+9.903e+03	+0.321
131.800	+1.012e+04	+2.045e+03	+1.050e+04	+0.168
131.900	+7.420e+03	-5.577e+02	+1.241e+04	-0.081
132.000	+8.038e+03	-7.475e+01	+1.128e+04	-0.009
132.100	+9.101e+03	+1.062e+02	+1.039e+04	+0.012
132.200	+7.333e+03	+7.859e+02	+9.023e+03	+0.097
132.300	+7.674e+03	+2.454e+03	+1.012e+04	+0.242
132.400	+1.001e+04	+4.457e+02	+1.113e+04	+0.043
132.500	+9.230e+03	+1.129e+02	+9.922e+03	+0.012
132.600	+1.011e+04	+7.619e+02	+9.189e+03	+0.070
132.700	+6.956e+03	+1.590e+02	+1.025e+04	+0.022
132.800	+8.195e+03	+1.126e+03	+8.693e+03	+0.121
132.900	+8.682e+03	+1.037e+03	+1.192e+04	+0.107
133.000	+9.783e+03	+2.093e+03	+8.915e+03	+0.176
133.100	+9.494e+03	+1.090e+03	+1.034e+04	+0.103
133.200	+8.505e+03	+1.607e+03	+1.197e+04	+0.159
133.300	+9.657e+03	+5.340e+02	+8.598e+03	+0.052
133.400	+9.198e+03	+1.318e+03	+9.869e+03	+0.125
133.500	+8.070e+03	+2.883e+02	+1.150e+04	+0.034
133.600	+9.274e+03	+1.364e+03	+1.001e+04	+0.128
133.700	+8.957e+03	+9.281e+02	+1.087e+04	+0.094
133.800	+6.987e+03	+2.162e+03	+9.975e+03	+0.236
133.900	+7.876e+03	+1.360e+03	+1.076e+04	+0.147
134.000	+2.939e+03	+6.001e+03	+1.217e+04	+0.671
134.100	+2.848e+03	+4.869e+03	+9.576e+03	+0.631
134.200	+5.897e+03	+4.601e+03	+8.952e+03	+0.438
134.300	+3.169e+03	+4.488e+03	+1.185e+04	+0.586
134.400	+3.263e+03	+4.586e+03	+1.070e+04	+0.584
134.500	+5.131e+03	+4.907e+03	+9.929e+03	+0.489
134.600	+3.053e+03	+4.922e+03	+8.198e+03	+0.617
134.700	+4.719e+03	+4.542e+03	+1.161e+04	+0.490
134.800	+4.686e+03	+4.130e+03	+1.087e+04	+0.468
134.900	+4.973e+03	+3.937e+03	+8.099e+03	+0.442
135.000	+5.388e+03	+5.844e+03	+9.614e+03	+0.520
135.100	+5.165e+03	+3.956e+03	+9.907e+03	+0.434
135.200	+1.001e+04	+1.697e+03	+9.912e+03	+0.145
135.300	+9.341e+03	+2.697e+02	+1.416e+04	+0.028
135.400	+6.734e+03	+1.627e+03	+8.526e+03	+0.195
135.500	+1.010e+04	+4.377e+02	+9.792e+03	+0.042
135.600	+6.891e+03	+6.685e+02	+9.558e+03	+0.088
135.700	+9.248e+03	+2.278e+03	+1.110e+04	+0.198
135.800	+7.810e+03	+4.337e+02	+1.009e+04	+0.053
135.900	+5.753e+03	+6.743e+02	+9.891e+03	+0.105
136.000	+5.350e+03	+3.746e+03	+1.127e+04	+0.412
136.100	+3.538e+03	+4.481e+03	+9.849e+03	+0.559
136.200	+2.736e+03	+3.963e+03	+9.065e+03	+0.592
136.300	+4.134e+03	+5.626e+03	+9.445e+03	+0.576
136.400	+3.793e+03	+4.586e+03	+8.678e+03	+0.547
136.500	+5.892e+03	+5.875e+03	+9.641e+03	+0.499
136.600	+3.495e+03	+5.437e+03	+8.421e+03	+0.609
136.700	+4.747e+03	+3.983e+03	+9.461e+03	+0.456
136.800	+3.808e+03	+6.155e+03	+9.871e+03	+0.618
136.900	+3.493e+03	+4.718e+03	+9.226e+03	+0.575
137.000	+4.165e+03	+4.246e+03	+9.225e+03	+0.505
137.100	+4.894e+03	+3.656e+03	+1.257e+04	+0.428
137.200	+5.856e+03	+4.905e+03	+8.552e+03	+0.456
137.300	+1.028e+03	+7.746e+03	+8.707e+03	+0.883
137.400	+1.080e+03	+9.507e+03	+1.031e+04	+0.898
137.500	+2.127e+03	+8.413e+03	+8.766e+03	+0.798
137.600	-5.468e+02	+8.488e+03	+1.103e+04	+1.069
137.700	+1.387e+03	+8.052e+03	+1.026e+04	+0.853
137.800	+1.150e+03	+8.031e+03	+9.178e+03	+0.875
137.900	+2.172e+03	+6.665e+03	+6.906e+03	+0.754
138.000	+4.634e+02	+1.068e+04	+8.203e+03	+0.958
138.100	+2.327e+03	+7.962e+03	+1.008e+04	+0.774
138.200	+9.147e+02	+7.459e+03	+1.015e+04	+0.891
138.300	+1.561e+03	+7.762e+03	+9.983e+03	+0.833
138.400	+1.838e+02	+8.304e+03	+8.372e+03	+0.978
138.500	+1.785e+02	+9.759e+03	+1.010e+04	+0.982
138.600	+1.168e+02	+6.306e+03	+9.698e+03	+0.982
138.700	+6.613e+02	+7.464e+03	+9.034e+03	+0.919
138.800	+1.161e+03	+9.051e+03	+9.749e+03	+0.886
138.900	+1.338e+03	+1.022e+04	+9.225e+03	+0.884
139.000	+2.917e+01	+9.200e+03	+1.235e+04	+0.997
139.100	+1.001e+03	+8.623e+03	+1.143e+04	+0.896
139.200	+5.552e+02	+9.516e+03	+1.133e+04	+0.945
139.300	+1.600e+03	+8.507e+03	+1.023e+04	+0.842
139.400	+2.070e+02	+1.088e+04	+8.513e+03	+0.981
139.500	+4.975e+02	+9.474e+03	+1.068e+04	+0.950
139.600	+3.896e+02	+9.169e+03	+8.938e+03	+0.959
139.700	+1.194e+03	+8.357e+03	+9.691e+03	+0.875
139.800	-8.266e+01	+1.056e+04	+1.153e+04	+1.008
139.900	+1.466e+02	+7.406e+03	+9.879e+03	+0.981
140.000	+6.845e+02	+9.935e+03	+6.991e+03	+0.936
140.100	-3.238e+02	+9.079e+03	+1.039e+04	+1.037
140.200	+3.078e+02	+6.931e+03	+8.927e+03	+0.957
140.300	-6.496e+02	+1.138e+04	+1.005e+04	+1.061
140.400	+7.764e+02	+7.987e+03	+9.318e+03	+0.911
140.500	+7.860e+02	+9.988e+03	+1.106e+04	+0.927
140.600	+1.289e+03	+9.134e+03	+8.961e+03	+0.876
140.700	+3.558e+03	+6.172e+03	+1.085e+04	+0.634
140.800	+8.636e+03	+3.212e+01	+9.386e+03	+0.004
140.900	+3.518e+03	+5.262e+03	+1.125e+04	+0.599
141.000	+4.487e+03	+5.041e+03	+9.811e+03	+0.529
141.100	+3.406e+03	+4.569e+03	+1.012e+04	+0.573
141.200	+3.733e+03	+4.695e+03	+8.496e+03	+0.557
141.300	+5.347e+03	+5.762e+03	+9.327e+03	+0.519
141.400	+3.233e+03	+5.242e+03	+9.229e+03	+0.618
141.500	+3.645e+03	+4.705e+03	+8.829e+03	+0.564
141.600	+4.422e+03	+4.770e+03	+9.881e+03	+0.519
141.700	+4.154e+03	+4.951e+03	+1.130e+04	+0.544
141.800	+4.315e+03	+4.097e+03	+9.488e+03	+0.487
141.900	+4.375e+03	+3.872e+03	+9.441e+03	+0.470
142.000	+2.596e+03	+5.007e+03	+8.693e+03	+0.659
142.100	+4.737e+03	+3.761e+03	+8.926e+03	+0.443
142.200	+4.266e+03	+4.063e+03	+8.524e+03	+0.488
142.300	+4.024e+03	+4.995e+03	+1.005e+04	+0.554
142.400	+3.465e+03	+4.401e+03	+8.156e+03	+0.559
142.500	+2.760e+03	+6.013e+03	+9.387e+03	+0.685
142.600	+5.483e+03	+4.081e+03	+8.686e+03	+0.427
142.700	+2.995e+03	+7.834e+03	+8.957e+03	+0.723
142.800	+3.182e+03	+5.682e+03	+6.810e+03	+0.641
142.900	+1.209e+03	+3.360e+03	+1.110e+04	+0.735
143.000	+3.762e+03	+4.776e+03	+9.661e+03	+0.559
143.100	+3.401e+03	+4.584e+03	+7.750e+03	+0.574
143.200	+3.809e+03	+3.974e+03	+8.683e+03	+0.511
143.300	+5.016e+03	+5.944e+03	+8.767e+03	+0.542
143.400	+3.716e+03	+4.632e+03	+8.516e+03	+0.555
143.500	+4.844e+03	+6.030e+03	+8.924e+03	+0.555
143.600	+3.817e+03	+4.902e+03	+1.182e+04	+0.562
143.700	+4.815e+03	+4.096e+03	+5.053e+03	+0.460
143.800	+4.122e+03	+3.062e+03	+9.477e+03	+0.426
143.900	+3.752e+03	+4.966e+03	+1.076e+04	+0.570
144.000	+3.292e+03	+3.048e+03	+7.964e+03	+0.481
144.100	+2.054e+03	+3.789e+03	+8.931e+03	+0.648
144.200	+4.545e+03	+5.526e+03	+8.295e+03	+0.549
144.300	+5.587e+03	+3.628e+03	+9.673e+03	+0.394
144.400	+4.300e+03	+5.736e+03	+8.333e+03	+0.572
144.500	+4.498e+03	+4.953e+03	+9.132e+03	+0.524
144.600	+4.690e+03	+6.554e+03	+1.073e+04	+0.583
144.700	+4.614e+03	+6.326e+03	+9.468e+03	+0.578
144.800	+4.668e+03	+4.570e+03	+1.037e+04	+0.495
144.900	+6.558e+03	+5.487e+03	+8.936e+03	+0.456
145.000	+3.907e+03	+4.869e+03	+9.604e+03	+0.555
145.100	+3.367e+03	+3.985e+03	+9.567e+03	+0.542
145.200	+4.607e+03	+6.090e+03	+1.036e+04	+0.569
145.300	+3.637e+03	+4.382e+03	+1.080e+04	+0.546
145.400	+3.596e+03	+5.162e+03	+9.303e+03	+0.589
145.500	+3.923e+03	+1.965e+03	+8.289e+03	+0.334
145.600	+5.433e+03	+3.842e+03	+1.110e+04	+0.414
145.700	+2.895e+03	+4.689e+03	+9.799e+03	+0.618
145.800	+4.199e+03	+5.401e+03	+1.266e+04	+0.563
145.900	+4.499e+03	+4.480e+03	+7.617e+03	+0.499
146.000	+5.065e+03	+4.896e+03	+8.437e+03	+0.492
146.100	+5.057e+03	+6.292e+03	+1.088e+04	+0.554
146.200	+4.896e+03	+5.458e+03	+9.495e+03	+0.527
146.300	+4.454e+03	+6.040e+03	+1.103e+04	+0.576
146.400	+4.190e+03	+3.914e+03	+9.816e+03	+0.483
146.500	+4.080e+03	+4.631e+03	+9.353e+03	+0.532
146.600	+3.085e+03	+3.724e+03	+9.644e+03	+0.547
146.700	+2.334e+03	+4.168e+03	+7.634e+03	+0.641
146.800	+5.114e+03	+5.242e+03	+1.122e+04	+0.506
146.900	+2.411e+03	+3.806e+03	+1.062e+04	+0.612
147.000	+5.171e+03	+5.936e+03	+9.182e+03	+0.534
147.100	+7.990e+03	+1.991e+03	+8.866e+03	+0.200
147.200	+7.537e+03	+8.057e+02	+1.221e+04	+0.097
147.300	+8.887e+03	+1.894e+02	+9.685e+03	+0.021
147.400	+9.351e+03	+1.211e+03	+1.058e+04	+0.115
147.500	+9.266e+03	+1.140e+03	+1.042e+04	+0.110
147.600	+8.012e+03	-7.037e+02	+1.125e+04	-0.096
147.700	+8.038e+03	+1.617e+03	+9.950e+03	+0.167
147.800	+9.673e+03	+8.413e+02	+1.264e+04	+0.080
147.900	+9.259e+03	+1.906e+03	+7.644e+03	+0.171
148.000	+9.005e+03	+1.596e+03	+1.089e+04	+0.151
148.100	+9.081e+03	+3.089e+02	+9.096e+03	+0.033
148.200	+8.793e+03	+1.355e+03	+1.165e+04	+0.134
148.300	+7.804e+03	+1.072e+03	+8.720e+03	+0.121
148.400	+7.834e+03	+1.182e+03	+1.098e+04	+0.131
148.500	+8.344e+03	+1.038e+03	+1.056e+04	+0.111
148.600	+7.091e+03	-3.954e+02	+1.164e+04	-0.059
148.700	+7.209e+03	+2.012e+03	+9.816e+03	+0.218
148.800	+9.234e+03	+2.285e+03	+1.060e+04	+0.198
148.900	+8.995e+03	+1.357e+03	+9.948e+03	+0.131
149.000	+7.430e+03	+6.005e+02	+1.196e+04	+0.075
149.100	+9.848e+03	-6.029e+02	+9.822e+03	-0.065
149.200	+7.857e+03	+2.132e+03	+9.157e+03	+0.213
149.300	+9.493e+03	+2.151e+03	+9.969e+03	+0.185
149.400	+8.003e+03	+1.109e+03	+9.054e+03	+0.122
149.500	+1.072e+04	+1.462e+03	+1.027e+04	+0.120
149.600	+9.250e+03	+1.570e+03	+1.095e+04	+0.145
149.700	+5.876e+03	+4.479e+03	+1.023e+04	+0.433
149.800	+4.712e+03	+3.903e+03	+8.095e+03	+0.453
149.900	+2.905e+03	+4.436e+03	+1.005e+04	+0.604
150.000	+5.624e+03	+6.107e+03	+1.098e+04	+0.521
150.100	+5.208e+03	+3.830e+03	+1.149e+04	+0.424
150.200	+5.458e+03	+4.997e+03	+8.000e+03	+0.478
150.300	+3.900e+03	+4.199e+03	+8.790e+03	+0.518
150.400	+2.937e+03	+8.174e+03	+9.726e+03	+0.736
150.500	+1.490e+03	+7.150e+03	+8.976e+03	+0.828
150.600	+9.875e+02	+7.386e+03	+7.780e+03	+0.882
150.700	+1.568e+03	+8.605e+03	+9.364e+03	+0.846
150.800	+1.130e+03	+9.803e+03	+8.957e+03	+0.897
150.900	+1.423e+02	+1.019e+04	+9.168e+03	+0.986
151.000	+9.918e+02	+9.432e+03	+9.689e+03	+0.905
151.100	+5.502e+02	+7.342e+03	+1.008e+04	+0.930
151.200	+5.990e+02	+8.533e+03	+7.675e+03	+0.934
151.300	+1.734e+03	+9.086e+03	+7.741e+03	+0.840
151.400	+1.691e+03	+8.379e+03	+9.022e+03	+0.832
151.500	+1.575e+03	+9.038e+03	+9.477e+03	+0.852
151.600	-1.934e+02	+8.008e+03	+7.223e+03	+1.025
151.700	+6.414e+02	+1.014e+04	+8.935e+03	+0.941
151.800	-1.342e+02	+7.571e+03	+9.005e+03	+1.018
151.900	-7.764e+01	+7.900e+03	+1.091e+04	+1.010
152.000	+4.929e+02	+9.406e+03	+1.083e+04	+0.950
152.100	+8.633e+02	+8.799e+03	+9.128e+03	+0.911
152.200	+1.984e+03	+8.340e+03	+8.912e+03	+0.808
152.300	+4.184e+03	+4.257e+03	+1.094e+04	+0.504
152.400	+4.022e+03	+5.769e+03	+9.810e+03	+0.589
152.500	+5.383e+03	+5.485e+03	+1.045e+04	+0.505
152.600	+4.514e+03	+4.793e+03	+1.077e+04	+0.515
152.700	+3.704e+03	+4.233e+03	+9.181e+03	+0.533
152.800	+2.882e+03	+4.183e+03	+8.684e+03	+0.592
152.900	+5.850e+03	+3.124e+03	+1.140e+04	+0.348
153.000	+4.275e+03	+3.773e+03	+8.449e+03	+0.469
153.100	+5.340e+03	+5.340e+03	+9.239e+03	+0.500
153.200	+3.641e+03	+5.631e+03	+1.084e+04	+0.607
153.300	+5.056e+03	+4.935e+03	+8.134e+03	+0.494
153.400	+2.669e+03	+3.896e+03	+1.166e+04	+0.593
153.500	+4.282e+03	+6.171e+03	+1.106e+04	+0.590
153.600	+3.858e+03	+5.207e+03	+8.658e+03	+0.574
153.700	+2.740e+03	+4.477e+03	+9.551e+03	+0.620
153.800	+4.373e+03	+5.032e+03	+9.023e+03	+0.535
153.900	+5.034e+03	+4.338e+03	+9.855e+03	+0.463
154.000	+4.525e+03	+3.321e+03	+8.950e+03	+0.423
154.100	+3.323e+03	+4.638e+03	+1.113e+04	+0.583
154.200	+3.852e+03	+5.809e+03	+1.068e+04	+0.601
154.300	+2.238e+03	+5.082e+03	+7.944e+03	+0.694
154.400	+2.807e+03	+4.652e+03	+9.159e+03	+0.624
154.500	+2.854e+03	+5.597e+03	+1.152e+04	+0.662
154.600	+6.313e+02	+9.918e+03	+9.536e+03	+0.940
154.700	-1.651e+02	+7.302e+03	+8.123e+03	+1.023
154.800	+6.555e+02	+7.259e+03	+9.437e+03	+0.917
154.900	+4.388e+02	+6.788e+03	+8.960e+03	+0.939
155.000	+2.045e+03	+8.935e+03	+8.127e+03	+0.814
155.100	+7.154e+01	+7.750e+03	+8.779e+03	+0.991
155.200	-1.877e+02	+9.742e+03	+1.207e+04	+1.020
155.300	+6.616e+02	+9.199e+03	+9.581e+03	+0.933
155.400	+3.034e+02	+9.010e+03	+9.741e+03	+0.967
155.500	-5.390e+02	+9.093e+03	+9.587e+03	+1.063
155.600	+1.396e+03	+8.838e+03	+1.175e+04	+0.864
155.700	-1.139e+03	+8.649e+03	+7.863e+03	+1.152
155.800	+1.208e+03	+8.629e+03	+8.406e+03	+0.877
155.900	+8.667e+02	+9.159e+03	+1.053e+04	+0.914
156.000	+6.953e+01	+9.637e+03	+1.025e+04	+0.993
156.100	+1.003e+03	+1.007e+04	+9.094e+03	+0.909
156.200	+5.684e+02	+7.736e+03	+1.046e+04	+0.932
156.300	+1.808e+03	+7.488e+03	+8.328e+03	+0.806
156.400	+4.419e+03	+5.220e+03	+7.480e+03	+0.542
156.500	+3.320e+03	+3.938e+03	+9.129e+03	+0.543
156.600	+2.914e+03	+4.486e+03	+1.069e+04	+0.606
156.700	+5.157e+03	+5.420e+03	+1.042e+04	+0.512
156.800	+5.026e+03	+3.617e+03	+8.732e+03	+0.419
156.900	+3.881e+03	+4.716e+03	+6.719e+03	+0.549
157.000	+5.886e+03	+6.258e+03	+9.338e+03	+0.515
157.100	+5.200e+03	+4.023e+03	+9.790e+03	+0.436
157.200	+3.791e+03	+5.627e+03	+1.140e+04	+0.598
157.300	+5.499e+03	+5.131e+03	+1.258e+04	+0.483
157.400	+2.804e+03	+4.435e+03	+1.073e+04	+0.613
157.500	+5.071e+03	+4.835e+03	+9.869e+03	+0.488
157.600	+5.523e+03	+6.749e+03	+9.410e+03	+0.550
157.700	+3.369e+03	+5.061e+03	+1.143e+04	+0.600
157.800	+4.516e+03	+5.349e+03	+9.851e+03	+0.542
157.900	+5.530e+03	+3.331e+03	+1.060e+04	+0.376
158.000	+4.790e+03	+4.994e+03	+6.785e+03	+0.510
158.100	+4.593e+03	+4.881e+03	+6.642e+03	+0.515
158.200	+3.133e+03	+5.721e+03	+8.562e+03	+0.646
158.300	+4.740e+03	+4.886e+03	+1.002e+04	+0.508
158.400	+3.670e+03	+3.699e+03	+8.460e+03	+0.502
158.500	+4.059e+03	+3.585e+03	+9.245e+03	+0.469
158.600	+3.223e+03	+4.686e+03	+8.972e+03	+0.592
158.700	+3.866e+03	+3.783e+03	+1.179e+04	+0.495
158.800	+4.571e+03	+3.858e+03	+8.796e+03	+0.458
158.900	+3.385e+03	+5.782e+03	+7.911e+03	+0.631
159.000	+6.407e+03	+1.034e+03	+1.117e+04	+0.139
159.100	+8.388e+03	+5.151e+02	+8.692e+03	+0.058
159.200	+7.998e+03	-6.077e+02	+1.292e+04	-0.082
159.300	+6.472e+03	+1.468e+03	+1.218e+04	+0.185
159.400	+8.656e+03	+1.431e+03	+9.994e+03	+0.142
159.500	+9.031e+03	+1.167e+03	+1.401e+04	+0.114
159.600	+7.944e+03	+5.539e+02	+1.305e+04	+0.065
159.700	+7.198e+03	+3.155e+02	+1.356e+04	+0.042
159.800	+7.788e+03	+5.887e+02	+1.134e+04	+0.070
159.900	+6.965e+03	+1.676e+03	+9.867e+03	+0.194
160.000	+8.784e+03	-4.879e+01	+1.081e+04	-0.006
160.100	+8.529e+03	+1.948e+03	+1.268e+04	+0.186
160.200	+1.134e+04	+6.706e+02	+1.055e+04	+0.056
160.300	+9.045e+03	+1.334e+03	+1.289e+04	+0.129
160.400	+9.583e+03	+1.550e+03	+1.202e+04	+0.139
160.500	+7.659e+03	+4.438e+02	+1.210e+04	+0.055
160.600	+8.874e+03	+1.693e+03	+9.901e+03	+0.160
160.700	+5.739e+03	+3.297e+02	+1.057e+04	+0.054
160.800	+8.518e+03	+1.584e+03	+1.268e+04	+0.157
160.900	+1.146e+04	+5.415e+02	+9.210e+03	+0.045
161.000	+6.398e+03	+2.867e+03	+1.257e+04	+0.309
161.100	+7.434e+03	+4.380e+02	+1.087e+04	+0.056
161.200	+9.833e+03	+8.851e+02	+1.026e+04	+0.083
161.300	+7.254e+03	+1.147e+03	+1.091e+04	+0.137
161.400	+8.844e+03	+1.065e+03	+7.545e+03	+0.107
161.500	+8.698e+03	+7.036e+02	+1.195e+04	+0.075
161.600	+9.633e+03	+6.635e+02	+1.361e+04	+0.064
161.700	+9.283e+03	+1.453e+03	+1.134e+04	+0.135
161.800	+8.719e+03	+9.131e+02	+1.188e+04	+0.095
161.900	+7.924e+03	+7.355e+02	+9.578e+03	+0.085
162.000	+9.972e+03	+1.475e+03	+1.064e+04	+0.129
162.100	+1.067e+04	+2.326e+02	+9.809e+03	+0.021
162.200	+8.845e+03	+2.120e+03	+1.061e+04	+0.193
162.300	+4.153e+03	+5.992e+03	+1.088e+04	+0.591
162.400	+9.775e+02	+8.529e+03	+1.262e+04	+0.897
162.500	+6.127e+02	+8.525e+03	+1.068e+04	+0.933
162.600	+1.232e+03	+8.944e+03	+9.229e+03	+0.879
162.700	+1.274e+03	+7.357e+03	+9.453e+03	+0.852
162.800	+4.890e+03	+5.807e+03	+8.046e+03	+0.543
162.900	+4.277e+03	+5.263e+03	+9.902e+03	+0.552
163.000	+4.372e+03	+4.498e+03	+9.563e+03	+0.507
163.100	+5.061e+03	+6.059e+03	+1.013e+04	+0.545
163.200	+4.479e+03	+4.179e+03	+1.069e+04	+0.483
163.300	+3.066e+03	+6.333e+03	+9.314e+03	+0.674
163.400	+3.316e+03	+3.422e+03	+1.037e+04	+0.508
163.500	+3.561e+03	+4.478e+03	+8.683e+03	+0.557
163.600	+4.284e+03	+5.510e+03	+9.667e+03	+0.563
163.700	+3.034e+03	+4.811e+03	+9.291e+03	+0.613
163.800	+4.742e+03	+4.527e+03	+9.404e+03	+0.488
163.900	+4.205e+03	+4.934e+03	+9.428e+03	+0.540
164.000	+5.528e+03	+5.312e+03	+1.139e+04	+0.490
164.100	+3.104e+03	+4.477e+03	+9.045e+03	+0.591
164.200	+3.630e+03	+5.085e+03	+6.334e+03	+0.584
164.300	+3.254e+03	+4.480e+03	+9.177e+03	+0.579
164.400	+3.674e+03	+4.704e+03	+6.954e+03	+0.561
164.500	+4.208e+03	+4.171e+03	+8.814e+03	+0.498
164.600	+3.997e+03	+4.351e+03	+1.054e+04	+0.521
164.700	+3.885e+03	+5.008e+03	+1.125e+04	+0.563
164.800	+4.384e+03	+5.942e+03	+6.266e+03	+0.575
164.900	+5.013e+03	+3.361e+03	+9.545e+03	+0.401
165.000	+2.942e+03	+6.292e+03	+1.087e+04	+0.681
165.100	+4.158e+02	+7.203e+03	+9.209e+03	+0.945
165.200	+5.634e+02	+8.382e+03	+8.530e+03	+0.937
165.300	-4.845e+02	+9.243e+03	+7.766e+03	+1.055
165.400	+1.434e+03	+9.737e+03	+9.066e+03	+0.872
165.500	+1.736e+02	+9.240e+03	+9.203e+03	+0.982
165.600	+4.049e+02	+9.120e+03	+9.550e+03	+0.957
165.700	+7.390e+02	+7.951e+03	+8.253e+03	+0.915
165.800	+7.336e+02	+9.783e+03	+1.045e+04	+0.930
165.900	-1.064e+03	+9.570e+03	+9.369e+03	+1.125
166.000	+1.347e+02	+9.552e+03	+1.239e+04	+0.986
166.100	+1.949e+02	+7.950e+03	+1.185e+04	+0.976
166.200	+1.275e+03	+8.269e+03	+1.201e+04	+0.866
166.300	+9.610e+02	+6.683e+03	+1.051e+04	+0.874
166.400	+9.342e+02	+7.191e+03	+1.021e+04	+0.885
166.500	+3.796e+02	+8.624e+03	+1.007e+04	+0.958
166.600	+1.385e+03	+8.032e+03	+9.200e+03	+0.853
166.700	+5.098e+02	+8.699e+03	+9.924e+03	+0.945
166.800	+6.267e+02	+8.027e+03	+1.175e+04	+0.928
166.900	+2.556e+02	+9.789e+03	+8.303e+03	+0.975
167.000	+3.443e+02	+8.136e+03	+9.549e+03	+0.959
167.100	+6.633e+01	+7.905e+03	+8.589e+03	+0.992
167.200	+1.746e+03	+1.027e+04	+1.133e+04	+0.855
167.300	+1.721e+02	+8.858e+03	+8.880e+03	+0.981
167.400	+1.393e+03	+9.426e+03	+1.220e+04	+0.871
167.500	-3.945e+02	+7.404e+03	+1.194e+04	+1.056
167.600	+7.531e+02	+6.399e+03	+9.772e+03	+0.895
167.700	-5.853e+02	+8.707e+03	+1.334e+04	+1.072
167.800	+9.292e+02	+9.220e+03	+9.057e+03	+0.908
167.900	-6.151e+01	+8.104e+03	+8.854e+03	+1.008
168.000	+1.027e+03	+9.030e+03	+1.083e+04	+0.898
168.100	+2.759e+02	+1.018e+04	+9.606e+03	+0.974
168.200	+3.725e+02	+9.430e+03	+1.095e+04	+0.962
168.300	+6.128e+02	+9.724e+03	+1.186e+04	+0.941
168.400	+1.633e+02	+1.038e+04	+1.107e+04	+0.985
168.500	+1.599e+02	+8.114e+03	+8.261e+03	+0.981
168.600	+9.367e+02	+8.050e+03	+9.876e+03	+0.896
168.700	+2.600e+02	+8.330e+03	+1.165e+04	+0.970
168.800	+5.113e+02	+8.707e+03	+8.941e+03	+0.945
168.900	+4.988e+02	+7.782e+03	+9.439e+03	+0.940
169.000	+2.469e+03	+7.720e+03	+1.134e+04	+0.758
169.100	+1.157e+03	+7.835e+03	+1.126e+04	+0.871
169.200	-3.004e+02	+7.069e+03	+1.009e+04	+1.044
169.300	-2.518e+02	+9.807e+03	+1.164e+04	+1.026
169.400	+1.669e+02	+8.492e+03	+1.055e+04	+0.981
169.500	+1.400e+03	+8.652e+03	+9.344e+03	+0.861
169.600	-1.748e+02	+6.913e+03	+1.219e+04	+1.026
169.700	+1.329e+03	+7.143e+03	+8.480e+03	+0.843
169.800	+1.398e+03	+6.680e+03	+1.016e+04	+0.827
169.900	+2.399e+02	+8.471e+03	+7.993e+03	+0.972
170.000	-4.067e+02	+8.123e+03	+8.962e+03	+1.053
170.100	+1.706e+03	+1.086e+04	+1.097e+04	+0.864
170.200	-1.788e+02	+7.893e+03	+1.036e+04	+1.023
170.300	+9.994e+02	+9.497e+03	+6.869e+03	+0.905
170.400	+9.784e+02	+7.541e+03	+1.131e+04	+0.885
170.500	+7.542e+02	+8.319e+03	+7.938e+03	+0.917
170.600	+2.250e+03	+6.987e+03	+1.111e+04	+0.756
170.700	+4.373e+03	+4.635e+03	+7.343e+03	+0.515
170.800	+3.592e+03	+4.911e+03	+8.368e+03	+0.578
170.900	+4.166e+03	+4.372e+03	+9.322e+03	+0.512
171.000	+2.368e+03	+3.101e+03	+1.119e+04	+0.567
171.100	+3.602e+03	+4.118e+03	+1.045e+04	+0.533
171.200	+4.182e+03	+4.482e+03	+4.767e+03	+0.517
171.300	+4.095e+03	+3.966e+03	+1.005e+04	+0.492
171.400	+7.566e+03	+1.020e+03	+1.064e+04	+0.119
171.500	+8.991e+03	+1.607e+03	+1.016e+04	+0.152
171.600	+8.755e+03	+1.881e+03	+1.144e+04	+0.177
171.700	+8.097e+03	+2.461e+03	+1.075e+04	+0.233
171.800	+9.764e+03	+1.059e+03	+1.221e+04	+0.098
171.900	+8.030e+03	+2.511e+02	+1.090e+04	+0.030
172.000	+7.492e+03	-9.076e+02	+1.107e+04	-0.138
172.100	+9.293e+03	+2.120e+03	+1.219e+04	+0.186
172.200	+8.739e+02	+8.648e+03	+9.390e+03	+0.908
172.300	+6.247e+02	+8.389e+03	+8.270e+03	+0.931
172.400	+1.517e+03	+8.453e+03	+8.800e+03	+0.848
172.500	+1.039e+03	+7.886e+03	+9.971e+03	+0.884
172.600	+3.801e+02	+8.992e+03	+1.094e+04	+0.959
172.700	+1.340e+03	+8.849e+03	+7.958e+03	+0.868
172.800	+2.291e+02	+8.194e+03	+8.479e+03	+0.973
172.900	+1.470e+03	+8.464e+03	+8.321e+03	+0.852
173.000	+1.678e+03	+5.634e+03	+9.750e+03	+0.770
173.100	+5.300e+02	+6.022e+03	+9.482e+03	+0.919
173.200	+5.221e+02	+7.147e+03	+7.942e+03	+0.932
173.300	+1.911e+02	+1.058e+04	+9.247e+03	+0.982
173.400	-4.345e+02	+8.703e+03	+7.766e+03	+1.053
173.500	+2.741e+02	+8.341e+03	+8.727e+03	+0.968
173.600	+1.189e+02	+7.533e+03	+8.266e+03	+0.984
173.700	+1.326e+03	+8.498e+03	+1.075e+04	+0.865
173.800	+1.047e+03	+8.634e+03	+9.702e+03	+0.892
173.900	+7.954e+02	+5.923e+03	+7.513e+03	+0.882
174.000	+9.917e+02	+7.511e+03	+8.526e+03	+0.883
174.100	+6.255e+02	+9.787e+03	+9.146e+03	+0.940
174.200	+5.907e+02	+7.299e+03	+1.112e+04	+0.925
174.300	+1.076e+03	+8.088e+03	+9.659e+03	+0.883
174.400	+3.162e+03	+8.511e+03	+1.318e+04	+0.729
174.500	+3.742e+02	+8.750e+03	+1.304e+04	+0.959
174.600	+3.392e+02	+8.039e+03	+7.524e+03	+0.960
174.700	+1.489e+03	+8.468e+03	+8.481e+03	+0.850
174.800	+5.935e+02	+1.038e+04	+9.850e+03	+0.946
174.900	+5.972e+02	+1.112e+04	+8.688e+03	+0.949
175.000	+1.685e+02	+8.633e+03	+1.196e+04	+0.981
175.100	+6.196e+02	+7.746e+03	+9.408e+03	+0.926
175.200	+4.100e+02	+8.049e+03	+8.856e+03	+0.952
175.300	-2.581e+02	+8.235e+03	+9.126e+03	+1.032
175.400	+9.854e+02	+9.906e+03	+1.027e+04	+0.910
175.500	+3.404e+02	+9.009e+03	+8.101e+03	+0.964
175.600	+1.104e+03	+8.257e+03	+8.123e+03	+0.882
175.700	+1.208e+03	+6.596e+03	+9.577e+03	+0.845
175.800	+1.471e+03	+7.638e+03	+7.972e+03	+0.838
175.900	+1.713e+03	+7.576e+03	+9.832e+03	+0.816
176.000	+6.685e+00	+8.154e+03	+9.291e+03	+0.999
176.100	+5.017e+02	+8.684e+03	+8.870e+03	+0.945
176.200	+1.075e+02	+1.007e+04	+1.014e+04	+0.989
176.300	+1.164e+03	+9.105e+03	+1.054e+04	+0.887
176.400	+9.235e+02	+9.040e+03	+1.212e+04	+0.907
176.500	+4.432e+02	+8.283e+03	+1.127e+04	+0.949
176.600	+1.902e+03	+7.942e+03	+9.068e+03	+0.807
176.700	+3.361e+01	+1.009e+04	+1.075e+04	+0.997
176.800	+7.761e+02	+8.869e+03	+1.035e+04	+0.920
176.900	+5.035e+02	+8.481e+03	+1.141e+04	+0.944
177.000	+5.455e+02	+6.578e+03	+9.647e+03	+0.923
177.100	+6.333e+02	+9.049e+03	+8.542e+03	+0.935
177.200	+1.203e+03	+9.410e+03	+1.055e+04	+0.887
177.300	-1.343e+02	+7.661e+03	+9.210e+03	+1.018
177.400	+1.446e+03	+9.268e+03	+8.830e+03	+0.865
177.500	+4.649e+03	+5.683e+03	+9.519e+03	+0.550
177.600	+4.764e+03	+5.883e+03	+8.813e+03	+0.553
177.700	+3.673e+03	+5.606e+03	+8.893e+03	+0.604
177.800	+5.691e+03	+3.148e+03	+8.982e+03	+0.356
177.900	+4.499e+03	+4.516e+03	+1.018e+04	+0.501
178.000	+4.701e+03	+4.260e+03	+7.475e+03	+0.475
178.100	+2.401e+03	+6.382e+03	+9.990e+03	+0.727
178.200	+3.300e+03	+5.589e+03	+8.466e+03	+0.629
178.300	+4.209e+03	+5.306e+03	+1.024e+04	+0.558
178.400	+9.136e+03	+1.297e+03	+1.107e+04	+0.124
178.500	+9.813e+03	+2.120e+03	+9.391e+03	+0.178
178.600	+9.723e+03	+1.103e+03	+9.370e+03	+0.102
178.700	+9.394e+03	+2.431e+03	+1.100e+04	+0.206
178.800	+7.656e+03	+1.997e+03	+9.891e+03	+0.207
178.900	+9.659e+03	+1.048e+03	+1.126e+04	+0.098
179.000	+9.611e+03	+8.335e+02	+9.232e+03	+0.080
179.100	+7.520e+03	+1.492e+03	+1.128e+04	+0.166
179.200	+6.393e+03	-5.301e+02	+1.244e+04	-0.090
179.300	+7.191e+03	+7.413e+02	+1.007e+04	+0.093
179.400	+6.475e+03	-9.404e+02	+1.268e+04	-0.170
179.500	+7.577e+03	+1.923e+03	+1.237e+04	+0.202
179.600	+7.721e+03	+1.891e+03	+1.003e+04	+0.197
179.700	+9.378e+03	+1.021e+03	+1.030e+04	+0.098
179.800	+8.461e+03	+1.882e+03	+8.838e+03	+0.182
179.900	+1.082e+04	+1.489e+03	+1.287e+04	+0.121
180.000	+8.264e+03	+2.676e+03	+1.159e+04	+0.245
180.100	+8.289e+03	+1.952e+03	+8.328e+03	+0.191
180.200	+9.387e+03	+2.308e+03	+1.121e+04	+0.197
180.300	+5.220e+03	+3.407e+03	+9.271e+03	+0.395
180.400	+4.157e+03	+4.668e+03	+1.071e+04	+0.529
180.500	+3.287e+03	+4.069e+03	+1.139e+04	+0.553
180.600	+4.783e+03	+3.863e+03	+9.052e+03	+0.447
180.700	+3.319e+03	+7.007e+03	+9.762e+03	+0.679
180.800	+1.697e+02	+9.583e+03	+7.264e+03	+0.983
180.900	+1.778e+03	+9.108e+03	+1.181e+04	+0.837
181.000	+2.055e+03	+5.925e+03	+9.679e+03	+0.742
181.100	+3.396e+03	+8.917e+03	+1.051e+04	+0.724
181.200	+2.171e+03	+6.306e+03	+7.567e+03	+0.744
181.300	+5.063e+02	+8.096e+03	+9.866e+03	+0.941
181.400	+3.370e+02	+8.914e+03	+7.019e+03	+0.964
181.500	+4.409e+02	+7.498e+03	+9.755e+03	+0.944
181.600	+4.243e+01	+8.835e+03	+8.382e+03	+0.995
181.700	+3.561e+02	+8.668e+03	+1.020e+04	+0.961
181.800	+2.296e+03	+7.979e+03	+8.204e+03	+0.777
181.900	+1.459e+02	+9.516e+03	+1.141e+04	+0.985
182.000	+1.928e+02	+9.103e+03	+9.183e+03	+0.979
182.100	+1.337e+03	+1.053e+04	+9.330e+03	+0.887
182.200	+2.419e+03	+6.438e+03	+9.547e+03	+0.727
182.300	+3.557e+03	+5.895e+03	+9.474e+03	+0.624
182.400	+4.513e+03	+3.841e+03	+8.596e+03	+0.460
182.500	+6.122e+03	+5.968e+03	+9.916e+03	+0.494
182.600	+6.074e+03	+5.168e+03	+9.487e+03	+0.460
182.700	+3.007e+03	+6.005e+03	+9.473e+03	+0.666
182.800	+4.469e+03	+6.262e+03	+8.778e+03	+0.584
182.900	+4.577e+03	+5.309e+03	+1.065e+04	+0.537
183.000	+3.830e+03	+6.130e+03	+8.410e+03	+0.615
183.100	+3.473e+03	+3.721e+03	+7.567e+03	+0.517
183.200	+4.398e+03	+5.837e+03	+8.078e+03	+0.570
183.300	+3.317e+03	+4.427e+03	+1.135e+04	+0.572
183.400	+3.642e+03	+3.999e+03	+1.093e+04	+0.523
183.500	+3.854e+03	+4.893e+03	+8.144e+03	+0.559
183.600	+5.760e+03	+2.313e+03	+9.594e+03	+0.286
183.700	+7.961e+03	+1.495e+03	+9.748e+03	+0.158
183.800	+7.705e+03	+8.994e+02	+1.237e+04	+0.105
183.900	+7.119e+03	+1.615e+03	+1.045e+04	+0.185
184.000	+8.707e+03	+8.908e+02	+9.512e+03	+0.093
184.100	+9.309e+03	+1.053e+03	+1.145e+04	+0.102
184.200	+6.202e+03	+2.489e+03	+1.021e+04	+0.286
184.300	+9.799e+03	+1.247e+03	+1.068e+04	+0.113
184.400	+7.619e+03	+2.494e+03	+1.199e+04	+0.247
184.500	+8.797e+03	+7.128e+02	+1.037e+04	+0.075
184.600	+8.798e+03	+2.266e+03	+8.262e+03	+0.205
184.700	+8.569e+03	+6.367e+02	+1.164e+04	+0.069
184.800	+8.722e+03	-8.890e+02	+8.466e+03	-0.113
184.900	+6.759e+03	+2.984e+02	+1.048e+04	+0.042
185.000	+2.827e+02	+9.616e+03	+9.103e+03	+0.971
185.100	+1.213e+03	+8.283e+03	+1.130e+04	+0.872
185.200	+5.392e+02	+8.226e+03	+1.104e+04	+0.938
185.300	+3.368e+01	+6.343e+03	+1.124e+04	+0.995
185.400	+1.667e+03	+5.453e+03	+1.177e+04	+0.766
185.500	+3.710e+03	+3.468e+03	+6.890e+03	+0.483
