%t (s)	Idd (a.u.)	Ida (a.u.)	Iaa (a.u.)	FRET E
0.000	+1.953e+03	+8.147e+03	+1.081e+04	+0.807
0.100	+4.766e+03	+4.266e+03	+1.141e+04	+0.472
0.200	+4.218e+03	+5.085e+03	+1.134e+04	+0.547
0.300	+4.857e+03	+5.060e+03	+1.003e+04	+0.510
0.400	+3.640e+03	+3.993e+03	+7.455e+03	+0.523
0.500	+4.687e+03	+4.041e+03	+8.982e+03	+0.463
0.600	+4.123e+03	+5.558e+03	+8.605e+03	+0.574
0.700	+3.601e+03	+4.405e+03	+9.613e+03	+0.550
0.800	+4.605e+03	+3.809e+03	+1.023e+04	+0.453
0.900	+8.619e+03	+1.692e+03	+1.083e+04	+0.164
1.000	+8.778e+03	+1.012e+03	+9.024e+03	+0.103
1.100	+7.313e+03	+1.444e+03	+8.288e+03	+0.165
1.200	+7.943e+03	+6.598e+02	+1.099e+04	+0.077
1.300	+9.397e+03	+1.995e+03	+8.401e+03	+0.175
1.400	+9.878e+03	+1.619e+03	+9.689e+03	+0.141
1.500	+8.247e+02	+8.624e+03	+8.303e+03	+0.913
1.600	+2.399e+03	+9.061e+03	+8.110e+03	+0.791
1.700	+1.095e+03	+7.805e+03	+8.592e+03	+0.877
1.800	+9.220e+02	+1.014e+04	+1.161e+04	+0.917
1.900	+4.448e+02	+8.158e+03	+1.151e+04	+0.948
2.000	+2.545e+02	+6.945e+03	+1.264e+04	+0.965
2.100	-2.814e+02	+7.642e+03	+1.030e+04	+1.038
2.200	+1.356e+03	+9.121e+03	+9.290e+03	+0.871
2.300	+1.294e+03	+9.136e+03	+9.664e+03	+0.876
2.400	+1.330e+02	+7.902e+03	+1.039e+04	+0.983
2.500	+3.657e+02	+9.838e+03	+8.251e+03	+0.964
2.600	-1.325e+03	+7.360e+03	+9.060e+03	+1.220
2.700	+1.717e+03	+7.813e+03	+1.146e+04	+0.820
2.800	+9.495e+02	+8.539e+03	+1.133e+04	+0.900
2.900	+3.632e+02	+9.511e+03	+8.727e+03	+0.963
3.000	-7.739e+01	+7.982e+03	+8.020e+03	+1.010
3.100	+1.246e+03	+7.774e+03	+9.341e+03	+0.862
3.200	+3.448e+00	+9.072e+03	+1.149e+04	+1.000
3.300	+2.096e+03	+9.583e+03	+9.954e+03	+0.821
3.400	+1.609e+03	+9.821e+03	+1.036e+04	+0.859
3.500	+5.573e+02	+7.666e+03	+9.343e+03	+0.932
3.600	+9.867e+02	+1.048e+04	+1.136e+04	+0.914
3.700	+4.933e+02	+8.041e+03	+9.549e+03	+0.942
3.800	+2.248e+02	+8.703e+03	+8.178e+03	+0.975
3.900	+1.663e+03	+9.338e+03	+8.879e+03	+0.849
4.000	+4.685e+02	+1.012e+04	+9.603e+03	+0.956
4.100	+2.251e+03	+7.291e+03	+9.342e+03	+0.764
4.200	+1.571e+03	+8.434e+03	+8.574e+03	+0.843
4.300	-6.162e+02	+1.000e+04	+9.599e+03	+1.066
4.400	+1.264e+03	+9.266e+03	+1.176e+04	+0.880
4.500	+8.000e+02	+8.119e+03	+1.022e+04	+0.910
4.600	+5.841e+02	+9.640e+03	+1.009e+04	+0.943
4.700	+2.309e+02	+9.117e+03	+9.547e+03	+0.975
4.800	-5.600e+02	+9.413e+03	+8.793e+03	+1.063
4.900	+1.894e+03	+8.846e+03	+8.997e+03	+0.824
5.000	-2.380e+02	+9.175e+03	+1.120e+04	+1.027
5.100	+3.374e+02	+8.788e+03	+1.127e+04	+0.963
5.200	+8.542e+01	+8.575e+03	+9.503e+03	+0.990
5.300	+6.435e+03	+3.687e+03	+1.014e+04	+0.364
5.400	+7.890e+03	+1.371e+03	+9.678e+03	+0.148
5.500	+7.244e+03	+1.062e+03	+1.070e+04	+0.128
5.600	+9.010e+03	-4.941e+02	+1.115e+04	-0.058
5.700	+7.121e+03	-3.641e+02	+9.656e+03	-0.054
5.800	+7.960e+03	+1.292e+03	+8.424e+03	+0.140
5.900	+6.928e+03	+2.426e+03	+1.090e+04	+0.259
6.000	+7.771e+03	+1.231e+03	+1.090e+04	+0.137
6.100	+7.375e+03	+1.420e+03	+1.115e+04	+0.161
6.200	+8.600e+03	+1.169e+03	+9.455e+03	+0.120
6.300	+5.983e+03	+3.434e+03	+8.940e+03	+0.365
6.400	+4.847e+03	+5.544e+03	+8.385e+03	+0.534
6.500	+4.237e+03	+4.861e+03	+1.149e+04	+0.534
6.600	+3.632e+03	+4.395e+03	+1.235e+04	+0.548
6.700	+4.835e+03	+5.098e+03	+8.805e+03	+0.513
6.800	+3.970e+03	+4.617e+03	+1.007e+04	+0.538
6.900	+2.266e+03	+6.434e+03	+8.101e+03	+0.740
7.000	+4.438e+02	+6.495e+03	+1.052e+04	+0.936
7.100	+2.900e+02	+8.281e+03	+1.096e+04	+0.966
7.200	+5.299e+02	+1.024e+04	+9.834e+03	+0.951
7.300	+9.884e+02	+8.926e+03	+8.343e+03	+0.900
7.400	+1.180e+03	+8.462e+03	+1.178e+04	+0.878
7.500	+1.570e+03	+8.203e+03	+1.182e+04	+0.839
7.600	+7.284e+01	+9.469e+03	+9.992e+03	+0.992
7.700	-1.510e+03	+7.388e+03	+7.317e+03	+1.257
7.800	+7.552e+00	+7.282e+03	+1.087e+04	+0.999
7.900	+8.094e+02	+7.603e+03	+1.024e+04	+0.904
8.000	-5.269e+02	+9.886e+03	+8.741e+03	+1.056
8.100	+3.547e+02	+7.297e+03	+1.108e+04	+0.954
8.200	+2.127e+03	+8.745e+03	+9.709e+03	+0.804
8.300	+2.648e+03	+6.088e+03	+9.739e+03	+0.697
8.400	+5.694e+03	+6.286e+03	+1.088e+04	+0.525
8.500	+4.841e+03	+4.892e+03	+9.113e+03	+0.503
8.600	+3.309e+03	+5.604e+03	+9.316e+03	+0.629
8.700	+3.903e+03	+6.003e+03	+7.367e+03	+0.606
8.800	+2.790e+03	+5.581e+03	+1.077e+04	+0.667
8.900	+2.451e+03	+3.677e+03	+9.713e+03	+0.600
9.000	+3.639e+03	+4.728e+03	+9.153e+03	+0.565
9.100	+1.139e+03	+7.043e+03	+1.113e+04	+0.861
9.200	+8.910e+02	+7.671e+03	+1.236e+04	+0.896
9.300	+8.744e+02	+8.236e+03	+9.858e+03	+0.904
9.400	+4.471e+02	+8.822e+03	+9.695e+03	+0.952
9.500	+9.820e+02	+9.467e+03	+8.955e+03	+0.906
9.600	+1.184e+02	+7.864e+03	+8.368e+03	+0.985
9.700	+1.181e+03	+8.973e+03	+8.845e+03	+0.884
9.800	+3.772e+02	+9.387e+03	+9.273e+03	+0.961
9.900	+4.989e+02	+8.256e+03	+1.016e+04	+0.943
10.000	+3.202e+03	+6.640e+03	+8.129e+03	+0.675
10.100	+4.495e+03	+4.779e+03	+9.418e+03	+0.515
10.200	+3.768e+03	+4.728e+03	+9.164e+03	+0.556
10.300	+4.400e+03	+6.134e+03	+1.114e+04	+0.582
10.400	+3.388e+03	+5.254e+03	+7.560e+03	+0.608
10.500	+4.451e+03	+5.027e+03	+8.683e+03	+0.530
10.600	+4.952e+03	+5.436e+03	+9.354e+03	+0.523
10.700	+4.734e+03	+5.322e+03	+7.535e+03	+0.529
10.800	+4.147e+03	+5.748e+03	+9.612e+03	+0.581
10.900	+3.809e+03	+4.967e+03	+9.318e+03	+0.566
11.000	+2.994e+03	+3.951e+03	+1.043e+04	+0.569
11.100	+2.371e+03	+5.892e+03	+1.112e+04	+0.713
11.200	-4.658e+02	+7.629e+03	+9.928e+03	+1.065
11.300	+2.391e+03	+9.712e+03	+9.093e+03	+0.802
11.400	-4.820e+02	+8.517e+03	+1.094e+04	+1.060
11.500	-1.264e+03	+1.012e+04	+8.836e+03	+1.143
11.600	+6.461e+01	+9.075e+03	+1.246e+04	+0.993
11.700	-1.010e+03	+7.793e+03	+1.083e+04	+1.149
11.800	-6.161e+02	+8.830e+03	+1.196e+04	+1.075
11.900	-2.512e+02	+7.872e+03	+1.124e+04	+1.033
12.000	+7.193e+02	+7.493e+03	+9.787e+03	+0.912
12.100	+6.195e+02	+7.739e+03	+7.669e+03	+0.926
12.200	-9.532e+02	+9.785e+03	+8.527e+03	+1.108
12.300	+2.668e+02	+6.646e+03	+1.120e+04	+0.961
12.400	+4.003e+02	+8.796e+03	+9.913e+03	+0.956
12.500	+1.420e+03	+1.002e+04	+9.352e+03	+0.876
12.600	+1.366e+03	+7.326e+03	+8.179e+03	+0.843
12.700	+5.758e+02	+8.586e+03	+1.051e+04	+0.937
12.800	+6.095e+02	+8.605e+03	+1.059e+04	+0.934
12.900	+7.057e+02	+9.561e+03	+9.447e+03	+0.931
13.000	+1.371e+03	+7.572e+03	+9.742e+03	+0.847
13.100	+6.672e+02	+8.577e+03	+8.476e+03	+0.928
13.200	+2.714e+03	+5.720e+03	+1.014e+04	+0.678
13.300	+4.465e+03	+4.087e+03	+9.685e+03	+0.478
13.400	+4.463e+03	+3.453e+03	+9.778e+03	+0.436
13.500	+3.959e+03	+3.485e+03	+1.116e+04	+0.468
13.600	+4.815e+03	+4.652e+03	+9.106e+03	+0.491
13.700	+5.617e+03	+5.314e+03	+1.206e+04	+0.486
13.800	+4.003e+03	+4.648e+03	+7.827e+03	+0.537
13.900	+5.024e+03	+4.182e+03	+1.002e+04	+0.454
14.000	+4.010e+03	+4.691e+03	+9.596e+03	+0.539
14.100	+4.731e+03	+5.874e+03	+7.988e+03	+0.554
14.200	+4.604e+03	+4.444e+03	+5.444e+03	+0.491
14.300	+3.055e+03	+4.364e+03	+1.033e+04	+0.588
14.400	+1.808e+03	+3.855e+03	+9.334e+03	+0.681
14.500	+4.158e+03	+4.698e+03	+9.267e+03	+0.530
14.600	+5.046e+03	+3.536e+03	+8.862e+03	+0.412
14.700	+4.348e+03	+4.968e+03	+9.166e+03	+0.533
14.800	+5.164e+03	+5.823e+03	+1.050e+04	+0.530
14.900	+3.929e+03	+5.295e+03	+9.894e+03	+0.574
15.000	+4.044e+03	+5.181e+03	+8.320e+03	+0.562
15.100	+4.144e+03	+5.428e+03	+8.866e+03	+0.567
15.200	+5.044e+03	+3.921e+03	+9.128e+03	+0.437
15.300	+3.182e+03	+4.824e+03	+8.907e+03	+0.603
15.400	+3.803e+03	+5.552e+03	+8.203e+03	+0.593
15.500	+5.001e+03	+6.748e+03	+7.750e+03	+0.574
15.600	+4.735e+03	+3.529e+03	+9.596e+03	+0.427
15.700	+3.567e+03	+3.333e+03	+9.372e+03	+0.483
15.800	+3.107e+03	+5.089e+03	+1.299e+04	+0.621
15.900	+4.585e+03	+4.948e+03	+7.429e+03	+0.519
16.000	+4.241e+03	+5.568e+03	+9.642e+03	+0.568
16.100	+3.648e+03	+4.893e+03	+7.495e+03	+0.573
16.200	+3.948e+03	+6.328e+03	+1.030e+04	+0.616
16.300	+4.025e+03	+4.134e+03	+8.859e+03	+0.507
16.400	+4.141e+03	+5.307e+03	+9.153e+03	+0.562
16.500	+2.859e+03	+4.771e+03	+7.228e+03	+0.625
16.600	+3.278e+03	+5.982e+03	+1.048e+04	+0.646
16.700	+3.869e+03	+5.957e+03	+1.068e+04	+0.606
16.800	+3.640e+03	+5.812e+03	+6.956e+03	+0.615
16.900	+4.918e+03	+4.816e+03	+9.989e+03	+0.495
17.000	+3.415e+03	+3.355e+03	+9.277e+03	+0.496
17.100	+5.591e+03	+3.927e+03	+8.381e+03	+0.413
17.200	+2.920e+03	+3.442e+03	+1.160e+04	+0.541
17.300	+3.012e+03	+6.143e+03	+1.243e+04	+0.671
17.400	+3.463e+03	+3.517e+03	+9.744e+03	+0.504
17.500	+4.592e+03	+4.586e+03	+9.555e+03	+0.500
17.600	+2.864e+03	+5.050e+03	+1.037e+04	+0.638
17.700	+2.619e+03	+5.868e+03	+1.053e+04	+0.691
17.800	+7.828e+02	+9.776e+03	+1.036e+04	+0.926
17.900	-5.009e+02	+7.494e+03	+1.038e+04	+1.072
18.000	+3.109e+02	+1.168e+04	+9.440e+03	+0.974
18.100	+1.042e+03	+8.585e+03	+1.182e+04	+0.892
18.200	-6.456e+02	+9.489e+03	+9.816e+03	+1.073
18.300	+5.709e+02	+9.767e+03	+1.045e+04	+0.945
18.400	+3.544e+02	+8.480e+03	+1.041e+04	+0.960
18.500	+5.275e+02	+9.693e+03	+9.422e+03	+0.948
18.600	+8.019e+02	+7.195e+03	+1.069e+04	+0.900
18.700	+7.366e+02	+8.025e+03	+9.318e+03	+0.916
18.800	+4.198e+02	+7.422e+03	+1.046e+04	+0.946
18.900	-6.120e+02	+7.791e+03	+1.040e+04	+1.085
19.000	+3.937e+02	+9.190e+03	+9.737e+03	+0.959
19.100	+5.489e+02	+9.450e+03	+9.839e+03	+0.945
19.200	+6.534e+02	+7.997e+03	+1.015e+04	+0.924
19.300	+5.410e+02	+7.468e+03	+1.032e+04	+0.932
19.400	-4.441e+01	+1.131e+04	+1.084e+04	+1.004
19.500	+1.728e+02	+8.228e+03	+9.453e+03	+0.979
19.600	+5.676e+02	+7.760e+03	+1.080e+04	+0.932
19.700	+2.944e+01	+9.200e+03	+9.738e+03	+0.997
19.800	-6.206e+01	+1.172e+04	+8.034e+03	+1.005
19.900	+4.665e+02	+8.730e+03	+1.174e+04	+0.949
20.000	-3.412e+02	+9.463e+03	+7.658e+03	+1.037
20.100	+3.023e+02	+7.953e+03	+1.226e+04	+0.963
20.200	+1.179e+03	+6.845e+03	+1.046e+04	+0.853
20.300	-1.446e+03	+8.252e+03	+1.014e+04	+1.212
20.400	+9.268e+02	+7.482e+03	+7.864e+03	+0.890
20.500	+9.845e+02	+7.709e+03	+9.212e+03	+0.887
20.600	+1.255e+03	+1.097e+04	+9.247e+03	+0.897
20.700	+1.014e+03	+1.064e+04	+1.013e+04	+0.913
20.800	+1.351e+03	+6.735e+03	+1.130e+04	+0.833
20.900	+4.972e+02	+8.119e+03	+1.107e+04	+0.942
21.000	-1.237e+02	+1.036e+04	+1.046e+04	+1.012
21.100	+8.089e+02	+7.553e+03	+9.725e+03	+0.903
21.200	+8.193e+02	+8.998e+03	+9.319e+03	+0.917
21.300	-2.203e+02	+8.513e+03	+8.495e+03	+1.027
21.400	-2.510e+02	+9.472e+03	+1.017e+04	+1.027
21.500	+2.776e+03	+8.393e+03	+9.504e+03	+0.751
21.600	+2.593e+02	+9.334e+03	+1.089e+04	+0.973
21.700	-1.887e+02	+9.175e+03	+9.612e+03	+1.021
21.800	+1.374e+03	+8.078e+03	+1.068e+04	+0.855
21.900	+4.763e+02	+8.845e+03	+8.880e+03	+0.949
22.000	+8.122e+01	+8.516e+03	+9.625e+03	+0.991
22.100	+2.758e+03	+4.762e+03	+7.445e+03	+0.633
22.200	+4.150e+03	+4.804e+03	+1.026e+04	+0.536
22.300	+4.747e+03	+3.608e+03	+9.875e+03	+0.432
22.400	+3.007e+03	+4.006e+03	+8.200e+03	+0.571
22.500	+5.158e+03	+4.782e+03	+1.122e+04	+0.481
22.600	+3.304e+03	+3.839e+03	+9.708e+03	+0.537
22.700	+4.970e+03	+7.230e+03	+9.683e+03	+0.593
22.800	+3.724e+03	+4.591e+03	+1.010e+04	+0.552
22.900	+4.572e+03	+6.488e+03	+1.088e+04	+0.587
23.000	+4.008e+03	+4.619e+03	+7.248e+03	+0.535
23.100	+4.313e+03	+4.044e+03	+8.936e+03	+0.484
23.200	+5.568e+03	+4.702e+03	+9.196e+03	+0.458
23.300	+5.009e+03	+5.384e+03	+1.115e+04	+0.518
23.400	+4.250e+03	+5.065e+03	+9.274e+03	+0.544
23.500	+3.836e+03	+2.649e+03	+1.088e+04	+0.408
23.600	+3.294e+03	+6.955e+03	+8.797e+03	+0.679
23.700	+3.912e+03	+7.037e+03	+1.037e+04	+0.643
23.800	+5.983e+03	+3.915e+03	+9.937e+03	+0.395
23.900	+3.168e+03	+4.674e+03	+1.152e+04	+0.596
24.000	+3.835e+03	+4.485e+03	+1.146e+04	+0.539
24.100	+4.941e+03	+2.497e+03	+9.781e+03	+0.336
24.200	+2.105e+03	+5.887e+03	+6.638e+03	+0.737
24.300	+4.669e+03	+4.840e+03	+7.508e+03	+0.509
24.400	+2.561e+03	+5.829e+03	+1.157e+04	+0.695
24.500	+4.675e+03	+4.394e+03	+8.695e+03	+0.484
24.600	+4.459e+03	+4.472e+03	+8.017e+03	+0.501
24.700	+4.081e+03	+4.089e+03	+9.398e+03	+0.501
24.800	+3.630e+03	+4.049e+03	+6.672e+03	+0.527
24.900	+3.034e+03	+4.308e+03	+8.238e+03	+0.587
25.000	+5.874e+03	+4.304e+03	+9.775e+03	+0.423
25.100	+5.261e+03	+3.850e+03	+8.376e+03	+0.423
25.200	+3.926e+03	+3.397e+03	+1.079e+04	+0.464
25.300	+3.725e+03	+4.085e+03	+1.126e+04	+0.523
25.400	+3.501e+03	+5.119e+03	+1.050e+04	+0.594
25.500	+4.158e+03	+4.592e+03	+1.153e+04	+0.525
25.600	+3.926e+03	+5.179e+03	+8.175e+03	+0.569
25.700	+3.257e+03	+4.884e+03	+1.143e+04	+0.600
25.800	+3.319e+03	+4.319e+03	+9.306e+03	+0.565
25.900	+5.852e+03	+6.213e+03	+8.535e+03	+0.515
26.000	+4.012e+03	+5.331e+03	+1.148e+04	+0.571
26.100	+3.961e+03	+4.134e+03	+8.354e+03	+0.511
26.200	+4.126e+03	+4.138e+03	+9.437e+03	+0.501
26.300	+4.390e+03	+4.117e+03	+8.108e+03	+0.484
26.400	+5.062e+03	+4.717e+03	+1.010e+04	+0.482
26.500	+3.314e+03	+4.040e+03	+8.877e+03	+0.549
26.600	+5.205e+03	+5.062e+03	+1.194e+04	+0.493
26.700	+2.531e+03	+5.186e+03	+9.961e+03	+0.672
26.800	+5.205e+03	+3.838e+03	+8.958e+03	+0.424
26.900	+4.759e+03	+5.096e+03	+8.979e+03	+0.517
27.000	+4.471e+03	+4.707e+03	+1.080e+04	+0.513
27.100	+3.894e+03	+3.882e+03	+9.918e+03	+0.499
27.200	+4.341e+03	+5.997e+03	+9.440e+03	+0.580
27.300	+5.255e+03	+3.490e+03	+9.097e+03	+0.399
27.400	+5.206e+03	+3.891e+03	+8.652e+03	+0.428
27.500	+4.053e+03	+6.121e+03	+9.856e+03	+0.602
27.600	+2.341e+03	+6.135e+03	+8.911e+03	+0.724
27.700	-7.992e+02	+7.855e+03	+1.122e+04	+1.113
27.800	+3.772e+01	+7.983e+03	+1.156e+04	+0.995
27.900	+1.459e+03	+7.369e+03	+7.320e+03	+0.835
28.000	-1.138e+03	+8.844e+03	+1.003e+04	+1.148
28.100	+1.606e+03	+9.581e+03	+9.013e+03	+0.856
28.200	-1.332e+01	+8.647e+03	+9.808e+03	+1.002
28.300	+1.207e+03	+8.019e+03	+8.756e+03	+0.869
28.400	+6.230e+02	+8.499e+03	+1.028e+04	+0.932
28.500	+2.806e+00	+8.925e+03	+7.984e+03	+1.000
28.600	+8.031e+01	+9.069e+03	+1.070e+04	+0.991
28.700	-1.362e+02	+7.364e+03	+8.937e+03	+1.019
28.800	+1.673e+03	+1.005e+04	+1.076e+04	+0.857
28.900	+6.719e+02	+7.152e+03	+9.401e+03	+0.914
29.000	+8.594e+02	+9.602e+03	+1.025e+04	+0.918
29.100	+1.347e+03	+8.893e+03	+8.331e+03	+0.869
29.200	-2.957e+02	+8.567e+03	+1.113e+04	+1.036
29.300	+2.987e+02	+9.260e+03	+8.946e+03	+0.969
29.400	+6.226e+02	+9.988e+03	+9.893e+03	+0.941
29.500	+1.291e+03	+8.421e+03	+9.139e+03	+0.867
29.600	+3.104e+03	+6.797e+03	+1.216e+04	+0.686
29.700	+2.556e+03	+5.613e+03	+1.066e+04	+0.687
29.800	+3.379e+03	+6.576e+03	+1.039e+04	+0.661
29.900	+3.859e+03	+7.332e+03	+9.866e+03	+0.655
30.000	+1.031e+03	+8.708e+03	+9.443e+03	+0.894
30.100	-1.291e+03	+8.579e+03	+8.788e+03	+1.177
30.200	+1.358e+03	+8.338e+03	+7.986e+03	+0.860
30.300	+7.592e+02	+7.835e+03	+9.630e+03	+0.912
30.400	+8.503e+02	+8.016e+03	+1.067e+04	+0.904
30.500	-1.278e+02	+8.374e+03	+1.158e+04	+1.015
30.600	+2.207e+03	+5.431e+03	+8.849e+03	+0.711
30.700	+4.373e+03	+6.137e+03	+9.287e+03	+0.584
30.800	+3.364e+03	+5.748e+03	+8.431e+03	+0.631
30.900	+4.000e+03	+4.763e+03	+9.801e+03	+0.544
31.000	+4.470e+03	+5.953e+03	+1.031e+04	+0.571
31.100	+5.140e+03	+4.300e+03	+8.807e+03	+0.456
31.200	+3.259e+03	+5.486e+03	+8.447e+03	+0.627
31.300	+4.058e+03	+5.322e+03	+8.468e+03	+0.567
31.400	+3.179e+03	+4.220e+03	+7.425e+03	+0.570
31.500	+3.898e+03	+3.636e+03	+1.004e+04	+0.483
31.600	+4.103e+03	+3.756e+03	+1.123e+04	+0.478
31.700	+2.972e+03	+5.366e+03	+7.368e+03	+0.644
31.800	+4.535e+03	+4.440e+03	+9.110e+03	+0.495
31.900	+2.488e+03	+4.256e+03	+9.473e+03	+0.631
32.000	+2.705e+03	+4.009e+03	+9.440e+03	+0.597
32.100	+4.133e+03	+4.459e+03	+9.426e+03	+0.519
32.200	+4.926e+03	+5.028e+03	+8.707e+03	+0.505
32.300	+3.156e+03	+4.669e+03	+8.404e+03	+0.597
32.400	+2.318e+03	+8.544e+03	+1.169e+04	+0.787
32.500	+9.702e+02	+8.518e+03	+9.458e+03	+0.898
32.600	+1.338e+03	+8.083e+03	+1.039e+04	+0.858
32.700	+1.451e+03	+9.649e+03	+9.260e+03	+0.869
32.800	+4.239e+02	+9.229e+03	+1.091e+04	+0.956
32.900	+9.953e+02	+7.107e+03	+1.127e+04	+0.877
33.000	+1.427e+03	+9.921e+03	+9.099e+03	+0.874
33.100	+1.412e+03	+9.225e+03	+1.040e+04	+0.867
33.200	+1.172e+03	+9.338e+03	+1.171e+04	+0.888
33.300	+5.140e+02	+7.529e+03	+9.844e+03	+0.936
33.400	+2.850e+03	+6.614e+03	+9.511e+03	+0.699
33.500	+5.500e+03	+4.726e+03	+9.536e+03	+0.462
33.600	+2.877e+03	+5.427e+03	+8.513e+03	+0.654
33.700	-5.011e+02	+8.411e+03	+9.008e+03	+1.063
33.800	+1.469e+03	+8.692e+03	+1.106e+04	+0.855
33.900	+1.241e+03	+8.485e+03	+9.602e+03	+0.872
34.000	+8.104e+02	+8.856e+03	+1.050e+04	+0.916
34.100	+8.939e+01	+7.668e+03	+9.666e+03	+0.988
34.200	+6.596e+02	+8.799e+03	+7.640e+03	+0.930
34.300	-4.167e+01	+9.883e+03	+7.918e+03	+1.004
34.400	+1.665e+03	+1.107e+04	+9.547e+03	+0.869
34.500	-4.551e+02	+7.628e+03	+9.100e+03	+1.063
34.600	+1.998e+02	+1.087e+04	+9.101e+03	+0.982
34.700	+1.341e+03	+9.371e+03	+9.240e+03	+0.875
34.800	+3.576e+02	+1.084e+04	+1.151e+04	+0.968
34.900	+2.634e+03	+5.720e+03	+1.043e+04	+0.685
35.000	+5.397e+03	+2.458e+03	+9.297e+03	+0.313
35.100	+4.410e+03	+7.335e+03	+9.122e+03	+0.625
35.200	+1.482e+03	+3.721e+03	+9.184e+03	+0.715
35.300	+4.822e+03	+3.929e+03	+8.073e+03	+0.449
35.400	+5.354e+03	+6.135e+03	+7.542e+03	+0.534
35.500	+4.086e+03	+3.575e+03	+9.283e+03	+0.467
35.600	+6.424e+03	+5.032e+03	+1.081e+04	+0.439
35.700	+4.800e+03	+3.828e+03	+8.826e+03	+0.444
35.800	+4.625e+03	+3.736e+03	+8.663e+03	+0.447
35.900	+4.311e+03	+4.448e+03	+1.159e+04	+0.508
36.000	+4.317e+03	+4.424e+03	+8.491e+03	+0.506
36.100	+4.359e+03	+3.511e+03	+8.821e+03	+0.446
36.200	+4.268e+03	+3.679e+03	+1.058e+04	+0.463
36.300	+6.981e+03	+8.701e+02	+8.951e+03	+0.111
36.400	+7.451e+03	+1.981e+03	+1.026e+04	+0.210
36.500	+4.180e+02	+8.634e+03	+8.794e+03	+0.954
36.600	+1.134e+03	+8.204e+03	+1.077e+04	+0.879
36.700	-9.649e+01	+9.607e+03	+9.281e+03	+1.010
36.800	+1.242e+03	+1.019e+04	+9.607e+03	+0.891
36.900	+6.746e+02	+8.712e+03	+7.754e+03	+0.928
37.000	-4.017e+02	+7.800e+03	+7.226e+03	+1.054
37.100	-4.598e+02	+8.448e+03	+9.957e+03	+1.058
37.200	-9.424e+02	+8.917e+03	+1.142e+04	+1.118
37.300	+4.993e+02	+7.896e+03	+9.433e+03	+0.941
37.400	+2.916e+01	+8.813e+03	+9.173e+03	+0.997
37.500	-9.100e+02	+1.045e+04	+9.585e+03	+1.095
37.600	+7.096e+02	+8.982e+03	+1.180e+04	+0.927
37.700	+1.800e+03	+7.728e+03	+7.478e+03	+0.811
37.800	+1.094e+02	+1.041e+04	+8.166e+03	+0.990
37.900	+2.743e+03	+5.480e+03	+9.838e+03	+0.666
38.000	+3.642e+03	+3.757e+03	+1.111e+04	+0.508
38.100	+3.219e+03	+5.316e+03	+9.537e+03	+0.623
38.200	+3.752e+03	+4.421e+03	+9.413e+03	+0.541
38.300	+3.455e+03	+3.636e+03	+1.003e+04	+0.513
38.400	+4.972e+03	+6.498e+03	+9.009e+03	+0.567
38.500	+4.361e+03	+4.901e+03	+7.836e+03	+0.529
38.600	+2.767e+03	+4.578e+03	+9.737e+03	+0.623
38.700	+3.103e+03	+5.352e+03	+8.500e+03	+0.633
38.800	+3.794e+03	+4.628e+03	+9.527e+03	+0.550
38.900	+5.413e+03	+6.127e+03	+9.594e+03	+0.531
39.000	+3.517e+03	+4.224e+03	+9.362e+03	+0.546
39.100	+4.155e+03	+5.176e+03	+8.987e+03	+0.555
39.200	+4.875e+03	+3.673e+03	+8.998e+03	+0.430
39.300	+5.873e+03	+4.622e+03	+9.561e+03	+0.440
39.400	+3.576e+03	+3.934e+03	+9.312e+03	+0.524
39.500	+4.486e+03	+4.701e+03	+8.310e+03	+0.512
39.600	+4.258e+03	+5.385e+03	+8.793e+03	+0.558
39.700	+5.532e+03	+4.348e+03	+1.116e+04	+0.440
39.800	+3.209e+03	+6.072e+03	+9.576e+03	+0.654
39.900	+4.447e+03	+5.655e+03	+8.501e+03	+0.560
40.000	+3.539e+03	+3.881e+03	+1.194e+04	+0.523
40.100	+2.663e+03	+4.882e+03	+9.210e+03	+0.647
40.200	+3.866e+03	+6.919e+03	+9.643e+03	+0.642
40.300	+3.923e+03	+4.507e+03	+9.874e+03	+0.535
40.400	+3.831e+03	+5.200e+03	+9.279e+03	+0.576
40.500	+4.527e+03	+4.458e+03	+8.954e+03	+0.496
40.600	+2.925e+03	+4.612e+03	+1.162e+04	+0.612
40.700	+2.888e+03	+4.881e+03	+9.348e+03	+0.628
40.800	+4.361e+03	+6.950e+03	+1.031e+04	+0.614
40.900	+3.803e+03	+5.146e+03	+1.003e+04	+0.575
41.000	+4.541e+03	+5.543e+03	+9.944e+03	+0.550
41.100	+4.735e+03	+4.787e+03	+9.240e+03	+0.503
41.200	+4.110e+03	+5.553e+03	+8.435e+03	+0.575
41.300	+5.330e+03	+4.964e+03	+9.642e+03	+0.482
41.400	+4.100e+03	+2.828e+03	+9.280e+03	+0.408
41.500	+4.701e+03	+4.339e+03	+9.775e+03	+0.480
41.600	+3.721e+03	+4.291e+03	+8.655e+03	+0.536
41.700	+5.366e+03	+5.100e+03	+9.094e+03	+0.487
41.800	+2.674e+03	+4.236e+03	+1.083e+04	+0.613
41.900	+4.377e+03	+4.665e+03	+7.005e+03	+0.516
42.000	+5.114e+03	+4.311e+03	+8.518e+03	+0.457
42.100	+4.622e+03	+4.923e+03	+1.065e+04	+0.516
42.200	+2.833e+03	+6.549e+03	+7.345e+03	+0.698
42.300	+2.488e+03	+5.721e+03	+1.124e+04	+0.697
42.400	+3.571e+03	+5.599e+03	+1.203e+04	+0.611
42.500	+2.246e+03	+4.106e+03	+6.977e+03	+0.646
42.600	+4.409e+03	+4.641e+03	+9.721e+03	+0.513
42.700	+3.721e+03	+5.195e+03	+1.191e+04	+0.583
42.800	+3.354e+03	+6.095e+03	+5.259e+03	+0.645
42.900	+3.597e+03	+5.208e+03	+9.579e+03	+0.591
43.000	+4.086e+03	+6.574e+03	+1.023e+04	+0.617
43.100	+5.496e+03	+4.850e+03	+1.200e+04	+0.469
43.200	+4.701e+03	+5.756e+03	+8.957e+03	+0.550
43.300	+2.048e+03	+4.366e+03	+9.655e+03	+0.681
43.400	+4.177e+03	+5.427e+03	+9.860e+03	+0.565
43.500	+4.315e+03	+5.499e+03	+9.559e+03	+0.560
43.600	+5.491e+03	+4.545e+03	+9.680e+03	+0.453
43.700	+4.951e+03	+3.718e+03	+1.083e+04	+0.429
43.800	+4.562e+03	+6.169e+03	+1.035e+04	+0.575
43.900	+4.861e+03	+4.475e+03	+9.104e+03	+0.479
44.000	+5.237e+03	+4.100e+03	+9.319e+03	+0.439
44.100	+4.830e+03	+4.895e+03	+1.079e+04	+0.503
44.200	+4.109e+03	+5.293e+03	+1.113e+04	+0.563
44.300	+3.399e+03	+3.915e+03	+8.477e+03	+0.535
44.400	+2.970e+03	+3.249e+03	+7.478e+03	+0.522
44.500	+4.386e+03	+5.786e+03	+9.002e+03	+0.569
44.600	+4.272e+03	+6.060e+03	+1.150e+04	+0.587
44.700	+4.212e+03	+5.833e+03	+9.135e+03	+0.581
44.800	+8.845e+03	+2.477e+03	+9.006e+03	+0.219
44.900	+7.244e+03	+2.461e+03	+9.764e+03	+0.254
45.000	+9.151e+03	+1.864e+03	+6.720e+03	+0.169
45.100	+8.491e+03	+1.772e+03	+8.777e+03	+0.173
45.200	+1.020e+04	-9.559e+01	+9.031e+03	-0.009
45.300	+9.250e+03	+7.785e+02	+9.258e+03	+0.078
45.400	+7.775e+03	+1.343e+03	+1.063e+04	+0.147
45.500	+8.739e+03	+1.495e+03	+8.474e+03	+0.146
45.600	+6.701e+03	+1.684e+03	+1.047e+04	+0.201
45.700	+3.666e+03	+7.125e+03	+1.073e+04	+0.660
45.800	+1.832e+03	+6.353e+03	+8.751e+03	+0.776
45.900	+3.666e+03	+3.688e+03	+7.701e+03	+0.501
46.000	+9.017e+03	+1.283e+03	+1.021e+04	+0.125
46.100	+7.428e+03	+6.275e+02	+1.067e+04	+0.078
46.200	+7.672e+03	+1.656e+03	+9.293e+03	+0.178
46.300	+9.360e+03	+1.932e+03	+1.077e+04	+0.171
46.400	+7.514e+03	+2.611e+03	+1.175e+04	+0.258
46.500	+7.068e+03	+1.215e+03	+8.804e+03	+0.147
46.600	+6.498e+03	+3.150e+03	+9.408e+03	+0.326
46.700	+7.891e+03	+1.257e+03	+8.315e+03	+0.137
46.800	+7.776e+03	-8.863e+02	+1.088e+04	-0.129
46.900	+6.668e+03	-1.416e+01	+7.090e+03	-0.002
47.000	+7.429e+03	+3.708e+02	+9.306e+03	+0.048
47.100	+9.300e+03	+9.847e+02	+1.143e+04	+0.096
47.200	+8.969e+03	+1.001e+03	+8.692e+03	+0.100
47.300	+1.001e+04	+1.458e+03	+8.921e+03	+0.127
47.400	+6.343e+03	+8.050e+02	+1.063e+04	+0.113
47.500	+9.117e+03	+1.773e+03	+1.033e+04	+0.163
47.600	+7.608e+03	+3.279e+02	+7.982e+03	+0.041
47.700	+7.276e+03	+1.158e+03	+9.607e+03	+0.137
47.800	+9.195e+03	+1.158e+03	+8.472e+03	+0.112
47.900	+8.382e+03	+5.722e+02	+1.107e+04	+0.064
48.000	+7.506e+03	+8.037e+01	+1.116e+04	+0.011
48.100	+8.512e+03	+9.336e+02	+9.517e+03	+0.099
48.200	+5.008e+03	+4.419e+03	+8.998e+03	+0.469
48.300	+1.775e+03	+7.503e+03	+7.071e+03	+0.809
48.400	+1.451e+03	+9.070e+03	+1.055e+04	+0.862
48.500	+1.288e+03	+9.631e+03	+9.615e+03	+0.882
48.600	+2.646e+03	+9.523e+03	+7.542e+03	+0.783
48.700	+7.805e+02	+7.443e+03	+8.379e+03	+0.905
48.800	+4.668e+02	+7.055e+03	+8.754e+03	+0.938
48.900	+8.312e+02	+9.562e+03	+8.133e+03	+0.920
49.000	+2.127e+03	+9.608e+03	+9.211e+03	+0.819
49.100	-1.932e+01	+7.473e+03	+9.031e+03	+1.003
49.200	+3.253e+02	+9.275e+03	+1.064e+04	+0.966
49.300	+1.202e+03	+8.018e+03	+9.137e+03	+0.870
49.400	+1.879e+02	+9.414e+03	+1.027e+04	+0.980
49.500	+1.137e+03	+1.120e+04	+8.882e+03	+0.908
49.600	+1.831e+03	+7.544e+03	+1.180e+04	+0.805
49.700	+1.095e+03	+7.620e+03	+5.890e+03	+0.874
49.800	-4.250e+02	+1.012e+04	+1.089e+04	+1.044
49.900	+2.078e+03	+7.627e+03	+1.171e+04	+0.786
50.000	+2.162e+02	+1.000e+04	+1.033e+04	+0.979
50.100	-2.922e+01	+9.843e+03	+6.393e+03	+1.003
50.200	-1.595e+02	+1.018e+04	+8.426e+03	+1.016
50.300	-6.425e+02	+8.656e+03	+8.455e+03	+1.080
50.400	+3.986e+02	+7.411e+03	+9.023e+03	+0.949
50.500	+1.263e+03	+6.787e+03	+9.013e+03	+0.843
50.600	+1.288e+03	+7.684e+03	+1.001e+04	+0.856
50.700	-4.337e+02	+8.022e+03	+9.798e+03	+1.057
50.800	+1.154e+03	+8.370e+03	+1.038e+04	+0.879
50.900	-8.652e+02	+7.749e+03	+9.671e+03	+1.126
51.000	+1.696e+02	+8.612e+03	+9.383e+03	+0.981
51.100	+2.288e+02	+9.287e+03	+1.072e+04	+0.976
51.200	+2.785e+02	+9.385e+03	+7.519e+03	+0.971
51.300	+1.460e+03	+9.004e+03	+7.054e+03	+0.860
51.400	-1.858e+02	+9.782e+03	+1.195e+04	+1.019
51.500	+6.450e+02	+8.030e+03	+1.053e+04	+0.926
51.600	+3.378e+03	+4.812e+03	+8.691e+03	+0.588
51.700	+3.659e+03	+5.314e+03	+9.404e+03	+0.592
51.800	+4.375e+03	+6.390e+03	+9.818e+03	+0.594
51.900	+4.021e+03	+3.751e+03	+6.975e+03	+0.483
52.000	+3.331e+03	+5.035e+03	+7.159e+03	+0.602
52.100	+3.073e+03	+5.171e+03	+1.039e+04	+0.627
52.200	+3.836e+03	+4.426e+03	+9.528e+03	+0.536
52.300	+3.705e+03	+3.966e+03	+1.061e+04	+0.517
52.400	+4.303e+03	+3.917e+03	+1.197e+04	+0.476
52.500	+3.668e+03	+4.464e+03	+7.064e+03	+0.549
52.600	+3.856e+03	+5.047e+03	+8.911e+03	+0.567
52.700	+3.487e+03	+5.692e+03	+1.084e+04	+0.620
52.800	+3.510e+03	+4.170e+03	+1.089e+04	+0.543
52.900	+4.098e+03	+5.675e+03	+9.396e+03	+0.581
53.000	+3.642e+03	+5.546e+03	+8.657e+03	+0.604
53.100	+4.090e+03	+4.948e+03	+6.969e+03	+0.547
53.200	+4.138e+03	+5.002e+03	+9.692e+03	+0.547
53.300	+4.315e+03	+4.946e+03	+1.052e+04	+0.534
53.400	+4.895e+03	+5.227e+03	+8.630e+03	+0.516
53.500	+3.470e+03	+2.949e+03	+9.582e+03	+0.459
53.600	+3.428e+03	+6.175e+03	+7.364e+03	+0.643
53.700	+6.464e+03	+4.413e+03	+8.102e+03	+0.406
53.800	+5.758e+03	+2.828e+03	+7.727e+03	+0.329
53.900	+4.430e+03	+5.266e+03	+7.883e+03	+0.543
54.000	+1.139e+03	+7.028e+03	+9.372e+03	+0.861
54.100	+1.491e+03	+6.264e+03	+1.090e+04	+0.808
54.200	-5.720e+02	+8.075e+03	+9.751e+03	+1.076
54.300	+2.741e+02	+8.194e+03	+7.447e+03	+0.968
54.400	-3.958e+02	+8.895e+03	+8.553e+03	+1.047
54.500	+5.124e+01	+8.444e+03	+1.131e+04	+0.994
54.600	+2.152e+03	+7.756e+03	+9.642e+03	+0.783
54.700	+8.960e+02	+7.918e+03	+7.525e+03	+0.898
54.800	+1.483e+03	+6.978e+03	+9.713e+03	+0.825
54.900	+7.295e+02	+1.056e+04	+1.096e+04	+0.935
55.000	+3.673e+03	+5.107e+03	+9.758e+03	+0.582
55.100	+5.336e+03	+4.624e+03	+1.094e+04	+0.464
55.200	+4.575e+03	+4.090e+03	+8.818e+03	+0.472
55.300	+3.055e+03	+5.038e+03	+1.094e+04	+0.623
55.400	+3.656e+03	+5.115e+03	+9.451e+03	+0.583
55.500	+4.199e+03	+5.328e+03	+9.135e+03	+0.559
55.600	+5.086e+03	+3.922e+03	+8.735e+03	+0.435
55.700	+4.931e+03	+5.735e+03	+7.752e+03	+0.538
55.800	+5.611e+03	+4.378e+03	+9.725e+03	+0.438
55.900	+5.120e+03	+5.130e+03	+1.034e+04	+0.500
56.000	+4.219e+03	+4.049e+03	+7.347e+03	+0.490
56.100	+3.431e+03	+5.032e+03	+7.644e+03	+0.595
56.200	+2.791e+03	+3.654e+03	+9.098e+03	+0.567
56.300	+2.824e+03	+5.053e+03	+9.621e+03	+0.641
56.400	+3.327e+03	+4.362e+03	+1.080e+04	+0.567
56.500	+3.715e+03	+4.868e+03	+1.158e+04	+0.567
56.600	+5.312e+03	+5.203e+03	+8.659e+03	+0.495
56.700	+3.544e+03	+5.695e+03	+1.062e+04	+0.616
56.800	+1.434e+03	+7.734e+03	+1.066e+04	+0.844
56.900	+2.053e+03	+8.701e+03	+8.028e+03	+0.809
57.000	+1.011e+03	+9.863e+03	+1.281e+04	+0.907
57.100	-9.356e+01	+1.011e+04	+8.857e+03	+1.009
57.200	+2.168e+02	+8.417e+03	+1.121e+04	+0.975
57.300	+9.382e+02	+9.221e+03	+1.090e+04	+0.908
57.400	-3.170e+02	+6.297e+03	+8.493e+03	+1.053
57.500	+9.714e+02	+7.960e+03	+9.482e+03	+0.891
57.600	+4.929e+02	+9.387e+03	+8.022e+03	+0.950
57.700	+2.661e+02	+1.052e+04	+1.012e+04	+0.975
57.800	+6.926e+00	+7.242e+03	+1.098e+04	+0.999
57.900	+1.093e+03	+8.299e+03	+9.079e+03	+0.884
58.000	+1.444e+03	+9.033e+03	+1.098e+04	+0.862
58.100	+1.105e+03	+8.234e+03	+9.809e+03	+0.882
58.200	+7.197e+02	+1.090e+04	+1.305e+04	+0.938
58.300	+8.636e+02	+7.755e+03	+1.216e+04	+0.900
58.400	-3.049e+01	+9.239e+03	+1.089e+04	+1.003
58.500	-7.533e+02	+1.021e+04	+1.041e+04	+1.080
58.600	+1.526e+00	+1.032e+04	+1.170e+04	+1.000
58.700	+1.976e+03	+9.855e+03	+9.963e+03	+0.833
58.800	+6.407e+02	+7.205e+03	+1.010e+04	+0.918
58.900	+3.014e+02	+9.425e+03	+1.071e+04	+0.969
59.000	+1.071e+03	+6.057e+03	+1.089e+04	+0.850
59.100	-8.916e+02	+9.793e+03	+1.008e+04	+1.100
59.200	+2.541e+03	+7.841e+03	+9.659e+03	+0.755
59.300	+1.161e+03	+9.068e+03	+1.067e+04	+0.886
59.400	-1.197e+02	+8.294e+03	+9.119e+03	+1.015
59.500	+6.743e+02	+8.544e+03	+1.026e+04	+0.927
59.600	+5.855e+02	+1.025e+04	+7.859e+03	+0.946
59.700	+1.229e+03	+1.022e+04	+1.018e+04	+0.893
59.800	-5.403e+02	+7.966e+03	+8.821e+03	+1.073
59.900	-1.794e+02	+8.926e+03	+9.628e+03	+1.021
60.000	+1.067e+03	+7.340e+03	+9.996e+03	+0.873
60.100	+1.154e+03	+9.044e+03	+9.124e+03	+0.887
60.200	+1.937e+03	+6.456e+03	+8.644e+03	+0.769
60.300	+2.421e+03	+6.592e+03	+9.196e+03	+0.731
60.400	+3.956e+03	+5.446e+03	+9.064e+03	+0.579
60.500	+5.242e+03	+4.422e+03	+1.238e+04	+0.458
60.600	+5.156e+03	+5.133e+03	+9.367e+03	+0.499
60.700	+3.512e+03	+5.956e+03	+1.155e+04	+0.629
60.800	+3.608e+03	+4.699e+03	+9.104e+03	+0.566
60.900	+3.305e+03	+5.463e+03	+9.800e+03	+0.623
61.000	+4.903e+03	+4.915e+03	+7.769e+03	+0.501
61.100	+4.273e+03	+4.661e+03	+7.771e+03	+0.522
61.200	+3.486e+03	+5.810e+03	+7.612e+03	+0.625
61.300	+3.203e+03	+3.983e+03	+7.689e+03	+0.554
61.400	-3.991e+01	+8.384e+03	+7.641e+03	+1.005
61.500	+1.783e+02	+7.766e+03	+1.097e+04	+0.978
61.600	-1.563e+02	+8.306e+03	+9.850e+03	+1.019
61.700	+6.443e+02	+8.488e+03	+9.293e+03	+0.929
61.800	-1.057e+02	+8.212e+03	+1.191e+04	+1.013
61.900	+4.069e+02	+6.772e+03	+7.047e+03	+0.943
62.000	-6.014e+01	+9.150e+03	+1.068e+04	+1.007
62.100	+9.206e-01	+9.098e+03	+1.018e+04	+1.000
62.200	+2.006e+03	+7.354e+03	+9.474e+03	+0.786
62.300	+4.496e+03	+4.302e+03	+1.143e+04	+0.489
62.400	+4.252e+03	+5.329e+03	+9.599e+03	+0.556
62.500	+4.819e+03	+4.313e+03	+1.026e+04	+0.472
62.600	+3.800e+03	+5.111e+03	+1.105e+04	+0.574
62.700	+5.140e+03	+5.152e+03	+1.064e+04	+0.501
62.800	+4.921e+03	+4.899e+03	+1.070e+04	+0.499
62.900	+4.641e+03	+4.795e+03	+9.514e+03	+0.508
63.000	+3.690e+03	+3.917e+03	+1.007e+04	+0.515
63.100	+7.674e+03	+2.763e+03	+6.926e+03	+0.265
63.200	+8.051e+03	+6.369e+02	+1.071e+04	+0.073
63.300	+9.064e+03	+1.878e+03	+8.749e+03	+0.172
63.400	+8.943e+03	+2.554e+01	+7.131e+03	+0.003
63.500	+7.390e+03	+5.983e+01	+1.202e+04	+0.008
63.600	+8.913e+03	+2.279e+03	+1.081e+04	+0.204
63.700	+1.208e+04	+8.141e+02	+1.015e+04	+0.063
63.800	+8.206e+03	+1.522e+03	+9.785e+03	+0.156
63.900	+1.069e+04	+1.070e+03	+1.085e+04	+0.091
64.000	+6.451e+03	+8.442e+02	+8.288e+03	+0.116
64.100	+7.421e+03	+7.696e+01	+1.134e+04	+0.010
64.200	+5.930e+03	+1.349e+03	+1.103e+04	+0.185
64.300	+8.668e+03	+7.784e+02	+9.293e+03	+0.082
64.400	+9.165e+03	+8.929e+02	+9.090e+03	+0.089
64.500	+7.110e+03	+1.787e+03	+1.069e+04	+0.201
64.600	+4.752e+03	+5.838e+03	+9.365e+03	+0.551
64.700	+4.492e+03	+4.756e+03	+8.214e+03	+0.514
64.800	+4.386e+03	+2.947e+03	+8.933e+03	+0.402
64.900	+3.694e+03	+5.254e+03	+1.044e+04	+0.587
65.000	+4.072e+03	+4.794e+03	+9.799e+03	+0.541
65.100	+4.608e+03	+3.336e+03	+1.076e+04	+0.420
65.200	+1.986e+03	+7.800e+03	+9.991e+03	+0.797
65.300	+1.115e+03	+8.797e+03	+9.595e+03	+0.887
65.400	+2.505e+03	+5.682e+03	+1.063e+04	+0.694
65.500	+4.159e+03	+5.905e+03	+8.842e+03	+0.587
65.600	+3.828e+03	+4.013e+03	+1.032e+04	+0.512
65.700	+5.086e+03	+4.473e+03	+1.172e+04	+0.468
65.800	+3.600e+03	+5.670e+03	+9.255e+03	+0.612
65.900	+3.864e+03	+3.624e+03	+1.218e+04	+0.484
66.000	+4.732e+03	+4.749e+03	+1.115e+04	+0.501
66.100	+5.537e+03	+4.428e+03	+1.131e+04	+0.444
66.200	+6.784e+03	+3.715e+03	+1.096e+04	+0.354
66.300	+3.284e+03	+5.310e+03	+1.078e+04	+0.618
66.400	+1.862e+03	+8.450e+03	+8.560e+03	+0.819
66.500	-3.750e+02	+7.856e+03	+8.928e+03	+1.050
66.600	+1.497e+02	+8.013e+03	+8.962e+03	+0.982
66.700	+1.729e+03	+8.420e+03	+1.118e+04	+0.830
66.800	-1.506e+03	+5.903e+03	+6.129e+03	+1.342
66.900	-2.049e+02	+9.450e+03	+9.656e+03	+1.022
67.000	-4.737e+01	+8.304e+03	+1.047e+04	+1.006
67.100	-1.451e+02	+9.172e+03	+1.056e+04	+1.016
67.200	+2.322e+02	+8.885e+03	+1.055e+04	+0.975
67.300	-1.059e+03	+8.917e+03	+8.585e+03	+1.135
67.400	+8.117e+02	+8.842e+03	+1.119e+04	+0.916
67.500	+1.660e+02	+7.451e+03	+9.233e+03	+0.978
67.600	+2.740e+02	+6.767e+03	+1.262e+04	+0.961
67.700	-7.515e+02	+8.140e+03	+1.049e+04	+1.102
67.800	-4.114e+02	+9.993e+03	+8.194e+03	+1.043
67.900	+1.758e+02	+8.606e+03	+1.191e+04	+0.980
68.000	+3.336e+02	+9.593e+03	+7.257e+03	+0.966
68.100	-4.474e+02	+8.560e+03	+9.226e+03	+1.055
68.200	+7.062e+02	+9.096e+03	+1.086e+04	+0.928
68.300	-5.523e+02	+8.602e+03	+1.032e+04	+1.069
68.400	+1.185e+03	+8.446e+03	+8.562e+03	+0.877
68.500	+1.637e+03	+7.706e+03	+1.019e+04	+0.825
68.600	-6.789e+02	+8.677e+03	+1.118e+04	+1.085
68.700	+2.234e+03	+7.289e+03	+1.047e+04	+0.765
68.800	+3.021e+02	+7.085e+03	+1.070e+04	+0.959
68.900	+9.751e+02	+9.362e+03	+1.207e+04	+0.906
69.000	-1.399e+03	+9.150e+03	+1.023e+04	+1.181
69.100	+1.594e+03	+9.579e+03	+7.751e+03	+0.857
69.200	+3.092e+02	+8.182e+03	+8.798e+03	+0.964
69.300	-1.900e+02	+1.136e+04	+8.895e+03	+1.017
69.400	+1.573e+03	+5.672e+03	+9.716e+03	+0.783
69.500	+1.499e+03	+1.023e+04	+9.407e+03	+0.872
69.600	+4.945e+03	+4.328e+03	+8.163e+03	+0.467
69.700	+3.406e+03	+5.853e+03	+1.115e+04	+0.632
69.800	+4.096e+03	+3.402e+03	+9.948e+03	+0.454
69.900	+3.925e+03	+4.350e+03	+8.122e+03	+0.526
70.000	+5.106e+03	+5.343e+03	+1.056e+04	+0.511
70.100	+3.251e+03	+4.180e+03	+9.839e+03	+0.563
70.200	+2.948e+03	+4.568e+03	+9.730e+03	+0.608
70.300	+3.500e+03	+5.339e+03	+7.855e+03	+0.604
70.400	+2.809e+03	+5.566e+03	+6.080e+03	+0.665
70.500	+6.091e+03	+5.237e+03	+7.563e+03	+0.462
70.600	+6.618e+02	+1.001e+04	+1.012e+04	+0.938
70.700	-9.352e+02	+7.021e+03	+1.068e+04	+1.154
70.800	+7.459e+02	+9.830e+03	+8.665e+03	+0.929
70.900	-4.949e+02	+7.144e+03	+9.149e+03	+1.074
71.000	+2.277e+01	+8.169e+03	+1.100e+04	+0.997
71.100	+7.562e+02	+8.701e+03	+1.056e+04	+0.920
71.200	-7.808e+01	+9.934e+03	+1.077e+04	+1.008
71.300	+1.693e+03	+8.818e+03	+1.078e+04	+0.839
71.400	+5.149e+02	+8.262e+03	+1.081e+04	+0.941
71.500	+3.515e+02	+9.476e+03	+1.131e+04	+0.964
71.600	+1.521e+03	+7.396e+03	+1.110e+04	+0.829
71.700	+5.039e+01	+1.010e+04	+8.173e+03	+0.995
71.800	+1.923e+02	+8.969e+03	+9.322e+03	+0.979
71.900	-8.229e+02	+8.705e+03	+1.038e+04	+1.104
72.000	+5.253e+01	+9.383e+03	+1.192e+04	+0.994
72.100	-1.163e+01	+8.260e+03	+1.112e+04	+1.001
72.200	+3.650e+02	+9.482e+03	+1.060e+04	+0.963
72.300	-1.597e+02	+9.274e+03	+8.381e+03	+1.018
72.400	+7.337e+02	+1.114e+04	+8.202e+03	+0.938
72.500	-5.585e+02	+7.571e+03	+8.165e+03	+1.080
72.600	+5.194e+02	+1.104e+04	+1.067e+04	+0.955
72.700	-5.112e+01	+9.354e+03	+9.626e+03	+1.005
72.800	+1.228e+03	+7.790e+03	+8.345e+03	+0.864
72.900	-3.224e+02	+9.482e+03	+1.097e+04	+1.035
73.000	+1.514e+03	+1.036e+04	+1.055e+04	+0.873
73.100	+1.476e+03	+8.396e+03	+7.522e+03	+0.850
73.200	+1.269e+03	+1.103e+04	+1.127e+04	+0.897
73.300	+1.456e+03	+7.009e+03	+9.880e+03	+0.828
73.400	+3.773e+03	+5.373e+03	+1.129e+04	+0.587
73.500	+5.948e+03	+5.535e+03	+9.439e+03	+0.482
73.600	+3.304e+03	+5.710e+03	+9.873e+03	+0.633
73.700	+3.715e+03	+5.124e+03	+9.133e+03	+0.580
73.800	+3.542e+03	+6.887e+03	+1.042e+04	+0.660
73.900	+5.292e+03	+6.106e+03	+8.525e+03	+0.536
74.000	+3.782e+03	+5.062e+03	+1.099e+04	+0.572
74.100	+4.598e+03	+5.223e+03	+9.926e+03	+0.532
74.200	+3.462e+03	+4.402e+03	+8.330e+03	+0.560
74.300	+4.082e+03	+4.658e+03	+9.267e+03	+0.533
74.400	+4.319e+03	+4.522e+03	+9.017e+03	+0.511
74.500	+3.517e+03	+4.518e+03	+1.071e+04	+0.562
74.600	+3.060e+03	+4.019e+03	+9.775e+03	+0.568
74.700	+1.949e+03	+4.119e+03	+9.208e+03	+0.679
74.800	+6.125e+03	+4.576e+03	+1.215e+04	+0.428
74.900	+4.924e+03	+5.604e+03	+1.158e+04	+0.532
75.000	+2.831e+03	+4.785e+03	+1.009e+04	+0.628
75.100	+5.036e+03	+4.924e+03	+8.775e+03	+0.494
75.200	+2.919e+03	+5.586e+03	+9.436e+03	+0.657
75.300	+6.239e+03	+2.847e+03	+8.730e+03	+0.313
75.400	+9.306e+03	+2.072e+03	+9.580e+03	+0.182
75.500	+8.320e+03	+1.070e+03	+1.112e+04	+0.114
75.600	+7.890e+03	+7.333e+02	+1.063e+04	+0.085
75.700	+7.375e+03	-2.887e+02	+9.744e+03	-0.041
75.800	+7.824e+03	+4.904e+02	+1.054e+04	+0.059
75.900	+6.855e+03	-4.087e+02	+8.051e+03	-0.063
76.000	+5.909e+03	+1.846e+03	+9.476e+03	+0.238
76.100	+7.537e+03	+1.305e+03	+9.352e+03	+0.148
76.200	+9.035e+03	+2.045e+03	+7.571e+03	+0.185
76.300	+8.162e+03	-1.144e+02	+8.790e+03	-0.014
76.400	+6.054e+03	+1.016e+03	+1.185e+04	+0.144
76.500	+7.033e+03	+1.593e+03	+9.093e+03	+0.185
76.600	+7.169e+03	+1.222e+03	+1.053e+04	+0.146
76.700	+3.337e+03	+4.804e+03	+1.089e+04	+0.590
76.800	+1.298e+03	+9.400e+03	+1.130e+04	+0.879
76.900	-3.713e+02	+8.440e+03	+1.021e+04	+1.046
77.000	+8.258e+02	+8.940e+03	+7.911e+03	+0.915
77.100	+9.966e+02	+9.148e+03	+1.325e+04	+0.902
77.200	-5.928e+02	+1.027e+04	+8.905e+03	+1.061
77.300	-9.898e+01	+8.961e+03	+9.967e+03	+1.011
77.400	-3.655e+02	+8.426e+03	+8.664e+03	+1.045
77.500	-6.190e+02	+1.062e+04	+1.077e+04	+1.062
77.600	-1.543e+02	+1.023e+04	+9.797e+03	+1.015
77.700	+6.320e+02	+7.149e+03	+1.070e+04	+0.919
77.800	+1.733e+02	+9.247e+03	+9.595e+03	+0.982
77.900	-3.122e+01	+1.066e+04	+8.919e+03	+1.003
78.000	-2.525e+02	+9.331e+03	+1.136e+04	+1.028
78.100	-7.094e+02	+6.931e+03	+1.009e+04	+1.114
78.200	-3.386e+02	+7.849e+03	+7.430e+03	+1.045
78.300	+2.625e+02	+8.366e+03	+9.164e+03	+0.970
78.400	+2.677e+02	+9.503e+03	+9.704e+03	+0.973
78.500	+8.413e+01	+8.884e+03	+9.576e+03	+0.991
78.600	+2.963e+02	+6.913e+03	+1.134e+04	+0.959
78.700	+1.174e+03	+9.511e+03	+1.295e+04	+0.890
78.800	+2.094e+02	+7.959e+03	+1.095e+04	+0.974
78.900	+4.863e+03	+5.051e+03	+8.638e+03	+0.509
79.000	+3.129e+03	+5.871e+03	+8.899e+03	+0.652
79.100	+4.303e+03	+5.969e+03	+9.363e+03	+0.581
79.200	+3.136e+03	+4.433e+03	+8.680e+03	+0.586
79.300	+3.716e+03	+3.366e+03	+1.059e+04	+0.475
79.400	+4.525e+03	+4.816e+03	+8.759e+03	+0.516
79.500	+3.842e+03	+5.721e+03	+1.025e+04	+0.598
79.600	+4.718e+03	+6.780e+03	+7.230e+03	+0.590
79.700	+4.335e+03	+2.478e+03	+8.219e+03	+0.364
79.800	+2.018e+03	+4.706e+03	+9.123e+03	+0.700
79.900	+1.828e+03	+6.144e+03	+9.102e+03	+0.771
80.000	-7.425e+01	+8.159e+03	+1.047e+04	+1.009
80.100	+4.737e+01	+8.259e+03	+1.326e+04	+0.994
80.200	+9.830e+02	+8.613e+03	+9.240e+03	+0.898
80.300	+1.913e+03	+9.724e+03	+9.355e+03	+0.836
80.400	+9.053e+02	+7.243e+03	+9.772e+03	+0.889
80.500	+1.524e+02	+1.053e+04	+1.091e+04	+0.986
80.600	+1.959e+03	+8.667e+03	+1.081e+04	+0.816
80.700	+2.338e+02	+8.511e+03	+1.150e+04	+0.973
80.800	+3.853e+02	+6.220e+03	+1.165e+04	+0.942
80.900	+2.612e+02	+6.332e+03	+7.736e+03	+0.960
81.000	+8.856e+02	+7.516e+03	+1.013e+04	+0.895
81.100	+3.812e+02	+9.806e+03	+8.269e+03	+0.963
81.200	+1.722e+03	+9.599e+03	+9.712e+03	+0.848
81.300	+4.678e+02	+9.440e+03	+8.586e+03	+0.953
81.400	+4.200e+02	+8.944e+03	+1.052e+04	+0.955
81.500	+2.282e+02	+7.697e+03	+1.165e+04	+0.971
81.600	+7.465e+02	+8.967e+03	+9.422e+03	+0.923
81.700	+1.021e+03	+8.699e+03	+9.729e+03	+0.895
81.800	+1.293e+03	+8.300e+03	+1.136e+04	+0.865
81.900	+9.264e+02	+9.387e+03	+9.593e+03	+0.910
82.000	+7.253e+02	+9.906e+03	+1.068e+04	+0.932
82.100	-3.274e+02	+8.664e+03	+9.142e+03	+1.039
82.200	-1.071e+03	+9.271e+03	+9.214e+03	+1.131
82.300	+1.227e+03	+8.267e+03	+1.129e+04	+0.871
82.400	+2.316e+03	+9.174e+03	+8.030e+03	+0.798
82.500	+6.710e+02	+8.517e+03	+8.717e+03	+0.927
82.600	+7.931e+02	+8.557e+03	+1.341e+04	+0.915
82.700	+4.830e+03	+4.511e+03	+9.595e+03	+0.483
82.800	+8.494e+03	+1.991e+03	+9.323e+03	+0.190
82.900	+8.441e+02	+9.882e+03	+8.471e+03	+0.921
83.000	+1.817e+03	+8.378e+03	+9.757e+03	+0.822
83.100	+1.119e+03	+1.137e+04	+1.171e+04	+0.910
83.200	+1.114e+03	+8.673e+03	+1.059e+04	+0.886
83.300	-1.485e+02	+8.057e+03	+9.967e+03	+1.019
83.400	+1.049e+03	+7.784e+03	+9.818e+03	+0.881
83.500	+8.957e+02	+8.091e+03	+1.020e+04	+0.900
83.600	+9.719e+02	+8.273e+03	+1.034e+04	+0.895
83.700	+1.376e+03	+6.999e+03	+1.113e+04	+0.836
83.800	-4.947e+02	+7.604e+03	+1.095e+04	+1.070
83.900	+4.840e+02	+7.012e+03	+9.357e+03	+0.935
84.000	+1.079e+03	+8.220e+03	+8.016e+03	+0.884
84.100	+1.221e+03	+8.801e+03	+7.274e+03	+0.878
84.200	+5.807e+02	+1.104e+04	+1.012e+04	+0.950
84.300	+6.105e+02	+8.680e+03	+1.178e+04	+0.934
84.400	-5.604e+02	+1.062e+04	+1.081e+04	+1.056
84.500	-3.156e+02	+7.876e+03	+9.570e+03	+1.042
84.600	+5.248e+02	+9.140e+03	+1.279e+04	+0.946
84.700	+1.123e+03	+8.423e+03	+9.101e+03	+0.882
84.800	+7.738e+02	+8.277e+03	+1.050e+04	+0.914
84.900	+9.734e+02	+7.261e+03	+1.059e+04	+0.882
85.000	+1.842e+02	+9.775e+03	+1.139e+04	+0.981
85.100	+1.870e+02	+7.379e+03	+1.229e+04	+0.975
85.200	-1.021e+03	+1.153e+04	+9.002e+03	+1.097
85.300	+1.304e+03	+1.063e+04	+1.139e+04	+0.891
85.400	+1.332e+03	+9.625e+03	+8.536e+03	+0.878
85.500	+4.439e+02	+7.429e+03	+9.515e+03	+0.944
85.600	-6.524e+02	+7.566e+03	+1.198e+04	+1.094
85.700	+1.658e+02	+8.934e+03	+8.828e+03	+0.982
85.800	+1.902e+01	+1.109e+04	+1.180e+04	+0.998
85.900	+1.192e+03	+9.759e+03	+9.119e+03	+0.891
86.000	+9.647e+02	+7.963e+03	+1.127e+04	+0.892
86.100	+8.700e+02	+6.496e+03	+1.085e+04	+0.882
86.200	+1.221e+01	+1.010e+04	+9.566e+03	+0.999
86.300	+5.345e+02	+7.980e+03	+9.490e+03	+0.937
86.400	+5.132e+02	+8.314e+03	+9.735e+03	+0.942
86.500	+9.889e+01	+8.277e+03	+8.322e+03	+0.988
86.600	-1.342e+02	+7.766e+03	+1.009e+04	+1.018
86.700	+4.944e+02	+7.752e+03	+1.086e+04	+0.940
86.800	+8.782e+02	+8.257e+03	+1.103e+04	+0.904
86.900	+8.584e+02	+8.666e+03	+1.171e+04	+0.910
87.000	-5.543e+02	+1.032e+04	+1.161e+04	+1.057
87.100	-4.786e+01	+1.044e+04	+9.539e+03	+1.005
87.200	-8.116e+02	+7.956e+03	+9.428e+03	+1.114
87.300	-2.353e+02	+7.149e+03	+9.832e+03	+1.034
87.400	+2.656e+02	+9.883e+03	+9.971e+03	+0.974
