%t (s)	Idd (a.u.)	Ida (a.u.)	Iaa (a.u.)	FRET E
0.000	+6.748e+02	+7.744e+03	+1.102e+04	+0.920
0.100	+8.848e+02	+9.497e+03	+8.028e+03	+0.915
0.200	+1.786e+03	+8.414e+03	+1.012e+04	+0.825
0.300	+1.148e+03	+8.524e+03	+9.150e+03	+0.881
0.400	-1.668e+02	+8.164e+03	+1.064e+04	+1.021
0.500	+2.657e+03	+7.907e+03	+1.029e+04	+0.749
0.600	+1.472e+03	+8.618e+03	+7.145e+03	+0.854
0.700	+1.008e+03	+8.043e+03	+6.559e+03	+0.889
0.800	+7.797e+01	+6.696e+03	+8.875e+03	+0.988
0.900	+2.431e+03	+6.947e+03	+7.668e+03	+0.741
1.000	+4.340e+03	+5.900e+03	+9.358e+03	+0.576
1.100	+5.222e+03	+4.698e+03	+9.526e+03	+0.474
1.200	+4.740e+03	+3.963e+03	+1.121e+04	+0.455
1.300	+5.296e+03	+6.397e+03	+9.652e+03	+0.547
1.400	+3.922e+03	+4.828e+03	+9.092e+03	+0.552
1.500	+4.661e+03	+4.928e+03	+9.968e+03	+0.514
1.600	+3.811e+03	+4.198e+03	+7.306e+03	+0.524
1.700	+4.909e+03	+6.088e+03	+1.163e+04	+0.554
1.800	+4.734e+03	+4.559e+03	+8.861e+03	+0.491
1.900	+4.917e+03	+4.497e+03	+6.813e+03	+0.478
2.000	+4.964e+03	+3.824e+03	+1.006e+04	+0.435
2.100	+4.046e+03	+6.529e+03	+7.907e+03	+0.617
2.200	+4.352e+03	+5.371e+03	+9.525e+03	+0.552
2.300	+4.584e+03	+5.268e+03	+9.369e+03	+0.535
2.400	+3.524e+03	+5.636e+03	+7.946e+03	+0.615
2.500	+5.910e+03	+7.273e+03	+1.131e+04	+0.552
2.600	+4.363e+03	+5.873e+03	+1.133e+04	+0.574
2.700	+4.632e+03	+5.018e+03	+1.025e+04	+0.520
2.800	+5.053e+03	+7.173e+03	+8.354e+03	+0.587
2.900	+5.717e+03	+5.834e+03	+7.761e+03	+0.505
3.000	+4.115e+03	+5.559e+03	+1.036e+04	+0.575
3.100	+1.934e+03	+7.937e+03	+1.097e+04	+0.804
3.200	+4.187e+02	+9.286e+03	+9.532e+03	+0.957
3.300	+4.130e+02	+7.865e+03	+1.021e+04	+0.950
3.400	+7.907e+02	+6.660e+03	+9.988e+03	+0.894
3.500	+7.124e+01	+6.746e+03	+7.805e+03	+0.990
3.600	+8.525e+02	+7.215e+03	+1.006e+04	+0.894
3.700	+6.789e+02	+9.415e+03	+8.355e+03	+0.933
3.800	+8.953e+02	+7.348e+03	+1.018e+04	+0.891
3.900	+8.162e+02	+8.738e+03	+8.891e+03	+0.915
4.000	+2.823e+03	+7.756e+03	+8.459e+03	+0.733
4.100	+2.201e+03	+8.515e+03	+8.634e+03	+0.795
4.200	+1.994e+02	+8.525e+03	+7.846e+03	+0.977
4.300	+7.728e+02	+9.142e+03	+8.990e+03	+0.922
4.400	+2.657e+03	+7.950e+03	+1.087e+04	+0.750
4.500	+1.011e+03	+9.362e+03	+1.085e+04	+0.903
4.600	+1.192e+03	+9.031e+03	+8.875e+03	+0.883
4.700	+1.905e+03	+9.675e+03	+7.863e+03	+0.836
4.800	+7.270e+02	+9.908e+03	+1.065e+04	+0.932
4.900	+1.381e+03	+7.505e+03	+8.291e+03	+0.845
5.000	+2.117e+03	+8.680e+03	+9.322e+03	+0.804
5.100	+1.146e+03	+6.577e+03	+8.718e+03	+0.852
5.200	+6.297e+02	+6.655e+03	+8.377e+03	+0.914
5.300	+8.008e+00	+7.292e+03	+8.042e+03	+0.999
5.400	+1.425e+03	+8.686e+03	+8.958e+03	+0.859
5.500	+2.955e+03	+6.860e+03	+7.835e+03	+0.699
5.600	+1.341e+03	+9.468e+03	+1.224e+04	+0.876
5.700	+1.515e+03	+9.998e+03	+9.760e+03	+0.868
5.800	+4.881e+02	+6.507e+03	+8.375e+03	+0.930
5.900	+1.227e+02	+8.871e+03	+8.759e+03	+0.986
6.000	+1.917e+03	+7.427e+03	+1.006e+04	+0.795
6.100	+1.991e+03	+9.728e+03	+1.006e+04	+0.830
6.200	+1.666e+03	+7.997e+03	+1.192e+04	+0.828
6.300	+1.273e+03	+9.144e+03	+7.702e+03	+0.878
6.400	+1.358e+03	+8.521e+03	+8.798e+03	+0.863
6.500	-1.540e+03	+9.324e+03	+7.285e+03	+1.198
6.600	+1.297e+03	+8.629e+03	+8.375e+03	+0.869
6.700	+1.667e+03	+8.962e+03	+8.136e+03	+0.843
6.800	+1.992e+03	+9.808e+03	+9.776e+03	+0.831
6.900	+1.500e+03	+9.717e+03	+9.353e+03	+0.866
7.000	+1.804e+03	+8.818e+03	+8.455e+03	+0.830
7.100	+4.860e+02	+7.355e+03	+1.005e+04	+0.938
7.200	+1.551e+03	+8.352e+03	+9.335e+03	+0.843
7.300	-7.722e+02	+8.642e+03	+1.010e+04	+1.098
7.400	+1.610e+03	+8.978e+03	+8.441e+03	+0.848
7.500	+2.681e+03	+1.007e+04	+7.299e+03	+0.790
7.600	+1.555e+03	+6.502e+03	+7.691e+03	+0.807
7.700	+8.363e+02	+8.678e+03	+9.347e+03	+0.912
7.800	+9.467e+02	+9.175e+03	+1.022e+04	+0.906
7.900	+1.925e+03	+8.122e+03	+7.527e+03	+0.808
8.000	+6.618e+02	+7.453e+03	+1.077e+04	+0.918
8.100	+5.906e+02	+8.532e+03	+6.515e+03	+0.935
8.200	+1.127e+03	+7.905e+03	+1.002e+04	+0.875
8.300	+7.113e+02	+9.661e+03	+6.256e+03	+0.931
8.400	+1.138e+03	+8.960e+03	+1.064e+04	+0.887
8.500	+2.319e+03	+8.439e+03	+9.736e+03	+0.784
8.600	+1.593e+03	+6.321e+03	+8.774e+03	+0.799
8.700	+1.807e+03	+7.302e+03	+8.128e+03	+0.802
8.800	+5.024e+02	+8.416e+03	+8.107e+03	+0.944
8.900	+4.642e+02	+8.472e+03	+9.270e+03	+0.948
9.000	+2.292e+02	+8.395e+03	+8.894e+03	+0.973
9.100	+3.672e+03	+7.203e+03	+1.046e+04	+0.662
9.200	+3.046e+03	+6.690e+03	+1.076e+04	+0.687
9.300	+5.837e+03	+6.643e+03	+7.971e+03	+0.532
9.400	+3.075e+03	+5.416e+03	+8.956e+03	+0.638
9.500	+4.959e+03	+5.379e+03	+1.053e+04	+0.520
9.600	+5.091e+03	+3.207e+03	+1.034e+04	+0.386
9.700	+4.695e+03	+3.903e+03	+7.090e+03	+0.454
9.800	+4.365e+03	+5.328e+03	+1.209e+04	+0.550
9.900	+3.344e+03	+5.269e+03	+1.105e+04	+0.612
10.000	+5.365e+03	+5.433e+03	+1.073e+04	+0.503
10.100	+5.013e+03	+7.376e+03	+1.109e+04	+0.595
10.200	+2.645e+03	+5.478e+03	+1.091e+04	+0.674
10.300	+2.371e+03	+7.800e+03	+1.025e+04	+0.767
10.400	+9.407e+02	+5.826e+03	+8.705e+03	+0.861
10.500	+5.715e+02	+8.146e+03	+1.107e+04	+0.934
10.600	+8.105e+02	+9.895e+03	+7.849e+03	+0.924
10.700	+2.481e+03	+7.096e+03	+9.820e+03	+0.741
10.800	+9.853e+02	+6.972e+03	+8.152e+03	+0.876
10.900	+5.518e+02	+6.328e+03	+9.352e+03	+0.920
11.000	-1.683e+01	+7.703e+03	+7.931e+03	+1.002
11.100	+1.531e+02	+1.003e+04	+9.024e+03	+0.985
11.200	+9.594e+01	+1.003e+04	+6.315e+03	+0.991
11.300	+1.948e+03	+8.654e+03	+7.833e+03	+0.816
11.400	+1.105e+03	+9.475e+03	+8.993e+03	+0.896
11.500	+3.524e+02	+7.706e+03	+7.149e+03	+0.956
11.600	+2.214e+03	+8.663e+03	+1.072e+04	+0.796
11.700	+1.384e+03	+7.043e+03	+7.252e+03	+0.836
11.800	+2.959e+02	+8.940e+03	+9.791e+03	+0.968
11.900	+3.216e+02	+9.242e+03	+8.475e+03	+0.966
12.000	+1.588e+02	+7.721e+03	+9.403e+03	+0.980
12.100	-4.312e+01	+6.551e+03	+9.412e+03	+1.007
12.200	+2.494e+02	+6.855e+03	+8.360e+03	+0.965
12.300	+2.071e+03	+6.931e+03	+8.412e+03	+0.770
12.400	-6.911e+02	+7.698e+03	+8.249e+03	+1.099
12.500	+7.993e+02	+8.454e+03	+8.768e+03	+0.914
12.600	+4.652e+03	+6.035e+03	+9.371e+03	+0.565
12.700	+5.114e+03	+4.879e+03	+1.045e+04	+0.488
12.800	+4.867e+03	+3.447e+03	+1.111e+04	+0.415
12.900	+3.857e+03	+5.319e+03	+9.874e+03	+0.580
13.000	+5.760e+03	+4.102e+03	+8.295e+03	+0.416
13.100	+3.334e+03	+4.533e+03	+9.271e+03	+0.576
13.200	+4.571e+03	+6.249e+03	+1.032e+04	+0.578
13.300	+4.074e+03	+5.764e+03	+9.958e+03	+0.586
13.400	+5.908e+03	+6.495e+03	+8.534e+03	+0.524
13.500	+3.418e+03	+5.101e+03	+1.307e+04	+0.599
13.600	+4.453e+03	+6.462e+03	+1.135e+04	+0.592
13.700	+4.419e+03	+4.668e+03	+7.905e+03	+0.514
13.800	+6.340e+03	+1.590e+03	+1.119e+04	+0.201
13.900	+7.009e+03	+1.100e+03	+1.046e+04	+0.136
14.000	+7.515e+03	+1.054e+03	+1.080e+04	+0.123
14.100	+6.159e+03	+9.358e+02	+9.477e+03	+0.132
14.200	+9.329e+03	+8.769e+02	+8.710e+03	+0.086
14.300	+7.483e+03	+2.855e+03	+9.506e+03	+0.276
14.400	+7.889e+03	+7.617e+02	+8.492e+03	+0.088
14.500	+2.456e+03	+7.995e+03	+9.298e+03	+0.765
14.600	+1.747e+03	+6.721e+03	+5.698e+03	+0.794
14.700	+1.755e+03	+7.274e+03	+1.085e+04	+0.806
14.800	+4.862e+02	+8.428e+03	+9.588e+03	+0.945
14.900	+5.735e+02	+8.021e+03	+7.519e+03	+0.933
15.000	+2.042e+02	+9.378e+03	+9.976e+03	+0.979
15.100	+3.887e+02	+8.131e+03	+1.116e+04	+0.954
15.200	+1.145e+03	+6.956e+03	+8.777e+03	+0.859
15.300	+1.388e+03	+8.599e+03	+9.655e+03	+0.861
15.400	+4.516e+03	+4.683e+03	+1.101e+04	+0.509
15.500	+3.432e+03	+6.205e+03	+9.118e+03	+0.644
15.600	+1.371e+03	+7.575e+03	+1.007e+04	+0.847
15.700	-2.401e+02	+7.163e+03	+9.742e+03	+1.035
15.800	+1.488e+03	+9.433e+03	+9.604e+03	+0.864
15.900	+9.937e+02	+7.655e+03	+1.134e+04	+0.885
16.000	+2.535e+02	+8.719e+03	+1.047e+04	+0.972
16.100	-1.110e+03	+8.115e+03	+7.517e+03	+1.159
16.200	+1.907e+03	+8.641e+03	+9.458e+03	+0.819
16.300	+3.711e+03	+7.202e+03	+9.520e+03	+0.660
16.400	+5.087e+03	+4.867e+03	+9.948e+03	+0.489
16.500	+5.573e+03	+4.352e+03	+1.008e+04	+0.439
16.600	+5.571e+03	+6.109e+03	+9.297e+03	+0.523
16.700	+4.419e+03	+4.503e+03	+1.111e+04	+0.505
16.800	+4.102e+03	+4.284e+03	+8.376e+03	+0.511
16.900	+5.048e+03	+5.202e+03	+1.101e+04	+0.507
17.000	+3.171e+03	+5.792e+03	+8.754e+03	+0.646
17.100	+2.450e+03	+6.709e+03	+8.246e+03	+0.732
17.200	-6.596e+02	+9.650e+03	+7.885e+03	+1.073
17.300	+1.762e+03	+8.392e+03	+8.315e+03	+0.827
17.400	+1.798e+03	+7.426e+03	+8.736e+03	+0.805
17.500	+3.957e+03	+5.775e+03	+1.072e+04	+0.593
17.600	+4.565e+03	+6.149e+03	+1.009e+04	+0.574
17.700	+3.788e+03	+5.813e+03	+8.849e+03	+0.605
17.800	+5.806e+03	+4.523e+03	+9.936e+03	+0.438
17.900	+4.123e+03	+4.031e+03	+9.192e+03	+0.494
18.000	+4.346e+03	+3.720e+03	+1.008e+04	+0.461
18.100	+6.313e+03	+4.225e+03	+1.121e+04	+0.401
18.200	+5.244e+03	+5.961e+03	+8.532e+03	+0.532
18.300	+4.940e+03	+3.780e+03	+1.149e+04	+0.433
18.400	+4.309e+03	+4.646e+03	+7.807e+03	+0.519
18.500	+3.402e+03	+5.761e+03	+9.989e+03	+0.629
18.600	+3.748e+03	+4.752e+03	+8.525e+03	+0.559
18.700	+4.361e+03	+3.211e+03	+1.070e+04	+0.424
18.800	+4.213e+03	+6.478e+03	+1.170e+04	+0.606
18.900	+4.603e+03	+4.731e+03	+8.998e+03	+0.507
19.000	+4.131e+03	+5.167e+03	+9.216e+03	+0.556
19.100	+3.974e+03	+5.917e+03	+9.577e+03	+0.598
19.200	+6.311e+03	+3.591e+03	+9.526e+03	+0.363
19.300	+6.533e+03	+5.813e+03	+8.008e+03	+0.471
19.400	+3.693e+03	+4.423e+03	+9.160e+03	+0.545
19.500	+4.777e+03	+4.165e+03	+1.162e+04	+0.466
19.600	+4.622e+03	+6.197e+03	+9.184e+03	+0.573
19.700	+4.579e+03	+4.858e+03	+1.048e+04	+0.515
19.800	+4.719e+03	+3.919e+03	+1.164e+04	+0.454
19.900	+4.318e+03	+3.728e+03	+1.003e+04	+0.463
20.000	+5.345e+03	+4.796e+03	+9.019e+03	+0.473
20.100	+5.417e+03	+4.631e+03	+7.518e+03	+0.461
20.200	+6.014e+03	+4.769e+03	+8.588e+03	+0.442
20.300	+4.492e+03	+4.747e+03	+9.926e+03	+0.514
20.400	+3.995e+03	+6.530e+03	+1.151e+04	+0.620
20.500	+7.833e+03	+1.578e+03	+1.025e+04	+0.168
20.600	+8.825e+03	+3.085e+02	+1.032e+04	+0.034
20.700	+9.496e+03	-1.147e+03	+8.847e+03	-0.137
20.800	+7.903e+03	+1.128e+03	+8.487e+03	+0.125
20.900	+1.016e+04	+9.829e+02	+7.748e+03	+0.088
21.000	+7.408e+03	+2.031e+03	+1.076e+04	+0.215
21.100	+8.219e+03	+1.127e+03	+7.656e+03	+0.121
21.200	+8.913e+03	+1.472e+03	+8.247e+03	+0.142
21.300	+7.405e+03	+2.038e+03	+7.558e+03	+0.216
21.400	+8.717e+03	-8.214e+02	+9.909e+03	-0.104
21.500	+6.804e+03	+1.086e+02	+7.258e+03	+0.016
21.600	+9.657e+03	+8.652e+01	+9.734e+03	+0.009
21.700	+8.577e+03	+8.288e+02	+1.131e+04	+0.088
21.800	+9.940e+03	+2.628e+03	+1.050e+04	+0.209
21.900	+5.109e+03	+3.585e+03	+9.495e+03	+0.412
22.000	+1.955e+03	+8.444e+03	+9.456e+03	+0.812
22.100	-5.670e+02	+8.900e+03	+7.685e+03	+1.068
22.200	+1.399e+03	+7.548e+03	+9.542e+03	+0.844
22.300	+9.097e+02	+7.010e+03	+9.595e+03	+0.885
22.400	+3.700e+02	+7.340e+03	+7.718e+03	+0.952
22.500	+2.194e+03	+7.314e+03	+8.656e+03	+0.769
22.600	+2.108e+03	+8.139e+03	+9.455e+03	+0.794
22.700	+1.592e+03	+7.807e+03	+8.954e+03	+0.831
22.800	+9.600e+02	+8.228e+03	+9.720e+03	+0.896
22.900	+1.462e+03	+1.005e+04	+7.825e+03	+0.873
23.000	-3.486e+02	+7.874e+03	+8.761e+03	+1.046
23.100	+6.325e+02	+8.936e+03	+8.017e+03	+0.934
23.200	+4.075e+02	+8.941e+03	+9.175e+03	+0.956
23.300	-5.490e+02	+1.067e+04	+1.168e+04	+1.054
23.400	-4.438e+02	+9.034e+03	+8.338e+03	+1.052
23.500	+2.047e+03	+7.592e+03	+1.028e+04	+0.788
23.600	+6.760e+00	+9.599e+03	+7.525e+03	+0.999
23.700	+1.360e+03	+7.985e+03	+7.736e+03	+0.854
23.800	+1.790e+03	+7.770e+03	+7.688e+03	+0.813
23.900	+2.890e+03	+6.753e+03	+9.521e+03	+0.700
24.000	+7.135e+03	+5.572e+02	+1.123e+04	+0.072
24.100	+8.080e+03	+6.073e+02	+8.999e+03	+0.070
24.200	+7.293e+03	+1.115e+03	+1.018e+04	+0.133
24.300	+6.616e+03	+1.195e+03	+1.006e+04	+0.153
24.400	+6.130e+03	+2.510e+03	+1.104e+04	+0.291
24.500	+4.827e+03	+5.917e+03	+7.971e+03	+0.551
24.600	+3.505e+03	+5.057e+03	+8.924e+03	+0.591
24.700	+3.122e+03	+3.549e+03	+9.002e+03	+0.532
24.800	+2.433e+03	+5.174e+03	+1.076e+04	+0.680
24.900	+4.455e+03	+4.852e+03	+8.134e+03	+0.521
25.000	+5.666e+03	+3.772e+03	+9.039e+03	+0.400
25.100	+3.943e+03	+2.975e+03	+7.019e+03	+0.430
25.200	+4.526e+03	+5.893e+03	+8.525e+03	+0.566
25.300	+4.311e+03	+6.932e+03	+9.220e+03	+0.617
25.400	+6.363e+03	+5.651e+03	+9.127e+03	+0.470
25.500	+3.817e+03	+5.347e+03	+9.558e+03	+0.583
25.600	+4.952e+03	+4.587e+03	+9.663e+03	+0.481
25.700	+4.102e+03	+4.091e+03	+1.208e+04	+0.499
25.800	+6.043e+03	+5.306e+03	+9.692e+03	+0.468
25.900	+5.296e+03	+4.878e+03	+1.254e+04	+0.479
26.000	+5.662e+03	+5.018e+03	+9.393e+03	+0.470
26.100	+7.967e+03	-4.864e+02	+9.640e+03	-0.065
26.200	+9.529e+03	-1.007e+03	+1.081e+04	-0.118
26.300	+8.732e+03	+8.938e+02	+8.926e+03	+0.093
26.400	+1.045e+04	+1.051e+03	+7.921e+03	+0.091
26.500	+6.609e+03	+1.069e+03	+8.761e+03	+0.139
26.600	+8.690e+03	+8.244e+02	+8.822e+03	+0.087
26.700	+7.482e+03	-4.596e+02	+8.419e+03	-0.065
26.800	+7.943e+03	+1.866e+03	+8.844e+03	+0.190
26.900	+7.579e+03	+1.294e+03	+7.102e+03	+0.146
27.000	+9.298e+03	-1.023e+03	+8.549e+03	-0.124
27.100	+4.906e+03	+1.099e+03	+1.019e+04	+0.183
27.200	+8.555e+03	+1.258e+03	+7.873e+03	+0.128
27.300	+8.353e+03	+8.723e+02	+8.985e+03	+0.095
27.400	+7.583e+03	+1.348e+02	+9.065e+03	+0.017
27.500	+7.468e+03	+2.322e+03	+8.340e+03	+0.237
27.600	+8.601e+03	+7.677e+01	+7.166e+03	+0.009
27.700	+7.824e+03	+4.375e+02	+9.922e+03	+0.053
27.800	+8.916e+03	+1.860e+03	+9.270e+03	+0.173
27.900	+6.980e+03	+5.725e+02	+7.873e+03	+0.076
28.000	+8.145e+03	-3.995e+02	+9.405e+03	-0.052
28.100	+8.818e+03	+5.571e+02	+9.268e+03	+0.059
28.200	+5.929e+03	-4.031e+02	+1.004e+04	-0.073
28.300	+8.453e+03	+7.885e+02	+8.606e+03	+0.085
28.400	+6.906e+03	+3.149e+02	+1.176e+04	+0.044
28.500	+8.699e+03	+1.614e+03	+8.336e+03	+0.157
28.600	+8.348e+03	+7.844e+01	+9.358e+03	+0.009
28.700	+1.022e+04	+8.945e+02	+9.811e+03	+0.080
28.800	+9.268e+03	+3.023e+02	+9.024e+03	+0.032
28.900	+9.833e+03	+6.361e+02	+9.070e+03	+0.061
29.000	+7.778e+03	-6.492e+02	+1.225e+04	-0.091
29.100	+6.712e+03	+7.714e+02	+1.041e+04	+0.103
29.200	+7.158e+03	+1.234e+03	+9.698e+03	+0.147
29.300	+8.466e+03	-6.506e+02	+8.900e+03	-0.083
29.400	+7.218e+03	+1.971e+03	+8.963e+03	+0.215
29.500	+8.402e+03	+4.070e+02	+9.943e+03	+0.046
29.600	+7.030e+03	+9.866e+02	+6.562e+03	+0.123
29.700	+9.116e+03	+3.740e+02	+7.439e+03	+0.039
29.800	+7.043e+03	-9.600e+02	+1.005e+04	-0.158
29.900	+8.097e+03	+8.069e+02	+9.308e+03	+0.091
30.000	+5.799e+03	+1.281e+03	+7.356e+03	+0.181
30.100	+9.317e+03	+3.356e+01	+9.630e+03	+0.004
30.200	+8.536e+03	+2.662e+03	+1.001e+04	+0.238
30.300	+8.236e+03	+9.755e+02	+1.027e+04	+0.106
30.400	+9.778e+03	+9.224e+02	+1.027e+04	+0.086
30.500	+7.256e+03	+2.312e+03	+8.625e+03	+0.242
30.600	+5.704e+03	+5.023e+03	+1.029e+04	+0.468
30.700	+5.207e+03	+6.207e+03	+9.055e+03	+0.544
30.800	+4.662e+03	+6.373e+03	+8.436e+03	+0.578
30.900	+4.172e+03	+6.847e+03	+1.015e+04	+0.621
31.000	+5.089e+03	+5.178e+03	+9.747e+03	+0.504
31.100	+9.328e+02	+6.925e+03	+8.224e+03	+0.881
31.200	+9.201e+02	+7.761e+03	+7.169e+03	+0.894
31.300	+9.324e+02	+7.687e+03	+9.795e+03	+0.892
31.400	+9.473e+02	+9.841e+03	+8.433e+03	+0.912
31.500	+7.750e+02	+9.035e+03	+6.992e+03	+0.921
31.600	+2.423e+03	+7.954e+03	+7.975e+03	+0.767
31.700	+1.745e+03	+1.018e+04	+7.822e+03	+0.854
31.800	+2.127e+03	+7.856e+03	+6.047e+03	+0.787
31.900	+1.412e+02	+8.797e+03	+8.622e+03	+0.984
32.000	+1.770e+03	+8.493e+03	+8.483e+03	+0.827
32.100	+1.025e+03	+1.059e+04	+8.872e+03	+0.912
32.200	+2.275e+03	+7.648e+03	+8.473e+03	+0.771
32.300	+2.207e+03	+8.873e+03	+7.564e+03	+0.801
32.400	+4.531e+02	+9.799e+03	+8.641e+03	+0.956
32.500	+1.764e+03	+9.609e+03	+9.587e+03	+0.845
32.600	+9.655e+02	+9.062e+03	+7.894e+03	+0.904
32.700	+8.180e+02	+9.052e+03	+1.145e+04	+0.917
32.800	+7.131e+02	+7.714e+03	+8.758e+03	+0.915
32.900	+1.522e+03	+8.456e+03	+8.163e+03	+0.847
33.000	-7.665e+02	+8.895e+03	+8.455e+03	+1.094
33.100	+8.503e+01	+9.518e+03	+6.941e+03	+0.991
33.200	+1.598e+03	+9.206e+03	+7.618e+03	+0.852
33.300	+2.012e+03	+7.918e+03	+6.603e+03	+0.797
33.400	+6.832e+02	+7.378e+03	+8.535e+03	+0.915
33.500	+7.041e+02	+9.089e+03	+1.086e+04	+0.928
33.600	+8.843e+02	+8.040e+03	+7.592e+03	+0.901
33.700	+1.071e+03	+8.632e+03	+9.422e+03	+0.890
33.800	+6.225e+02	+8.615e+03	+9.278e+03	+0.933
33.900	+9.946e+02	+5.965e+03	+1.124e+04	+0.857
34.000	-3.898e+01	+8.944e+03	+8.564e+03	+1.004
34.100	+1.931e+03	+9.516e+03	+7.894e+03	+0.831
34.200	+5.018e+02	+8.704e+03	+7.865e+03	+0.945
34.300	+1.622e+03	+9.927e+03	+7.193e+03	+0.860
34.400	+7.851e+02	+8.757e+03	+8.654e+03	+0.918
34.500	+2.402e+02	+8.757e+03	+6.240e+03	+0.973
34.600	+1.255e+03	+8.064e+03	+7.105e+03	+0.865
34.700	+1.933e+03	+9.012e+03	+7.373e+03	+0.823
34.800	+1.371e+03	+9.431e+03	+7.402e+03	+0.873
34.900	+5.439e+02	+8.195e+03	+8.522e+03	+0.938
35.000	+6.933e+02	+7.151e+03	+7.408e+03	+0.912
35.100	+1.942e+03	+7.821e+03	+9.599e+03	+0.801
35.200	+1.927e+03	+6.119e+03	+7.845e+03	+0.761
35.300	+1.829e+03	+8.586e+03	+7.770e+03	+0.824
35.400	+1.661e+03	+8.675e+03	+8.052e+03	+0.839
35.500	+8.884e+02	+1.001e+04	+9.415e+03	+0.918
35.600	+1.445e+03	+8.068e+03	+6.886e+03	+0.848
35.700	+2.429e+03	+9.185e+03	+8.781e+03	+0.791
35.800	+7.455e+02	+7.294e+03	+8.377e+03	+0.907
35.900	+2.335e+03	+8.590e+03	+5.376e+03	+0.786
36.000	+1.206e+03	+8.866e+03	+1.000e+04	+0.880
36.100	+1.346e+03	+8.701e+03	+1.031e+04	+0.866
36.200	+6.777e+02	+8.491e+03	+7.858e+03	+0.926
36.300	+2.066e+03	+8.382e+03	+1.082e+04	+0.802
36.400	-1.080e+03	+6.692e+03	+9.846e+03	+1.193
36.500	+1.682e+03	+7.886e+03	+7.265e+03	+0.824
36.600	+1.324e+03	+6.014e+03	+1.125e+04	+0.820
36.700	+4.726e+02	+9.378e+03	+9.208e+03	+0.952
36.800	+2.772e+03	+3.623e+03	+9.904e+03	+0.567
36.900	+4.575e+03	+5.486e+03	+6.506e+03	+0.545
37.000	+6.341e+03	+2.367e+03	+1.117e+04	+0.272
37.100	+7.779e+03	+1.225e+03	+1.058e+04	+0.136
37.200	+9.918e+03	-4.679e+02	+7.960e+03	-0.050
37.300	+8.009e+03	+1.321e+03	+1.065e+04	+0.142
37.400	+8.397e+03	+9.884e+02	+9.778e+03	+0.105
37.500	+6.738e+03	+1.941e+02	+7.923e+03	+0.028
37.600	+8.208e+03	+6.824e+02	+1.043e+04	+0.077
37.700	+8.262e+03	+7.885e+02	+9.779e+03	+0.087
37.800	+7.417e+03	-6.909e+02	+8.735e+03	-0.103
37.900	+2.416e+03	+6.489e+03	+8.963e+03	+0.729
38.000	+7.043e+02	+7.945e+03	+8.923e+03	+0.919
38.100	+1.514e+03	+6.446e+03	+8.293e+03	+0.810
38.200	+1.049e+03	+7.975e+03	+7.125e+03	+0.884
38.300	+9.937e+02	+8.624e+03	+7.602e+03	+0.897
38.400	+1.398e+03	+6.199e+03	+9.522e+03	+0.816
38.500	-1.928e+02	+5.629e+03	+9.351e+03	+1.035
38.600	+1.254e+03	+9.250e+03	+1.059e+04	+0.881
38.700	+1.262e+03	+8.767e+03	+7.443e+03	+0.874
38.800	+1.917e+03	+1.134e+04	+7.855e+03	+0.855
38.900	+8.784e+02	+7.618e+03	+8.216e+03	+0.897
39.000	+8.856e+02	+9.334e+03	+1.115e+04	+0.913
39.100	+9.660e+02	+7.952e+03	+1.121e+04	+0.892
39.200	+1.220e+03	+7.929e+03	+9.364e+03	+0.867
39.300	+1.609e+03	+6.422e+03	+6.735e+03	+0.800
39.400	-4.103e+02	+8.160e+03	+8.622e+03	+1.053
39.500	+8.971e+01	+9.729e+03	+8.976e+03	+0.991
39.600	+1.266e+03	+7.041e+03	+8.926e+03	+0.848
39.700	+1.539e+03	+9.266e+03	+1.035e+04	+0.858
39.800	+1.860e+03	+1.094e+04	+1.086e+04	+0.855
39.900	+1.354e+03	+9.755e+03	+8.352e+03	+0.878
40.000	+4.156e+02	+9.040e+03	+8.749e+03	+0.956
40.100	+1.467e+03	+7.448e+03	+1.045e+04	+0.835
40.200	+3.019e+03	+5.722e+03	+8.958e+03	+0.655
40.300	+4.121e+03	+4.787e+03	+8.554e+03	+0.537
40.400	+5.054e+03	+4.677e+03	+1.076e+04	+0.481
40.500	+5.795e+03	+4.707e+03	+1.041e+04	+0.448
40.600	+8.850e+03	+1.403e+01	+9.534e+03	+0.002
40.700	+7.832e+03	+5.410e+02	+9.150e+03	+0.065
40.800	+3.314e+03	+5.461e+03	+9.332e+03	+0.622
40.900	+6.582e+02	+7.220e+03	+7.372e+03	+0.916
41.000	+7.264e+02	+7.509e+03	+9.112e+03	+0.912
41.100	-3.849e+02	+7.080e+03	+9.784e+03	+1.057
41.200	+1.711e+03	+7.791e+03	+1.009e+04	+0.820
41.300	+2.123e+03	+9.487e+03	+6.007e+03	+0.817
41.400	+2.001e+03	+9.949e+03	+1.015e+04	+0.833
41.500	+1.587e+03	+8.129e+03	+5.930e+03	+0.837
41.600	+2.651e+03	+7.605e+03	+1.000e+04	+0.742
41.700	+6.517e+03	+5.392e+03	+7.022e+03	+0.453
41.800	+4.727e+03	+5.256e+03	+5.446e+03	+0.527
41.900	+3.373e+03	+3.948e+03	+1.099e+04	+0.539
42.000	+5.350e+03	+4.913e+03	+1.109e+04	+0.479
42.100	+5.811e+03	+5.134e+03	+1.023e+04	+0.469
42.200	+6.722e+03	+5.299e+03	+1.028e+04	+0.441
42.300	+5.897e+03	+6.183e+03	+8.357e+03	+0.512
42.400	+2.987e+03	+5.374e+03	+9.108e+03	+0.643
42.500	+2.424e+03	+6.912e+03	+9.494e+03	+0.740
42.600	+4.504e+02	+6.878e+03	+6.948e+03	+0.939
42.700	+1.474e+03	+6.327e+03	+9.474e+03	+0.811
42.800	+1.541e+03	+8.599e+03	+7.516e+03	+0.848
42.900	+1.037e+03	+8.342e+03	+9.348e+03	+0.889
43.000	+1.503e+03	+8.897e+03	+1.046e+04	+0.855
43.100	+1.390e+03	+8.985e+03	+7.257e+03	+0.866
43.200	+6.531e+02	+6.862e+03	+1.044e+04	+0.913
43.300	+4.175e+03	+4.286e+03	+9.388e+03	+0.507
43.400	+4.707e+03	+4.682e+03	+8.954e+03	+0.499
43.500	+4.705e+03	+5.359e+03	+9.115e+03	+0.532
43.600	+3.665e+03	+4.339e+03	+1.005e+04	+0.542
43.700	+4.625e+03	+4.572e+03	+9.653e+03	+0.497
43.800	+4.971e+03	+5.259e+03	+9.370e+03	+0.514
43.900	+5.226e+03	+3.960e+03	+1.018e+04	+0.431
44.000	+4.714e+03	+4.239e+03	+1.151e+04	+0.473
44.100	+3.207e+03	+5.081e+03	+1.063e+04	+0.613
44.200	+3.502e+03	+5.385e+03	+1.049e+04	+0.606
44.300	+5.550e+03	+5.127e+03	+1.119e+04	+0.480
44.400	+4.217e+03	+4.976e+03	+1.001e+04	+0.541
44.500	+4.082e+03	+3.643e+03	+9.085e+03	+0.472
44.600	+4.248e+03	+6.678e+03	+8.858e+03	+0.611
44.700	+1.249e+03	+8.827e+03	+1.013e+04	+0.876
44.800	+1.170e+03	+7.359e+03	+8.775e+03	+0.863
44.900	+1.823e+03	+9.747e+03	+9.403e+03	+0.842
45.000	-4.876e+02	+8.273e+03	+9.535e+03	+1.063
45.100	+1.159e+03	+8.833e+03	+7.539e+03	+0.884
45.200	-8.321e+02	+7.315e+03	+7.870e+03	+1.128
45.300	+1.219e+03	+6.897e+03	+8.917e+03	+0.850
45.400	+4.823e+02	+7.727e+03	+9.422e+03	+0.941
45.500	+2.211e+03	+8.797e+03	+6.355e+03	+0.799
45.600	+3.193e+03	+9.146e+03	+9.253e+03	+0.741
45.700	+7.434e+00	+8.054e+03	+8.580e+03	+0.999
45.800	+3.410e+03	+6.456e+03	+9.617e+03	+0.654
45.900	+1.516e+03	+8.017e+03	+9.586e+03	+0.841
46.000	+1.169e+03	+1.047e+04	+8.847e+03	+0.900
46.100	+3.681e+03	+6.095e+03	+8.990e+03	+0.623
46.200	+3.864e+03	+4.648e+03	+9.116e+03	+0.546
46.300	+4.686e+03	+2.249e+03	+8.913e+03	+0.324
46.400	+7.155e+02	+7.648e+03	+8.841e+03	+0.914
46.500	+3.635e+02	+9.504e+03	+1.069e+04	+0.963
46.600	+1.043e+03	+1.009e+04	+1.074e+04	+0.906
46.700	+2.733e+03	+9.084e+03	+8.420e+03	+0.769
46.800	+7.960e+02	+9.154e+03	+7.859e+03	+0.920
46.900	+1.133e+03	+8.712e+03	+1.024e+04	+0.885
47.000	-3.708e+02	+8.601e+03	+1.008e+04	+1.045
47.100	+1.584e+03	+8.000e+03	+7.606e+03	+0.835
47.200	+6.338e+02	+8.668e+03	+9.866e+03	+0.932
47.300	+5.767e+03	+5.947e+03	+1.120e+04	+0.508
47.400	+7.388e+03	+1.598e+03	+9.848e+03	+0.178
47.500	+7.331e+03	+2.111e+02	+1.101e+04	+0.028
47.600	+7.749e+03	+4.851e+02	+1.048e+04	+0.059
47.700	+7.810e+03	+8.203e+02	+8.228e+03	+0.095
47.800	+7.574e+03	+2.130e+03	+8.625e+03	+0.219
47.900	+8.481e+03	+9.850e+01	+7.523e+03	+0.011
48.000	+6.682e+03	-2.291e+02	+9.032e+03	-0.036
48.100	+8.234e+03	+1.144e+03	+1.053e+04	+0.122
48.200	+6.982e+03	+1.788e+03	+8.231e+03	+0.204
48.300	+6.191e+03	+2.364e+03	+1.107e+04	+0.276
48.400	+7.241e+03	-2.594e+02	+1.000e+04	-0.037
48.500	+8.180e+03	+1.259e+03	+9.793e+03	+0.133
48.600	+6.768e+03	+1.091e+01	+1.131e+04	+0.002
48.700	+1.008e+04	+6.243e+02	+7.699e+03	+0.058
48.800	+7.788e+03	+1.424e+03	+9.861e+03	+0.155
48.900	+8.434e+03	-6.994e+02	+7.993e+03	-0.090
49.000	+6.500e+03	+1.491e+03	+1.116e+04	+0.187
49.100	+8.651e+03	+1.454e+03	+9.332e+03	+0.144
49.200	+7.240e+03	+4.278e+02	+7.575e+03	+0.056
49.300	+8.620e+03	-4.212e+02	+9.171e+03	-0.051
49.400	+1.093e+04	+2.847e+02	+9.534e+03	+0.025
49.500	+5.639e+03	+4.665e+02	+8.658e+03	+0.076
49.600	+8.839e+03	+3.460e+02	+7.264e+03	+0.038
49.700	+6.132e+03	-9.281e+02	+8.312e+03	-0.178
49.800	+9.176e+03	+1.103e+03	+8.458e+03	+0.107
49.900	+7.629e+03	-2.106e+02	+1.162e+04	-0.028
50.000	+8.472e+03	+6.199e+02	+9.555e+03	+0.068
50.100	+9.150e+03	-6.501e+01	+1.041e+04	-0.007
50.200	+1.065e+04	+4.920e+02	+1.109e+04	+0.044
50.300	+5.758e+03	-1.015e+03	+9.552e+03	-0.214
50.400	+1.005e+04	-1.139e+02	+1.122e+04	-0.011
50.500	+8.263e+03	+9.876e+02	+9.866e+03	+0.107
50.600	+7.510e+03	+9.101e+02	+9.641e+03	+0.108
50.700	+9.003e+03	+1.639e+03	+1.096e+04	+0.154
50.800	+7.379e+03	+1.561e+03	+9.711e+03	+0.175
50.900	+8.715e+03	+3.410e+02	+7.399e+03	+0.038
51.000	+9.610e+03	+1.550e+03	+1.019e+04	+0.139
51.100	+6.476e+03	+2.506e+03	+7.945e+03	+0.279
51.200	+3.415e+03	+4.660e+03	+8.580e+03	+0.577
51.300	+5.507e+03	+4.454e+03	+9.678e+03	+0.447
51.400	+3.547e+03	+3.880e+03	+1.096e+04	+0.522
51.500	+5.308e+03	+4.188e+03	+1.200e+04	+0.441
51.600	+4.699e+03	+3.839e+03	+8.300e+03	+0.450
51.700	+7.174e+03	+5.505e+03	+9.361e+03	+0.434
51.800	+4.557e+03	+5.245e+03	+7.007e+03	+0.535
51.900	+3.546e+03	+4.152e+03	+1.128e+04	+0.539
52.000	+4.842e+03	+4.534e+03	+8.798e+03	+0.484
52.100	+4.114e+03	+2.295e+03	+8.059e+03	+0.358
52.200	+5.410e+03	+3.217e+03	+1.101e+04	+0.373
52.300	+1.582e+03	+8.401e+03	+9.142e+03	+0.842
52.400	+2.369e+03	+7.455e+03	+5.695e+03	+0.759
52.500	+2.057e+03	+8.649e+03	+1.118e+04	+0.808
52.600	+8.761e+02	+6.907e+03	+1.051e+04	+0.887
52.700	-7.642e+02	+8.744e+03	+9.647e+03	+1.096
52.800	+2.155e+02	+7.158e+03	+1.046e+04	+0.971
52.900	+4.655e+02	+6.542e+03	+7.861e+03	+0.934
53.000	+1.694e+03	+7.248e+03	+8.202e+03	+0.811
53.100	+1.266e+03	+8.374e+03	+9.442e+03	+0.869
53.200	+4.104e+03	+8.458e+03	+7.696e+03	+0.673
53.300	+1.781e+03	+1.011e+04	+8.758e+03	+0.850
53.400	+1.309e+03	+8.902e+03	+7.970e+03	+0.872
53.500	+8.989e+02	+9.308e+03	+8.885e+03	+0.912
53.600	+2.028e+03	+9.354e+03	+9.970e+03	+0.822
53.700	+5.998e+02	+9.513e+03	+8.906e+03	+0.941
53.800	+1.142e+03	+8.850e+03	+8.415e+03	+0.886
53.900	+3.901e+03	+5.324e+03	+1.086e+04	+0.577
54.000	+4.396e+03	+4.612e+03	+9.768e+03	+0.512
54.100	+7.400e+03	+5.650e+03	+8.760e+03	+0.433
54.200	+4.792e+03	+5.097e+03	+1.057e+04	+0.515
54.300	+4.518e+03	+4.803e+03	+5.319e+03	+0.515
54.400	+5.482e+03	+3.673e+03	+9.237e+03	+0.401
54.500	+3.899e+03	+4.521e+03	+1.054e+04	+0.537
54.600	+5.042e+03	+3.688e+03	+1.045e+04	+0.422
54.700	+3.832e+03	+5.280e+03	+9.594e+03	+0.579
54.800	+3.888e+03	+5.760e+03	+1.206e+04	+0.597
54.900	+4.471e+03	+6.368e+03	+9.405e+03	+0.588
55.000	+5.989e+03	+5.045e+03	+1.109e+04	+0.457
55.100	+3.712e+03	+4.949e+03	+1.065e+04	+0.571
55.200	+4.846e+03	+5.223e+03	+1.034e+04	+0.519
55.300	+2.776e+03	+5.153e+03	+9.570e+03	+0.650
55.400	+5.730e+03	+4.884e+03	+1.170e+04	+0.460
55.500	+4.309e+03	+3.500e+03	+8.236e+03	+0.448
55.600	+4.794e+03	+6.288e+03	+9.786e+03	+0.567
55.700	+5.632e+03	+4.603e+03	+1.161e+04	+0.450
55.800	+3.391e+03	+5.202e+03	+1.036e+04	+0.605
55.900	+4.231e+03	+6.035e+03	+9.440e+03	+0.588
56.000	+3.500e+03	+5.994e+03	+8.473e+03	+0.631
56.100	+5.333e+03	+3.502e+03	+1.076e+04	+0.396
56.200	+5.659e+03	+4.489e+03	+1.078e+04	+0.442
56.300	+5.140e+03	+5.608e+03	+8.079e+03	+0.522
56.400	+5.868e+03	+3.162e+03	+1.006e+04	+0.350
56.500	+7.618e+03	+1.037e+03	+9.154e+03	+0.120
56.600	+7.907e+03	+1.018e+03	+1.119e+04	+0.114
56.700	+4.790e+03	+5.586e+03	+9.348e+03	+0.538
56.800	+7.140e+02	+6.517e+03	+9.309e+03	+0.901
56.900	+8.383e+02	+8.609e+03	+7.568e+03	+0.911
57.000	+1.558e+03	+8.162e+03	+8.092e+03	+0.840
57.100	+2.574e+03	+6.756e+03	+9.791e+03	+0.724
57.200	+8.324e+02	+9.058e+03	+7.086e+03	+0.916
57.300	+7.975e+02	+8.748e+03	+9.652e+03	+0.916
57.400	+1.462e+03	+8.179e+03	+1.036e+04	+0.848
57.500	+6.560e+02	+9.017e+03	+7.359e+03	+0.932
57.600	+2.859e+03	+9.612e+03	+9.550e+03	+0.771
57.700	+1.900e+03	+8.390e+03	+8.723e+03	+0.815
57.800	+1.263e+03	+9.731e+03	+9.938e+03	+0.885
57.900	+1.786e+03	+8.758e+03	+1.138e+04	+0.831
58.000	+2.100e+03	+9.959e+03	+8.980e+03	+0.826
58.100	+2.083e+03	+7.206e+03	+8.780e+03	+0.776
58.200	+5.158e+02	+7.105e+03	+1.012e+04	+0.932
58.300	+2.233e+03	+8.576e+03	+8.513e+03	+0.793
58.400	+1.551e+03	+9.275e+03	+9.044e+03	+0.857
58.500	+1.311e+03	+1.007e+04	+9.085e+03	+0.885
58.600	+1.519e+03	+8.492e+03	+8.088e+03	+0.848
58.700	+2.112e+03	+8.487e+03	+1.075e+04	+0.801
58.800	+1.508e+03	+9.811e+03	+9.553e+03	+0.867
58.900	+1.856e+03	+8.123e+03	+7.432e+03	+0.814
59.000	+3.051e+02	+1.034e+04	+1.025e+04	+0.971
59.100	+8.140e+02	+7.589e+03	+7.620e+03	+0.903
59.200	+6.356e+02	+8.365e+03	+8.284e+03	+0.929
59.300	+7.501e+02	+1.027e+04	+8.570e+03	+0.932
59.400	+1.187e+03	+7.932e+03	+1.029e+04	+0.870
59.500	+1.301e+03	+7.747e+03	+6.956e+03	+0.856
59.600	+2.411e+02	+9.055e+03	+1.038e+04	+0.974
59.700	+8.235e+02	+8.005e+03	+8.687e+03	+0.907
59.800	+2.277e+02	+7.103e+03	+8.580e+03	+0.969
59.900	+1.419e+03	+1.031e+04	+7.710e+03	+0.879
60.000	+1.837e+03	+1.112e+04	+7.048e+03	+0.858
60.100	+8.568e+02	+8.268e+03	+1.192e+04	+0.906
60.200	+1.124e+03	+9.627e+03	+1.106e+04	+0.895
60.300	-3.497e+02	+8.826e+03	+7.821e+03	+1.041
60.400	+1.058e+03	+1.037e+04	+8.841e+03	+0.907
60.500	+2.075e+03	+9.962e+03	+1.040e+04	+0.828
60.600	+1.757e+03	+7.900e+03	+1.050e+04	+0.818
60.700	+1.558e+03	+7.735e+03	+7.185e+03	+0.832
60.800	+1.631e+03	+7.737e+03	+8.712e+03	+0.826
60.900	+6.576e+02	+8.832e+03	+8.152e+03	+0.931
61.000	+1.569e+03	+6.664e+03	+9.307e+03	+0.809
61.100	+2.802e+03	+9.310e+03	+8.982e+03	+0.769
61.200	+6.965e+02	+8.714e+03	+8.634e+03	+0.926
61.300	+1.119e+03	+8.892e+03	+9.370e+03	+0.888
61.400	+2.600e+03	+7.186e+03	+8.230e+03	+0.734
61.500	+9.626e+02	+8.574e+03	+7.816e+03	+0.899
61.600	+1.599e+03	+9.752e+03	+6.966e+03	+0.859
61.700	+2.247e+03	+1.144e+04	+9.545e+03	+0.836
61.800	+9.987e+02	+8.602e+03	+9.722e+03	+0.896
61.900	+1.179e+03	+7.646e+03	+1.074e+04	+0.866
62.000	-1.964e+02	+7.621e+03	+9.600e+03	+1.026
62.100	+1.543e+03	+1.036e+04	+8.750e+03	+0.870
62.200	+4.995e+02	+4.054e+03	+1.142e+04	+0.890
62.300	+7.270e+02	+1.028e+04	+9.948e+03	+0.934
62.400	+1.993e+03	+8.775e+03	+9.279e+03	+0.815
62.500	+2.336e+03	+8.438e+03	+7.225e+03	+0.783
62.600	+5.432e+02	+9.678e+03	+7.260e+03	+0.947
62.700	+8.727e+02	+9.979e+03	+9.102e+03	+0.920
62.800	+1.178e+03	+6.201e+03	+9.954e+03	+0.840
62.900	+2.158e+03	+6.954e+03	+9.412e+03	+0.763
63.000	+5.360e+03	+5.065e+03	+1.007e+04	+0.486
63.100	+2.625e+03	+5.911e+03	+8.200e+03	+0.692
63.200	+1.103e+03	+7.644e+03	+8.218e+03	+0.874
63.300	+1.215e+03	+7.780e+03	+9.573e+03	+0.865
63.400	+2.601e+03	+1.002e+04	+8.333e+03	+0.794
63.500	+2.978e+02	+1.015e+04	+7.213e+03	+0.972
63.600	+6.991e+02	+9.203e+03	+8.292e+03	+0.929
63.700	+8.058e+02	+1.011e+04	+1.033e+04	+0.926
63.800	+3.973e+02	+7.696e+03	+1.086e+04	+0.951
63.900	+6.266e+02	+6.423e+03	+8.084e+03	+0.911
64.000	+3.081e+03	+6.530e+03	+9.254e+03	+0.679
64.100	+4.843e+03	+4.397e+03	+1.183e+04	+0.476
64.200	+5.785e+03	+4.204e+03	+1.175e+04	+0.421
64.300	+5.357e+03	+6.265e+03	+1.389e+04	+0.539
64.400	+5.921e+03	+4.251e+03	+9.046e+03	+0.418
64.500	+5.248e+03	+6.268e+03	+8.977e+03	+0.544
64.600	+4.298e+03	+6.793e+03	+1.090e+04	+0.612
64.700	+3.809e+03	+4.569e+03	+1.101e+04	+0.545
64.800	+3.838e+03	+4.201e+03	+1.027e+04	+0.523
64.900	+5.100e+03	+4.590e+03	+1.033e+04	+0.474
65.000	+5.247e+03	+4.304e+03	+1.054e+04	+0.451
65.100	+4.679e+03	+5.121e+03	+8.702e+03	+0.523
65.200	+3.178e+03	+5.080e+03	+9.666e+03	+0.615
65.300	+4.143e+03	+3.041e+03	+9.311e+03	+0.423
65.400	+3.539e+03	+6.097e+03	+1.126e+04	+0.633
65.500	+4.615e+03	+4.284e+03	+1.015e+04	+0.481
65.600	+3.774e+03	+5.574e+03	+9.880e+03	+0.596
65.700	+5.060e+03	+5.579e+03	+1.030e+04	+0.524
65.800	+3.444e+03	+4.932e+03	+9.734e+03	+0.589
65.900	+2.554e+03	+6.563e+03	+1.164e+04	+0.720
66.000	+5.314e+03	+2.561e+03	+1.074e+04	+0.325
66.100	+4.647e+03	+6.557e+03	+1.015e+04	+0.585
66.200	+3.765e+03	+5.155e+03	+1.011e+04	+0.578
66.300	+3.328e+03	+5.089e+03	+1.126e+04	+0.605
66.400	+3.111e+03	+7.562e+03	+1.001e+04	+0.709
66.500	+1.637e+03	+8.137e+03	+8.339e+03	+0.833
66.600	+1.593e+03	+8.987e+03	+7.956e+03	+0.849
66.700	+1.799e+02	+8.662e+03	+7.325e+03	+0.980
66.800	+9.410e+02	+8.961e+03	+6.309e+03	+0.905
66.900	+2.334e+03	+7.693e+03	+1.074e+04	+0.767
67.000	+8.587e+02	+9.019e+03	+8.023e+03	+0.913
67.100	+2.562e+02	+9.459e+03	+9.492e+03	+0.974
67.200	-2.658e+02	+7.498e+03	+8.576e+03	+1.037
67.300	-9.987e+02	+7.432e+03	+7.955e+03	+1.155
67.400	+1.756e+03	+8.844e+03	+1.006e+04	+0.834
67.500	+2.133e+03	+7.663e+03	+1.016e+04	+0.782
67.600	+2.351e+03	+8.047e+03	+6.033e+03	+0.774
67.700	+4.532e+02	+1.020e+04	+8.002e+03	+0.957
67.800	+1.383e+03	+9.018e+03	+1.009e+04	+0.867
67.900	+2.302e+03	+9.330e+03	+1.091e+04	+0.802
68.000	+1.016e+03	+8.370e+03	+8.456e+03	+0.892
68.100	+7.528e+02	+7.107e+03	+9.371e+03	+0.904
68.200	+1.716e+03	+6.270e+03	+7.507e+03	+0.785
68.300	+1.717e+03	+8.131e+03	+7.788e+03	+0.826
68.400	+8.797e+02	+8.503e+03	+1.031e+04	+0.906
68.500	+9.544e+02	+9.355e+03	+9.192e+03	+0.907
68.600	+1.012e+03	+8.644e+03	+6.785e+03	+0.895
68.700	+1.195e+03	+8.002e+03	+8.514e+03	+0.870
68.800	+6.970e+02	+7.314e+03	+8.248e+03	+0.913
68.900	+1.042e+03	+9.781e+03	+1.071e+04	+0.904
69.000	+1.564e+03	+9.524e+03	+1.189e+04	+0.859
69.100	+6.267e+02	+9.522e+03	+7.483e+03	+0.938
69.200	+3.622e+03	+7.213e+03	+8.493e+03	+0.666
69.300	+1.535e+03	+8.527e+03	+1.007e+04	+0.847
69.400	-9.902e+02	+7.695e+03	+8.318e+03	+1.148
69.500	+9.925e+02	+8.802e+03	+6.462e+03	+0.899
69.600	+1.465e+03	+7.056e+03	+1.145e+04	+0.828
69.700	+1.699e+03	+9.457e+03	+1.148e+04	+0.848
69.800	+2.381e+03	+8.658e+03	+8.576e+03	+0.784
69.900	+2.401e+03	+8.420e+03	+8.397e+03	+0.778
70.000	+9.887e+02	+8.545e+03	+1.135e+04	+0.896
70.100	+4.054e+02	+7.589e+03	+6.271e+03	+0.949
70.200	+5.456e+02	+8.976e+03	+1.082e+04	+0.943
70.300	+7.548e+02	+8.275e+03	+1.012e+04	+0.916
70.400	-5.603e+02	+7.531e+03	+7.445e+03	+1.080
70.500	+4.408e+02	+1.017e+04	+9.217e+03	+0.958
70.600	+9.817e+02	+8.231e+03	+7.510e+03	+0.893
70.700	+1.418e+03	+9.653e+03	+9.289e+03	+0.872
70.800	+5.069e+02	+9.203e+03	+8.738e+03	+0.948
70.900	+1.932e+03	+9.509e+03	+1.052e+04	+0.831
71.000	+9.437e+01	+1.067e+04	+7.665e+03	+0.991
71.100	+9.148e+02	+9.714e+03	+8.697e+03	+0.914
71.200	+1.481e+03	+7.494e+03	+1.010e+04	+0.835
71.300	+1.432e+03	+7.314e+03	+8.248e+03	+0.836
71.400	+2.095e+03	+7.339e+03	+8.271e+03	+0.778
71.500	+1.651e+03	+9.472e+03	+7.502e+03	+0.852
71.600	+3.273e+03	+7.180e+03	+9.631e+03	+0.687
71.700	+5.337e+03	+4.522e+03	+9.998e+03	+0.459
71.800	+3.365e+03	+5.649e+03	+9.121e+03	+0.627
71.900	+3.635e+03	+5.718e+03	+9.327e+03	+0.611
72.000	+3.271e+03	+4.744e+03	+1.093e+04	+0.592
72.100	+5.003e+03	+3.857e+03	+7.814e+03	+0.435
72.200	+3.562e+03	+4.599e+03	+1.029e+04	+0.564
72.300	+4.705e+03	+6.484e+03	+1.052e+04	+0.579
72.400	+4.744e+03	+6.390e+03	+1.066e+04	+0.574
72.500	+4.298e+03	+4.837e+03	+1.135e+04	+0.530
72.600	+3.593e+03	+3.015e+03	+1.042e+04	+0.456
72.700	+4.169e+03	+5.275e+03	+1.049e+04	+0.559
72.800	+4.375e+03	+6.155e+03	+8.885e+03	+0.584
72.900	+3.940e+03	+5.555e+03	+1.009e+04	+0.585
73.000	+4.620e+03	+4.269e+03	+7.289e+03	+0.480
73.100	+3.783e+03	+5.781e+03	+9.325e+03	+0.604
73.200	+3.677e+03	+3.999e+03	+8.660e+03	+0.521
73.300	+4.132e+03	+4.075e+03	+8.598e+03	+0.497
73.400	+4.892e+03	+3.403e+03	+8.081e+03	+0.410
73.500	+4.167e+03	+5.926e+03	+1.008e+04	+0.587
73.600	+4.476e+03	+4.075e+03	+9.809e+03	+0.477
73.700	+5.269e+03	+6.414e+03	+8.651e+03	+0.549
73.800	+3.820e+03	+5.321e+03	+1.095e+04	+0.582
73.900	+4.479e+03	+3.943e+03	+9.430e+03	+0.468
74.000	+5.406e+03	+5.927e+03	+1.256e+04	+0.523
74.100	+5.383e+03	+5.588e+03	+8.887e+03	+0.509
74.200	+3.968e+03	+3.856e+03	+1.013e+04	+0.493
74.300	+4.972e+03	+5.800e+03	+1.019e+04	+0.538
74.400	+5.845e+03	+4.713e+03	+9.186e+03	+0.446
74.500	+4.934e+03	+3.757e+03	+9.448e+03	+0.432
74.600	+2.766e+03	+6.852e+03	+9.421e+03	+0.712
74.700	+2.682e+03	+6.130e+03	+9.057e+03	+0.696
74.800	+3.646e+03	+5.248e+03	+1.047e+04	+0.590
74.900	+3.176e+03	+4.133e+03	+1.011e+04	+0.565
75.000	+3.646e+03	+3.696e+03	+1.204e+04	+0.503
75.100	+4.142e+03	+5.641e+03	+1.025e+04	+0.577
75.200	+4.234e+03	+4.954e+03	+8.398e+03	+0.539
75.300	+3.745e+03	+5.553e+03	+9.316e+03	+0.597
75.400	+5.813e+03	+5.411e+03	+9.368e+03	+0.482
75.500	+4.515e+03	+5.025e+03	+7.694e+03	+0.527
75.600	+2.424e+03	+4.631e+03	+9.370e+03	+0.656
75.700	+6.324e+03	+4.653e+03	+9.110e+03	+0.424
75.800	+3.931e+03	+5.421e+03	+9.696e+03	+0.580
75.900	+4.618e+03	+5.024e+03	+9.959e+03	+0.521
76.000	+4.225e+03	+5.590e+03	+1.013e+04	+0.570
76.100	+4.333e+03	+5.815e+03	+8.820e+03	+0.573
76.200	+4.635e+03	+3.824e+03	+1.130e+04	+0.452
76.300	+3.009e+03	+7.770e+03	+9.443e+03	+0.721
76.400	+4.928e+03	+6.122e+03	+9.388e+03	+0.554
76.500	+4.212e+03	+6.453e+03	+1.116e+04	+0.605
76.600	+3.521e+03	+6.017e+03	+1.019e+04	+0.631
76.700	+4.030e+03	+3.002e+03	+1.242e+04	+0.427
76.800	+4.768e+03	+3.116e+03	+1.122e+04	+0.395
76.900	+5.570e+03	+3.572e+03	+9.716e+03	+0.391
77.000	+3.774e+03	+4.652e+03	+1.210e+04	+0.552
77.100	+4.561e+03	+5.088e+03	+9.064e+03	+0.527
77.200	+3.654e+03	+4.454e+03	+1.034e+04	+0.549
77.300	+4.158e+03	+4.769e+03	+1.159e+04	+0.534
77.400	+5.671e+03	+6.455e+03	+9.298e+03	+0.532
77.500	+4.419e+03	+3.931e+03	+8.745e+03	+0.471
77.600	+3.454e+03	+3.808e+03	+1.031e+04	+0.524
77.700	+4.669e+03	+5.425e+03	+1.023e+04	+0.537
77.800	+4.308e+03	+5.607e+03	+9.793e+03	+0.566
77.900	+5.256e+03	+5.375e+03	+9.032e+03	+0.506
78.000	+5.498e+03	+3.271e+03	+1.044e+04	+0.373
78.100	+2.086e+03	+6.411e+03	+9.727e+03	+0.754
78.200	+5.164e+03	+5.350e+03	+6.711e+03	+0.509
78.300	+5.368e+03	+5.013e+03	+7.740e+03	+0.483
78.400	+3.858e+03	+4.617e+03	+9.111e+03	+0.545
78.500	+4.732e+03	+4.204e+03	+1.084e+04	+0.470
78.600	+5.147e+03	+4.546e+03	+7.097e+03	+0.469
78.700	+4.111e+03	+5.576e+03	+1.095e+04	+0.576
78.800	+6.986e+03	+1.545e+03	+1.025e+04	+0.181
78.900	+7.391e+03	+4.850e+02	+1.139e+04	+0.062
79.000	+9.748e+03	+8.863e+02	+1.017e+04	+0.083
79.100	+9.015e+03	+1.575e+02	+1.261e+04	+0.017
79.200	+6.812e+03	+2.699e+03	+7.778e+03	+0.284
79.300	+5.435e+03	+3.774e+03	+9.730e+03	+0.410
79.400	+6.107e+03	+4.674e+03	+1.052e+04	+0.434
79.500	+3.627e+03	+5.986e+03	+9.715e+03	+0.623
79.600	+7.116e+03	+3.237e+03	+9.929e+03	+0.313
79.700	+2.629e+03	+6.332e+03	+9.311e+03	+0.707
79.800	+1.165e+03	+9.410e+03	+6.908e+03	+0.890
79.900	+2.289e+03	+8.986e+03	+1.043e+04	+0.797
80.000	+4.089e+02	+9.175e+03	+8.385e+03	+0.957
80.100	-2.145e+02	+9.262e+03	+9.392e+03	+1.024
80.200	+2.682e+03	+1.023e+04	+1.071e+04	+0.792
80.300	+2.568e+03	+9.502e+03	+9.292e+03	+0.787
80.400	+6.291e+03	+2.802e+03	+9.566e+03	+0.308
80.500	+8.406e+03	+8.354e+02	+1.172e+04	+0.090
80.600	+8.873e+03	+9.498e+02	+9.729e+03	+0.097
80.700	+7.074e+03	+2.273e+03	+7.307e+03	+0.243
80.800	+7.696e+03	+3.098e+02	+8.255e+03	+0.039
80.900	+8.791e+03	+1.957e+02	+7.001e+03	+0.022
81.000	+8.681e+03	+2.975e+03	+9.836e+03	+0.255
81.100	+9.140e+03	-9.394e+02	+7.759e+03	-0.115
81.200	+9.956e+03	+7.902e+02	+1.010e+04	+0.074
81.300	+7.875e+03	+3.959e+02	+8.835e+03	+0.048
81.400	+8.640e+03	+3.028e+02	+6.738e+03	+0.034
81.500	+7.791e+03	-1.223e+02	+9.120e+03	-0.016
81.600	+7.292e+03	+8.621e+02	+8.052e+03	+0.106
81.700	+8.642e+03	+6.932e+02	+1.148e+04	+0.074
81.800	+6.899e+03	+7.529e+02	+9.309e+03	+0.098
81.900	+7.298e+03	+8.427e+02	+1.064e+04	+0.104
82.000	+7.141e+03	+4.836e+02	+1.193e+04	+0.063
82.100	+9.387e+03	-6.495e+02	+1.164e+04	-0.074
82.200	+7.939e+03	-2.570e+02	+9.947e+03	-0.033
82.300	+5.980e+03	+3.867e+03	+9.735e+03	+0.393
82.400	+4.832e+03	+4.504e+03	+1.009e+04	+0.482
82.500	+3.401e+03	+5.049e+03	+1.050e+04	+0.597
82.600	+3.622e+03	+5.580e+03	+8.507e+03	+0.606
82.700	+5.669e+03	+5.715e+03	+1.159e+04	+0.502
82.800	+4.187e+03	+5.465e+03	+9.623e+03	+0.566
82.900	+3.822e+03	+3.697e+03	+1.014e+04	+0.492
83.000	+2.741e+03	+3.735e+03	+1.020e+04	+0.577
83.100	+5.776e+03	+3.601e+03	+1.052e+04	+0.384
83.200	+4.938e+03	+3.987e+03	+1.007e+04	+0.447
83.300	+4.215e+03	+3.452e+03	+8.480e+03	+0.450
83.400	+4.147e+03	+3.589e+03	+9.931e+03	+0.464
83.500	+4.669e+03	+5.246e+03	+1.005e+04	+0.529
83.600	+2.940e+03	+3.853e+03	+1.011e+04	+0.567
83.700	+6.736e+03	+2.598e+03	+9.704e+03	+0.278
83.800	+6.948e+03	+5.407e+02	+1.089e+04	+0.072
83.900	+8.635e+03	+5.042e+02	+1.141e+04	+0.055
84.000	+9.089e+03	+1.063e+03	+7.379e+03	+0.105
84.100	+5.591e+03	+4.520e+03	+8.689e+03	+0.447
84.200	+4.745e+02	+8.009e+03	+9.894e+03	+0.944
84.300	-3.308e+02	+7.062e+03	+1.006e+04	+1.049
84.400	+2.448e+03	+8.472e+03	+9.263e+03	+0.776
84.500	+9.238e+02	+9.843e+03	+1.112e+04	+0.914
84.600	+1.065e+03	+9.129e+03	+6.831e+03	+0.896
84.700	+1.754e+03	+9.438e+03	+1.034e+04	+0.843
84.800	+2.039e+03	+9.591e+03	+9.138e+03	+0.825
84.900	+9.005e+02	+8.334e+03	+8.880e+03	+0.902
85.000	+1.182e+03	+9.375e+03	+9.701e+03	+0.888
85.100	+2.074e+03	+9.067e+03	+7.723e+03	+0.814
85.200	+1.471e+03	+1.125e+04	+1.012e+04	+0.884
85.300	+1.916e+03	+7.839e+03	+8.735e+03	+0.804
85.400	+1.674e+03	+7.396e+03	+9.160e+03	+0.815
85.500	+3.033e+02	+7.414e+03	+9.326e+03	+0.961
85.600	+4.815e+02	+8.965e+03	+6.652e+03	+0.949
85.700	+1.885e+03	+9.207e+03	+1.016e+04	+0.830
85.800	+5.746e+02	+9.014e+03	+1.001e+04	+0.940
85.900	+3.189e+02	+7.999e+03	+9.623e+03	+0.962
86.000	+1.785e+03	+8.657e+03	+8.400e+03	+0.829
86.100	+3.599e+03	+6.979e+03	+9.248e+03	+0.660
86.200	+5.863e+03	+6.049e+03	+9.858e+03	+0.508
86.300	+5.926e+03	+6.457e+03	+9.503e+03	+0.521
86.400	+5.441e+03	+3.916e+03	+9.800e+03	+0.419
86.500	+4.045e+03	+5.268e+03	+7.502e+03	+0.566
86.600	+4.549e+03	+5.435e+03	+9.537e+03	+0.544
86.700	+5.214e+03	+5.813e+03	+1.034e+04	+0.527
86.800	+4.678e+03	+3.755e+03	+8.249e+03	+0.445
86.900	+3.744e+03	+2.596e+03	+1.082e+04	+0.409
87.000	+5.619e+03	+6.420e+03	+1.003e+04	+0.533
87.100	+3.211e+03	+4.845e+03	+1.179e+04	+0.601
87.200	+3.372e+03	+4.796e+03	+1.041e+04	+0.587
87.300	+3.845e+03	+3.316e+03	+1.183e+04	+0.463
87.400	+3.762e+03	+4.664e+03	+9.941e+03	+0.554
87.500	+4.336e+03	+7.452e+03	+7.829e+03	+0.632
87.600	+3.684e+03	+4.610e+03	+1.065e+04	+0.556
87.700	+3.972e+03	+3.979e+03	+1.007e+04	+0.500
87.800	+5.329e+03	+5.141e+03	+1.165e+04	+0.491
87.900	+2.708e+03	+4.664e+03	+9.488e+03	+0.633
88.000	+4.793e+03	+4.775e+03	+9.047e+03	+0.499
88.100	+3.006e+03	+4.424e+03	+1.213e+04	+0.595
88.200	+3.488e+03	+2.678e+03	+9.142e+03	+0.434
88.300	+2.056e+03	+6.712e+03	+1.117e+04	+0.766
88.400	+2.389e+03	+8.526e+03	+1.124e+04	+0.781
88.500	+1.589e+03	+8.293e+03	+8.747e+03	+0.839
88.600	+4.210e+02	+9.139e+03	+1.009e+04	+0.956
88.700	+2.282e+03	+9.442e+03	+8.934e+03	+0.805
88.800	-8.456e+02	+8.519e+03	+9.084e+03	+1.110
88.900	-6.785e+01	+9.504e+03	+9.269e+03	+1.007
89.000	+2.238e+02	+6.847e+03	+9.852e+03	+0.968
89.100	+4.844e+02	+8.791e+03	+7.400e+03	+0.948
89.200	+1.864e+03	+8.194e+03	+6.880e+03	+0.815
89.300	+2.251e+03	+8.933e+03	+5.296e+03	+0.799
89.400	+1.493e+03	+8.842e+03	+9.171e+03	+0.856
89.500	+1.307e+03	+9.273e+03	+1.016e+04	+0.876
89.600	+1.921e+03	+6.405e+03	+9.979e+03	+0.769
89.700	+9.242e+01	+7.381e+03	+8.559e+03	+0.988
89.800	+7.007e+02	+7.856e+03	+7.609e+03	+0.918
89.900	+2.087e+03	+9.380e+03	+7.472e+03	+0.818
90.000	+3.532e+03	+5.553e+03	+8.658e+03	+0.611
90.100	+4.491e+03	+5.632e+03	+1.181e+04	+0.556
90.200	+4.849e+03	+4.021e+03	+9.993e+03	+0.453
90.300	+3.880e+03	+3.880e+03	+8.605e+03	+0.500
90.400	+3.573e+03	+4.732e+03	+8.246e+03	+0.570
90.500	+5.062e+03	+3.712e+03	+9.011e+03	+0.423
90.600	+4.536e+03	+3.802e+03	+1.063e+04	+0.456
90.700	+7.477e+03	+5.876e+03	+9.547e+03	+0.440
90.800	+3.646e+03	+5.233e+03	+9.506e+03	+0.589
90.900	+5.364e+03	+5.560e+03	+1.173e+04	+0.509
91.000	+3.627e+03	+6.953e+03	+7.737e+03	+0.657
91.100	+2.285e+03	+8.802e+03	+7.185e+03	+0.794
91.200	+1.326e+03	+8.902e+03	+9.437e+03	+0.870
91.300	+2.362e+03	+8.509e+03	+8.544e+03	+0.783
91.400	+1.301e+03	+9.105e+03	+9.543e+03	+0.875
91.500	+1.119e+03	+9.112e+03	+8.585e+03	+0.891
91.600	+5.026e+02	+9.234e+03	+9.228e+03	+0.948
91.700	+9.647e+02	+1.016e+04	+8.198e+03	+0.913
91.800	-2.665e+02	+7.012e+03	+8.413e+03	+1.040
91.900	+3.026e+03	+5.864e+03	+1.014e+04	+0.660
92.000	+3.721e+02	+7.564e+03	+7.797e+03	+0.953
92.100	+8.572e+02	+7.893e+03	+9.700e+03	+0.902
92.200	+2.243e+02	+1.009e+04	+9.816e+03	+0.978
92.300	+1.011e+03	+9.069e+03	+9.087e+03	+0.900
92.400	+6.879e+02	+9.651e+03	+6.322e+03	+0.933
92.500	+6.366e+02	+8.741e+03	+1.081e+04	+0.932
92.600	+1.453e+03	+9.595e+03	+1.174e+04	+0.868
92.700	+1.350e+03	+7.240e+03	+7.650e+03	+0.843
92.800	+3.818e+02	+9.013e+03	+7.211e+03	+0.959
92.900	+2.208e+03	+6.374e+03	+6.668e+03	+0.743
93.000	+1.723e+02	+8.421e+03	+9.299e+03	+0.980
93.100	+1.746e+03	+6.160e+03	+8.621e+03	+0.779
93.200	+5.486e+03	+6.446e+03	+9.848e+03	+0.540
93.300	+3.619e+03	+5.588e+03	+9.357e+03	+0.607
93.400	+6.089e+03	+5.199e+03	+9.207e+03	+0.461
93.500	+3.173e+03	+6.511e+03	+9.791e+03	+0.672
93.600	+4.575e+03	+4.577e+03	+8.918e+03	+0.500
93.700	+2.515e+03	+5.726e+03	+7.548e+03	+0.695
93.800	+5.768e+03	+4.479e+03	+8.056e+03	+0.437
93.900	+2.558e+03	+5.634e+03	+1.003e+04	+0.688
94.000	+4.876e+03	+3.766e+03	+7.484e+03	+0.436
94.100	+3.959e+03	+4.685e+03	+9.484e+03	+0.542
94.200	+2.807e+03	+5.009e+03	+8.415e+03	+0.641
94.300	+3.319e+03	+4.454e+03	+8.993e+03	+0.573
94.400	+3.594e+03	+6.005e+03	+1.070e+04	+0.626
94.500	+5.800e+03	+3.925e+03	+1.087e+04	+0.404
94.600	+3.564e+03	+5.921e+03	+1.054e+04	+0.624
94.700	+3.183e+03	+3.753e+03	+1.047e+04	+0.541
94.800	+4.139e+03	+5.992e+03	+1.108e+04	+0.591
94.900	+4.939e+03	+3.879e+03	+8.344e+03	+0.440
95.000	+4.637e+03	+4.040e+03	+9.074e+03	+0.466
95.100	+4.997e+03	+5.320e+03	+9.629e+03	+0.516
95.200	+4.827e+03	+4.355e+03	+1.085e+04	+0.474
95.300	+4.563e+03	+4.175e+03	+9.383e+03	+0.478
95.400	+4.877e+03	+4.983e+03	+9.252e+03	+0.505
95.500	+4.533e+03	+5.900e+03	+1.017e+04	+0.566
95.600	+8.452e+03	+1.582e+03	+8.234e+03	+0.158
95.700	+9.765e+03	+9.882e+02	+9.109e+03	+0.092
95.800	+7.341e+03	+2.931e+03	+1.028e+04	+0.285
95.900	+8.004e+03	+1.501e+03	+1.128e+04	+0.158
96.000	+8.467e+03	+1.200e+02	+1.063e+04	+0.014
96.100	+8.157e+03	+3.216e+02	+1.050e+04	+0.038
96.200	+7.829e+03	+1.315e+02	+9.636e+03	+0.017
96.300	+8.199e+03	+4.100e+02	+9.960e+03	+0.048
96.400	+7.934e+03	+4.945e+02	+9.388e+03	+0.059
96.500	+6.923e+03	+1.735e+03	+8.227e+03	+0.200
96.600	+9.320e+03	-8.523e+01	+7.373e+03	-0.009
96.700	+8.059e+03	-2.221e+02	+1.177e+04	-0.028
96.800	+7.889e+03	+7.780e+02	+1.053e+04	+0.090
96.900	+8.860e+03	+9.491e+02	+7.124e+03	+0.097
97.000	+6.107e+03	+1.160e+03	+8.876e+03	+0.160
97.100	+6.057e+03	-1.938e+02	+9.334e+03	-0.033
97.200	+8.969e+03	+3.741e+02	+1.046e+04	+0.040
97.300	+8.999e+03	+7.751e+02	+9.607e+03	+0.079
97.400	+1.067e+04	+1.541e+03	+8.868e+03	+0.126
97.500	+7.653e+03	+5.438e+02	+1.033e+04	+0.066
97.600	+7.804e+03	-6.453e+02	+1.082e+04	-0.090
97.700	+6.787e+03	+1.520e+03	+1.062e+04	+0.183
97.800	+7.535e+03	+8.969e+02	+9.460e+03	+0.106
97.900	+7.497e+03	+1.268e+03	+9.556e+03	+0.145
98.000	+8.032e+03	+9.424e+02	+9.416e+03	+0.105
98.100	+8.041e+03	+5.549e+02	+9.724e+03	+0.065
98.200	+7.004e+03	+6.325e+02	+1.016e+04	+0.083
98.300	+6.522e+03	+3.563e+03	+6.767e+03	+0.353
98.400	+6.634e+03	+1.499e+02	+1.184e+04	+0.022
98.500	+8.370e+03	+5.386e+02	+8.596e+03	+0.060
98.600	+6.843e+03	+5.915e+02	+1.272e+04	+0.080
98.700	+6.675e+03	+2.359e+03	+8.265e+03	+0.261
98.800	+7.941e+03	+6.916e+00	+1.171e+04	+0.001
98.900	+7.160e+03	+7.125e+02	+1.053e+04	+0.091
99.000	+6.077e+03	+8.477e+02	+7.316e+03	+0.122
99.100	+9.647e+03	+8.374e+01	+1.023e+04	+0.009
99.200	+6.237e+03	+8.796e+02	+6.902e+03	+0.124
99.300	+8.270e+03	+1.603e+03	+8.491e+03	+0.162
99.400	+8.178e+03	+5.901e+02	+1.056e+04	+0.067
99.500	+6.516e+03	-1.665e+02	+8.798e+03	-0.026
99.600	+7.079e+03	+1.940e+03	+1.014e+04	+0.215
99.700	+6.117e+03	+9.849e+02	+1.057e+04	+0.139
99.800	+7.791e+03	+2.388e+02	+8.600e+03	+0.030
99.900	+7.577e+03	+1.161e+03	+7.635e+03	+0.133
100.000	+8.063e+03	+1.268e+02	+1.088e+04	+0.015
100.100	+5.176e+03	+3.138e+03	+7.557e+03	+0.377
100.200	+5.231e+03	+4.103e+03	+9.735e+03	+0.440
100.300	+3.850e+03	+5.054e+03	+1.014e+04	+0.568
100.400	+5.314e+03	+4.553e+03	+9.651e+03	+0.461
100.500	+4.553e+03	+4.098e+03	+1.058e+04	+0.474
100.600	+3.710e+03	+5.786e+03	+9.291e+03	+0.609
100.700	+3.280e+03	+4.055e+03	+8.657e+03	+0.553
100.800	+4.501e+03	+5.616e+03	+9.128e+03	+0.555
100.900	+3.374e+03	+5.582e+03	+7.456e+03	+0.623
101.000	+5.131e+03	+6.231e+03	+1.129e+04	+0.548
101.100	+2.623e+03	+5.705e+03	+8.700e+03	+0.685
101.200	+4.365e+03	+6.117e+03	+9.364e+03	+0.584
101.300	+4.896e+03	+4.836e+03	+1.269e+04	+0.497
101.400	+4.915e+03	+5.442e+03	+9.396e+03	+0.525
101.500	+5.081e+03	+6.588e+03	+1.204e+04	+0.565
101.600	+5.132e+03	+4.543e+03	+9.650e+03	+0.470
101.700	+5.488e+03	+4.692e+03	+1.018e+04	+0.461
101.800	+3.059e+03	+4.506e+03	+7.655e+03	+0.596
101.900	+5.289e+03	+5.067e+03	+9.140e+03	+0.489
102.000	+5.948e+03	+5.269e+03	+9.135e+03	+0.470
102.100	+3.730e+03	+3.286e+03	+8.950e+03	+0.468
102.200	+4.878e+03	+5.337e+03	+9.500e+03	+0.522
102.300	+5.834e+03	+3.746e+03	+1.033e+04	+0.391
102.400	+3.979e+03	+3.839e+03	+1.135e+04	+0.491
102.500	+5.848e+03	+4.206e+03	+9.862e+03	+0.418
102.600	+5.110e+03	+3.905e+03	+1.017e+04	+0.433
102.700	+2.944e+03	+5.698e+03	+1.212e+04	+0.659
102.800	+4.171e+03	+4.640e+03	+9.286e+03	+0.527
102.900	+5.227e+03	+3.521e+03	+9.535e+03	+0.402
103.000	+3.325e+03	+6.369e+03	+9.980e+03	+0.657
103.100	+4.770e+03	+3.105e+03	+1.142e+04	+0.394
103.200	+4.816e+03	+5.003e+03	+1.029e+04	+0.510
103.300	+4.092e+03	+4.588e+03	+7.110e+03	+0.529
103.400	+1.544e+03	+8.830e+03	+9.075e+03	+0.851
103.500	+5.104e+02	+8.735e+03	+1.128e+04	+0.945
103.600	+1.108e+03	+8.290e+03	+8.141e+03	+0.882
103.700	-1.932e+02	+7.377e+03	+8.407e+03	+1.027
103.800	+1.011e+03	+8.332e+03	+8.399e+03	+0.892
103.900	+1.892e+03	+7.676e+03	+9.195e+03	+0.802
104.000	+3.789e+03	+5.297e+03	+1.010e+04	+0.583
104.100	+4.302e+03	+7.073e+03	+1.075e+04	+0.622
104.200	+4.929e+03	+5.081e+03	+1.082e+04	+0.508
104.300	+3.545e+03	+4.912e+03	+9.078e+03	+0.581
104.400	+7.249e+03	+2.170e+03	+9.548e+03	+0.230
104.500	+6.947e+03	+1.399e+03	+8.622e+03	+0.168
104.600	+3.610e+03	+6.604e+03	+8.936e+03	+0.647
104.700	+4.323e+03	+5.564e+03	+9.617e+03	+0.563
104.800	+4.092e+03	+4.816e+03	+1.140e+04	+0.541
104.900	+4.235e+03	+4.593e+03	+1.215e+04	+0.520
105.000	+4.984e+03	+3.505e+03	+9.312e+03	+0.413
105.100	+1.403e+03	+6.897e+03	+8.198e+03	+0.831
105.200	+1.716e+03	+7.302e+03	+9.045e+03	+0.810
105.300	+2.658e+03	+6.828e+03	+1.041e+04	+0.720
105.400	+1.164e+03	+6.839e+03	+9.633e+03	+0.855
105.500	+1.196e+03	+7.765e+03	+9.871e+03	+0.867
105.600	+1.289e+03	+7.887e+03	+6.789e+03	+0.860
105.700	+6.230e+02	+9.365e+03	+7.594e+03	+0.938
105.800	-5.033e+02	+8.489e+03	+1.160e+04	+1.063
105.900	+1.834e+03	+1.070e+04	+7.869e+03	+0.854
106.000	+5.173e+02	+8.189e+03	+8.556e+03	+0.941
106.100	+2.578e+03	+8.016e+03	+7.491e+03	+0.757
106.200	+2.082e+03	+8.143e+03	+9.749e+03	+0.796
106.300	+3.062e+03	+8.285e+03	+9.873e+03	+0.730
106.400	+1.996e+03	+8.631e+03	+9.319e+03	+0.812
106.500	+1.691e+03	+6.359e+03	+1.022e+04	+0.790
106.600	+2.084e+03	+1.051e+04	+7.156e+03	+0.835
106.700	+3.895e+03	+6.557e+03	+9.013e+03	+0.627
106.800	+2.194e+03	+5.566e+03	+1.070e+04	+0.717
106.900	+3.692e+03	+9.368e+03	+1.058e+04	+0.717
107.000	+2.402e+03	+1.029e+04	+9.714e+03	+0.811
107.100	+1.286e+03	+9.016e+03	+9.088e+03	+0.875
107.200	+1.647e+03	+8.738e+03	+9.600e+03	+0.841
107.300	+1.446e+03	+8.525e+03	+1.035e+04	+0.855
107.400	+1.350e+02	+6.117e+03	+7.702e+03	+0.978
107.500	-1.130e+02	+7.739e+03	+8.822e+03	+1.015
107.600	+9.557e+02	+8.856e+03	+1.062e+04	+0.903
107.700	+1.773e+03	+1.118e+04	+1.033e+04	+0.863
107.800	+1.041e+03	+7.692e+03	+1.013e+04	+0.881
107.900	+2.000e+03	+9.062e+03	+8.741e+03	+0.819
108.000	+1.352e+03	+9.173e+03	+8.732e+03	+0.872
108.100	+1.298e+03	+5.771e+03	+9.877e+03	+0.816
108.200	+3.250e+03	+9.607e+03	+1.015e+04	+0.747
108.300	+7.846e+02	+8.900e+03	+6.648e+03	+0.919
108.400	+2.008e+03	+8.280e+03	+1.031e+04	+0.805
108.500	+1.153e+03	+8.890e+03	+1.033e+04	+0.885
108.600	+1.056e+03	+9.149e+03	+1.119e+04	+0.897
108.700	-4.126e+01	+1.028e+04	+9.602e+03	+1.004
108.800	+9.344e+02	+7.444e+03	+8.074e+03	+0.888
108.900	+5.685e+02	+8.709e+03	+9.243e+03	+0.939
109.000	+1.056e+03	+6.712e+03	+7.669e+03	+0.864
109.100	+2.053e+03	+7.371e+03	+9.345e+03	+0.782
109.200	+8.151e+02	+9.526e+03	+8.283e+03	+0.921
109.300	+1.274e+03	+8.214e+03	+9.384e+03	+0.866
109.400	+2.740e+03	+8.648e+03	+1.091e+04	+0.759
109.500	+2.217e+03	+8.223e+03	+8.555e+03	+0.788
109.600	+1.448e+03	+8.720e+03	+4.941e+03	+0.858
109.700	+7.897e+02	+7.832e+03	+9.078e+03	+0.908
109.800	+2.000e+03	+7.922e+03	+6.918e+03	+0.798
109.900	+1.835e+03	+9.228e+03	+7.543e+03	+0.834
110.000	+1.147e+03	+9.631e+03	+9.026e+03	+0.894
110.100	+1.097e+03	+1.045e+04	+7.349e+03	+0.905
110.200	+4.323e+02	+8.322e+03	+8.642e+03	+0.951
110.300	+9.770e+02	+8.891e+03	+8.084e+03	+0.901
110.400	+2.245e+03	+1.137e+04	+9.254e+03	+0.835
110.500	+1.212e+03	+8.278e+03	+1.075e+04	+0.872
110.600	+5.427e+02	+8.374e+03	+8.419e+03	+0.939
110.700	-4.719e+02	+8.999e+03	+7.289e+03	+1.055
110.800	+1.664e+03	+6.783e+03	+8.940e+03	+0.803
110.900	+1.071e+03	+7.623e+03	+9.594e+03	+0.877
111.000	+2.466e+03	+9.440e+03	+1.049e+04	+0.793
111.100	+2.241e+03	+7.957e+03	+7.963e+03	+0.780
111.200	+1.816e+03	+7.684e+03	+9.518e+03	+0.809
111.300	+1.047e+03	+7.895e+03	+9.344e+03	+0.883
111.400	+3.007e+03	+7.871e+03	+6.921e+03	+0.724
111.500	+5.604e+03	+3.464e+03	+9.726e+03	+0.382
111.600	+4.829e+03	+3.841e+03	+8.567e+03	+0.443
111.700	+4.104e+03	+5.176e+03	+6.334e+03	+0.558
111.800	+4.053e+03	+6.606e+03	+8.729e+03	+0.620
111.900	+3.993e+03	+4.687e+03	+8.526e+03	+0.540
112.000	+4.254e+03	+4.604e+03	+1.029e+04	+0.520
112.100	+4.515e+03	+4.653e+03	+1.196e+04	+0.508
112.200	+4.144e+03	+4.830e+03	+9.500e+03	+0.538
112.300	+5.045e+03	+3.701e+03	+1.043e+04	+0.423
112.400	+4.873e+03	+5.157e+03	+1.226e+04	+0.514
112.500	+3.543e+03	+4.848e+03	+8.815e+03	+0.578
112.600	+4.372e+03	+6.840e+03	+1.044e+04	+0.610
112.700	+4.216e+03	+4.283e+03	+8.519e+03	+0.504
112.800	+6.045e+03	+6.097e+03	+1.006e+04	+0.502
112.900	+4.939e+03	+4.984e+03	+7.420e+03	+0.502
113.000	+5.856e+03	+4.448e+03	+1.145e+04	+0.432
113.100	+4.522e+03	+6.265e+03	+1.065e+04	+0.581
113.200	+5.100e+03	+4.772e+03	+1.124e+04	+0.483
113.300	+4.554e+03	+3.941e+03	+1.054e+04	+0.464
113.400	+5.584e+03	+5.115e+03	+7.726e+03	+0.478
113.500	+4.727e+03	+6.016e+03	+8.517e+03	+0.560
113.600	+4.744e+03	+5.285e+03	+8.787e+03	+0.527
113.700	+5.182e+03	+3.954e+03	+9.557e+03	+0.433
113.800	+4.373e+03	+6.758e+03	+1.222e+04	+0.607
113.900	+6.639e+03	+4.106e+03	+1.044e+04	+0.382
114.000	+9.923e+03	-3.908e+02	+7.881e+03	-0.041
114.100	+9.814e+03	+8.563e+02	+1.098e+04	+0.080
114.200	+8.302e+03	+8.416e+02	+1.073e+04	+0.092
114.300	+7.005e+03	+2.991e+02	+1.127e+04	+0.041
114.400	+8.168e+03	+6.573e+02	+1.117e+04	+0.074
114.500	+7.916e+03	+6.033e+01	+1.047e+04	+0.008
114.600	+1.087e+04	+3.546e+02	+9.575e+03	+0.032
114.700	+8.664e+03	+3.658e+02	+8.869e+03	+0.041
114.800	+1.004e+04	-1.167e+03	+1.204e+04	-0.132
114.900	+8.005e+03	+1.114e+03	+1.098e+04	+0.122
115.000	+8.682e+03	+1.601e+03	+9.590e+03	+0.156
115.100	+1.042e+04	-8.123e+01	+9.400e+03	-0.008
115.200	+8.901e+03	+1.770e+02	+9.935e+03	+0.020
115.300	+8.813e+03	+3.979e+02	+1.004e+04	+0.043
115.400	+8.081e+03	-9.334e+01	+8.893e+03	-0.012
115.500	+7.352e+03	+8.466e+02	+1.023e+04	+0.103
115.600	+7.361e+03	+1.973e+03	+6.631e+03	+0.211
115.700	+9.283e+03	+4.584e+02	+1.341e+04	+0.047
115.800	+8.417e+03	-1.330e+02	+8.789e+03	-0.016
115.900	+7.208e+03	+5.063e+02	+8.262e+03	+0.066
116.000	+7.189e+03	+1.419e+02	+8.458e+03	+0.019
116.100	+8.417e+03	+4.120e+02	+8.673e+03	+0.047
116.200	+6.327e+03	-1.049e+03	+9.371e+03	-0.199
116.300	+7.735e+03	-1.099e+02	+1.033e+04	-0.014
116.400	+8.661e+03	+4.259e+02	+9.363e+03	+0.047
116.500	+7.898e+03	+6.195e+02	+8.834e+03	+0.073
116.600	+9.140e+03	+1.302e+03	+9.712e+03	+0.125
116.700	+9.098e+03	-6.442e+01	+1.225e+04	-0.007
116.800	+5.607e+03	+1.252e+03	+9.638e+03	+0.183
116.900	+2.217e+03	+7.587e+03	+9.149e+03	+0.774
117.000	+1.357e+03	+9.789e+03	+9.818e+03	+0.878
117.100	+1.040e+03	+5.774e+03	+9.121e+03	+0.847
117.200	+1.588e+03	+8.278e+03	+7.471e+03	+0.839
117.300	+1.001e+03	+7.988e+03	+8.574e+03	+0.889
117.400	+2.013e+03	+7.603e+03	+8.546e+03	+0.791
117.500	+1.375e+03	+7.342e+03	+8.523e+03	+0.842
117.600	+9.949e+02	+8.497e+03	+9.769e+03	+0.895
117.700	-2.654e+02	+7.936e+03	+1.003e+04	+1.035
117.800	+2.300e+03	+8.884e+03	+8.874e+03	+0.794
117.900	+2.357e+03	+7.048e+03	+8.567e+03	+0.749
118.000	+4.362e+01	+9.583e+03	+7.715e+03	+0.995
118.100	+1.023e+03	+7.835e+03	+1.077e+04	+0.884
118.200	+1.638e+03	+8.059e+03	+7.968e+03	+0.831
118.300	+1.631e+03	+7.012e+03	+8.531e+03	+0.811
118.400	+1.241e+03	+1.005e+04	+1.102e+04	+0.890
118.500	+6.255e+02	+8.337e+03	+8.998e+03	+0.930
118.600	+3.880e+03	+7.597e+03	+8.914e+03	+0.662
118.700	-3.377e+01	+8.832e+03	+9.261e+03	+1.004
118.800	+5.710e+02	+1.010e+04	+8.484e+03	+0.946
118.900	+2.989e+03	+8.325e+03	+8.684e+03	+0.736
119.000	+1.033e+03	+7.516e+03	+9.215e+03	+0.879
119.100	+3.905e+02	+8.113e+03	+9.738e+03	+0.954
119.200	-3.111e+02	+9.147e+03	+1.026e+04	+1.035
119.300	+1.714e+03	+6.356e+03	+7.106e+03	+0.788
119.400	+3.021e+02	+7.414e+03	+6.996e+03	+0.961
119.500	+5.689e+02	+8.578e+03	+8.179e+03	+0.938
119.600	+1.806e+03	+5.733e+03	+1.084e+04	+0.760
119.700	+1.394e+03	+6.858e+03	+9.457e+03	+0.831
119.800	-2.011e+02	+9.036e+03	+9.390e+03	+1.023
119.900	+1.680e+03	+9.554e+03	+8.940e+03	+0.850
120.000	+9.349e+02	+7.372e+03	+8.118e+03	+0.887
120.100	+1.522e+03	+7.823e+03	+8.223e+03	+0.837
120.200	+1.570e+03	+9.519e+03	+1.020e+04	+0.858
120.300	+4.012e+02	+8.730e+03	+1.124e+04	+0.956
120.400	+2.275e+03	+7.876e+03	+8.462e+03	+0.776
120.500	+4.309e+02	+8.832e+03	+8.732e+03	+0.953
120.600	+2.918e+02	+8.617e+03	+7.158e+03	+0.967
120.700	+2.112e+03	+9.647e+03	+8.299e+03	+0.820
120.800	+1.627e+03	+9.609e+03	+7.760e+03	+0.855
120.900	-1.120e+03	+8.402e+03	+7.873e+03	+1.154
121.000	-7.918e+02	+8.712e+03	+9.559e+03	+1.100
121.100	+1.174e+03	+9.023e+03	+8.206e+03	+0.885
121.200	+4.370e+03	+6.095e+03	+9.479e+03	+0.582
121.300	+4.852e+03	+5.300e+03	+1.161e+04	+0.522
121.400	+3.303e+03	+6.130e+03	+9.965e+03	+0.650
121.500	+3.860e+03	+5.990e+03	+8.810e+03	+0.608
121.600	+4.521e+03	+4.348e+03	+1.091e+04	+0.490
121.700	+4.083e+03	+5.872e+03	+1.093e+04	+0.590
121.800	+3.746e+03	+6.408e+03	+9.083e+03	+0.631
121.900	+4.124e+03	+4.185e+03	+1.178e+04	+0.504
122.000	+4.907e+03	+6.764e+03	+9.765e+03	+0.580
122.100	+4.806e+03	+4.224e+03	+1.031e+04	+0.468
122.200	+5.219e+03	+5.099e+03	+1.037e+04	+0.494
122.300	+6.139e+03	+5.228e+03	+9.259e+03	+0.460
122.400	+3.513e+03	+5.605e+03	+1.055e+04	+0.615
122.500	+4.558e+03	+3.405e+03	+1.004e+04	+0.428
122.600	+4.791e+03	+2.833e+03	+1.122e+04	+0.372
122.700	+4.484e+03	+6.465e+03	+1.039e+04	+0.590
122.800	+5.000e+03	+5.211e+03	+8.758e+03	+0.510
122.900	+3.404e+03	+4.946e+03	+9.727e+03	+0.592
123.000	+2.959e+03	+4.515e+03	+1.021e+04	+0.604
123.100	+4.662e+03	+4.862e+03	+7.882e+03	+0.510
123.200	+4.973e+03	+3.267e+03	+9.031e+03	+0.396
123.300	+3.763e+03	+5.387e+03	+8.609e+03	+0.589
123.400	+4.308e+03	+3.920e+03	+7.943e+03	+0.476
123.500	+3.394e+03	+6.911e+03	+9.468e+03	+0.671
123.600	+3.332e+03	+4.949e+03	+1.046e+04	+0.598
123.700	+2.716e+03	+4.847e+03	+1.067e+04	+0.641
123.800	+6.386e+03	+5.752e+03	+1.129e+04	+0.474
123.900	+5.694e+03	+5.089e+03	+9.624e+03	+0.472
124.000	+2.377e+03	+4.638e+03	+8.768e+03	+0.661
124.100	+4.354e+03	+4.781e+03	+9.723e+03	+0.523
124.200	+3.802e+03	+5.830e+03	+9.521e+03	+0.605
124.300	+4.598e+03	+5.466e+03	+1.194e+04	+0.543
124.400	+4.961e+03	+5.203e+03	+9.233e+03	+0.512
124.500	+5.059e+03	+5.396e+03	+1.105e+04	+0.516
124.600	+3.951e+03	+5.788e+03	+1.095e+04	+0.594
124.700	+3.166e+03	+5.408e+03	+8.839e+03	+0.631
124.800	+4.336e+03	+3.835e+03	+8.902e+03	+0.469
124.900	+4.763e+03	+5.759e+03	+1.079e+04	+0.547
125.000	+4.288e+03	+4.341e+03	+1.179e+04	+0.503
125.100	+4.691e+03	+6.711e+03	+9.526e+03	+0.589
125.200	+3.993e+03	+5.528e+03	+8.117e+03	+0.581
125.300	+4.861e+03	+6.396e+03	+1.026e+04	+0.568
125.400	+3.935e+03	+4.476e+03	+1.097e+04	+0.532
125.500	+4.010e+03	+5.674e+03	+1.329e+04	+0.586
125.600	+3.923e+03	+5.837e+03	+1.127e+04	+0.598
125.700	+4.694e+03	+4.793e+03	+8.652e+03	+0.505
125.800	+5.694e+03	+4.717e+03	+9.330e+03	+0.453
125.900	+5.240e+03	+6.606e+03	+8.518e+03	+0.558
126.000	+3.841e+03	+5.911e+03	+7.066e+03	+0.606
126.100	+4.806e+03	+5.753e+03	+1.053e+04	+0.545
126.200	+4.970e+03	+4.764e+03	+1.059e+04	+0.489
126.300	+4.730e+03	+3.680e+03	+9.800e+03	+0.438
126.400	+5.861e+03	+1.693e+03	+8.894e+03	+0.224
126.500	+8.581e+03	+7.074e+02	+1.005e+04	+0.076
126.600	+7.404e+03	+2.798e+02	+1.094e+04	+0.036
126.700	+7.992e+03	+1.595e+03	+7.692e+03	+0.166
126.800	+9.944e+03	-1.250e+02	+6.756e+03	-0.013
126.900	+8.992e+03	+1.148e+02	+8.874e+03	+0.013
127.000	+7.410e+03	+1.008e+03	+1.033e+04	+0.120
127.100	+7.431e+03	+8.494e+02	+9.535e+03	+0.103
127.200	+8.126e+03	+2.204e+03	+9.146e+03	+0.213
127.300	+9.356e+03	-2.490e+02	+1.042e+04	-0.027
127.400	+7.563e+03	+1.108e+03	+8.807e+03	+0.128
127.500	+3.337e+03	+4.904e+03	+1.031e+04	+0.595
127.600	+1.446e+03	+7.059e+03	+8.158e+03	+0.830
127.700	+5.089e+02	+7.689e+03	+8.333e+03	+0.938
127.800	+1.982e+03	+8.367e+03	+9.183e+03	+0.809
127.900	+8.104e+02	+8.104e+03	+8.464e+03	+0.909
128.000	+2.327e+02	+8.461e+03	+8.237e+03	+0.973
128.100	+1.043e+03	+9.377e+03	+9.734e+03	+0.900
128.200	+9.872e+02	+7.966e+03	+1.005e+04	+0.890
128.300	+3.452e+02	+1.142e+04	+7.616e+03	+0.971
128.400	+7.435e+02	+7.118e+03	+8.453e+03	+0.905
128.500	+5.498e+02	+8.752e+03	+1.044e+04	+0.941
128.600	+3.311e+03	+7.899e+03	+1.129e+04	+0.705
128.700	+4.458e+02	+9.207e+03	+1.062e+04	+0.954
128.800	+1.382e+03	+8.458e+03	+1.044e+04	+0.860
128.900	+2.308e+03	+8.051e+03	+9.067e+03	+0.777
129.000	+1.445e+03	+8.172e+03	+7.892e+03	+0.850
129.100	+6.793e+02	+9.848e+03	+8.193e+03	+0.935
129.200	+2.416e+02	+6.923e+03	+9.119e+03	+0.966
129.300	+1.136e+03	+8.144e+03	+6.885e+03	+0.878
129.400	+1.018e+02	+7.777e+03	+8.930e+03	+0.987
129.500	+9.167e+02	+8.703e+03	+9.394e+03	+0.905
129.600	+1.469e+03	+8.935e+03	+1.120e+04	+0.859
129.700	+1.132e+03	+8.761e+03	+9.434e+03	+0.886
129.800	+1.314e+03	+9.326e+03	+8.008e+03	+0.877
129.900	+4.760e+03	+3.554e+03	+1.144e+04	+0.427
130.000	+3.883e+03	+4.207e+03	+8.616e+03	+0.520
130.100	+5.101e+03	+5.397e+03	+8.684e+03	+0.514
130.200	+6.737e+03	+5.294e+03	+1.004e+04	+0.440
130.300	+4.524e+03	+4.847e+03	+9.078e+03	+0.517
130.400	+3.310e+03	+4.131e+03	+9.993e+03	+0.555
130.500	+6.122e+03	+3.919e+03	+8.373e+03	+0.390
130.600	+4.938e+03	+2.585e+03	+9.016e+03	+0.344
130.700	+7.242e+03	-2.956e+01	+1.033e+04	-0.004
130.800	+8.874e+03	+4.215e+02	+9.125e+03	+0.045
130.900	+8.165e+03	+3.128e+02	+1.004e+04	+0.037
131.000	+1.065e+04	-1.018e+02	+9.026e+03	-0.010
131.100	+6.430e+03	+1.727e+03	+8.529e+03	+0.212
131.200	+7.463e+03	+1.151e+02	+1.004e+04	+0.015
131.300	+9.081e+03	-7.334e+02	+9.163e+03	-0.088
131.400	+8.896e+03	+1.606e+03	+1.070e+04	+0.153
131.500	+8.483e+03	+1.474e+03	+1.104e+04	+0.148
131.600	+6.939e+03	+9.724e+02	+1.021e+04	+0.123
131.700	+8.762e+03	+1.697e+02	+1.306e+04	+0.019
131.800	+8.361e+03	+1.276e+03	+9.767e+03	+0.132
131.900	+8.299e+03	+2.324e+03	+1.411e+04	+0.219
132.000	+9.070e+03	+5.507e+02	+9.804e+03	+0.057
132.100	+9.153e+03	+6.152e+02	+7.766e+03	+0.063
132.200	+9.059e+03	-7.599e+02	+8.634e+03	-0.092
132.300	+7.558e+03	+1.119e+03	+1.001e+04	+0.129
132.400	+8.225e+03	+5.842e+02	+7.150e+03	+0.066
132.500	+9.266e+03	-1.140e+02	+9.728e+03	-0.012
132.600	+8.288e+03	+6.763e+02	+9.387e+03	+0.075
132.700	+9.087e+03	+1.492e+03	+8.035e+03	+0.141
132.800	+7.398e+03	+3.699e+02	+1.001e+04	+0.048
132.900	+8.453e+03	-9.209e+02	+1.344e+04	-0.122
133.000	+8.337e+03	+1.290e+02	+1.078e+04	+0.015
133.100	+8.704e+03	+1.447e+03	+1.111e+04	+0.143
133.200	+1.055e+04	+3.530e+02	+8.867e+03	+0.032
133.300	+6.153e+03	+1.664e+03	+9.315e+03	+0.213
133.400	+6.249e+03	+4.935e+03	+9.051e+03	+0.441
133.500	+3.575e+03	+4.377e+03	+9.295e+03	+0.550
133.600	+4.707e+03	+4.123e+03	+1.022e+04	+0.467
133.700	+4.746e+03	+5.585e+03	+7.323e+03	+0.541
133.800	+4.107e+03	+4.310e+03	+9.258e+03	+0.512
133.900	+4.026e+03	+5.611e+03	+9.780e+03	+0.582
134.000	+4.066e+03	+5.285e+03	+1.164e+04	+0.565
134.100	+6.090e+03	+4.607e+03	+8.477e+03	+0.431
134.200	+4.450e+03	+5.147e+03	+9.242e+03	+0.536
134.300	+3.875e+03	+4.828e+03	+8.003e+03	+0.555
134.400	+6.547e+03	+5.727e+03	+9.475e+03	+0.467
134.500	+3.958e+03	+2.923e+03	+7.975e+03	+0.425
134.600	+6.209e+03	+5.297e+03	+1.075e+04	+0.460
134.700	+3.169e+03	+4.537e+03	+7.213e+03	+0.589
134.800	+3.989e+03	+6.523e+03	+8.131e+03	+0.621
134.900	+3.704e+03	+3.503e+03	+9.605e+03	+0.486
135.000	+3.103e+03	+4.627e+03	+9.216e+03	+0.599
135.100	+4.080e+03	+4.872e+03	+1.136e+04	+0.544
135.200	+4.175e+03	+6.594e+03	+9.778e+03	+0.612
135.300	+5.988e+03	+5.417e+03	+9.722e+03	+0.475
135.400	+3.746e+03	+5.493e+03	+9.673e+03	+0.595
135.500	+2.666e+03	+4.471e+03	+1.071e+04	+0.626
135.600	+4.391e+03	+7.848e+03	+1.090e+04	+0.641
135.700	+5.905e+03	+3.867e+03	+9.384e+03	+0.396
135.800	+9.832e+03	+1.582e+03	+9.486e+03	+0.139
135.900	+7.231e+03	-6.989e+02	+6.513e+03	-0.107
136.000	+7.397e+03	+4.650e+02	+9.630e+03	+0.059
136.100	+8.266e+03	+1.542e+02	+9.072e+03	+0.018
136.200	+7.348e+03	+1.800e+03	+1.018e+04	+0.197
136.300	+1.055e+04	+6.760e+02	+8.777e+03	+0.060
136.400	+8.765e+03	+1.620e+02	+1.033e+04	+0.018
136.500	+8.565e+03	+6.287e+02	+8.778e+03	+0.068
136.600	+8.123e+03	+7.107e+02	+7.113e+03	+0.080
136.700	+1.001e+04	+2.260e+02	+6.552e+03	+0.022
136.800	+5.995e+03	+1.090e+03	+8.738e+03	+0.154
136.900	+8.343e+03	-5.630e+02	+8.282e+03	-0.072
137.000	+7.076e+03	+4.411e+02	+9.483e+03	+0.059
137.100	+8.061e+03	+1.337e+03	+9.400e+03	+0.142
137.200	+7.672e+03	+3.901e+02	+9.647e+03	+0.048
137.300	+9.182e+03	+1.205e+03	+9.360e+03	+0.116
137.400	+7.394e+03	-1.610e+02	+1.011e+04	-0.022
137.500	+8.724e+03	+1.266e+03	+1.075e+04	+0.127
137.600	+9.998e+03	+4.634e+02	+8.071e+03	+0.044
137.700	+8.475e+03	+2.341e+03	+1.069e+04	+0.216
137.800	+6.122e+03	+7.538e+02	+8.058e+03	+0.110
137.900	+8.984e+03	-8.709e+02	+9.364e+03	-0.107
138.000	+1.023e+04	+9.920e+02	+9.680e+03	+0.088
138.100	+6.548e+03	+1.166e+03	+1.059e+04	+0.151
138.200	+6.469e+03	+5.576e+02	+9.247e+03	+0.079
138.300	+6.708e+03	+2.806e+02	+8.072e+03	+0.040
138.400	+7.095e+03	+1.223e+03	+1.229e+04	+0.147
138.500	+1.013e+04	+9.566e+02	+9.467e+03	+0.086
138.600	+9.013e+03	+6.783e+02	+1.134e+04	+0.070
138.700	+6.860e+03	+2.053e+03	+9.872e+03	+0.230
138.800	+3.000e+03	+4.725e+03	+7.696e+03	+0.612
138.900	+5.386e+03	+5.365e+03	+9.780e+03	+0.499
139.000	+2.404e+03	+4.134e+03	+8.112e+03	+0.632
139.100	+4.012e+03	+5.160e+03	+9.338e+03	+0.563
139.200	+5.411e+03	+4.242e+03	+1.084e+04	+0.439
139.300	+4.650e+03	+5.446e+03	+1.153e+04	+0.539
139.400	+6.363e+03	+2.684e+03	+9.903e+03	+0.297
139.500	+4.360e+03	+4.877e+03	+1.021e+04	+0.528
139.600	+4.976e+03	+6.414e+03	+8.087e+03	+0.563
139.700	+3.910e+03	+5.310e+03	+9.992e+03	+0.576
139.800	+6.031e+03	+5.632e+03	+1.153e+04	+0.483
139.900	+5.847e+03	+4.931e+03	+1.039e+04	+0.457
140.000	+3.423e+03	+5.534e+03	+1.005e+04	+0.618
140.100	+4.863e+03	+5.675e+03	+8.722e+03	+0.539
140.200	+4.693e+03	+4.463e+03	+7.157e+03	+0.487
140.300	+3.260e+03	+5.252e+03	+8.938e+03	+0.617
140.400	+4.720e+03	+4.568e+03	+9.659e+03	+0.492
140.500	+4.070e+03	+4.750e+03	+1.159e+04	+0.539
140.600	+3.469e+03	+5.196e+03	+9.202e+03	+0.600
140.700	+4.710e+03	+5.522e+03	+1.009e+04	+0.540
140.800	+4.479e+03	+7.108e+03	+1.200e+04	+0.613
140.900	+3.703e+03	+5.762e+03	+8.112e+03	+0.609
141.000	-3.308e+02	+9.602e+03	+1.123e+04	+1.036
141.100	+1.784e+03	+8.594e+03	+8.104e+03	+0.828
141.200	+6.528e+02	+6.538e+03	+8.071e+03	+0.909
141.300	+7.528e+02	+9.101e+03	+1.012e+04	+0.924
141.400	+2.531e+03	+7.392e+03	+9.372e+03	+0.745
141.500	+1.599e+03	+6.946e+03	+8.225e+03	+0.813
141.600	+8.862e+02	+9.449e+03	+5.240e+03	+0.914
141.700	+2.023e+03	+7.602e+03	+8.478e+03	+0.790
141.800	+8.590e+02	+8.393e+03	+1.023e+04	+0.907
141.900	+1.649e+03	+1.013e+04	+1.116e+04	+0.860
142.000	+6.751e+02	+9.175e+03	+8.889e+03	+0.931
142.100	+4.829e+02	+8.735e+03	+8.498e+03	+0.948
142.200	+4.235e+02	+8.898e+03	+9.589e+03	+0.955
142.300	+1.064e+03	+8.478e+03	+8.480e+03	+0.888
142.400	+1.065e+03	+9.659e+03	+9.822e+03	+0.901
142.500	+2.263e+03	+8.931e+03	+8.567e+03	+0.798
142.600	+8.570e+02	+7.509e+03	+7.782e+03	+0.898
142.700	+1.478e+03	+6.100e+03	+9.141e+03	+0.805
142.800	+7.131e+02	+6.920e+03	+8.089e+03	+0.907
142.900	+1.602e+03	+7.469e+03	+8.936e+03	+0.823
143.000	+1.739e+03	+9.389e+03	+9.466e+03	+0.844
143.100	-4.844e+02	+6.718e+03	+7.960e+03	+1.078
143.200	+1.482e+03	+6.391e+03	+8.918e+03	+0.812
143.300	+2.071e+03	+5.577e+03	+8.300e+03	+0.729
143.400	+1.929e+03	+1.159e+04	+1.052e+04	+0.857
143.500	+3.340e+02	+9.483e+03	+7.124e+03	+0.966
143.600	+6.747e+02	+8.121e+03	+6.851e+03	+0.923
143.700	+8.220e+02	+7.771e+03	+9.999e+03	+0.904
143.800	+1.374e+03	+7.664e+03	+1.012e+04	+0.848
143.900	+3.486e+02	+7.166e+03	+1.004e+04	+0.954
144.000	+2.259e+03	+8.740e+03	+8.205e+03	+0.795
144.100	+4.445e+03	+4.865e+03	+1.216e+04	+0.523
144.200	+5.088e+03	+4.980e+03	+6.358e+03	+0.495
144.300	+4.478e+03	+5.031e+03	+8.376e+03	+0.529
144.400	+5.622e+03	+4.910e+03	+8.514e+03	+0.466
144.500	+4.685e+03	+3.933e+03	+9.747e+03	+0.456
144.600	+5.130e+03	+4.968e+03	+8.816e+03	+0.492
144.700	+4.132e+03	+6.441e+03	+1.105e+04	+0.609
144.800	+4.004e+03	+5.426e+03	+1.169e+04	+0.575
144.900	+5.235e+03	+4.873e+03	+8.681e+03	+0.482
145.000	+5.588e+02	+7.856e+03	+9.648e+03	+0.934
145.100	+1.960e+02	+6.739e+03	+8.629e+03	+0.972
145.200	-1.035e+02	+9.454e+03	+6.564e+03	+1.011
145.300	+9.091e+02	+1.025e+04	+8.156e+03	+0.918
145.400	+3.978e+02	+9.612e+03	+8.216e+03	+0.960
145.500	+8.413e+02	+8.866e+03	+8.799e+03	+0.913
145.600	+1.192e+03	+8.715e+03	+8.262e+03	+0.880
145.700	+1.352e+03	+8.511e+03	+8.994e+03	+0.863
145.800	+2.564e+02	+8.062e+03	+8.569e+03	+0.969
145.900	+1.915e+03	+9.251e+03	+6.883e+03	+0.828
146.000	+1.425e+03	+7.732e+03	+1.110e+04	+0.844
146.100	+9.694e+02	+8.615e+03	+8.570e+03	+0.899
146.200	+1.830e+03	+9.933e+03	+8.254e+03	+0.844
146.300	+2.011e+03	+7.937e+03	+7.882e+03	+0.798
146.400	+8.118e+02	+5.782e+03	+7.677e+03	+0.877
146.500	+2.210e+03	+5.651e+03	+1.006e+04	+0.719
146.600	+5.121e+02	+8.967e+03	+8.875e+03	+0.946
146.700	+8.008e+02	+9.562e+03	+7.737e+03	+0.923
146.800	+1.265e+03	+1.014e+04	+8.720e+03	+0.889
146.900	-9.893e+02	+6.789e+03	+8.724e+03	+1.171
147.000	+2.064e+03	+1.059e+04	+8.517e+03	+0.837
147.100	+2.292e+03	+8.767e+03	+1.102e+04	+0.793
147.200	-1.354e+02	+6.085e+03	+8.781e+03	+1.023
147.300	+1.110e+03	+8.530e+03	+9.050e+03	+0.885
147.400	+2.516e+03	+6.362e+03	+9.306e+03	+0.717
147.500	+7.761e+02	+8.133e+03	+9.511e+03	+0.913
147.600	+1.610e+03	+8.527e+03	+7.133e+03	+0.841
147.700	+1.396e+03	+7.865e+03	+9.154e+03	+0.849
147.800	+1.871e+03	+9.613e+03	+9.363e+03	+0.837
147.900	+1.418e+03	+8.971e+03	+1.058e+04	+0.864
148.000	+9.558e+02	+7.302e+03	+6.923e+03	+0.884
148.100	+1.743e+03	+8.328e+03	+9.026e+03	+0.827
148.200	+2.704e+03	+8.902e+03	+8.790e+03	+0.767
148.300	+4.657e+03	+4.121e+03	+9.892e+03	+0.470
148.400	+5.146e+03	+4.930e+03	+9.489e+03	+0.489
148.500	+5.830e+03	+6.800e+03	+1.090e+04	+0.538
148.600	+3.497e+03	+6.230e+03	+1.103e+04	+0.641
148.700	+3.143e+03	+4.129e+03	+1.317e+04	+0.568
148.800	+4.852e+03	+5.305e+03	+1.163e+04	+0.522
148.900	+5.137e+03	+5.744e+03	+8.210e+03	+0.528
149.000	+3.234e+03	+3.777e+03	+1.165e+04	+0.539
149.100	+4.197e+03	+4.288e+03	+1.092e+04	+0.505
149.200	+2.837e+03	+5.805e+03	+9.517e+03	+0.672
149.300	+3.916e+03	+5.156e+03	+1.180e+04	+0.568
149.400	+5.278e+03	+6.239e+03	+7.609e+03	+0.542
149.500	+4.466e+03	+5.221e+03	+7.025e+03	+0.539
149.600	+2.317e+03	+5.241e+03	+9.319e+03	+0.693
149.700	+5.920e+03	+4.890e+03	+1.075e+04	+0.452
149.800	+4.778e+03	+5.405e+03	+1.085e+04	+0.531
149.900	+5.690e+03	+6.193e+03	+1.120e+04	+0.521
150.000	+3.446e+03	+3.719e+03	+1.122e+04	+0.519
150.100	+4.547e+03	+4.825e+03	+8.529e+03	+0.515
150.200	+3.757e+03	+5.394e+03	+1.028e+04	+0.589
150.300	+4.550e+03	+5.816e+03	+9.965e+03	+0.561
150.400	+4.430e+03	+5.815e+03	+1.183e+04	+0.568
150.500	+4.646e+03	+3.276e+03	+1.010e+04	+0.414
150.600	+5.423e+03	+5.617e+03	+1.022e+04	+0.509
150.700	+4.573e+03	+4.349e+03	+8.924e+03	+0.487
150.800	+5.054e+03	+5.216e+03	+7.816e+03	+0.508
150.900	+5.633e+03	+4.646e+03	+1.078e+04	+0.452
151.000	+2.721e+03	+6.569e+03	+1.207e+04	+0.707
151.100	+4.458e+03	+3.953e+03	+1.014e+04	+0.470
151.200	+2.597e+03	+5.317e+03	+9.758e+03	+0.672
151.300	+3.707e+03	+7.009e+03	+9.711e+03	+0.654
151.400	+4.570e+03	+3.358e+03	+1.083e+04	+0.424
151.500	+6.059e+03	+7.559e+03	+9.331e+03	+0.555
151.600	+4.337e+03	+4.562e+03	+8.854e+03	+0.513
151.700	+5.725e+03	+6.769e+03	+1.032e+04	+0.542
151.800	+4.344e+03	+3.648e+03	+7.552e+03	+0.456
151.900	+8.605e+03	+5.420e+02	+1.116e+04	+0.059
152.000	+7.572e+03	+1.459e+03	+7.928e+03	+0.162
152.100	+7.333e+03	+3.729e+02	+1.182e+04	+0.048
152.200	+5.970e+03	+3.570e+03	+1.070e+04	+0.374
152.300	+4.534e+03	+6.092e+03	+1.005e+04	+0.573
152.400	+2.369e+03	+6.466e+03	+7.979e+03	+0.732
152.500	+4.160e+03	+5.993e+03	+1.219e+04	+0.590
152.600	+3.622e+03	+4.346e+03	+9.268e+03	+0.545
152.700	+4.859e+03	+4.634e+03	+1.015e+04	+0.488
152.800	+8.568e+03	+2.780e+03	+9.029e+03	+0.245
152.900	+7.503e+03	+2.604e+03	+9.783e+03	+0.258
153.000	+1.343e+03	+7.861e+03	+8.456e+03	+0.854
153.100	+8.141e+02	+7.480e+03	+9.854e+03	+0.902
153.200	-3.725e+02	+7.726e+03	+1.249e+04	+1.051
153.300	+1.531e+03	+9.156e+03	+7.486e+03	+0.857
153.400	+3.350e+02	+7.813e+03	+1.253e+04	+0.959
153.500	+1.887e+03	+8.172e+03	+7.112e+03	+0.812
153.600	+2.232e+03	+7.440e+03	+8.172e+03	+0.769
153.700	+1.009e+03	+7.467e+03	+9.869e+03	+0.881
153.800	-6.715e+02	+6.274e+03	+8.891e+03	+1.120
153.900	+7.837e+02	+7.051e+03	+6.996e+03	+0.900
154.000	+2.118e+03	+8.538e+03	+9.803e+03	+0.801
154.100	+8.933e+02	+7.105e+03	+7.179e+03	+0.888
154.200	-3.661e+02	+9.449e+03	+7.057e+03	+1.040
154.300	+2.813e+03	+7.396e+03	+9.202e+03	+0.724
154.400	+6.360e+02	+8.461e+03	+1.013e+04	+0.930
154.500	+6.205e+02	+6.757e+03	+7.134e+03	+0.916
154.600	+1.753e+03	+7.288e+03	+7.963e+03	+0.806
154.700	+1.501e+03	+7.083e+03	+1.133e+04	+0.825
154.800	-2.808e+02	+7.898e+03	+1.157e+04	+1.037
154.900	+1.599e+03	+5.604e+03	+8.377e+03	+0.778
155.000	+8.662e+02	+8.025e+03	+1.016e+04	+0.903
155.100	+2.574e+03	+7.505e+03	+9.438e+03	+0.745
155.200	+4.191e+02	+9.119e+03	+8.840e+03	+0.956
155.300	+5.059e+02	+9.306e+03	+8.459e+03	+0.948
155.400	+4.382e+02	+9.479e+03	+7.281e+03	+0.956
155.500	+1.988e+03	+9.729e+03	+8.144e+03	+0.830
155.600	+2.698e+03	+7.635e+03	+9.392e+03	+0.739
155.700	+2.240e+03	+1.013e+04	+1.068e+04	+0.819
155.800	+1.595e+03	+7.372e+03	+8.241e+03	+0.822
155.900	+8.970e+02	+7.713e+03	+7.460e+03	+0.896
156.000	+2.293e+03	+9.800e+03	+9.477e+03	+0.810
156.100	+1.064e+03	+8.505e+03	+6.502e+03	+0.889
156.200	+9.990e+02	+8.516e+03	+8.856e+03	+0.895
156.300	+1.494e+03	+9.342e+03	+8.041e+03	+0.862
156.400	+1.010e+03	+8.867e+03	+8.506e+03	+0.898
156.500	+2.146e+03	+8.668e+03	+1.056e+04	+0.802
156.600	+7.054e+02	+8.469e+03	+1.229e+04	+0.923
156.700	+1.168e+03	+8.098e+03	+8.562e+03	+0.874
156.800	+5.404e+01	+7.718e+03	+9.635e+03	+0.993
156.900	+1.204e+03	+9.918e+03	+8.701e+03	+0.892
157.000	+2.343e+03	+8.097e+03	+6.715e+03	+0.776
157.100	+9.591e+02	+6.267e+03	+6.944e+03	+0.867
157.200	+3.640e+02	+1.019e+04	+1.045e+04	+0.966
157.300	+3.974e+03	+5.696e+03	+1.040e+04	+0.589
157.400	+5.102e+03	+5.303e+03	+8.706e+03	+0.510
157.500	+4.637e+03	+6.562e+03	+1.172e+04	+0.586
157.600	+2.679e+03	+5.273e+03	+1.040e+04	+0.663
157.700	+6.619e+03	+3.779e+03	+1.184e+04	+0.363
157.800	+4.183e+03	+4.960e+03	+8.794e+03	+0.542
157.900	+3.719e+03	+6.022e+03	+1.094e+04	+0.618
158.000	+6.670e+03	+4.543e+03	+7.209e+03	+0.405
158.100	+4.453e+03	+5.330e+03	+1.089e+04	+0.545
158.200	+4.580e+03	+5.987e+03	+1.211e+04	+0.567
158.300	+4.595e+03	+4.638e+03	+1.135e+04	+0.502
158.400	+4.294e+03	+5.257e+03	+1.125e+04	+0.550
158.500	+4.182e+03	+4.435e+03	+1.141e+04	+0.515
158.600	+5.343e+03	+9.040e+03	+7.234e+03	+0.629
158.700	+4.257e+03	+5.578e+03	+9.610e+03	+0.567
158.800	+5.378e+03	+6.338e+03	+8.126e+03	+0.541
158.900	+2.463e+03	+6.827e+03	+9.489e+03	+0.735
159.000	+1.444e+03	+8.915e+03	+8.863e+03	+0.861
159.100	+1.570e+03	+8.340e+03	+1.125e+04	+0.842
159.200	+2.051e+03	+8.689e+03	+6.499e+03	+0.809
159.300	+2.199e+03	+1.008e+04	+9.646e+03	+0.821
159.400	+1.217e+03	+8.736e+03	+1.064e+04	+0.878
159.500	+1.125e+03	+7.712e+03	+1.096e+04	+0.873
159.600	+1.182e+03	+8.269e+03	+7.288e+03	+0.875
159.700	+2.367e+03	+8.177e+03	+7.300e+03	+0.775
159.800	+1.043e+03	+8.793e+03	+5.350e+03	+0.894
159.900	-3.712e+02	+9.254e+03	+8.210e+03	+1.042
160.000	+8.243e+02	+7.786e+03	+8.579e+03	+0.904
160.100	+2.066e+03	+7.424e+03	+9.595e+03	+0.782
160.200	+1.162e+03	+7.878e+03	+9.000e+03	+0.871
160.300	+4.585e+02	+7.635e+03	+9.845e+03	+0.943
160.400	+3.343e+03	+8.024e+03	+1.068e+04	+0.706
160.500	+5.453e+03	+6.149e+03	+9.594e+03	+0.530
160.600	+4.628e+03	+4.492e+03	+8.993e+03	+0.493
160.700	+3.829e+03	+4.838e+03	+9.294e+03	+0.558
160.800	+5.637e+03	+4.285e+03	+1.193e+04	+0.432
160.900	+4.167e+03	+5.732e+03	+9.269e+03	+0.579
161.000	+4.079e+03	+4.857e+03	+8.334e+03	+0.543
161.100	+4.053e+03	+6.059e+03	+9.260e+03	+0.599
161.200	+6.242e+03	+5.834e+03	+9.050e+03	+0.483
161.300	+3.104e+03	+5.483e+03	+1.064e+04	+0.639
161.400	+1.829e+03	+6.666e+03	+9.177e+03	+0.785
161.500	+4.838e+03	+3.289e+03	+1.141e+04	+0.405
161.600	+3.834e+03	+5.673e+03	+9.572e+03	+0.597
161.700	+3.586e+03	+4.639e+03	+9.145e+03	+0.564
161.800	+3.707e+03	+4.939e+03	+9.360e+03	+0.571
161.900	+5.384e+03	+4.353e+03	+9.932e+03	+0.447
162.000	+4.897e+03	+3.831e+03	+1.076e+04	+0.439
162.100	+6.454e+03	+5.706e+03	+8.576e+03	+0.469
162.200	+8.373e+03	+1.512e+03	+8.716e+03	+0.153
162.300	+8.712e+03	+8.304e+02	+9.257e+03	+0.087
162.400	+8.369e+03	+8.230e+02	+1.100e+04	+0.090
162.500	+6.461e+03	+7.177e+02	+1.075e+04	+0.100
162.600	+1.853e+03	+7.295e+03	+1.002e+04	+0.797
162.700	+3.088e+03	+5.607e+03	+9.762e+03	+0.645
162.800	+3.171e+03	+3.991e+03	+8.956e+03	+0.557
162.900	+4.179e+03	+5.098e+03	+1.098e+04	+0.550
163.000	+5.075e+03	+5.455e+03	+9.369e+03	+0.518
163.100	+4.329e+03	+5.578e+03	+9.221e+03	+0.563
163.200	+3.055e+03	+6.190e+03	+8.504e+03	+0.670
163.300	+6.506e+03	+4.168e+03	+1.123e+04	+0.390
163.400	+4.556e+03	+6.283e+03	+9.642e+03	+0.580
163.500	+4.398e+03	+5.102e+03	+8.546e+03	+0.537
163.600	+5.814e+03	+5.107e+03	+1.042e+04	+0.468
163.700	+4.103e+03	+5.909e+03	+1.199e+04	+0.590
163.800	+3.856e+03	+5.995e+03	+1.088e+04	+0.609
163.900	+5.311e+03	+5.513e+03	+9.146e+03	+0.509
164.000	+5.754e+03	+4.270e+03	+1.129e+04	+0.426
164.100	+6.658e+03	+4.782e+02	+1.032e+04	+0.067
164.200	+7.445e+03	+1.694e+03	+8.884e+03	+0.185
164.300	+7.415e+03	-7.720e+02	+7.182e+03	-0.116
164.400	+8.843e+03	+1.488e+03	+1.366e+04	+0.144
164.500	+7.802e+03	+1.442e+03	+8.064e+03	+0.156
164.600	+7.826e+03	+3.728e+02	+7.209e+03	+0.045
164.700	+8.646e+03	+5.152e+02	+8.895e+03	+0.056
164.800	+6.478e+03	+1.053e+02	+1.055e+04	+0.016
164.900	+7.874e+03	+3.364e+02	+1.074e+04	+0.041
165.000	+7.757e+03	-5.281e+02	+8.474e+03	-0.073
165.100	+8.733e+03	+2.850e+01	+8.554e+03	+0.003
165.200	+5.386e+03	+4.542e+03	+9.311e+03	+0.457
165.300	+1.318e+03	+7.747e+03	+1.137e+04	+0.855
165.400	+1.584e+03	+7.632e+03	+7.943e+03	+0.828
165.500	+3.658e+02	+6.719e+03	+6.851e+03	+0.948
165.600	+1.960e+03	+1.077e+04	+7.189e+03	+0.846
165.700	+2.656e+02	+8.986e+03	+9.778e+03	+0.971
165.800	+4.295e+02	+8.815e+03	+7.031e+03	+0.954
165.900	+2.108e+03	+9.130e+03	+9.667e+03	+0.812
166.000	+1.544e+03	+8.177e+03	+9.761e+03	+0.841
166.100	-3.918e+02	+8.169e+03	+7.589e+03	+1.050
166.200	+1.567e+03	+8.079e+03	+7.836e+03	+0.838
166.300	+1.077e+03	+8.787e+03	+1.017e+04	+0.891
166.400	-8.082e+00	+1.125e+04	+6.587e+03	+1.001
166.500	+7.519e+02	+8.905e+03	+8.928e+03	+0.922
166.600	+2.726e+03	+6.542e+03	+7.748e+03	+0.706
166.700	+1.735e+03	+8.245e+03	+8.552e+03	+0.826
166.800	+3.257e+03	+8.113e+03	+1.169e+04	+0.714
166.900	+1.083e+03	+1.132e+04	+8.972e+03	+0.913
167.000	+1.698e+03	+7.968e+03	+9.059e+03	+0.824
167.100	+8.362e+02	+6.308e+03	+9.673e+03	+0.883
167.200	+5.053e+02	+9.413e+03	+6.181e+03	+0.949
167.300	+1.899e+03	+8.924e+03	+8.735e+03	+0.825
167.400	+2.355e+03	+7.840e+03	+1.121e+04	+0.769
167.500	+1.537e+03	+1.115e+04	+8.844e+03	+0.879
167.600	+3.656e+02	+8.342e+03	+7.748e+03	+0.958
167.700	-1.127e+03	+8.258e+03	+9.042e+03	+1.158
167.800	+7.851e+02	+8.920e+03	+7.833e+03	+0.919
167.900	+1.791e+03	+7.025e+03	+8.873e+03	+0.797
168.000	+2.942e+03	+9.092e+03	+7.584e+03	+0.756
168.100	+3.514e+02	+1.096e+04	+8.380e+03	+0.969
168.200	+1.322e+03	+8.839e+03	+7.926e+03	+0.870
168.300	-1.615e+02	+9.526e+03	+8.288e+03	+1.017
168.400	+3.165e+02	+7.872e+03	+7.686e+03	+0.961
168.500	+8.305e+02	+7.887e+03	+8.188e+03	+0.905
168.600	+2.025e+03	+9.447e+03	+7.300e+03	+0.824
168.700	+1.732e+03	+8.651e+03	+8.850e+03	+0.833
168.800	+5.063e+02	+5.562e+03	+1.196e+04	+0.917
168.900	+1.435e+03	+7.242e+03	+1.048e+04	+0.835
169.000	-6.228e+02	+6.778e+03	+9.542e+03	+1.101
169.100	+1.909e+03	+9.500e+03	+1.003e+04	+0.833
169.200	+1.627e+03	+1.000e+04	+8.655e+03	+0.860
169.300	+7.053e+02	+9.721e+03	+8.400e+03	+0.932
169.400	+3.832e+02	+7.773e+03	+7.765e+03	+0.953
169.500	-2.148e+02	+9.236e+03	+7.868e+03	+1.024
169.600	+8.082e+02	+6.795e+03	+8.338e+03	+0.894
169.700	+7.607e+02	+7.935e+03	+8.248e+03	+0.913
169.800	+8.958e+02	+7.802e+03	+9.773e+03	+0.897
169.900	-2.807e+02	+7.938e+03	+1.070e+04	+1.037
170.000	+2.213e+03	+6.070e+03	+9.083e+03	+0.733
170.100	+4.364e+02	+7.765e+03	+7.896e+03	+0.947
170.200	+9.991e+02	+9.795e+03	+8.200e+03	+0.907
170.300	+4.998e+02	+7.539e+03	+1.151e+04	+0.938
170.400	-6.298e+02	+1.009e+04	+9.215e+03	+1.067
170.500	+1.629e+03	+6.635e+03	+4.539e+03	+0.803
170.600	+4.405e+03	+6.103e+03	+9.996e+03	+0.581
170.700	+5.327e+03	+3.976e+03	+8.844e+03	+0.427
170.800	+4.208e+03	+6.436e+03	+1.075e+04	+0.605
170.900	+3.972e+03	+4.040e+03	+1.271e+04	+0.504
171.000	+5.142e+03	+3.750e+03	+1.025e+04	+0.422
171.100	+4.369e+03	+5.019e+03	+1.053e+04	+0.535
171.200	+4.389e+03	+5.669e+03	+9.076e+03	+0.564
171.300	+3.874e+03	+3.742e+03	+1.153e+04	+0.491
171.400	+3.150e+03	+5.181e+03	+9.947e+03	+0.622
171.500	+6.139e+03	+2.794e+03	+1.219e+04	+0.313
171.600	+2.291e+03	+5.991e+03	+6.916e+03	+0.723
171.700	+3.785e+03	+5.740e+03	+8.222e+03	+0.603
171.800	+4.232e+03	+4.886e+03	+1.014e+04	+0.536
171.900	+6.281e+03	+4.025e+03	+1.109e+04	+0.391
172.000	+4.753e+03	+5.409e+03	+1.214e+04	+0.532
172.100	+4.195e+03	+5.122e+03	+1.189e+04	+0.550
172.200	+7.179e+03	+8.014e+02	+9.274e+03	+0.100
172.300	+6.910e+03	+1.845e+01	+9.754e+03	+0.003
172.400	+9.118e+03	+3.838e+02	+8.078e+03	+0.040
172.500	+7.989e+03	+7.704e+02	+8.932e+03	+0.088
172.600	+8.571e+03	+1.807e+03	+9.457e+03	+0.174
172.700	+6.035e+03	-2.066e+02	+1.122e+04	-0.035
172.800	+8.511e+03	+1.092e+03	+1.006e+04	+0.114
172.900	+6.185e+03	+1.251e+03	+1.045e+04	+0.168
173.000	+6.669e+03	-4.382e+01	+1.026e+04	-0.007
173.100	+6.855e+03	+1.724e+03	+8.232e+03	+0.201
173.200	+7.319e+03	+1.734e+03	+1.074e+04	+0.192
173.300	+8.068e+03	+1.601e+03	+8.966e+03	+0.166
173.400	+8.234e+03	-2.628e+02	+1.244e+04	-0.033
173.500	+5.827e+03	+1.330e+03	+9.304e+03	+0.186
173.600	+6.461e+03	+6.163e+02	+7.910e+03	+0.087
173.700	+9.871e+03	+8.212e+02	+1.124e+04	+0.077
173.800	+8.462e+03	+1.384e+03	+7.696e+03	+0.141
173.900	+7.709e+03	+1.180e+03	+1.025e+04	+0.133
174.000	+7.520e+03	+6.059e+02	+9.933e+03	+0.075
174.100	+1.821e+03	+8.723e+03	+8.339e+03	+0.827
174.200	+3.193e+03	+5.164e+03	+9.829e+03	+0.618
174.300	+2.897e+03	+7.199e+03	+9.438e+03	+0.713
174.400	+1.620e+03	+6.512e+03	+6.361e+03	+0.801
174.500	+1.177e+03	+5.391e+03	+8.854e+03	+0.821
174.600	+1.677e+03	+8.168e+03	+8.747e+03	+0.830
174.700	+9.086e+02	+6.040e+03	+9.632e+03	+0.869
174.800	+2.337e+03	+1.003e+04	+8.095e+03	+0.811
174.900	+9.555e+02	+9.301e+03	+9.637e+03	+0.907
175.000	+1.913e+03	+9.365e+03	+1.025e+04	+0.830
175.100	+3.802e+02	+9.155e+03	+7.134e+03	+0.960
175.200	+9.910e+01	+8.933e+03	+7.520e+03	+0.989
175.300	+2.306e+03	+9.325e+03	+1.190e+04	+0.802
175.400	+1.685e+03	+8.316e+03	+7.911e+03	+0.832
175.500	+1.166e+03	+8.922e+03	+9.911e+03	+0.884
175.600	+2.578e+03	+7.273e+03	+7.946e+03	+0.738
175.700	+4.722e+03	+3.923e+03	+1.129e+04	+0.454
175.800	+3.268e+03	+4.667e+03	+9.007e+03	+0.588
175.900	+3.064e+03	+4.811e+03	+1.161e+04	+0.611
176.000	+3.385e+03	+5.879e+03	+1.105e+04	+0.635
176.100	+4.572e+03	+5.374e+03	+8.831e+03	+0.540
176.200	+5.260e+03	+5.302e+03	+1.060e+04	+0.502
176.300	+4.164e+03	+6.331e+03	+1.159e+04	+0.603
176.400	+4.293e+03	+3.813e+03	+1.136e+04	+0.470
176.500	+2.635e+03	+3.907e+03	+9.421e+03	+0.597
176.600	+3.703e+03	+6.377e+03	+8.905e+03	+0.633
176.700	+5.133e+03	+4.714e+03	+8.101e+03	+0.479
176.800	+5.142e+03	+4.469e+03	+9.591e+03	+0.465
176.900	+5.747e+03	+6.709e+03	+9.497e+03	+0.539
177.000	+2.728e+03	+4.991e+03	+9.502e+03	+0.647
177.100	+3.056e+03	+5.396e+03	+1.156e+04	+0.638
177.200	+3.820e+03	+5.827e+03	+1.079e+04	+0.604
177.300	+5.112e+03	+4.357e+03	+9.398e+03	+0.460
177.400	+4.890e+03	+5.490e+03	+1.138e+04	+0.529
177.500	+4.975e+03	+5.341e+03	+1.139e+04	+0.518
177.600	+5.089e+03	+5.458e+03	+7.771e+03	+0.518
177.700	+5.259e+03	+5.906e+03	+1.083e+04	+0.529
177.800	+5.675e+03	+5.441e+03	+1.027e+04	+0.489
177.900	+5.053e+03	+4.142e+03	+9.662e+03	+0.450
178.000	+4.520e+03	+5.778e+03	+8.534e+03	+0.561
178.100	+5.190e+03	+8.229e+03	+9.773e+03	+0.613
178.200	+3.951e+03	+5.961e+03	+1.099e+04	+0.601
178.300	+5.240e+03	+5.867e+03	+1.165e+04	+0.528
178.400	+4.910e+03	+3.830e+03	+9.508e+03	+0.438
178.500	+3.562e+03	+4.231e+03	+1.014e+04	+0.543
178.600	+4.482e+03	+5.177e+03	+1.050e+04	+0.536
178.700	+5.015e+03	+5.046e+03	+9.709e+03	+0.502
178.800	+3.813e+03	+5.313e+03	+9.026e+03	+0.582
178.900	+3.673e+03	+6.295e+03	+1.023e+04	+0.632
179.000	+4.034e+03	+5.608e+03	+1.215e+04	+0.582
179.100	+5.298e+03	+5.301e+03	+8.108e+03	+0.500
179.200	+4.522e+03	+3.791e+03	+8.929e+03	+0.456
179.300	+4.654e+03	+5.488e+03	+9.617e+03	+0.541
179.400	+4.031e+03	+6.409e+03	+1.122e+04	+0.614
179.500	+3.514e+03	+4.105e+03	+1.016e+04	+0.539
179.600	+4.853e+03	+5.538e+03	+1.018e+04	+0.533
179.700	+4.825e+03	+5.820e+03	+9.736e+03	+0.547
179.800	+3.924e+03	+3.980e+03	+8.677e+03	+0.504
179.900	+4.469e+03	+6.167e+03	+8.703e+03	+0.580
180.000	+9.273e+03	+8.094e+02	+9.515e+03	+0.080
180.100	+7.728e+03	+5.626e+02	+1.132e+04	+0.068
180.200	+8.333e+03	+1.064e+03	+9.592e+03	+0.113
180.300	+8.775e+03	-1.559e+03	+6.562e+03	-0.216
180.400	+6.739e+03	+2.246e+03	+9.946e+03	+0.250
180.500	+7.538e+03	+6.760e+02	+8.484e+03	+0.082
180.600	+6.424e+03	+4.064e+02	+1.015e+04	+0.060
180.700	+7.774e+03	+9.095e+01	+9.631e+03	+0.012
180.800	+8.908e+03	-1.376e+02	+8.663e+03	-0.016
180.900	+8.668e+03	+2.295e+02	+7.038e+03	+0.026
181.000	+7.679e+03	+3.348e+03	+9.794e+03	+0.304
181.100	+1.107e+04	+8.713e+02	+8.458e+03	+0.073
181.200	+6.554e+03	+1.367e+03	+8.449e+03	+0.173
181.300	+1.016e+04	+1.244e+03	+7.692e+03	+0.109
181.400	+9.453e+03	+5.243e+02	+7.843e+03	+0.053
181.500	+6.813e+03	+3.938e+03	+1.008e+04	+0.366
181.600	+5.288e+03	+4.725e+03	+1.074e+04	+0.472
181.700	+5.823e+03	+4.796e+03	+8.702e+03	+0.452
181.800	+5.176e+03	+6.731e+03	+1.124e+04	+0.565
181.900	+2.141e+03	+2.773e+03	+8.748e+03	+0.564
182.000	+4.521e+03	+5.085e+03	+1.147e+04	+0.529
182.100	+5.371e+03	+2.954e+03	+1.045e+04	+0.355
182.200	+9.385e+03	-1.568e+02	+1.079e+04	-0.017
182.300	+5.572e+03	+1.203e+03	+8.305e+03	+0.178
182.400	+9.100e+03	+1.748e+03	+1.125e+04	+0.161
182.500	+8.712e+03	-3.614e+02	+1.021e+04	-0.043
182.600	+1.070e+04	+1.162e+03	+9.833e+03	+0.098
182.700	+8.022e+03	+1.221e+03	+9.345e+03	+0.132
182.800	+9.381e+03	+1.854e+03	+8.237e+03	+0.165
182.900	+8.238e+03	+8.205e+01	+9.449e+03	+0.010
183.000	+7.019e+03	+4.684e+02	+9.971e+03	+0.063
183.100	+8.343e+03	-1.866e+02	+8.895e+03	-0.023
183.200	+1.028e+04	+5.650e+02	+1.067e+04	+0.052
183.300	+1.020e+04	-1.176e+02	+1.075e+04	-0.012
183.400	+7.949e+03	-9.234e+02	+1.026e+04	-0.131
183.500	+7.282e+03	-1.264e+02	+1.032e+04	-0.018
183.600	+7.486e+03	+6.097e+02	+9.932e+03	+0.075
183.700	+5.685e+02	+7.784e+03	+9.311e+03	+0.932
183.800	+1.259e+03	+8.824e+03	+9.664e+03	+0.875
183.900	+2.997e+03	+6.257e+03	+9.921e+03	+0.676
184.000	+4.048e+03	+5.166e+03	+1.003e+04	+0.561
184.100	+4.949e+03	+5.139e+03	+9.088e+03	+0.509
184.200	+3.436e+03	+4.558e+03	+8.771e+03	+0.570
184.300	+4.432e+03	+6.660e+03	+8.740e+03	+0.600
184.400	+5.929e+03	+5.958e+03	+1.135e+04	+0.501
184.500	+5.696e+03	+4.316e+03	+8.984e+03	+0.431
184.600	+4.872e+03	+4.198e+03	+1.087e+04	+0.463
184.700	+2.980e+03	+5.555e+03	+9.480e+03	+0.651
184.800	+3.932e+03	+5.200e+03	+1.147e+04	+0.569
184.900	+3.534e+03	+6.076e+03	+1.050e+04	+0.632
185.000	+4.281e+03	+6.888e+03	+9.052e+03	+0.617
185.100	+4.411e+03	+5.763e+03	+9.586e+03	+0.566
185.200	+4.141e+03	+3.859e+03	+1.042e+04	+0.482
185.300	+4.197e+03	+5.939e+03	+1.182e+04	+0.586
185.400	+2.800e+03	+5.480e+03	+9.082e+03	+0.662
185.500	+4.256e+03	+3.767e+03	+9.128e+03	+0.469
185.600	+4.123e+03	+4.118e+03	+9.420e+03	+0.500
185.700	+6.623e+03	+5.466e+03	+1.120e+04	+0.452
185.800	+4.346e+03	+4.911e+03	+9.979e+03	+0.531
185.900	+3.347e+03	+3.699e+03	+8.185e+03	+0.525
186.000	+3.816e+03	+4.776e+03	+9.792e+03	+0.556
186.100	+4.666e+03	+5.120e+03	+9.645e+03	+0.523
186.200	+4.748e+03	+5.801e+03	+8.508e+03	+0.550
186.300	+3.589e+03	+4.753e+03	+8.283e+03	+0.570
186.400	+4.470e+03	+6.068e+03	+1.090e+04	+0.576
186.500	+2.794e+03	+5.313e+03	+7.740e+03	+0.655
186.600	+3.620e+03	+3.767e+03	+1.207e+04	+0.510
186.700	+3.635e+03	+6.374e+03	+1.128e+04	+0.637
186.800	+5.194e+03	+3.523e+03	+8.261e+03	+0.404
186.900	+4.376e+03	+2.951e+03	+1.021e+04	+0.403
187.000	+4.001e+03	+5.655e+03	+9.432e+03	+0.586
187.100	+4.556e+03	+4.479e+03	+1.023e+04	+0.496
187.200	+6.094e+03	+6.485e+03	+9.779e+03	+0.516
187.300	+4.975e+03	+6.540e+03	+9.691e+03	+0.568
187.400	+4.400e+03	+4.327e+03	+1.096e+04	+0.496
187.500	+3.971e+03	+5.473e+03	+8.138e+03	+0.580
187.600	+4.569e+03	+4.444e+03	+9.782e+03	+0.493
187.700	+4.760e+03	+6.234e+03	+9.810e+03	+0.567
187.800	+4.519e+03	+6.028e+03	+7.586e+03	+0.572
187.900	+1.665e+03	+4.655e+03	+9.193e+03	+0.736
188.000	+4.564e+03	+6.126e+03	+1.308e+04	+0.573
188.100	+4.668e+03	+5.769e+03	+1.057e+04	+0.553
188.200	+4.108e+03	+4.542e+03	+8.442e+03	+0.525
188.300	+5.540e+03	+4.324e+03	+9.417e+03	+0.438
188.400	+4.175e+03	+6.582e+03	+9.726e+03	+0.612
188.500	+3.266e+03	+5.188e+03	+7.412e+03	+0.614
188.600	+3.123e+03	+6.418e+03	+9.451e+03	+0.673
188.700	+5.148e+03	+4.910e+03	+9.620e+03	+0.488
188.800	+3.916e+03	+5.209e+03	+1.025e+04	+0.571
188.900	+4.516e+03	+3.459e+03	+1.045e+04	+0.434
189.000	+3.582e+03	+4.509e+03	+9.316e+03	+0.557
189.100	+5.681e+03	+5.454e+03	+9.388e+03	+0.490
189.200	+3.929e+03	+5.662e+03	+9.466e+03	+0.590
189.300	+3.705e+03	+5.599e+03	+8.669e+03	+0.602
189.400	+5.003e+03	+4.553e+03	+8.796e+03	+0.476
189.500	+5.263e+03	+5.505e+03	+8.996e+03	+0.511
189.600	+6.074e+03	+3.829e+03	+7.860e+03	+0.387
189.700	+6.536e+03	+3.801e+03	+9.832e+03	+0.368
189.800	+4.689e+03	+4.663e+03	+8.433e+03	+0.499
189.900	+4.186e+03	+5.765e+03	+9.910e+03	+0.579
190.000	+5.978e+03	+3.495e+03	+1.147e+04	+0.369
190.100	+3.614e+03	+5.340e+03	+1.113e+04	+0.596
190.200	+4.676e+03	+4.249e+03	+9.099e+03	+0.476
190.300	+2.851e+03	+4.903e+03	+8.824e+03	+0.632
190.400	+5.446e+03	+2.986e+03	+9.714e+03	+0.354
190.500	+4.800e+03	+4.050e+03	+8.427e+03	+0.458
190.600	+6.709e+03	+5.000e+03	+9.579e+03	+0.427
190.700	+3.307e+03	+5.829e+03	+1.010e+04	+0.638
190.800	+4.568e+03	+5.337e+03	+1.044e+04	+0.539
190.900	+3.358e+03	+6.062e+03	+1.091e+04	+0.644
191.000	+4.030e+03	+5.667e+03	+1.020e+04	+0.584
191.100	+5.477e+03	+4.509e+03	+1.163e+04	+0.452
191.200	+4.439e+03	+4.502e+03	+8.659e+03	+0.504
191.300	+4.581e+03	+6.305e+03	+1.020e+04	+0.579
191.400	+1.853e+03	+5.804e+03	+1.035e+04	+0.758
191.500	+2.810e+03	+3.357e+03	+9.499e+03	+0.544
191.600	+5.605e+03	+5.987e+03	+1.089e+04	+0.516
191.700	+4.042e+03	+5.424e+03	+9.580e+03	+0.573
191.800	+6.509e+03	+3.988e+03	+9.050e+03	+0.380
191.900	+8.345e+03	-1.146e+02	+9.252e+03	-0.014
192.000	+7.795e+03	+3.050e+02	+9.838e+03	+0.038
192.100	+5.778e+02	+5.766e+03	+9.140e+03	+0.909
192.200	-4.955e+01	+7.436e+03	+7.875e+03	+1.007
192.300	+1.780e+03	+8.237e+03	+1.229e+04	+0.822
192.400	+1.675e+03	+8.551e+03	+9.987e+03	+0.836
192.500	+6.332e+02	+9.403e+03	+7.902e+03	+0.937
192.600	+6.216e+02	+8.356e+03	+7.242e+03	+0.931
192.700	+1.944e+03	+6.253e+03	+1.043e+04	+0.763
192.800	+1.117e+03	+8.978e+03	+6.811e+03	+0.889
192.900	+1.790e+03	+9.223e+03	+5.662e+03	+0.837
193.000	+2.280e+02	+8.783e+03	+9.817e+03	+0.975
193.100	+1.816e+03	+8.657e+03	+9.175e+03	+0.827
193.200	+1.670e+03	+8.879e+03	+8.210e+03	+0.842
193.300	+1.626e+03	+7.473e+03	+8.889e+03	+0.821
193.400	+4.439e+03	+6.203e+03	+8.344e+03	+0.583
193.500	+4.188e+03	+4.314e+03	+9.258e+03	+0.507
193.600	+4.800e+03	+6.702e+03	+9.382e+03	+0.583
193.700	+5.478e+03	+4.062e+03	+1.055e+04	+0.426
193.800	+5.314e+03	+4.663e+03	+8.561e+03	+0.467
193.900	+5.140e+03	+4.576e+03	+1.124e+04	+0.471
194.000	+3.804e+03	+3.996e+03	+9.241e+03	+0.512
194.100	+4.048e+03	+5.813e+03	+1.132e+04	+0.590
194.200	+5.244e+03	+4.085e+03	+9.120e+03	+0.438
194.300	+5.485e+03	+5.115e+03	+8.910e+03	+0.483
194.400	+5.540e+03	+5.003e+03	+8.399e+03	+0.475
194.500	+3.183e+03	+4.676e+03	+8.423e+03	+0.595
194.600	+3.058e+03	+4.010e+03	+1.101e+04	+0.567
194.700	+4.026e+03	+4.754e+03	+1.165e+04	+0.541
194.800	+3.584e+03	+3.224e+03	+1.188e+04	+0.474
194.900	+4.732e+03	+5.932e+03	+1.029e+04	+0.556
195.000	+3.733e+03	+4.495e+03	+9.922e+03	+0.546
195.100	+4.500e+03	+4.486e+03	+9.825e+03	+0.499
195.200	+5.114e+03	+5.051e+03	+9.525e+03	+0.497
195.300	+3.293e+03	+3.595e+03	+1.056e+04	+0.522
195.400	+5.853e+03	+4.200e+03	+7.930e+03	+0.418
195.500	+4.865e+03	+4.200e+03	+9.323e+03	+0.463
195.600	+4.290e+03	+2.435e+03	+8.018e+03	+0.362
195.700	+4.289e+03	+3.899e+03	+1.069e+04	+0.476
195.800	+5.141e+03	+4.815e+03	+9.560e+03	+0.484
195.900	+4.027e+03	+5.322e+03	+7.875e+03	+0.569
196.000	+3.787e+03	+6.064e+03	+1.041e+04	+0.616
196.100	+1.393e+03	+8.126e+03	+8.385e+03	+0.854
196.200	+2.203e+03	+8.030e+03	+1.038e+04	+0.785
196.300	+1.957e+03	+7.387e+03	+1.110e+04	+0.791
196.400	+1.818e+03	+7.398e+03	+1.192e+04	+0.803
196.500	+5.131e+03	+5.035e+03	+9.417e+03	+0.495
196.600	+4.847e+03	+4.878e+03	+1.146e+04	+0.502
196.700	+3.482e+03	+3.988e+03	+9.466e+03	+0.534
196.800	+7.261e+03	+1.990e+03	+1.118e+04	+0.215
196.900	+9.000e+03	+9.986e+02	+9.270e+03	+0.100
197.000	+9.022e+03	-9.761e+02	+1.129e+04	-0.121
197.100	+8.091e+03	+4.283e+02	+1.036e+04	+0.050
197.200	+8.375e+03	-3.041e+02	+1.020e+04	-0.038
197.300	+6.637e+03	-5.352e+02	+1.004e+04	-0.088
197.400	+7.103e+03	-6.175e+02	+1.056e+04	-0.095
197.500	+8.247e+03	+2.322e+03	+9.782e+03	+0.220
197.600	+9.314e+03	-4.195e+02	+1.015e+04	-0.047
197.700	+6.127e+03	+4.000e+03	+1.014e+04	+0.395
197.800	+2.234e+03	+7.354e+03	+8.308e+03	+0.767
197.900	+2.234e+03	+7.595e+03	+6.950e+03	+0.773
198.000	+1.779e+03	+7.739e+03	+1.056e+04	+0.813
198.100	+8.614e+02	+8.156e+03	+1.047e+04	+0.904
198.200	+2.090e+03	+7.705e+03	+1.096e+04	+0.787
198.300	+3.804e+02	+8.445e+03	+9.170e+03	+0.957
198.400	+1.817e+03	+9.611e+03	+9.222e+03	+0.841
198.500	+2.142e+03	+7.764e+03	+9.258e+03	+0.784
198.600	+3.557e+03	+6.308e+03	+1.177e+04	+0.639
198.700	+5.756e+03	+2.643e+03	+9.885e+03	+0.315
198.800	+1.064e+04	+1.104e+03	+1.066e+04	+0.094
198.900	+8.454e+03	+1.017e+03	+1.009e+04	+0.107
199.000	+6.522e+03	+9.548e+02	+7.569e+03	+0.128
199.100	+8.247e+03	+1.794e+03	+8.689e+03	+0.179
199.200	+9.758e+03	-2.580e+02	+9.405e+03	-0.027
199.300	+6.439e+03	+1.330e+03	+8.907e+03	+0.171
199.400	+9.836e+03	+3.711e+02	+7.698e+03	+0.036
199.500	+8.876e+03	+1.238e+03	+9.373e+03	+0.122
199.600	+8.904e+03	+9.478e+02	+9.736e+03	+0.096
199.700	+7.902e+03	+1.120e+03	+7.127e+03	+0.124
199.800	+8.092e+03	+3.716e+02	+9.700e+03	+0.044
