%t (s)	Idd (a.u.)	Ida (a.u.)	Iaa (a.u.)	FRET E
0.000	+3.826e+03	+5.326e+03	+8.686e+03	+0.582
0.100	+7.745e+03	+7.958e+02	+7.012e+03	+0.093
0.200	+8.526e+03	+9.000e+02	+9.310e+03	+0.095
0.300	+7.494e+03	+6.335e+02	+7.776e+03	+0.078
0.400	+8.494e+03	+1.496e+03	+5.695e+03	+0.150
0.500	+7.258e+03	+2.122e+03	+7.580e+03	+0.226
0.600	+9.011e+03	-7.318e+02	+8.629e+03	-0.088
0.700	+6.359e+03	+1.343e+02	+7.891e+03	+0.021
0.800	+6.576e+03	+1.506e+03	+7.285e+03	+0.186
0.900	+9.048e+03	+5.359e+02	+7.504e+03	+0.056
1.000	+5.961e+03	+4.655e+02	+9.746e+03	+0.072
1.100	+6.533e+03	-2.665e+02	+8.742e+03	-0.043
1.200	+7.562e+03	+1.288e+03	+9.067e+03	+0.146
1.300	+5.813e+03	+9.520e+01	+6.203e+03	+0.016
1.400	+7.287e+03	+9.939e+02	+6.544e+03	+0.120
1.500	+7.080e+03	+1.547e+03	+4.048e+03	+0.179
1.600	+7.238e+03	+4.845e+02	+7.386e+03	+0.063
1.700	+7.215e+03	+5.444e+02	+6.827e+03	+0.070
1.800	+7.207e+03	+3.587e+01	+8.055e+03	+0.005
1.900	+4.744e+03	+1.959e+03	+6.483e+03	+0.292
2.000	+6.133e+03	+1.442e+03	+7.931e+03	+0.190
2.100	+7.453e+03	+1.585e+03	+6.014e+03	+0.175
2.200	+6.412e+03	+1.436e+03	+8.282e+03	+0.183
2.300	+5.159e+03	+3.873e+03	+7.892e+03	+0.429
2.400	+3.240e+03	+5.145e+03	+7.283e+03	+0.614
2.500	+4.780e+03	+5.416e+03	+7.502e+03	+0.531
2.600	+4.119e+03	+3.664e+03	+7.475e+03	+0.471
2.700	+4.005e+03	+4.444e+03	+9.148e+03	+0.526
2.800	+4.776e+03	+4.593e+03	+7.568e+03	+0.490
2.900	+3.994e+03	+5.158e+03	+7.351e+03	+0.564
3.000	+3.437e+03	+5.029e+03	+8.314e+03	+0.594
3.100	+3.453e+03	+3.383e+03	+9.015e+03	+0.495
3.200	+2.323e+03	+7.633e+03	+8.198e+03	+0.767
3.300	+1.248e+03	+8.304e+03	+9.730e+03	+0.869
3.400	+3.503e+02	+6.485e+03	+1.056e+04	+0.949
3.500	+8.176e+02	+7.935e+03	+1.104e+04	+0.907
3.600	-5.858e+02	+7.763e+03	+1.011e+04	+1.082
3.700	-1.040e+02	+6.041e+03	+8.636e+03	+1.018
3.800	+9.077e+02	+8.236e+03	+7.691e+03	+0.901
3.900	-1.657e+02	+8.658e+03	+9.439e+03	+1.020
4.000	+2.796e+03	+6.363e+03	+9.730e+03	+0.695
4.100	-1.873e+01	+1.011e+04	+9.430e+03	+1.002
4.200	-1.801e+02	+1.078e+04	+9.773e+03	+1.017
4.300	+1.121e+03	+8.961e+03	+8.303e+03	+0.889
4.400	+1.442e+03	+8.300e+03	+1.029e+04	+0.852
4.500	+9.778e+02	+8.447e+03	+1.205e+04	+0.896
4.600	+1.500e+03	+8.407e+03	+8.062e+03	+0.849
4.700	+1.015e+03	+8.819e+03	+9.932e+03	+0.897
4.800	+1.748e+03	+7.758e+03	+6.201e+03	+0.816
4.900	+9.871e+02	+5.851e+03	+1.074e+04	+0.856
5.000	+1.328e+03	+8.345e+03	+9.663e+03	+0.863
5.100	+1.991e+03	+7.311e+03	+9.157e+03	+0.786
5.200	+4.237e+02	+7.676e+03	+7.981e+03	+0.948
5.300	+7.003e+02	+7.187e+03	+7.819e+03	+0.911
5.400	+8.711e+02	+6.765e+03	+9.022e+03	+0.886
5.500	+1.079e+03	+7.609e+03	+7.429e+03	+0.876
5.600	+1.311e+03	+7.689e+03	+9.300e+03	+0.854
5.700	+1.815e+03	+7.084e+03	+9.670e+03	+0.796
5.800	+9.603e+02	+5.465e+03	+8.127e+03	+0.851
5.900	+6.242e+02	+7.643e+03	+9.989e+03	+0.924
6.000	+1.166e+03	+7.754e+03	+1.125e+04	+0.869
6.100	+5.957e+02	+7.519e+03	+9.176e+03	+0.927
6.200	+2.547e+03	+7.923e+03	+7.821e+03	+0.757
6.300	+2.263e+03	+5.731e+03	+9.964e+03	+0.717
6.400	+1.132e+03	+5.320e+03	+7.769e+03	+0.825
6.500	+2.104e+03	+7.798e+03	+7.795e+03	+0.788
6.600	+2.324e+02	+6.970e+03	+7.829e+03	+0.968
6.700	+8.405e+02	+6.085e+03	+9.942e+03	+0.879
6.800	+1.992e+03	+7.091e+03	+8.010e+03	+0.781
6.900	+2.222e+03	+7.559e+03	+7.320e+03	+0.773
7.000	+1.156e+03	+6.806e+03	+7.947e+03	+0.855
7.100	+9.430e+02	+6.603e+03	+1.058e+04	+0.875
7.200	+5.809e+02	+9.106e+03	+7.410e+03	+0.940
7.300	-5.200e+02	+9.107e+03	+9.842e+03	+1.061
7.400	+1.066e+03	+6.581e+03	+7.536e+03	+0.861
7.500	+8.519e+02	+6.941e+03	+1.057e+04	+0.891
7.600	+1.404e+03	+9.786e+03	+7.175e+03	+0.874
7.700	+3.983e+02	+6.817e+03	+9.158e+03	+0.945
7.800	-6.383e+02	+7.245e+03	+8.880e+03	+1.097
7.900	+4.442e+02	+5.636e+03	+1.086e+04	+0.927
8.000	+8.909e+02	+7.423e+03	+9.320e+03	+0.893
8.100	+7.294e+02	+7.038e+03	+7.508e+03	+0.906
8.200	+8.207e+02	+7.435e+03	+8.345e+03	+0.901
8.300	+1.309e+03	+6.247e+03	+7.683e+03	+0.827
8.400	-8.451e+02	+6.530e+03	+8.921e+03	+1.149
8.500	+1.030e+03	+6.263e+03	+8.260e+03	+0.859
8.600	+4.308e+02	+7.308e+03	+9.191e+03	+0.944
8.700	+1.520e+03	+7.360e+03	+1.106e+04	+0.829
8.800	+1.644e+02	+7.689e+03	+8.204e+03	+0.979
8.900	+8.243e+02	+7.017e+03	+1.054e+04	+0.895
9.000	-3.644e+02	+8.430e+03	+8.240e+03	+1.045
9.100	+1.021e+03	+6.024e+03	+9.478e+03	+0.855
9.200	+1.188e+03	+6.468e+03	+8.619e+03	+0.845
9.300	+3.675e+02	+7.784e+03	+7.112e+03	+0.955
9.400	+1.826e+03	+8.450e+03	+8.257e+03	+0.822
9.500	+9.567e+02	+7.153e+03	+1.002e+04	+0.882
9.600	+6.038e+02	+6.474e+03	+9.742e+03	+0.915
9.700	+5.690e+02	+7.115e+03	+9.701e+03	+0.926
9.800	-1.052e+03	+6.206e+03	+6.314e+03	+1.204
9.900	+5.484e+02	+8.679e+03	+8.732e+03	+0.941
10.000	+1.027e+03	+6.865e+03	+9.536e+03	+0.870
10.100	+1.869e+03	+6.236e+03	+8.789e+03	+0.769
10.200	+2.369e+03	+7.232e+03	+9.656e+03	+0.753
10.300	-1.166e+03	+7.435e+03	+8.237e+03	+1.186
10.400	+1.879e+03	+7.608e+03	+1.087e+04	+0.802
10.500	+7.663e+02	+7.773e+03	+9.589e+03	+0.910
10.600	+8.724e+02	+8.910e+03	+9.325e+03	+0.911
10.700	+2.252e+03	+4.802e+03	+9.597e+03	+0.681
10.800	+4.567e+03	+5.603e+03	+8.417e+03	+0.551
10.900	+2.824e+03	+4.470e+03	+8.373e+03	+0.613
11.000	+3.973e+03	+5.414e+03	+9.266e+03	+0.577
11.100	+2.990e+03	+4.449e+03	+7.977e+03	+0.598
11.200	+3.409e+03	+4.559e+03	+8.126e+03	+0.572
11.300	+3.317e+03	+4.204e+03	+8.744e+03	+0.559
11.400	+4.468e+03	+4.237e+03	+8.978e+03	+0.487
11.500	+4.842e+03	+4.959e+03	+7.929e+03	+0.506
11.600	+2.887e+03	+5.289e+03	+8.957e+03	+0.647
11.700	+1.909e+02	+6.209e+03	+6.244e+03	+0.970
11.800	+1.404e+03	+8.251e+03	+9.580e+03	+0.855
11.900	+1.482e+03	+6.630e+03	+8.247e+03	+0.817
12.000	+1.564e+03	+7.624e+03	+8.630e+03	+0.830
12.100	+8.459e+02	+8.288e+03	+9.095e+03	+0.907
12.200	-8.308e+01	+6.783e+03	+9.955e+03	+1.012
12.300	+4.747e+02	+7.122e+03	+7.001e+03	+0.938
12.400	+6.342e+02	+6.504e+03	+8.351e+03	+0.911
12.500	+1.875e+03	+8.633e+03	+9.073e+03	+0.822
12.600	+6.526e+02	+6.396e+03	+7.923e+03	+0.907
12.700	+1.237e+03	+6.548e+03	+9.182e+03	+0.841
12.800	+2.542e+03	+7.290e+03	+7.929e+03	+0.742
12.900	+1.451e+03	+6.373e+03	+8.580e+03	+0.815
13.000	-1.630e+02	+6.683e+03	+9.363e+03	+1.025
13.100	+8.464e+02	+7.668e+03	+9.923e+03	+0.901
13.200	+1.222e+03	+8.190e+03	+7.853e+03	+0.870
13.300	+2.848e+03	+8.048e+03	+1.094e+04	+0.739
13.400	+1.140e+02	+8.697e+03	+9.126e+03	+0.987
13.500	+1.224e+03	+8.353e+03	+9.669e+03	+0.872
13.600	+1.394e+03	+7.045e+03	+9.365e+03	+0.835
13.700	+8.256e+02	+9.854e+03	+8.193e+03	+0.923
13.800	+5.602e+01	+6.412e+03	+9.911e+03	+0.991
13.900	+7.174e+02	+6.729e+03	+9.729e+03	+0.904
14.000	-2.440e+02	+7.746e+03	+8.450e+03	+1.033
14.100	+7.684e+02	+7.038e+03	+7.928e+03	+0.902
14.200	+1.102e+03	+8.419e+03	+1.062e+04	+0.884
14.300	+1.177e+03	+7.343e+03	+7.934e+03	+0.862
14.400	+8.512e+02	+8.715e+03	+9.135e+03	+0.911
14.500	+1.686e+02	+7.550e+03	+1.009e+04	+0.978
14.600	+4.961e+02	+7.463e+03	+8.713e+03	+0.938
14.700	+1.063e+03	+8.222e+03	+1.059e+04	+0.886
14.800	+2.057e+03	+9.892e+03	+8.450e+03	+0.828
14.900	+9.560e+02	+8.422e+03	+1.085e+04	+0.898
15.000	+2.085e+03	+7.496e+03	+7.137e+03	+0.782
15.100	+1.768e+03	+7.938e+03	+1.134e+04	+0.818
15.200	+1.526e+03	+7.130e+03	+9.847e+03	+0.824
15.300	+1.118e+03	+7.699e+03	+7.958e+03	+0.873
15.400	+1.393e+03	+6.008e+03	+1.038e+04	+0.812
15.500	+2.901e+02	+6.690e+03	+8.263e+03	+0.958
15.600	+1.439e+01	+7.155e+03	+8.870e+03	+0.998
15.700	+3.746e+02	+8.342e+03	+8.515e+03	+0.957
15.800	+2.477e+03	+7.311e+03	+9.048e+03	+0.747
15.900	+8.501e+02	+6.896e+03	+8.282e+03	+0.890
16.000	+1.910e+03	+6.987e+03	+7.908e+03	+0.785
16.100	-1.107e+02	+7.621e+03	+9.004e+03	+1.015
16.200	+1.677e+03	+7.408e+03	+7.865e+03	+0.815
16.300	-2.754e+02	+6.012e+03	+8.878e+03	+1.048
16.400	+3.956e+02	+8.721e+03	+7.719e+03	+0.957
16.500	+1.527e+03	+6.245e+03	+9.167e+03	+0.804
16.600	-7.074e+01	+8.557e+03	+9.546e+03	+1.008
16.700	+6.464e+02	+4.546e+03	+9.082e+03	+0.876
16.800	+1.644e+03	+5.268e+03	+8.444e+03	+0.762
16.900	+5.109e+02	+7.615e+03	+1.033e+04	+0.937
17.000	+2.133e+03	+5.053e+03	+9.057e+03	+0.703
17.100	+4.043e+03	+3.553e+03	+8.157e+03	+0.468
17.200	+4.106e+03	+4.255e+03	+8.631e+03	+0.509
17.300	+6.957e+03	+2.066e+03	+8.909e+03	+0.229
17.400	+8.384e+03	+1.320e+03	+9.323e+03	+0.136
17.500	+6.122e+03	+1.377e+03	+6.998e+03	+0.184
17.600	+6.571e+03	+4.762e+02	+8.283e+03	+0.068
17.700	+7.953e+03	+6.069e+02	+7.013e+03	+0.071
17.800	+7.139e+03	+2.975e+00	+7.156e+03	+0.000
17.900	+7.318e+03	+7.334e+02	+6.446e+03	+0.091
18.000	+7.717e+03	+4.117e+02	+7.680e+03	+0.051
18.100	+7.021e+03	+9.595e+02	+7.273e+03	+0.120
18.200	+6.773e+03	+4.287e+02	+5.528e+03	+0.060
18.300	+7.326e+03	+7.860e+02	+9.664e+03	+0.097
18.400	+6.426e+03	+7.533e+02	+8.415e+03	+0.105
18.500	+6.911e+03	+2.563e+03	+6.674e+03	+0.271
18.600	+7.173e+03	+2.811e+03	+7.870e+03	+0.282
18.700	+4.895e+03	+4.086e+03	+8.930e+03	+0.455
18.800	-1.713e+01	+9.335e+03	+7.738e+03	+1.002
18.900	+1.981e+02	+7.708e+03	+8.060e+03	+0.975
19.000	+1.248e+03	+7.572e+03	+1.104e+04	+0.858
19.100	-1.017e+01	+8.371e+03	+8.901e+03	+1.001
19.200	+2.616e+02	+6.362e+03	+9.036e+03	+0.961
19.300	+3.123e+02	+6.081e+03	+7.391e+03	+0.951
19.400	+1.813e+02	+6.447e+03	+8.700e+03	+0.973
19.500	-2.684e+02	+6.465e+03	+8.088e+03	+1.043
19.600	+5.950e+02	+7.863e+03	+7.532e+03	+0.930
19.700	+9.119e+02	+6.511e+03	+9.459e+03	+0.877
19.800	+8.679e+02	+7.565e+03	+8.902e+03	+0.897
19.900	+1.787e+03	+6.463e+03	+8.840e+03	+0.783
20.000	+3.205e+02	+7.572e+03	+1.078e+04	+0.959
20.100	+1.269e+03	+6.895e+03	+1.033e+04	+0.845
20.200	+2.095e+03	+6.805e+03	+8.754e+03	+0.765
20.300	+2.422e+03	+7.730e+03	+8.057e+03	+0.761
20.400	+5.024e+02	+9.443e+03	+7.923e+03	+0.949
20.500	+6.977e+02	+6.542e+03	+1.005e+04	+0.904
20.600	+3.788e+02	+6.832e+03	+9.013e+03	+0.947
20.700	+1.453e+03	+6.850e+03	+9.024e+03	+0.825
20.800	+1.617e+03	+8.411e+03	+9.896e+03	+0.839
20.900	-7.690e+02	+8.885e+03	+6.899e+03	+1.095
21.000	+9.063e+02	+8.978e+03	+9.510e+03	+0.908
21.100	+1.186e+03	+7.420e+03	+9.644e+03	+0.862
21.200	+1.385e+03	+8.163e+03	+7.248e+03	+0.855
21.300	+5.070e+02	+7.027e+03	+1.014e+04	+0.933
21.400	+1.922e+01	+6.668e+03	+8.400e+03	+0.997
21.500	+1.033e+03	+7.742e+03	+7.935e+03	+0.882
21.600	+6.051e+02	+6.048e+03	+1.013e+04	+0.909
21.700	+2.124e+03	+8.263e+03	+9.760e+03	+0.795
21.800	+6.146e+01	+8.898e+03	+1.060e+04	+0.993
21.900	+1.288e+03	+7.186e+03	+9.625e+03	+0.848
22.000	+2.636e+02	+6.970e+03	+9.503e+03	+0.964
22.100	+1.208e+03	+5.600e+03	+8.864e+03	+0.823
22.200	+4.914e+02	+8.431e+03	+7.233e+03	+0.945
22.300	+1.421e+03	+7.694e+03	+8.891e+03	+0.844
22.400	+1.530e+03	+8.117e+03	+9.916e+03	+0.841
22.500	+1.340e+03	+6.984e+03	+8.734e+03	+0.839
22.600	-5.100e+02	+9.126e+03	+7.911e+03	+1.059
22.700	+9.336e+02	+6.906e+03	+8.699e+03	+0.881
22.800	-4.222e+02	+7.268e+03	+7.223e+03	+1.062
22.900	-3.876e+02	+6.726e+03	+1.029e+04	+1.061
23.000	+6.646e+02	+8.568e+03	+9.848e+03	+0.928
23.100	+1.195e+03	+6.687e+03	+9.926e+03	+0.848
23.200	+1.225e+03	+7.991e+03	+8.875e+03	+0.867
23.300	+8.090e+02	+7.078e+03	+9.051e+03	+0.897
23.400	+7.914e+02	+7.299e+03	+7.794e+03	+0.902
23.500	+1.326e+03	+5.985e+03	+9.120e+03	+0.819
23.600	+1.605e+03	+8.434e+03	+1.104e+04	+0.840
23.700	+3.165e+02	+7.190e+03	+9.166e+03	+0.958
23.800	+1.227e+03	+6.948e+03	+9.428e+03	+0.850
23.900	-3.893e+02	+7.612e+03	+1.099e+04	+1.054
24.000	+2.450e+03	+6.323e+03	+7.127e+03	+0.721
24.100	-4.454e+02	+6.881e+03	+9.489e+03	+1.069
24.200	+3.327e+02	+8.646e+03	+9.896e+03	+0.963
24.300	+2.282e+03	+8.272e+03	+8.323e+03	+0.784
24.400	-1.183e+02	+6.487e+03	+1.013e+04	+1.019
24.500	-2.294e+00	+9.283e+03	+6.696e+03	+1.000
24.600	+1.922e+03	+8.335e+03	+8.938e+03	+0.813
24.700	+1.070e+03	+8.347e+03	+1.066e+04	+0.886
24.800	+9.731e+02	+6.704e+03	+8.152e+03	+0.873
24.900	+1.626e+03	+6.987e+03	+8.546e+03	+0.811
25.000	-1.486e+02	+7.230e+03	+7.790e+03	+1.021
25.100	+7.316e+02	+8.166e+03	+6.934e+03	+0.918
25.200	+9.925e+02	+7.245e+03	+8.031e+03	+0.880
25.300	+2.304e+03	+7.043e+03	+1.006e+04	+0.753
25.400	+1.901e+02	+8.165e+03	+7.829e+03	+0.977
25.500	+1.339e+03	+7.078e+03	+1.263e+04	+0.841
25.600	+1.229e+03	+8.746e+03	+7.494e+03	+0.877
25.700	+8.534e+02	+5.589e+03	+7.664e+03	+0.868
25.800	+9.188e+02	+8.003e+03	+1.036e+04	+0.897
25.900	+1.383e+03	+7.749e+03	+6.629e+03	+0.849
26.000	+2.060e+03	+6.964e+03	+1.043e+04	+0.772
26.100	-4.982e+02	+6.152e+03	+7.802e+03	+1.088
26.200	+1.088e+03	+6.084e+03	+7.761e+03	+0.848
26.300	+4.293e+02	+7.779e+03	+9.039e+03	+0.948
26.400	+1.207e+03	+7.560e+03	+9.584e+03	+0.862
26.500	+1.145e+01	+7.130e+03	+8.877e+03	+0.998
26.600	+1.660e+03	+8.171e+03	+9.325e+03	+0.831
26.700	+3.329e+02	+8.291e+03	+8.292e+03	+0.961
26.800	+2.782e+03	+5.595e+03	+9.652e+03	+0.668
26.900	+3.724e+03	+4.228e+03	+7.278e+03	+0.532
27.000	+2.963e+03	+4.160e+03	+7.412e+03	+0.584
27.100	+5.481e+03	+5.574e+03	+9.119e+03	+0.504
27.200	+5.409e+03	+4.572e+03	+7.472e+03	+0.458
27.300	+4.718e+03	+5.488e+03	+6.385e+03	+0.538
27.400	+2.673e+03	+5.756e+03	+1.031e+04	+0.683
27.500	+4.162e+03	+4.237e+03	+6.740e+03	+0.504
27.600	+4.521e+03	+7.113e+03	+5.587e+03	+0.611
27.700	+4.253e+03	+4.951e+03	+8.838e+03	+0.538
27.800	+3.861e+03	+5.095e+03	+6.942e+03	+0.569
27.900	+2.798e+03	+5.379e+03	+7.577e+03	+0.658
28.000	+5.216e+03	+4.282e+03	+7.308e+03	+0.451
28.100	+4.093e+03	+5.038e+03	+8.468e+03	+0.552
28.200	+4.583e+03	+5.207e+03	+6.898e+03	+0.532
28.300	+3.681e+03	+4.392e+03	+1.064e+04	+0.544
28.400	+2.335e+03	+5.838e+03	+9.502e+03	+0.714
28.500	+4.090e+03	+4.372e+03	+1.035e+04	+0.517
28.600	+2.230e+03	+3.740e+03	+8.455e+03	+0.626
28.700	+4.232e+03	+3.798e+03	+9.769e+03	+0.473
28.800	+3.050e+03	+5.346e+03	+7.255e+03	+0.637
28.900	+3.778e+03	+5.011e+03	+8.239e+03	+0.570
29.000	+3.682e+03	+5.257e+03	+9.326e+03	+0.588
29.100	+4.855e+03	+5.884e+03	+8.439e+03	+0.548
29.200	+2.860e+03	+4.273e+03	+7.176e+03	+0.599
29.300	+4.475e+03	+4.813e+03	+8.744e+03	+0.518
29.400	+5.361e+03	+5.973e+03	+8.681e+03	+0.527
29.500	+4.436e+03	+4.630e+03	+7.527e+03	+0.511
29.600	+7.551e+03	+8.251e+02	+6.841e+03	+0.099
29.700	+8.203e+03	+1.360e+03	+6.398e+03	+0.142
29.800	+6.598e+03	+1.934e+02	+8.775e+03	+0.028
29.900	+7.128e+03	+1.139e+03	+8.385e+03	+0.138
30.000	+7.321e+03	-3.429e+02	+9.284e+03	-0.049
30.100	+6.623e+03	-1.677e+02	+7.188e+03	-0.026
30.200	+7.002e+03	+7.406e+02	+5.960e+03	+0.096
30.300	+7.403e+03	+9.553e+02	+6.374e+03	+0.114
30.400	+4.743e+03	+2.253e+03	+6.734e+03	+0.322
30.500	-1.500e+02	+7.373e+03	+6.678e+03	+1.021
30.600	+1.048e+03	+6.827e+03	+1.025e+04	+0.867
30.700	+7.888e+02	+7.047e+03	+9.323e+03	+0.899
30.800	+9.086e+02	+8.504e+03	+9.553e+03	+0.903
30.900	+2.110e+03	+9.195e+03	+8.606e+03	+0.813
31.000	-2.000e+02	+7.767e+03	+8.362e+03	+1.026
31.100	+6.776e+02	+6.560e+03	+1.003e+04	+0.906
31.200	+1.770e+03	+4.344e+03	+9.292e+03	+0.711
31.300	+2.555e+03	+7.112e+03	+9.577e+03	+0.736
31.400	+4.342e+03	+4.344e+03	+8.992e+03	+0.500
31.500	+4.338e+03	+4.094e+03	+7.121e+03	+0.486
31.600	+8.285e+03	+7.618e+02	+7.713e+03	+0.084
31.700	+7.557e+03	+3.284e+02	+9.189e+03	+0.042
31.800	+8.000e+03	+2.269e+02	+1.007e+04	+0.028
31.900	+9.025e+03	+4.575e+02	+9.389e+03	+0.048
32.000	+5.339e+03	+1.262e+03	+7.462e+03	+0.191
32.100	+6.719e+03	-2.797e+00	+1.039e+04	-0.000
32.200	+6.356e+03	+9.540e+02	+6.923e+03	+0.130
32.300	+5.663e+03	+3.400e+02	+6.929e+03	+0.057
32.400	+8.350e+03	-1.083e+03	+6.035e+03	-0.149
32.500	+7.160e+03	+8.563e+02	+7.818e+03	+0.107
32.600	+4.258e+03	+4.524e+02	+8.466e+03	+0.096
32.700	+6.900e+03	+1.033e+03	+8.531e+03	+0.130
32.800	+8.414e+03	-9.258e+02	+7.601e+03	-0.124
32.900	+8.425e+03	+8.462e+01	+6.068e+03	+0.010
33.000	+5.254e+03	+3.885e+03	+8.642e+03	+0.425
33.100	+4.509e+03	+5.056e+03	+9.780e+03	+0.529
33.200	+2.984e+03	+5.358e+03	+6.734e+03	+0.642
33.300	+3.286e+03	+4.326e+03	+9.289e+03	+0.568
33.400	+4.282e+03	+5.413e+03	+6.313e+03	+0.558
33.500	+4.177e+03	+4.861e+03	+7.691e+03	+0.538
33.600	+7.828e+03	+1.557e+03	+6.940e+03	+0.166
33.700	+8.068e+03	+1.054e+03	+7.337e+03	+0.116
33.800	+5.346e+03	+1.107e+03	+7.511e+03	+0.172
33.900	+6.413e+03	+6.230e+02	+8.680e+03	+0.089
34.000	+8.201e+03	+1.888e+02	+6.111e+03	+0.023
34.100	+7.980e+03	+1.433e+03	+8.236e+03	+0.152
34.200	+6.934e+03	+9.814e+02	+9.635e+03	+0.124
34.300	+7.600e+03	+4.462e+02	+9.319e+03	+0.055
34.400	+8.027e+03	+7.171e+02	+7.565e+03	+0.082
34.500	+8.538e+03	+2.516e+03	+9.283e+03	+0.228
34.600	+4.755e+03	+3.674e+03	+8.699e+03	+0.436
34.700	+3.671e+02	+7.795e+03	+8.570e+03	+0.955
34.800	+1.962e+03	+7.399e+03	+9.841e+03	+0.790
34.900	+9.021e+02	+6.356e+03	+8.494e+03	+0.876
35.000	+1.141e+03	+8.569e+03	+9.051e+03	+0.882
35.100	+5.097e+02	+7.960e+03	+9.654e+03	+0.940
35.200	+1.588e+03	+7.949e+03	+9.709e+03	+0.834
35.300	+2.016e+03	+6.596e+03	+8.426e+03	+0.766
35.400	+2.001e+02	+7.354e+03	+8.837e+03	+0.974
35.500	+1.477e+03	+8.307e+03	+1.018e+04	+0.849
35.600	-1.294e+02	+4.909e+03	+8.697e+03	+1.027
35.700	+2.184e+03	+1.011e+04	+7.233e+03	+0.822
35.800	+1.708e+03	+5.791e+03	+9.741e+03	+0.772
35.900	+7.406e+02	+8.009e+03	+9.591e+03	+0.915
36.000	+8.040e+02	+6.932e+03	+1.040e+04	+0.896
36.100	+1.467e+03	+8.853e+03	+8.540e+03	+0.858
36.200	+1.471e+03	+5.751e+03	+9.165e+03	+0.796
36.300	+1.288e+03	+6.702e+03	+9.114e+03	+0.839
36.400	-2.614e+02	+7.597e+03	+8.993e+03	+1.036
36.500	+1.038e+03	+7.631e+03	+8.888e+03	+0.880
36.600	+9.382e+02	+8.324e+03	+6.646e+03	+0.899
36.700	-9.923e+02	+6.951e+03	+7.653e+03	+1.167
36.800	+7.804e+02	+6.381e+03	+9.034e+03	+0.891
36.900	+4.293e+02	+6.631e+03	+9.709e+03	+0.939
37.000	-7.364e+01	+7.269e+03	+8.013e+03	+1.010
37.100	+1.737e+03	+7.208e+03	+8.043e+03	+0.806
37.200	+8.321e+02	+6.197e+03	+9.373e+03	+0.882
37.300	+7.090e+02	+7.379e+03	+9.995e+03	+0.912
37.400	+8.505e+02	+8.828e+03	+9.161e+03	+0.912
37.500	-1.231e+03	+5.952e+03	+9.575e+03	+1.261
37.600	+2.336e+03	+5.779e+03	+6.422e+03	+0.712
37.700	+1.312e+03	+8.289e+03	+1.033e+04	+0.863
37.800	+2.370e+03	+6.772e+03	+9.299e+03	+0.741
37.900	+1.565e+03	+7.130e+03	+7.707e+03	+0.820
38.000	-2.013e+02	+8.375e+03	+9.325e+03	+1.025
38.100	+2.176e+03	+6.927e+03	+1.083e+04	+0.761
38.200	+1.942e+03	+6.141e+03	+9.165e+03	+0.760
38.300	+4.554e+02	+6.257e+03	+8.923e+03	+0.932
38.400	+8.734e+01	+7.333e+03	+8.972e+03	+0.988
38.500	+1.646e+03	+6.539e+03	+9.819e+03	+0.799
38.600	+1.517e+03	+5.288e+03	+8.401e+03	+0.777
38.700	+5.523e+02	+7.712e+03	+8.806e+03	+0.933
38.800	+1.348e+03	+7.749e+03	+8.726e+03	+0.852
38.900	+1.808e+03	+6.818e+03	+9.183e+03	+0.790
39.000	+1.008e+03	+7.220e+03	+8.348e+03	+0.877
39.100	-1.218e+02	+4.906e+03	+9.508e+03	+1.025
39.200	+1.130e+03	+7.601e+03	+9.143e+03	+0.871
39.300	+4.233e+02	+9.205e+03	+8.488e+03	+0.956
39.400	+1.474e+03	+7.999e+03	+8.881e+03	+0.844
39.500	+4.324e+02	+5.982e+03	+1.040e+04	+0.933
39.600	+1.682e+03	+6.877e+03	+8.974e+03	+0.804
39.700	+5.199e+02	+6.643e+03	+8.026e+03	+0.927
39.800	+1.020e+03	+6.484e+03	+8.634e+03	+0.864
39.900	+1.432e+03	+6.010e+03	+1.009e+04	+0.808
40.000	-1.490e+02	+6.632e+03	+9.059e+03	+1.023
40.100	+2.132e+03	+7.491e+03	+1.067e+04	+0.778
40.200	+7.434e+02	+7.410e+03	+5.963e+03	+0.909
40.300	+1.414e+03	+7.280e+03	+8.534e+03	+0.837
40.400	+1.095e+03	+7.448e+03	+1.037e+04	+0.872
40.500	+1.491e+03	+7.394e+03	+8.549e+03	+0.832
40.600	+9.650e+02	+8.048e+03	+1.065e+04	+0.893
40.700	+1.288e+03	+7.232e+03	+7.704e+03	+0.849
40.800	+7.538e+02	+6.268e+03	+9.217e+03	+0.893
40.900	+1.025e+03	+7.985e+03	+9.147e+03	+0.886
41.000	+3.316e+03	+4.061e+03	+5.769e+03	+0.550
41.100	+3.467e+03	+3.855e+03	+7.332e+03	+0.526
41.200	+3.833e+03	+5.230e+03	+9.507e+03	+0.577
41.300	+4.661e+03	+2.558e+03	+1.013e+04	+0.354
41.400	+4.081e+03	+4.802e+03	+5.441e+03	+0.541
41.500	+3.429e+03	+7.538e+03	+8.875e+03	+0.687
41.600	+2.248e+03	+5.896e+03	+1.049e+04	+0.724
41.700	+8.770e+01	+6.975e+03	+8.601e+03	+0.988
41.800	+1.996e+03	+8.112e+03	+8.277e+03	+0.803
41.900	+9.153e+02	+7.240e+03	+9.702e+03	+0.888
42.000	+4.323e+02	+6.679e+03	+1.062e+04	+0.939
42.100	+1.925e+03	+7.135e+03	+9.026e+03	+0.788
42.200	+1.498e+03	+8.420e+03	+9.409e+03	+0.849
42.300	+1.690e+03	+8.339e+03	+7.779e+03	+0.832
42.400	+2.110e+03	+9.614e+03	+9.211e+03	+0.820
42.500	+1.104e+03	+6.038e+03	+9.233e+03	+0.845
42.600	+1.571e+03	+8.670e+03	+1.068e+04	+0.847
42.700	+1.177e+03	+6.408e+03	+9.095e+03	+0.845
42.800	+3.515e+02	+7.552e+03	+1.030e+04	+0.956
42.900	+1.135e+03	+7.781e+03	+8.716e+03	+0.873
43.000	+1.005e+03	+6.099e+03	+8.152e+03	+0.859
43.100	+1.504e+03	+7.885e+03	+1.010e+04	+0.840
43.200	+1.403e+03	+6.635e+03	+8.368e+03	+0.825
43.300	+1.103e+02	+5.663e+03	+1.070e+04	+0.981
43.400	+2.935e+02	+7.374e+03	+7.841e+03	+0.962
43.500	+1.237e+03	+6.889e+03	+1.034e+04	+0.848
43.600	+7.772e+02	+5.985e+03	+1.016e+04	+0.885
43.700	+1.004e+03	+6.406e+03	+6.619e+03	+0.864
43.800	+3.064e+03	+8.365e+03	+8.715e+03	+0.732
43.900	+8.840e+02	+6.757e+03	+1.067e+04	+0.884
44.000	+2.002e+03	+6.355e+03	+9.564e+03	+0.760
44.100	+2.059e+03	+8.677e+03	+9.010e+03	+0.808
44.200	+2.002e+03	+7.940e+03	+9.512e+03	+0.799
44.300	-5.225e+01	+7.043e+03	+9.666e+03	+1.007
44.400	+6.111e+02	+7.273e+03	+9.026e+03	+0.922
44.500	+1.075e+03	+8.036e+03	+1.066e+04	+0.882
44.600	+7.410e+02	+6.742e+03	+9.340e+03	+0.901
44.700	+1.523e+03	+7.165e+03	+6.943e+03	+0.825
44.800	+2.040e+03	+7.759e+03	+8.273e+03	+0.792
44.900	+5.653e+02	+7.780e+03	+8.503e+03	+0.932
45.000	+1.536e+03	+6.902e+03	+8.847e+03	+0.818
45.100	+1.161e+03	+8.401e+03	+7.811e+03	+0.879
45.200	+1.280e+03	+8.608e+03	+9.596e+03	+0.871
45.300	+1.333e+03	+8.781e+03	+7.334e+03	+0.868
45.400	+2.636e+03	+7.327e+03	+6.947e+03	+0.735
45.500	+1.365e+03	+6.195e+03	+7.379e+03	+0.819
45.600	+2.052e+03	+7.968e+03	+1.106e+04	+0.795
45.700	+4.764e+02	+8.412e+03	+8.778e+03	+0.946
45.800	+1.017e+03	+6.965e+03	+9.447e+03	+0.873
45.900	+4.954e+03	+4.905e+03	+7.124e+03	+0.498
46.000	+4.836e+03	+4.921e+03	+1.070e+04	+0.504
46.100	+4.898e+03	+4.151e+03	+7.207e+03	+0.459
46.200	+5.324e+03	+6.897e+03	+8.536e+03	+0.564
46.300	+7.087e+03	+2.926e+03	+8.678e+03	+0.292
46.400	+7.681e+03	-1.427e+03	+6.740e+03	-0.228
46.500	+7.001e+03	+1.747e+03	+8.416e+03	+0.200
46.600	+7.887e+03	+3.282e+02	+7.631e+03	+0.040
46.700	+6.714e+03	+6.202e+02	+9.084e+03	+0.085
46.800	+6.875e+03	-2.114e+02	+9.263e+03	-0.032
46.900	+8.755e+03	+1.516e+03	+8.240e+03	+0.148
47.000	+8.477e+03	+1.324e+03	+6.659e+03	+0.135
47.100	+9.920e+03	-3.213e+00	+7.238e+03	-0.000
47.200	+6.597e+03	+5.743e+02	+5.492e+03	+0.080
47.300	+6.460e+03	+1.521e+03	+9.265e+03	+0.191
47.400	+6.338e+03	+9.526e+01	+7.674e+03	+0.015
47.500	+8.607e+03	+9.333e+02	+6.594e+03	+0.098
47.600	+7.645e+03	+1.405e+03	+6.000e+03	+0.155
47.700	+6.145e+03	+1.370e+03	+5.688e+03	+0.182
47.800	+6.850e+03	+1.765e+03	+7.815e+03	+0.205
47.900	+7.008e+03	+7.766e+02	+7.651e+03	+0.100
48.000	+9.051e+03	-6.449e+02	+7.354e+03	-0.077
48.100	+6.490e+03	-1.106e+02	+8.794e+03	-0.017
48.200	+7.273e+03	+2.072e+02	+6.043e+03	+0.028
48.300	+7.675e+03	+1.330e+03	+7.537e+03	+0.148
48.400	+7.760e+03	-1.139e+03	+7.348e+03	-0.172
48.500	+7.922e+03	+1.674e+03	+8.580e+03	+0.174
48.600	+5.709e+03	+6.254e+02	+7.313e+03	+0.099
48.700	+5.847e+03	+8.350e+02	+8.358e+03	+0.125
48.800	+7.472e+03	+4.890e+02	+6.635e+03	+0.061
48.900	+8.487e+03	+1.443e+02	+7.480e+03	+0.017
49.000	+6.619e+03	+8.011e+02	+8.407e+03	+0.108
49.100	+7.225e+03	-2.273e+02	+8.387e+03	-0.032
49.200	+8.603e+03	+1.455e+03	+7.431e+03	+0.145
49.300	+7.689e+03	+6.651e+02	+7.430e+03	+0.080
49.400	+6.589e+03	+5.092e+02	+8.585e+03	+0.072
49.500	+8.716e+03	+1.211e+02	+8.053e+03	+0.014
49.600	+3.735e+03	+4.603e+03	+8.894e+03	+0.552
49.700	-1.039e+02	+6.341e+03	+1.113e+04	+1.017
49.800	+1.145e+03	+8.621e+03	+8.364e+03	+0.883
49.900	+4.575e+02	+5.708e+03	+9.448e+03	+0.926
50.000	+1.933e+03	+7.310e+03	+9.486e+03	+0.791
50.100	+1.173e+03	+8.217e+03	+1.040e+04	+0.875
50.200	-3.092e+02	+7.196e+03	+8.948e+03	+1.045
50.300	+1.483e+03	+7.741e+03	+1.018e+04	+0.839
50.400	+6.445e+02	+8.449e+03	+8.832e+03	+0.929
50.500	+1.704e+02	+6.496e+03	+8.652e+03	+0.974
50.600	+8.838e+02	+8.802e+03	+9.558e+03	+0.909
50.700	+1.626e+03	+7.442e+03	+8.815e+03	+0.821
50.800	+1.622e+03	+7.691e+03	+8.753e+03	+0.826
50.900	+1.118e+03	+7.977e+03	+9.845e+03	+0.877
51.000	+7.927e+02	+6.572e+03	+1.033e+04	+0.892
51.100	+1.339e+03	+8.181e+03	+7.195e+03	+0.859
51.200	+1.595e+03	+7.951e+03	+9.768e+03	+0.833
51.300	+3.901e+02	+7.515e+03	+1.040e+04	+0.951
51.400	+1.476e+03	+6.369e+03	+9.170e+03	+0.812
51.500	+1.008e+03	+7.115e+03	+8.866e+03	+0.876
51.600	-6.873e+01	+7.677e+03	+1.171e+04	+1.009
51.700	+8.674e+02	+8.848e+03	+1.007e+04	+0.911
51.800	+1.370e+03	+7.687e+03	+8.952e+03	+0.849
51.900	+1.804e+03	+8.845e+03	+8.221e+03	+0.831
52.000	+2.511e+03	+6.352e+03	+9.231e+03	+0.717
52.100	+8.017e+02	+6.183e+03	+9.955e+03	+0.885
52.200	+4.582e+02	+7.457e+03	+8.733e+03	+0.942
52.300	+1.781e+03	+8.025e+03	+9.799e+03	+0.818
52.400	+1.685e+03	+7.904e+03	+1.111e+04	+0.824
52.500	+6.868e+02	+7.827e+03	+1.053e+04	+0.919
52.600	+6.426e+02	+7.951e+03	+8.892e+03	+0.925
52.700	+6.603e+02	+6.707e+03	+9.788e+03	+0.910
52.800	+2.183e+03	+7.758e+03	+6.905e+03	+0.780
52.900	+1.016e+03	+6.103e+03	+8.197e+03	+0.857
53.000	+1.029e+03	+6.572e+03	+9.387e+03	+0.865
53.100	+1.088e+03	+5.334e+03	+6.718e+03	+0.831
53.200	+1.285e+03	+6.889e+03	+1.051e+04	+0.843
53.300	+1.503e+03	+7.817e+03	+1.113e+04	+0.839
53.400	+1.784e+03	+7.448e+03	+8.175e+03	+0.807
53.500	+9.647e+02	+6.248e+03	+7.918e+03	+0.866
53.600	+8.619e+02	+7.790e+03	+8.229e+03	+0.900
53.700	+8.186e+02	+6.839e+03	+9.532e+03	+0.893
53.800	+1.537e+03	+5.944e+03	+9.944e+03	+0.795
53.900	+6.690e+02	+7.510e+03	+9.582e+03	+0.918
54.000	+1.857e+03	+6.648e+03	+1.012e+04	+0.782
54.100	+1.092e+03	+6.574e+03	+1.077e+04	+0.858
54.200	+1.456e+03	+7.317e+03	+8.385e+03	+0.834
54.300	+1.470e+03	+5.946e+03	+8.464e+03	+0.802
54.400	+1.390e+03	+8.683e+03	+1.067e+04	+0.862
54.500	+7.001e+02	+8.276e+03	+8.781e+03	+0.922
54.600	+1.283e+03	+7.329e+03	+1.050e+04	+0.851
54.700	+1.146e+03	+7.365e+03	+1.050e+04	+0.865
54.800	+7.081e+02	+6.844e+03	+9.092e+03	+0.906
54.900	-4.121e+01	+7.212e+03	+9.244e+03	+1.006
55.000	-2.119e+02	+6.853e+03	+8.380e+03	+1.032
55.100	+2.085e+03	+6.026e+03	+7.296e+03	+0.743
55.200	+1.333e+03	+7.850e+03	+7.005e+03	+0.855
55.300	+1.225e+03	+6.655e+03	+9.970e+03	+0.845
55.400	+2.235e+03	+9.508e+03	+7.435e+03	+0.810
55.500	+1.534e+03	+7.761e+03	+1.058e+04	+0.835
55.600	+3.831e+02	+8.164e+03	+7.679e+03	+0.955
55.700	+1.127e+03	+8.611e+03	+8.378e+03	+0.884
55.800	+3.589e+02	+5.946e+03	+8.173e+03	+0.943
55.900	+1.726e+03	+6.917e+03	+9.613e+03	+0.800
56.000	+1.103e+03	+7.220e+03	+9.508e+03	+0.867
56.100	+4.626e+02	+7.011e+03	+9.880e+03	+0.938
56.200	+1.396e+03	+7.260e+03	+9.714e+03	+0.839
56.300	+1.816e+03	+6.735e+03	+8.827e+03	+0.788
56.400	+1.065e+03	+4.903e+03	+1.029e+04	+0.821
56.500	+2.109e+03	+7.285e+03	+7.273e+03	+0.776
56.600	+4.503e+02	+8.537e+03	+8.324e+03	+0.950
56.700	+1.017e+03	+7.213e+03	+1.120e+04	+0.876
56.800	+4.738e+02	+8.858e+03	+7.685e+03	+0.949
56.900	+1.240e+03	+7.890e+03	+8.076e+03	+0.864
57.000	+1.771e+03	+8.015e+03	+7.401e+03	+0.819
57.100	+5.697e+03	+4.380e+03	+6.617e+03	+0.435
57.200	+3.302e+03	+5.878e+03	+7.751e+03	+0.640
57.300	+1.575e+03	+4.352e+03	+8.959e+03	+0.734
57.400	+5.572e+03	+3.395e+03	+7.219e+03	+0.379
57.500	+4.783e+03	+3.655e+03	+1.036e+04	+0.433
57.600	+4.805e+03	+5.946e+03	+8.978e+03	+0.553
57.700	+4.176e+03	+4.210e+03	+9.813e+03	+0.502
57.800	+4.121e+03	+5.174e+03	+9.504e+03	+0.557
57.900	+4.478e+03	+5.000e+03	+9.815e+03	+0.528
58.000	+3.679e+03	+4.221e+03	+7.176e+03	+0.534
58.100	+4.566e+03	+4.911e+03	+6.531e+03	+0.518
58.200	+4.644e+03	+3.794e+03	+6.043e+03	+0.450
58.300	+3.436e+03	+5.103e+03	+6.367e+03	+0.598
58.400	+3.808e+03	+3.649e+03	+6.235e+03	+0.489
58.500	+3.603e+03	+5.749e+03	+9.247e+03	+0.615
58.600	+5.549e+03	+4.599e+03	+6.992e+03	+0.453
58.700	+4.702e+03	+4.284e+03	+7.749e+03	+0.477
58.800	+3.859e+03	+4.097e+03	+7.635e+03	+0.515
58.900	+3.689e+03	+4.602e+03	+9.086e+03	+0.555
59.000	+3.730e+03	+4.161e+03	+7.000e+03	+0.527
59.100	+4.662e+03	+4.726e+03	+8.837e+03	+0.503
59.200	+4.012e+03	+4.787e+03	+7.598e+03	+0.544
59.300	+3.957e+03	+3.800e+03	+8.459e+03	+0.490
59.400	+4.759e+03	+3.882e+03	+8.438e+03	+0.449
59.500	+5.292e+03	+5.762e+03	+8.364e+03	+0.521
59.600	+4.504e+03	+5.097e+03	+9.923e+03	+0.531
59.700	+2.963e+03	+3.553e+03	+6.450e+03	+0.545
59.800	+3.893e+03	+3.491e+03	+8.516e+03	+0.473
59.900	+4.496e+03	+5.109e+03	+8.803e+03	+0.532
60.000	+3.417e+03	+5.498e+03	+8.608e+03	+0.617
60.100	+5.545e+03	+4.807e+03	+1.072e+04	+0.464
60.200	+5.299e+03	+4.110e+03	+7.538e+03	+0.437
60.300	+4.765e+03	+4.446e+03	+8.634e+03	+0.483
60.400	+5.593e+03	+4.265e+03	+9.658e+03	+0.433
60.500	+4.537e+03	+4.451e+03	+7.471e+03	+0.495
60.600	+2.168e+03	+5.899e+03	+6.607e+03	+0.731
60.700	+4.220e+02	+7.054e+03	+8.631e+03	+0.944
60.800	-2.977e+02	+9.538e+03	+1.068e+04	+1.032
60.900	+1.011e+03	+7.756e+03	+9.496e+03	+0.885
61.000	+2.331e+03	+6.420e+03	+7.644e+03	+0.734
61.100	+5.185e+03	+3.790e+03	+9.027e+03	+0.422
61.200	+4.697e+03	+5.452e+03	+9.218e+03	+0.537
61.300	+4.681e+03	+6.360e+03	+8.036e+03	+0.576
61.400	+4.329e+03	+4.984e+03	+7.549e+03	+0.535
61.500	+4.524e+03	+3.327e+03	+7.671e+03	+0.424
61.600	+3.604e+03	+3.484e+03	+8.238e+03	+0.492
61.700	+3.658e+03	+3.013e+03	+8.073e+03	+0.452
61.800	+5.118e+03	+4.117e+03	+9.324e+03	+0.446
61.900	+4.431e+03	+5.311e+03	+7.870e+03	+0.545
62.000	+2.863e+03	+3.323e+03	+9.854e+03	+0.537
62.100	+3.178e+03	+3.501e+03	+8.118e+03	+0.524
62.200	+1.721e+03	+4.719e+03	+7.162e+03	+0.733
62.300	+4.764e+03	+4.240e+03	+6.954e+03	+0.471
62.400	+4.537e+03	+4.050e+03	+9.872e+03	+0.472
62.500	+7.754e+03	+3.904e+02	+9.631e+03	+0.048
62.600	+1.301e+03	+5.093e+03	+8.763e+03	+0.797
62.700	+1.906e+03	+7.795e+03	+9.014e+03	+0.804
62.800	-4.963e+02	+6.633e+03	+6.855e+03	+1.081
62.900	+1.231e+03	+5.747e+03	+7.901e+03	+0.824
63.000	+1.138e+03	+7.292e+03	+1.058e+04	+0.865
63.100	+4.937e+02	+7.695e+03	+7.376e+03	+0.940
63.200	-2.064e+01	+6.922e+03	+7.701e+03	+1.003
63.300	+1.996e+03	+8.796e+03	+8.648e+03	+0.815
63.400	+1.591e+03	+7.140e+03	+9.344e+03	+0.818
63.500	+5.349e+02	+6.852e+03	+1.033e+04	+0.928
63.600	+8.198e+02	+6.629e+03	+9.402e+03	+0.890
63.700	+1.110e+03	+7.774e+03	+9.171e+03	+0.875
63.800	-1.184e+03	+8.077e+03	+8.147e+03	+1.172
63.900	+1.209e+03	+7.119e+03	+9.872e+03	+0.855
64.000	+8.346e+02	+9.095e+03	+1.104e+04	+0.916
64.100	+1.726e+03	+5.821e+03	+9.481e+03	+0.771
64.200	+8.005e+02	+8.854e+03	+7.049e+03	+0.917
64.300	-5.295e+02	+8.223e+03	+8.838e+03	+1.069
64.400	-2.406e+02	+6.888e+03	+9.279e+03	+1.036
64.500	+1.430e+03	+6.998e+03	+1.128e+04	+0.830
64.600	+1.385e+03	+7.755e+03	+9.156e+03	+0.848
64.700	+4.821e+02	+6.190e+03	+1.170e+04	+0.928
64.800	+2.683e+03	+6.299e+03	+7.941e+03	+0.701
64.900	+3.281e+03	+4.764e+03	+6.224e+03	+0.592
65.000	+4.849e+03	+3.748e+03	+8.097e+03	+0.436
65.100	+3.732e+03	+5.467e+03	+8.204e+03	+0.594
65.200	+3.516e+03	+4.005e+03	+7.694e+03	+0.533
65.300	+5.350e+03	+3.263e+03	+8.075e+03	+0.379
65.400	+4.423e+03	+4.513e+03	+9.536e+03	+0.505
65.500	+3.357e+03	+3.598e+03	+7.254e+03	+0.517
65.600	+3.474e+03	+4.935e+03	+7.505e+03	+0.587
65.700	+4.590e+03	+3.060e+03	+8.588e+03	+0.400
65.800	+4.076e+03	+5.014e+03	+9.175e+03	+0.552
65.900	+4.155e+03	+4.150e+03	+8.889e+03	+0.500
66.000	+2.700e+03	+3.317e+03	+6.822e+03	+0.551
66.100	+1.683e+03	+7.822e+03	+1.086e+04	+0.823
66.200	+5.140e+02	+7.590e+03	+8.035e+03	+0.937
66.300	+1.898e+03	+7.140e+03	+1.050e+04	+0.790
66.400	+2.214e+02	+8.284e+03	+8.780e+03	+0.974
66.500	+2.762e+03	+5.248e+03	+7.827e+03	+0.655
66.600	+3.011e+03	+4.548e+03	+1.036e+04	+0.602
66.700	+4.914e+03	+4.236e+03	+7.920e+03	+0.463
66.800	+6.344e+03	+4.912e+03	+7.465e+03	+0.436
66.900	+3.206e+03	+4.897e+03	+8.333e+03	+0.604
67.000	+3.659e+03	+4.781e+03	+8.346e+03	+0.566
67.100	+3.925e+03	+4.190e+03	+8.440e+03	+0.516
67.200	+4.335e+03	+5.667e+03	+7.368e+03	+0.567
67.300	+3.253e+03	+4.260e+03	+8.312e+03	+0.567
67.400	+4.344e+03	+3.862e+03	+7.496e+03	+0.471
67.500	+5.282e+03	+4.223e+03	+7.286e+03	+0.444
67.600	+3.710e+03	+3.053e+03	+8.931e+03	+0.451
67.700	+3.712e+03	+4.420e+03	+1.011e+04	+0.544
67.800	+4.709e+03	+5.644e+03	+8.759e+03	+0.545
67.900	+4.883e+03	+5.118e+03	+9.335e+03	+0.512
68.000	+4.978e+03	+4.247e+03	+1.024e+04	+0.460
68.100	+4.486e+03	+4.801e+03	+8.436e+03	+0.517
68.200	+3.342e+03	+3.622e+03	+9.152e+03	+0.520
68.300	+4.675e+03	+4.269e+03	+7.806e+03	+0.477
68.400	+3.868e+03	+4.561e+03	+9.341e+03	+0.541
68.500	+4.965e+03	+4.740e+03	+7.337e+03	+0.488
68.600	+5.762e+03	+3.943e+03	+9.065e+03	+0.406
68.700	+5.399e+03	+5.111e+03	+1.006e+04	+0.486
68.800	+5.262e+03	+4.838e+03	+9.595e+03	+0.479
68.900	+4.342e+03	+3.097e+03	+7.155e+03	+0.416
69.000	+4.682e+03	+4.834e+03	+8.181e+03	+0.508
69.100	+4.184e+03	+3.886e+03	+8.255e+03	+0.482
69.200	+3.383e+03	+4.890e+03	+8.118e+03	+0.591
69.300	-2.224e+02	+6.776e+03	+6.799e+03	+1.034
69.400	+3.710e+02	+7.813e+03	+7.879e+03	+0.955
69.500	+6.588e+02	+7.148e+03	+9.180e+03	+0.916
69.600	+9.089e+02	+7.681e+03	+8.315e+03	+0.894
69.700	+1.094e+03	+6.161e+03	+7.802e+03	+0.849
69.800	-4.337e+02	+7.291e+03	+8.996e+03	+1.063
69.900	+1.006e+03	+9.147e+03	+1.070e+04	+0.901
70.000	+1.372e+03	+7.700e+03	+9.110e+03	+0.849
70.100	+2.037e+03	+7.228e+03	+7.678e+03	+0.780
70.200	+3.494e+03	+5.458e+03	+8.611e+03	+0.610
70.300	+4.552e+03	+4.621e+03	+8.079e+03	+0.504
70.400	+3.206e+03	+5.521e+03	+9.054e+03	+0.633
70.500	+5.211e+00	+7.428e+03	+8.920e+03	+0.999
70.600	+1.789e+02	+7.988e+03	+8.258e+03	+0.978
70.700	+1.329e+03	+8.637e+03	+6.846e+03	+0.867
70.800	+2.258e+02	+6.265e+03	+1.012e+04	+0.965
70.900	+1.416e+03	+5.960e+03	+9.047e+03	+0.808
71.000	+9.793e+02	+8.824e+03	+8.754e+03	+0.900
71.100	-9.427e+01	+7.222e+03	+1.043e+04	+1.013
71.200	+1.864e+03	+5.457e+03	+6.553e+03	+0.745
71.300	+8.502e+01	+6.156e+03	+8.192e+03	+0.986
71.400	+1.956e+03	+8.250e+03	+7.243e+03	+0.808
71.500	+8.473e+02	+6.242e+03	+9.628e+03	+0.880
71.600	+1.171e+03	+8.602e+03	+1.022e+04	+0.880
71.700	+1.135e+03	+6.874e+03	+1.003e+04	+0.858
71.800	-4.361e+02	+5.621e+03	+7.426e+03	+1.084
71.900	+5.595e+03	+2.479e+03	+8.852e+03	+0.307
72.000	+7.643e+03	+7.806e+02	+8.156e+03	+0.093
72.100	+6.969e+03	-9.062e+01	+8.011e+03	-0.013
72.200	+7.704e+03	+1.824e+03	+7.358e+03	+0.191
72.300	+7.396e+03	+1.551e+03	+6.134e+03	+0.173
72.400	+7.209e+03	+2.166e+03	+6.949e+03	+0.231
72.500	+8.716e+03	+5.708e+02	+7.413e+03	+0.061
72.600	+9.475e+03	+9.770e+02	+6.963e+03	+0.093
72.700	+7.884e+03	+1.790e+03	+7.964e+03	+0.185
72.800	+7.712e+03	+2.005e+02	+7.425e+03	+0.025
72.900	+7.156e+03	+4.180e+02	+8.766e+03	+0.055
73.000	+6.948e+03	+9.247e+02	+7.278e+03	+0.117
73.100	+6.431e+03	+2.350e+02	+9.493e+03	+0.035
73.200	+7.301e+03	+6.274e+02	+7.961e+03	+0.079
73.300	+8.026e+03	+6.727e+02	+5.818e+03	+0.077
73.400	+7.006e+03	+6.881e+02	+8.294e+03	+0.089
73.500	+7.253e+03	+2.315e+03	+7.609e+03	+0.242
73.600	+6.114e+03	+1.173e+03	+4.799e+03	+0.161
73.700	+6.343e+03	+1.147e+03	+8.597e+03	+0.153
73.800	+7.301e+03	+8.966e+02	+6.619e+03	+0.109
73.900	+6.522e+03	+3.990e+02	+6.729e+03	+0.058
74.000	+8.027e+03	+8.605e+02	+6.049e+03	+0.097
74.100	+8.715e+03	+2.391e+03	+8.234e+03	+0.215
74.200	+6.765e+03	+1.677e+02	+7.032e+03	+0.024
74.300	+7.265e+03	+6.707e+02	+6.392e+03	+0.085
74.400	+5.884e+03	+1.208e+03	+8.672e+03	+0.170
74.500	+8.462e+03	+1.186e+03	+7.213e+03	+0.123
74.600	+8.840e+03	+1.854e+03	+9.149e+03	+0.173
74.700	+8.687e+03	+1.116e+03	+7.817e+03	+0.114
74.800	+7.429e+03	+1.101e+03	+8.396e+03	+0.129
74.900	+7.814e+03	+1.140e+03	+6.082e+03	+0.127
75.000	+7.559e+03	+1.309e+03	+8.540e+03	+0.148
75.100	+6.642e+03	+6.174e+02	+8.369e+03	+0.085
75.200	+7.614e+03	-1.129e+02	+8.608e+03	-0.015
75.300	+6.933e+03	+2.486e+03	+7.743e+03	+0.264
75.400	+8.506e+03	+3.445e+02	+8.756e+03	+0.039
75.500	+6.609e+03	+6.072e+02	+6.692e+03	+0.084
75.600	+7.724e+03	+9.669e+02	+8.904e+03	+0.111
75.700	+7.090e+03	+1.743e+02	+6.664e+03	+0.024
75.800	+6.576e+03	+8.251e+02	+8.565e+03	+0.111
75.900	+7.160e+03	+6.800e+02	+6.358e+03	+0.087
76.000	+7.924e+03	+1.428e+03	+7.506e+03	+0.153
76.100	+7.905e+03	+1.816e+03	+6.729e+03	+0.187
76.200	+5.970e+03	+5.641e+02	+8.954e+03	+0.086
76.300	+6.785e+03	+6.301e+02	+7.805e+03	+0.085
76.400	+3.021e+03	+4.908e+03	+9.961e+03	+0.619
76.500	+1.159e+03	+6.976e+03	+9.557e+03	+0.857
76.600	+1.443e+03	+7.510e+03	+9.002e+03	+0.839
76.700	+2.566e+03	+6.848e+03	+1.066e+04	+0.727
76.800	+1.257e+03	+8.015e+03	+9.643e+03	+0.864
76.900	+5.963e+02	+6.646e+03	+1.030e+04	+0.918
77.000	+1.582e+03	+7.158e+03	+8.722e+03	+0.819
77.100	+1.655e+02	+7.427e+03	+9.234e+03	+0.978
77.200	+1.868e+03	+7.532e+03	+8.532e+03	+0.801
77.300	+1.568e+03	+5.693e+03	+7.918e+03	+0.784
77.400	+1.373e+03	+6.540e+03	+9.619e+03	+0.826
77.500	+3.942e+02	+7.613e+03	+1.027e+04	+0.951
77.600	+1.437e+03	+7.270e+03	+8.140e+03	+0.835
77.700	+9.062e+02	+7.242e+03	+8.485e+03	+0.889
77.800	+7.533e+02	+9.043e+03	+9.302e+03	+0.923
77.900	+1.423e+03	+8.287e+03	+8.167e+03	+0.853
78.000	+1.803e+03	+8.953e+03	+8.017e+03	+0.832
78.100	+3.881e+01	+6.132e+03	+9.124e+03	+0.994
78.200	+3.721e+02	+5.893e+03	+9.027e+03	+0.941
78.300	+1.432e+03	+6.265e+03	+7.634e+03	+0.814
78.400	+2.243e+03	+9.324e+03	+7.511e+03	+0.806
78.500	+3.371e+02	+8.678e+03	+7.715e+03	+0.963
78.600	+1.394e+03	+7.476e+03	+1.047e+04	+0.843
78.700	+2.378e+03	+6.277e+03	+8.668e+03	+0.725
78.800	+4.734e+03	+4.298e+03	+9.200e+03	+0.476
78.900	+4.892e+03	+3.645e+03	+8.583e+03	+0.427
79.000	+8.065e+03	+1.042e+03	+9.983e+03	+0.114
79.100	+6.252e+03	+6.148e+02	+8.223e+03	+0.090
79.200	+6.342e+03	+6.552e+01	+6.982e+03	+0.010
79.300	+7.869e+03	+1.077e+03	+9.503e+03	+0.120
79.400	+6.244e+03	+1.422e+03	+8.586e+03	+0.185
79.500	+7.889e+03	+6.718e+02	+7.284e+03	+0.078
79.600	+9.138e+03	+7.106e+02	+8.674e+03	+0.072
79.700	+5.784e+03	+1.863e+03	+7.145e+03	+0.244
79.800	+6.886e+03	+1.913e+03	+7.771e+03	+0.217
79.900	+7.549e+03	+8.163e+02	+9.172e+03	+0.098
80.000	+7.385e+03	+5.698e+02	+6.454e+03	+0.072
80.100	+8.648e+03	-6.867e+02	+8.470e+03	-0.086
80.200	+8.172e+03	+1.307e+03	+8.217e+03	+0.138
80.300	+6.363e+03	+1.912e+03	+8.788e+03	+0.231
80.400	+8.460e+03	+7.908e+01	+7.938e+03	+0.009
80.500	+6.043e+03	+1.150e+03	+7.392e+03	+0.160
80.600	+7.329e+03	+7.871e+01	+6.775e+03	+0.011
80.700	+8.506e+03	-3.679e+02	+7.905e+03	-0.045
80.800	+8.192e+03	+9.468e+02	+8.208e+03	+0.104
80.900	+3.784e+03	+4.879e+03	+7.862e+03	+0.563
81.000	+1.512e+03	+7.704e+03	+8.127e+03	+0.836
81.100	+6.267e+02	+9.651e+03	+9.174e+03	+0.939
81.200	+1.928e+03	+7.177e+03	+7.654e+03	+0.788
81.300	+1.041e+03	+5.857e+03	+7.092e+03	+0.849
81.400	+1.044e+03	+5.219e+03	+8.299e+03	+0.833
81.500	+2.168e+03	+5.963e+03	+8.234e+03	+0.733
81.600	+3.162e+03	+5.216e+03	+8.343e+03	+0.623
81.700	+4.309e+03	+5.219e+03	+7.819e+03	+0.548
81.800	+4.657e+03	+5.034e+03	+8.257e+03	+0.519
81.900	+4.065e+03	+4.168e+03	+1.092e+04	+0.506
82.000	+3.518e+03	+4.421e+03	+9.331e+03	+0.557
82.100	+4.214e+03	+6.746e+03	+1.004e+04	+0.616
82.200	-2.336e+02	+8.637e+03	+1.008e+04	+1.028
82.300	+2.289e+03	+4.047e+03	+8.293e+03	+0.639
82.400	+6.041e+03	+3.852e+03	+9.895e+03	+0.389
82.500	+3.775e+03	+4.103e+03	+6.504e+03	+0.521
82.600	+3.138e+03	+3.709e+03	+9.512e+03	+0.542
82.700	+4.026e+03	+4.943e+03	+8.482e+03	+0.551
82.800	+3.410e+03	+6.497e+03	+1.054e+04	+0.656
82.900	+3.661e+03	+6.409e+03	+6.763e+03	+0.636
83.000	+4.026e+03	+4.301e+03	+7.572e+03	+0.516
83.100	+2.628e+03	+5.649e+03	+9.596e+03	+0.683
83.200	+5.215e+03	+4.241e+03	+7.190e+03	+0.449
83.300	+3.953e+03	+3.844e+03	+9.976e+03	+0.493
83.400	+4.030e+03	+5.377e+03	+9.515e+03	+0.572
83.500	+4.403e+03	+4.313e+03	+7.792e+03	+0.495
83.600	+2.875e+03	+3.707e+03	+8.050e+03	+0.563
83.700	+4.470e+03	+4.844e+03	+1.009e+04	+0.520
83.800	+5.311e+03	+3.699e+03	+9.438e+03	+0.411
83.900	+2.816e+03	+4.870e+03	+1.092e+04	+0.634
84.000	+4.024e+03	+5.099e+03	+9.989e+03	+0.559
84.100	+4.633e+03	+5.713e+03	+9.492e+03	+0.552
84.200	+3.526e+03	+5.216e+03	+8.800e+03	+0.597
84.300	+3.790e+03	+3.699e+03	+8.594e+03	+0.494
84.400	+3.950e+03	+3.799e+03	+7.352e+03	+0.490
84.500	+2.923e+03	+4.582e+03	+9.180e+03	+0.611
84.600	+3.743e+03	+6.663e+03	+9.608e+03	+0.640
84.700	+2.224e+03	+3.861e+03	+8.846e+03	+0.635
84.800	+2.047e+03	+6.309e+03	+8.521e+03	+0.755
84.900	+5.114e+03	+4.368e+03	+7.806e+03	+0.461
85.000	+9.541e+02	+8.215e+03	+9.702e+03	+0.896
85.100	+3.974e+02	+8.515e+03	+8.137e+03	+0.955
85.200	+1.104e+03	+9.333e+03	+9.366e+03	+0.894
85.300	+1.573e+03	+6.553e+03	+7.761e+03	+0.806
85.400	+2.609e+02	+6.299e+03	+8.983e+03	+0.960
85.500	+9.084e+02	+5.891e+03	+1.030e+04	+0.866
85.600	+1.930e+03	+8.077e+03	+7.998e+03	+0.807
85.700	+1.188e+03	+7.489e+03	+8.530e+03	+0.863
85.800	+2.362e+03	+8.621e+03	+9.057e+03	+0.785
85.900	+1.097e+03	+7.267e+03	+9.384e+03	+0.869
86.000	+2.025e+03	+7.945e+03	+8.970e+03	+0.797
86.100	+6.955e+02	+8.473e+03	+8.637e+03	+0.924
86.200	+4.635e+03	+3.425e+03	+8.324e+03	+0.425
86.300	+3.667e+03	+4.987e+03	+7.473e+03	+0.576
86.400	+4.613e+03	+3.986e+03	+7.750e+03	+0.464
86.500	+4.239e+03	+4.692e+03	+7.828e+03	+0.525
86.600	+3.380e+03	+3.724e+03	+7.460e+03	+0.524
86.700	+3.580e+03	+4.020e+03	+9.244e+03	+0.529
86.800	+4.112e+03	+3.659e+03	+7.793e+03	+0.471
86.900	+5.872e+03	+4.721e+03	+8.670e+03	+0.446
87.000	+4.517e+03	+4.516e+03	+9.003e+03	+0.500
87.100	+4.675e+03	+3.545e+03	+9.960e+03	+0.431
87.200	+4.643e+03	+5.745e+03	+9.103e+03	+0.553
87.300	+4.717e+03	+4.085e+03	+8.688e+03	+0.464
87.400	+2.442e+03	+3.240e+03	+8.425e+03	+0.570
87.500	+4.879e+03	+4.129e+03	+9.512e+03	+0.458
87.600	+4.682e+03	+5.401e+03	+8.310e+03	+0.536
87.700	+3.133e+03	+5.265e+03	+8.108e+03	+0.627
87.800	+4.676e+03	+6.158e+03	+8.252e+03	+0.568
87.900	+4.284e+03	+4.302e+03	+8.845e+03	+0.501
88.000	+4.827e+03	+5.985e+03	+8.637e+03	+0.554
88.100	+3.683e+03	+3.788e+03	+1.060e+04	+0.507
88.200	+3.926e+03	+5.074e+03	+8.032e+03	+0.564
88.300	+4.332e+03	+6.238e+03	+8.184e+03	+0.590
88.400	+6.604e+03	+1.779e+03	+6.660e+03	+0.212
88.500	+6.921e+03	+1.045e+03	+6.840e+03	+0.131
88.600	+7.440e+03	+5.474e+01	+7.522e+03	+0.007
88.700	+6.843e+03	-5.193e+02	+6.665e+03	-0.082
88.800	+7.773e+03	+1.130e+03	+5.822e+03	+0.127
88.900	+6.555e+03	+5.167e+02	+9.246e+03	+0.073
89.000	+5.487e+03	-4.659e+02	+9.196e+03	-0.093
89.100	+2.235e+03	+5.906e+03	+8.805e+03	+0.725
89.200	+3.078e+02	+7.444e+03	+1.023e+04	+0.960
89.300	+1.712e+02	+6.344e+03	+1.027e+04	+0.974
89.400	+1.211e+03	+8.398e+03	+6.440e+03	+0.874
89.500	+1.036e+02	+7.775e+03	+9.164e+03	+0.987
89.600	+1.601e+02	+8.219e+03	+1.025e+04	+0.981
89.700	+4.855e+02	+9.027e+03	+9.204e+03	+0.949
89.800	+2.168e+03	+5.155e+03	+6.530e+03	+0.704
89.900	+5.701e+02	+7.465e+03	+7.025e+03	+0.929
90.000	+1.713e+03	+6.123e+03	+5.927e+03	+0.781
90.100	-8.651e+01	+5.971e+03	+8.465e+03	+1.015
90.200	+2.395e+03	+8.222e+03	+8.029e+03	+0.774
90.300	+1.539e+03	+7.071e+03	+7.738e+03	+0.821
90.400	+1.764e+03	+6.837e+03	+8.496e+03	+0.795
90.500	-3.212e+02	+6.622e+03	+9.265e+03	+1.051
90.600	+1.504e+03	+6.382e+03	+8.574e+03	+0.809
90.700	+2.272e+02	+7.293e+03	+8.633e+03	+0.970
90.800	+1.233e+03	+6.458e+03	+8.637e+03	+0.840
90.900	+1.468e+03	+7.999e+03	+1.031e+04	+0.845
91.000	+1.733e+03	+8.204e+03	+8.143e+03	+0.826
91.100	-1.817e+03	+7.119e+03	+8.243e+03	+1.343
91.200	+6.335e+02	+6.970e+03	+8.661e+03	+0.917
91.300	+1.881e+03	+6.136e+03	+7.742e+03	+0.765
91.400	+3.215e+02	+7.767e+03	+8.410e+03	+0.960
91.500	+5.348e+02	+8.593e+03	+8.897e+03	+0.941
91.600	+3.226e+00	+7.896e+03	+1.170e+04	+1.000
91.700	+2.678e+02	+7.826e+03	+8.659e+03	+0.967
91.800	-3.246e+02	+5.732e+03	+9.416e+03	+1.060
91.900	+8.358e+02	+9.731e+03	+1.028e+04	+0.921
92.000	+2.285e+03	+8.703e+03	+9.321e+03	+0.792
92.100	+6.363e+02	+7.307e+03	+8.693e+03	+0.920
92.200	+1.936e+03	+6.986e+03	+9.669e+03	+0.783
92.300	+1.049e+03	+5.682e+03	+9.402e+03	+0.844
92.400	+1.064e+03	+7.870e+03	+9.983e+03	+0.881
92.500	+5.683e+03	+1.526e+03	+8.093e+03	+0.212
92.600	+8.089e+03	+1.110e+03	+7.381e+03	+0.121
92.700	+9.400e+03	+1.233e+03	+6.901e+03	+0.116
92.800	+8.558e+03	+4.080e+02	+7.848e+03	+0.046
92.900	+7.599e+03	+5.128e+02	+7.324e+03	+0.063
93.000	+8.557e+03	+7.946e+02	+3.421e+03	+0.085
93.100	+6.922e+03	+1.584e+03	+7.258e+03	+0.186
93.200	+6.502e+03	-8.081e+02	+6.155e+03	-0.142
93.300	+7.728e+03	-4.459e+02	+5.401e+03	-0.061
93.400	+9.370e+03	+1.214e+03	+8.650e+03	+0.115
93.500	+1.208e+03	+6.829e+03	+9.157e+03	+0.850
93.600	+4.336e+03	+4.426e+03	+6.709e+03	+0.505
93.700	+7.374e+03	+5.433e+02	+7.107e+03	+0.069
93.800	+8.273e+03	+1.466e+03	+7.691e+03	+0.151
93.900	+7.777e+03	+2.333e+02	+7.494e+03	+0.029
94.000	+7.864e+03	+2.232e+03	+7.153e+03	+0.221
94.100	+6.994e+03	-1.478e+02	+9.516e+03	-0.022
94.200	+9.376e+03	+9.513e+02	+9.040e+03	+0.092
94.300	+9.364e+03	+1.351e+03	+6.627e+03	+0.126
94.400	+8.657e+03	+6.897e+01	+6.084e+03	+0.008
94.500	+8.027e+03	-6.388e+02	+8.597e+03	-0.086
94.600	+8.775e+03	+1.164e+03	+7.212e+03	+0.117
94.700	+8.038e+03	+5.596e+02	+6.784e+03	+0.065
94.800	+6.493e+03	+1.515e+03	+8.005e+03	+0.189
94.900	+5.757e+02	+5.795e+03	+9.226e+03	+0.910
95.000	+9.082e+02	+5.926e+03	+9.275e+03	+0.867
95.100	+8.552e+02	+8.915e+03	+1.005e+04	+0.912
95.200	+1.372e+03	+6.455e+03	+9.565e+03	+0.825
95.300	+1.382e+03	+6.768e+03	+8.695e+03	+0.830
95.400	+1.503e+03	+8.434e+03	+6.754e+03	+0.849
95.500	+2.040e+03	+7.825e+03	+9.004e+03	+0.793
95.600	+1.523e+03	+7.481e+03	+9.364e+03	+0.831
95.700	+1.847e+02	+8.631e+03	+7.460e+03	+0.979
95.800	+1.046e+03	+7.075e+03	+9.740e+03	+0.871
95.900	+1.586e+03	+7.968e+03	+1.049e+04	+0.834
96.000	+8.104e+02	+7.734e+03	+8.033e+03	+0.905
96.100	+7.900e+02	+8.390e+03	+1.066e+04	+0.914
96.200	+1.546e+03	+7.422e+03	+9.513e+03	+0.828
96.300	-5.166e+02	+6.376e+03	+8.377e+03	+1.088
96.400	-1.813e+03	+7.002e+03	+9.543e+03	+1.349
96.500	+1.140e+03	+6.752e+03	+8.432e+03	+0.856
96.600	+1.804e+03	+8.258e+03	+8.796e+03	+0.821
96.700	+2.881e+02	+8.075e+03	+7.790e+03	+0.966
96.800	+3.211e+01	+7.013e+03	+9.851e+03	+0.995
96.900	+1.477e+03	+6.294e+03	+8.966e+03	+0.810
97.000	-4.045e+02	+7.261e+03	+9.147e+03	+1.059
97.100	+3.338e+02	+6.086e+03	+8.323e+03	+0.948
97.200	+1.464e+03	+7.524e+03	+7.640e+03	+0.837
97.300	+1.171e+03	+5.414e+03	+8.648e+03	+0.822
97.400	+2.152e+03	+8.440e+03	+8.975e+03	+0.797
97.500	+3.874e+03	+4.235e+03	+8.278e+03	+0.522
97.600	+4.346e+03	+4.282e+03	+6.908e+03	+0.496
97.700	+3.732e+03	+5.990e+03	+8.344e+03	+0.616
97.800	+3.229e+03	+6.567e+03	+9.496e+03	+0.670
97.900	+4.175e+03	+5.458e+03	+1.127e+04	+0.567
98.000	+1.779e+03	+7.972e+03	+7.568e+03	+0.818
98.100	+2.538e+03	+8.381e+03	+1.005e+04	+0.768
98.200	+1.672e+03	+6.894e+03	+1.020e+04	+0.805
98.300	+1.599e+03	+7.668e+03	+7.077e+03	+0.827
98.400	+1.123e+03	+9.179e+03	+9.699e+03	+0.891
98.500	+5.638e+02	+7.915e+03	+9.503e+03	+0.934
98.600	+3.669e+02	+7.512e+03	+7.217e+03	+0.953
98.700	+1.401e+03	+7.352e+03	+8.313e+03	+0.840
98.800	+1.271e+03	+7.142e+03	+8.474e+03	+0.849
98.900	+1.921e+03	+7.018e+03	+9.774e+03	+0.785
99.000	+1.802e+03	+6.889e+03	+9.784e+03	+0.793
99.100	+2.292e+03	+7.853e+03	+7.395e+03	+0.774
99.200	+1.034e+03	+7.556e+03	+9.711e+03	+0.880
99.300	+8.896e+02	+7.304e+03	+9.808e+03	+0.891
99.400	+4.733e+02	+8.108e+03	+9.218e+03	+0.945
99.500	+2.054e+03	+5.777e+03	+8.865e+03	+0.738
99.600	+2.745e+03	+6.828e+03	+8.469e+03	+0.713
99.700	+3.173e+02	+7.889e+03	+9.468e+03	+0.961
99.800	+5.115e+02	+7.656e+03	+8.931e+03	+0.937
99.900	+1.354e+03	+7.526e+03	+6.851e+03	+0.848
100.000	-1.196e+02	+7.431e+03	+9.215e+03	+1.016
100.100	+1.829e+03	+6.067e+03	+7.545e+03	+0.768
100.200	-3.843e+01	+8.738e+03	+1.044e+04	+1.004
100.300	+6.648e+02	+7.080e+03	+7.367e+03	+0.914
100.400	+1.275e+03	+6.784e+03	+1.138e+04	+0.842
100.500	+1.429e+03	+6.789e+03	+9.406e+03	+0.826
100.600	+1.616e+03	+5.808e+03	+8.385e+03	+0.782
100.700	+9.476e+02	+8.110e+03	+1.079e+04	+0.895
100.800	+1.287e+03	+7.659e+03	+9.037e+03	+0.856
100.900	+1.911e+03	+6.041e+03	+9.512e+03	+0.760
101.000	+1.821e+03	+6.402e+03	+1.186e+04	+0.779
101.100	+1.065e+03	+7.849e+03	+8.298e+03	+0.880
101.200	+1.253e+03	+6.242e+03	+9.363e+03	+0.833
101.300	+1.776e+03	+8.598e+03	+9.142e+03	+0.829
101.400	+2.940e+02	+8.665e+03	+9.776e+03	+0.967
101.500	-3.750e+02	+7.030e+03	+7.909e+03	+1.056
101.600	-7.288e+02	+8.453e+03	+5.179e+03	+1.094
101.700	+1.297e+02	+7.918e+03	+8.622e+03	+0.984
101.800	+1.409e+03	+6.565e+03	+1.067e+04	+0.823
101.900	+1.225e+03	+6.222e+03	+1.062e+04	+0.836
102.000	+1.325e+03	+5.679e+03	+1.060e+04	+0.811
102.100	+1.211e+03	+8.290e+03	+8.833e+03	+0.873
102.200	+2.025e+02	+5.885e+03	+1.037e+04	+0.967
102.300	+1.478e+03	+6.188e+03	+7.054e+03	+0.807
102.400	+1.923e+03	+5.999e+03	+8.162e+03	+0.757
102.500	+4.037e+03	+6.028e+03	+7.357e+03	+0.599
102.600	+4.947e+03	+4.739e+03	+8.606e+03	+0.489
102.700	+4.275e+03	+4.872e+03	+8.979e+03	+0.533
102.800	+5.069e+03	+4.277e+03	+6.708e+03	+0.458
102.900	+5.243e+03	+2.838e+03	+7.928e+03	+0.351
103.000	+2.850e+03	+3.035e+03	+7.715e+03	+0.516
103.100	+2.882e+03	+6.865e+03	+9.736e+03	+0.704
103.200	+3.942e+03	+4.979e+03	+8.967e+03	+0.558
103.300	+4.387e+03	+6.251e+03	+8.771e+03	+0.588
103.400	+6.347e+03	+5.207e+03	+6.990e+03	+0.451
103.500	+4.530e+03	+4.241e+03	+7.673e+03	+0.484
103.600	+3.853e+03	+4.144e+03	+9.544e+03	+0.518
103.700	+4.665e+03	+3.397e+03	+6.753e+03	+0.421
103.800	+3.729e+03	+4.106e+03	+7.385e+03	+0.524
103.900	+5.058e+03	+4.769e+03	+1.028e+04	+0.485
104.000	+3.488e+03	+3.860e+03	+7.472e+03	+0.525
104.100	+5.038e+03	+5.364e+03	+9.107e+03	+0.516
104.200	+5.612e+03	+4.520e+03	+1.078e+04	+0.446
104.300	+4.780e+03	+4.169e+03	+9.486e+03	+0.466
104.400	+4.602e+03	+5.582e+03	+8.108e+03	+0.548
104.500	+4.967e+03	+4.156e+03	+1.029e+04	+0.456
104.600	+4.372e+03	+6.792e+03	+7.650e+03	+0.608
104.700	+4.680e+03	+3.413e+03	+9.600e+03	+0.422
104.800	+4.647e+03	+5.704e+03	+6.230e+03	+0.551
104.900	+4.620e+03	+4.839e+03	+9.525e+03	+0.512
105.000	+4.145e+03	+4.625e+03	+8.340e+03	+0.527
105.100	+3.271e+03	+2.747e+03	+9.175e+03	+0.456
105.200	+5.042e+03	+6.242e+03	+1.003e+04	+0.553
105.300	+4.527e+03	+3.226e+03	+1.054e+04	+0.416
105.400	+4.581e+03	+3.645e+03	+8.159e+03	+0.443
105.500	+3.453e+03	+5.483e+03	+9.606e+03	+0.614
105.600	+3.747e+03	+5.421e+03	+8.684e+03	+0.591
105.700	+4.874e+03	+4.286e+03	+8.862e+03	+0.468
105.800	+4.901e+03	+3.851e+03	+9.491e+03	+0.440
105.900	+6.541e+03	+2.211e+03	+5.787e+03	+0.253
106.000	+7.776e+03	+1.189e+03	+8.276e+03	+0.133
106.100	+7.624e+03	+7.467e+01	+6.733e+03	+0.010
106.200	+6.856e+03	+1.789e+03	+5.974e+03	+0.207
106.300	+7.130e+03	+1.350e+03	+8.715e+03	+0.159
106.400	+6.650e+03	+8.416e+02	+6.792e+03	+0.112
106.500	+6.471e+03	+1.624e+03	+7.542e+03	+0.201
106.600	+8.494e+03	+9.336e+01	+6.499e+03	+0.011
106.700	+7.276e+03	+1.480e+03	+6.868e+03	+0.169
106.800	+7.962e+03	+7.282e+02	+7.335e+03	+0.084
106.900	+8.931e+03	+1.834e+03	+8.047e+03	+0.170
107.000	+6.983e+03	+2.127e+02	+7.595e+03	+0.030
107.100	+5.808e+03	+1.283e+03	+7.761e+03	+0.181
107.200	+8.210e+03	+5.241e+02	+8.097e+03	+0.060
107.300	+8.573e+03	-3.332e+02	+6.561e+03	-0.040
107.400	+7.046e+03	+1.117e+03	+6.871e+03	+0.137
107.500	+6.364e+03	+3.369e+02	+6.874e+03	+0.050
107.600	+8.516e+03	-1.454e+03	+7.788e+03	-0.206
107.700	+6.497e+03	+1.145e+03	+7.937e+03	+0.150
107.800	+6.708e+03	+9.709e+02	+8.812e+03	+0.126
107.900	+7.692e+03	+8.747e+02	+7.419e+03	+0.102
108.000	+6.793e+03	-3.976e+02	+8.604e+03	-0.062
108.100	+6.773e+03	+5.631e+02	+7.063e+03	+0.077
108.200	+5.902e+03	+9.134e+02	+7.653e+03	+0.134
108.300	+7.813e+03	+5.462e+02	+7.414e+03	+0.065
108.400	+8.323e+03	-9.265e+02	+7.137e+03	-0.125
108.500	+8.175e+03	+1.203e+02	+6.389e+03	+0.014
108.600	+8.090e+03	-7.892e+02	+7.636e+03	-0.108
108.700	+6.320e+03	-2.515e+02	+8.342e+03	-0.041
108.800	+7.120e+03	+2.402e+03	+9.901e+03	+0.252
108.900	+7.708e+03	+7.605e+00	+8.180e+03	+0.001
109.000	+4.587e+03	+3.172e+02	+6.900e+03	+0.065
109.100	+6.023e+03	+8.156e+02	+7.059e+03	+0.119
109.200	+8.638e+03	+4.627e+02	+9.051e+03	+0.051
109.300	+9.287e+03	+3.595e+02	+7.334e+03	+0.037
109.400	+8.669e+03	+1.140e+03	+6.558e+03	+0.116
109.500	+7.360e+03	+2.673e+02	+6.354e+03	+0.035
109.600	+7.610e+03	+1.394e+03	+8.676e+03	+0.155
109.700	+6.341e+03	+9.596e+02	+5.869e+03	+0.131
109.800	+7.481e+03	+1.057e+03	+7.941e+03	+0.124
109.900	+7.575e+03	+7.415e+02	+8.567e+03	+0.089
110.000	+8.350e+03	+2.027e+03	+6.216e+03	+0.195
110.100	+7.406e+03	+1.015e+03	+5.320e+03	+0.121
110.200	+8.265e+03	+2.334e+02	+6.757e+03	+0.027
110.300	+9.306e+03	+1.069e+03	+8.446e+03	+0.103
110.400	+8.406e+03	-1.887e+02	+7.387e+03	-0.023
110.500	+8.384e+03	+1.535e+03	+7.873e+03	+0.155
110.600	+6.898e+03	+1.756e+03	+7.526e+03	+0.203
110.700	+7.025e+03	-2.289e+02	+8.105e+03	-0.034
110.800	+6.939e+03	+9.807e+02	+4.611e+03	+0.124
110.900	+8.369e+03	+9.736e+02	+6.046e+03	+0.104
111.000	+7.764e+03	+3.433e+03	+7.615e+03	+0.307
111.100	+8.040e+03	+4.116e+02	+6.110e+03	+0.049
111.200	+8.981e+03	-3.793e+02	+5.034e+03	-0.044
111.300	+8.000e+03	+8.260e+02	+7.737e+03	+0.094
111.400	+6.286e+03	+9.922e+02	+7.697e+03	+0.136
111.500	+6.112e+03	+9.076e+02	+6.981e+03	+0.129
111.600	+7.568e+03	+9.204e+02	+8.752e+03	+0.108
111.700	+8.062e+03	+6.846e+02	+6.304e+03	+0.078
111.800	+6.750e+03	+5.097e+02	+9.030e+03	+0.070
111.900	+6.800e+03	+7.382e+01	+7.444e+03	+0.011
112.000	+6.504e+03	+2.036e+03	+7.822e+03	+0.238
112.100	+6.539e+03	+1.006e+03	+7.990e+03	+0.133
112.200	+8.007e+03	+1.413e+03	+7.152e+03	+0.150
112.300	+4.507e+03	+4.457e+03	+7.986e+03	+0.497
112.400	+3.860e+03	+3.923e+03	+8.892e+03	+0.504
112.500	+2.889e+03	+5.222e+03	+9.640e+03	+0.644
112.600	+4.218e+03	+4.536e+03	+9.168e+03	+0.518
112.700	+3.321e+03	+5.878e+03	+8.168e+03	+0.639
112.800	+3.674e+03	+5.778e+03	+8.051e+03	+0.611
112.900	+2.347e+03	+3.776e+03	+7.859e+03	+0.617
113.000	+4.474e+03	+5.100e+03	+8.295e+03	+0.533
113.100	+3.195e+03	+3.856e+03	+8.668e+03	+0.547
113.200	+3.551e+03	+4.571e+03	+8.052e+03	+0.563
113.300	+4.749e+03	+4.111e+03	+1.003e+04	+0.464
113.400	+4.122e+03	+4.790e+03	+8.644e+03	+0.537
113.500	+5.614e+03	+4.695e+03	+8.738e+03	+0.455
113.600	+3.501e+03	+2.406e+03	+7.299e+03	+0.407
113.700	+5.384e+03	+4.635e+03	+9.819e+03	+0.463
113.800	+5.262e+03	+4.169e+03	+6.910e+03	+0.442
113.900	+2.887e+03	+5.687e+03	+8.897e+03	+0.663
114.000	+1.767e+03	+6.647e+03	+9.026e+03	+0.790
114.100	+9.249e+02	+8.008e+03	+9.162e+03	+0.896
114.200	+1.933e+02	+7.808e+03	+7.597e+03	+0.976
114.300	+7.377e+02	+8.800e+03	+8.957e+03	+0.923
114.400	+7.090e+02	+9.575e+03	+8.393e+03	+0.931
114.500	+1.954e+03	+7.835e+03	+1.004e+04	+0.800
114.600	+1.958e+03	+7.353e+03	+9.579e+03	+0.790
114.700	+1.346e+02	+5.724e+03	+1.026e+04	+0.977
114.800	+2.090e+02	+5.497e+03	+7.605e+03	+0.963
114.900	+4.587e+02	+7.450e+03	+8.635e+03	+0.942
115.000	+1.411e+03	+8.365e+03	+8.785e+03	+0.856
115.100	-4.717e+02	+6.419e+03	+8.959e+03	+1.079
115.200	+7.612e+02	+6.817e+03	+8.469e+03	+0.900
115.300	+7.573e+02	+6.505e+03	+9.680e+03	+0.896
115.400	+2.220e+03	+5.561e+03	+1.030e+04	+0.715
115.500	+1.317e+03	+7.830e+03	+7.785e+03	+0.856
115.600	+1.747e+03	+7.241e+03	+9.916e+03	+0.806
115.700	+7.070e+02	+6.177e+03	+9.060e+03	+0.897
115.800	-6.328e+02	+8.024e+03	+1.044e+04	+1.086
115.900	+1.146e+03	+7.582e+03	+9.723e+03	+0.869
116.000	-9.108e+02	+8.048e+03	+7.489e+03	+1.128
116.100	-8.993e+02	+7.463e+03	+7.618e+03	+1.137
116.200	+1.511e+03	+6.131e+03	+8.614e+03	+0.802
116.300	+6.697e+02	+7.858e+03	+9.532e+03	+0.921
116.400	+1.320e+03	+8.903e+03	+1.108e+04	+0.871
116.500	+1.027e+03	+7.955e+03	+7.945e+03	+0.886
116.600	+3.266e+02	+6.358e+03	+7.388e+03	+0.951
116.700	-8.855e+01	+7.919e+03	+9.110e+03	+1.011
116.800	+1.563e+03	+7.004e+03	+1.047e+04	+0.818
116.900	+7.762e+02	+6.393e+03	+8.815e+03	+0.892
117.000	+4.999e+02	+7.395e+03	+8.974e+03	+0.937
117.100	+9.490e+02	+8.608e+03	+8.926e+03	+0.901
117.200	+2.391e+02	+6.782e+03	+7.695e+03	+0.966
117.300	+5.549e+03	+1.071e+03	+8.188e+03	+0.162
117.400	+2.947e+03	+4.481e+03	+1.055e+04	+0.603
117.500	+5.287e+03	+4.882e+03	+7.423e+03	+0.480
117.600	+4.490e+03	+5.411e+03	+9.885e+03	+0.547
117.700	+3.801e+03	+5.646e+03	+8.936e+03	+0.598
117.800	+3.806e+03	+3.408e+03	+1.118e+04	+0.472
117.900	+3.428e+03	+4.637e+03	+8.626e+03	+0.575
118.000	+3.493e+03	+2.212e+03	+7.864e+03	+0.388
118.100	+3.641e+03	+3.497e+03	+8.520e+03	+0.490
118.200	+4.058e+03	+3.430e+03	+8.057e+03	+0.458
118.300	+3.572e+03	+5.358e+03	+1.005e+04	+0.600
118.400	+4.020e+03	+4.292e+03	+9.461e+03	+0.516
118.500	+5.835e+03	+4.601e+03	+9.560e+03	+0.441
118.600	+4.952e+03	+4.640e+03	+7.314e+03	+0.484
118.700	+4.939e+03	+4.652e+03	+9.214e+03	+0.485
118.800	+7.360e+03	+1.180e+03	+6.957e+03	+0.138
118.900	+6.668e+03	+9.285e+02	+7.676e+03	+0.122
119.000	+8.054e+03	-5.561e+02	+7.972e+03	-0.074
119.100	+6.201e+03	-4.300e+02	+7.368e+03	-0.075
119.200	+4.311e+03	+1.575e+03	+8.098e+03	+0.268
119.300	+1.883e+03	+6.465e+03	+7.815e+03	+0.774
119.400	+2.403e+03	+6.755e+03	+9.371e+03	+0.738
119.500	+4.845e+03	+4.134e+03	+8.050e+03	+0.460
119.600	+2.697e+03	+5.521e+03	+5.795e+03	+0.672
119.700	+4.426e+03	+4.804e+03	+7.359e+03	+0.520
119.800	+3.918e+03	+4.825e+03	+8.254e+03	+0.552
119.900	+4.194e+03	+5.255e+03	+7.804e+03	+0.556
120.000	+3.506e+03	+4.277e+03	+9.547e+03	+0.550
120.100	+3.702e+03	+4.543e+03	+7.449e+03	+0.551
120.200	+3.608e+03	+5.340e+03	+8.968e+03	+0.597
120.300	+4.794e+03	+3.962e+03	+9.145e+03	+0.452
120.400	+4.802e+03	+3.606e+03	+7.539e+03	+0.429
120.500	+3.234e+03	+5.089e+03	+8.408e+03	+0.611
120.600	+3.334e+03	+4.346e+03	+5.361e+03	+0.566
120.700	+5.141e+03	+4.070e+03	+1.028e+04	+0.442
120.800	+5.995e+03	+5.301e+03	+8.756e+03	+0.469
120.900	+4.667e+03	+4.658e+03	+9.096e+03	+0.500
121.000	+4.259e+03	+4.808e+03	+8.556e+03	+0.530
121.100	+5.010e+03	+4.804e+03	+7.344e+03	+0.489
121.200	+1.799e+03	+5.084e+03	+8.172e+03	+0.739
121.300	+3.930e+03	+3.151e+03	+7.419e+03	+0.445
121.400	+4.926e+03	+3.812e+03	+8.139e+03	+0.436
121.500	+5.393e+03	+5.339e+03	+1.007e+04	+0.498
121.600	+5.054e+03	+3.336e+03	+9.864e+03	+0.398
121.700	+4.499e+03	+5.321e+03	+9.590e+03	+0.542
121.800	+2.978e+03	+5.080e+03	+8.203e+03	+0.630
121.900	+3.039e+03	+3.779e+03	+9.678e+03	+0.554
122.000	+5.033e+03	+4.208e+03	+7.793e+03	+0.455
122.100	+3.754e+03	+4.836e+03	+7.099e+03	+0.563
122.200	+3.399e+03	+4.683e+03	+8.238e+03	+0.579
122.300	+3.106e+03	+3.579e+03	+8.527e+03	+0.535
122.400	+3.500e+03	+4.848e+03	+7.955e+03	+0.581
122.500	+4.909e+03	+5.138e+03	+7.721e+03	+0.511
122.600	+4.274e+03	+3.089e+03	+9.246e+03	+0.420
122.700	+5.552e+03	+2.392e+03	+7.483e+03	+0.301
122.800	+5.988e+03	+1.635e+03	+6.500e+03	+0.214
122.900	+6.527e+03	+1.111e+03	+6.929e+03	+0.145
123.000	+9.959e+03	+3.069e+02	+6.032e+03	+0.030
123.100	+6.672e+03	+5.655e+02	+7.423e+03	+0.078
123.200	+6.563e+03	-1.402e+03	+6.321e+03	-0.272
123.300	+7.972e+03	+7.458e+01	+8.354e+03	+0.009
123.400	+7.593e+03	-2.940e+02	+7.781e+03	-0.040
123.500	+6.634e+03	+1.111e+03	+9.501e+03	+0.143
123.600	+5.238e+03	-5.239e+02	+6.745e+03	-0.111
123.700	+7.078e+03	+7.954e+02	+8.680e+03	+0.101
123.800	+8.328e+03	+5.050e+02	+7.879e+03	+0.057
123.900	+6.618e+03	+1.731e+02	+7.809e+03	+0.025
124.000	+6.730e+03	+6.524e+01	+7.483e+03	+0.010
124.100	+6.715e+03	+1.089e+03	+6.783e+03	+0.140
124.200	+7.669e+03	+6.558e+02	+7.319e+03	+0.079
124.300	+3.222e+03	+4.974e+03	+8.093e+03	+0.607
124.400	+4.106e+03	+5.248e+03	+8.222e+03	+0.561
124.500	+4.261e+03	+5.948e+03	+9.363e+03	+0.583
124.600	+2.060e+02	+6.828e+03	+8.980e+03	+0.971
124.700	+3.764e+02	+8.464e+03	+7.381e+03	+0.957
124.800	+9.027e+02	+8.341e+03	+1.140e+04	+0.902
124.900	+1.836e+03	+7.971e+03	+8.831e+03	+0.813
125.000	-4.288e+02	+6.933e+03	+1.015e+04	+1.066
125.100	+1.200e+03	+8.752e+03	+1.088e+04	+0.879
125.200	+1.247e+03	+8.927e+03	+9.170e+03	+0.877
125.300	+1.320e+03	+6.856e+03	+7.794e+03	+0.839
125.400	+2.736e+02	+5.181e+03	+9.376e+03	+0.950
125.500	+1.920e+02	+6.261e+03	+9.458e+03	+0.970
125.600	+8.387e+02	+6.112e+03	+1.003e+04	+0.879
125.700	+1.364e+03	+6.754e+03	+1.234e+04	+0.832
125.800	+1.038e+03	+6.723e+03	+9.869e+03	+0.866
125.900	+5.400e+02	+9.214e+03	+1.013e+04	+0.945
126.000	+1.352e+03	+6.331e+03	+7.959e+03	+0.824
126.100	+8.850e+02	+8.040e+03	+8.702e+03	+0.901
126.200	+4.715e+02	+6.364e+03	+8.526e+03	+0.931
126.300	+6.277e+02	+7.107e+03	+9.663e+03	+0.919
126.400	+1.229e+02	+7.748e+03	+6.729e+03	+0.984
126.500	+1.748e+03	+5.954e+03	+8.670e+03	+0.773
126.600	+1.013e+03	+7.863e+03	+1.025e+04	+0.886
126.700	-3.672e+02	+7.777e+03	+9.850e+03	+1.050
126.800	+3.935e+02	+6.513e+03	+9.118e+03	+0.943
126.900	+1.815e+03	+6.584e+03	+1.142e+04	+0.784
127.000	-2.730e+02	+6.692e+03	+9.524e+03	+1.043
127.100	+3.851e+03	+3.994e+03	+6.805e+03	+0.509
127.200	+5.636e+03	+1.449e+03	+7.952e+03	+0.204
127.300	+8.340e+03	-3.324e+02	+5.986e+03	-0.042
127.400	+6.785e+03	+9.613e+02	+7.826e+03	+0.124
127.500	+8.272e+03	+1.972e+03	+8.106e+03	+0.193
127.600	+6.890e+03	+7.749e+02	+8.081e+03	+0.101
127.700	+3.931e+03	+5.110e+03	+7.894e+03	+0.565
127.800	+4.333e+03	+4.890e+03	+8.098e+03	+0.530
127.900	+4.319e+03	+5.524e+03	+1.075e+04	+0.561
128.000	+4.218e+03	+4.387e+03	+9.211e+03	+0.510
128.100	+3.463e+03	+5.682e+03	+8.933e+03	+0.621
128.200	+4.329e+03	+4.446e+03	+8.291e+03	+0.507
128.300	+3.265e+03	+5.177e+03	+7.654e+03	+0.613
128.400	+3.938e+03	+4.396e+03	+1.018e+04	+0.527
128.500	+3.570e+03	+3.202e+03	+8.570e+03	+0.473
128.600	+4.216e+03	+3.225e+03	+7.706e+03	+0.433
128.700	+4.148e+03	+3.766e+03	+9.222e+03	+0.476
128.800	+3.540e+03	+4.092e+03	+7.827e+03	+0.536
128.900	+4.756e+03	+3.816e+03	+7.135e+03	+0.445
129.000	+3.350e+03	+6.005e+03	+8.133e+03	+0.642
129.100	+4.125e+03	+4.177e+03	+8.128e+03	+0.503
129.200	+4.769e+03	+5.343e+03	+8.459e+03	+0.528
129.300	+4.051e+03	+5.826e+03	+7.503e+03	+0.590
129.400	+2.009e+03	+3.568e+03	+7.464e+03	+0.640
129.500	+3.999e+03	+3.709e+03	+8.171e+03	+0.481
129.600	+3.664e+03	+4.998e+03	+7.472e+03	+0.577
129.700	+5.744e+03	+5.212e+03	+7.390e+03	+0.476
129.800	+5.157e+03	+5.472e+03	+9.038e+03	+0.515
129.900	+4.127e+03	+2.816e+03	+7.454e+03	+0.406
130.000	+4.577e+03	+5.684e+03	+8.964e+03	+0.554
130.100	+2.609e+03	+3.350e+03	+9.147e+03	+0.562
130.200	+4.854e+03	+5.376e+03	+7.429e+03	+0.525
130.300	+4.497e+03	+5.912e+03	+9.931e+03	+0.568
130.400	+3.592e+03	+5.350e+03	+6.569e+03	+0.598
130.500	+3.851e+03	+5.260e+03	+9.233e+03	+0.577
130.600	+4.468e+03	+3.757e+03	+1.008e+04	+0.457
130.700	+5.010e+03	+3.433e+03	+9.959e+03	+0.407
130.800	+4.150e+03	+6.164e+03	+8.782e+03	+0.598
130.900	+3.613e+03	+4.215e+03	+9.742e+03	+0.538
131.000	+4.706e+03	+2.509e+03	+8.256e+03	+0.348
131.100	+8.547e+03	+1.957e+01	+7.510e+03	+0.002
131.200	+7.847e+03	+1.177e+03	+8.565e+03	+0.130
131.300	+7.947e+03	+2.925e+01	+7.330e+03	+0.004
131.400	+8.263e+03	+7.297e+02	+6.993e+03	+0.081
131.500	+8.715e+03	+5.618e+02	+6.597e+03	+0.061
131.600	+7.515e+03	-1.813e+02	+7.790e+03	-0.025
131.700	+6.931e+03	+2.439e+03	+7.613e+03	+0.260
131.800	+4.114e+03	+4.039e+03	+8.218e+03	+0.495
131.900	+4.770e+03	+4.193e+03	+7.193e+03	+0.468
132.000	+3.811e+03	+3.863e+03	+8.615e+03	+0.503
132.100	+4.599e+03	+4.575e+03	+8.080e+03	+0.499
132.200	+2.877e+03	+3.469e+03	+7.811e+03	+0.547
132.300	+3.980e+03	+5.401e+03	+7.394e+03	+0.576
132.400	+4.104e+03	+5.322e+03	+8.087e+03	+0.565
132.500	+3.765e+03	+3.394e+03	+8.516e+03	+0.474
132.600	+3.660e+03	+5.036e+03	+7.496e+03	+0.579
132.700	+3.110e+03	+6.417e+03	+6.814e+03	+0.674
132.800	+3.780e+03	+4.852e+03	+8.649e+03	+0.562
132.900	+3.126e+03	+3.151e+03	+7.934e+03	+0.502
133.000	+4.364e+03	+5.257e+03	+9.331e+03	+0.546
133.100	+2.459e+03	+2.920e+03	+6.326e+03	+0.543
133.200	+3.972e+03	+5.534e+03	+8.095e+03	+0.582
133.300	+3.594e+03	+3.199e+03	+6.422e+03	+0.471
133.400	+4.030e+03	+4.639e+03	+8.805e+03	+0.535
133.500	+4.831e+03	+3.572e+03	+8.961e+03	+0.425
133.600	+1.649e+03	+5.889e+03	+1.045e+04	+0.781
133.700	+7.540e+02	+7.854e+03	+7.601e+03	+0.912
133.800	+6.719e+02	+7.514e+03	+7.660e+03	+0.918
133.900	+1.130e+03	+8.930e+03	+9.566e+03	+0.888
134.000	+8.105e+02	+8.245e+03	+1.005e+04	+0.910
134.100	+1.169e+03	+8.553e+03	+6.920e+03	+0.880
134.200	+1.734e+03	+7.259e+03	+7.653e+03	+0.807
134.300	+1.670e+03	+7.758e+03	+7.973e+03	+0.823
134.400	-2.913e+02	+7.106e+03	+9.559e+03	+1.043
134.500	+7.157e+02	+8.700e+03	+8.090e+03	+0.924
134.600	+7.565e+02	+7.482e+03	+6.656e+03	+0.908
134.700	+1.451e+03	+7.789e+03	+8.044e+03	+0.843
134.800	+1.598e+03	+7.792e+03	+8.319e+03	+0.830
134.900	+4.025e+01	+8.082e+03	+1.083e+04	+0.995
135.000	+1.456e+03	+7.558e+03	+9.137e+03	+0.838
135.100	+8.813e+02	+7.028e+03	+1.131e+04	+0.889
135.200	-4.144e+02	+7.096e+03	+9.790e+03	+1.062
135.300	+7.315e+01	+5.717e+03	+7.807e+03	+0.987
135.400	+4.642e+02	+6.961e+03	+7.952e+03	+0.937
135.500	-4.423e+01	+7.173e+03	+7.699e+03	+1.006
135.600	-3.890e+02	+8.372e+03	+8.414e+03	+1.049
135.700	+4.581e+02	+6.849e+03	+9.035e+03	+0.937
135.800	-5.270e+02	+4.917e+03	+9.405e+03	+1.120
135.900	+4.565e+02	+6.710e+03	+6.901e+03	+0.936
136.000	+1.865e+03	+6.816e+03	+1.003e+04	+0.785
136.100	+1.381e+03	+6.999e+03	+8.792e+03	+0.835
136.200	+7.414e+02	+6.231e+03	+8.918e+03	+0.894
136.300	+9.891e+02	+6.402e+03	+1.022e+04	+0.866
136.400	+1.067e+03	+7.410e+03	+7.306e+03	+0.874
136.500	+3.421e+02	+7.826e+03	+8.831e+03	+0.958
136.600	+1.864e+03	+8.543e+03	+9.111e+03	+0.821
136.700	-4.247e+02	+8.230e+03	+9.321e+03	+1.054
136.800	+7.367e+01	+7.626e+03	+9.777e+03	+0.990
136.900	+1.140e+03	+8.799e+03	+7.088e+03	+0.885
137.000	+1.509e+03	+6.714e+03	+9.297e+03	+0.817
137.100	+1.802e+03	+6.871e+03	+6.713e+03	+0.792
137.200	+8.685e+02	+6.320e+03	+8.853e+03	+0.879
137.300	-2.824e+01	+7.697e+03	+7.579e+03	+1.004
137.400	+1.666e+03	+6.346e+03	+9.980e+03	+0.792
137.500	-7.640e+02	+6.821e+03	+1.030e+04	+1.126
137.600	+1.325e+03	+6.471e+03	+1.013e+04	+0.830
137.700	+5.129e+03	+4.572e+03	+9.539e+03	+0.471
137.800	+3.231e+03	+5.506e+03	+9.064e+03	+0.630
137.900	+5.390e+03	+4.316e+03	+1.012e+04	+0.445
138.000	+3.450e+03	+3.845e+03	+9.803e+03	+0.527
138.100	+4.940e+03	+5.656e+03	+9.145e+03	+0.534
138.200	+4.578e+03	+4.147e+03	+9.150e+03	+0.475
138.300	+3.358e+03	+6.273e+03	+7.316e+03	+0.651
138.400	+4.831e+03	+4.824e+03	+8.213e+03	+0.500
138.500	+5.382e+03	+3.825e+03	+9.267e+03	+0.415
138.600	+3.436e+03	+4.715e+03	+8.823e+03	+0.578
138.700	+2.625e+03	+4.166e+03	+7.861e+03	+0.613
138.800	+4.404e+03	+5.234e+03	+8.953e+03	+0.543
138.900	+5.541e+03	+4.077e+03	+9.203e+03	+0.424
139.000	+8.611e+03	-1.193e+03	+8.836e+03	-0.161
139.100	+1.029e+04	+1.464e+03	+8.357e+03	+0.125
139.200	+5.389e+03	+4.594e+02	+7.656e+03	+0.079
139.300	+6.534e+03	+1.039e+03	+8.154e+03	+0.137
139.400	+6.978e+03	+1.393e+03	+8.843e+03	+0.166
139.500	+6.839e+03	+9.904e+02	+7.328e+03	+0.126
139.600	+7.324e+03	+5.211e+02	+7.644e+03	+0.066
139.700	+8.193e+03	+2.304e+02	+6.201e+03	+0.027
139.800	+6.737e+03	+1.521e+03	+7.229e+03	+0.184
139.900	+2.710e+02	+8.579e+03	+9.320e+03	+0.969
140.000	+1.458e+03	+5.853e+03	+8.276e+03	+0.801
140.100	+1.059e+02	+5.122e+03	+9.652e+03	+0.980
140.200	+1.468e+03	+7.646e+03	+1.114e+04	+0.839
140.300	-5.991e+02	+7.189e+03	+9.133e+03	+1.091
140.400	+5.928e+02	+6.140e+03	+7.406e+03	+0.912
140.500	+4.136e+02	+8.415e+03	+9.123e+03	+0.953
140.600	+3.552e+02	+6.122e+03	+9.174e+03	+0.945
140.700	+7.030e+01	+8.591e+03	+7.086e+03	+0.992
140.800	+2.666e+02	+6.818e+03	+9.000e+03	+0.962
140.900	+1.262e+03	+6.424e+03	+9.354e+03	+0.836
141.000	+1.128e+03	+7.428e+03	+8.992e+03	+0.868
141.100	+1.779e+03	+8.931e+03	+7.219e+03	+0.834
141.200	+1.574e+03	+7.437e+03	+8.293e+03	+0.825
141.300	+1.085e+03	+6.325e+03	+1.001e+04	+0.854
141.400	+3.393e+03	+8.849e+03	+9.723e+03	+0.723
141.500	+1.089e+03	+7.364e+03	+1.047e+04	+0.871
141.600	+8.057e+02	+7.770e+03	+9.174e+03	+0.906
141.700	+1.419e+03	+6.944e+03	+8.192e+03	+0.830
141.800	+1.623e+03	+8.465e+03	+6.940e+03	+0.839
141.900	+5.515e+02	+7.789e+03	+7.429e+03	+0.934
142.000	-9.207e+01	+7.851e+03	+8.105e+03	+1.012
142.100	+2.326e+03	+9.028e+03	+7.448e+03	+0.795
142.200	+9.830e+02	+6.082e+03	+8.476e+03	+0.861
142.300	+1.422e+03	+8.556e+03	+1.100e+04	+0.858
142.400	+1.192e+03	+6.119e+03	+1.169e+04	+0.837
142.500	+4.917e+02	+8.495e+03	+9.867e+03	+0.945
142.600	+3.322e+03	+4.671e+03	+1.036e+04	+0.584
142.700	+4.469e+03	+4.899e+03	+7.287e+03	+0.523
142.800	+2.364e+03	+5.511e+03	+8.010e+03	+0.700
142.900	+4.343e+03	+5.203e+03	+9.973e+03	+0.545
143.000	+3.272e+03	+2.557e+03	+8.099e+03	+0.439
143.100	+5.305e+03	+4.359e+03	+7.825e+03	+0.451
143.200	+3.624e+03	+3.300e+03	+9.268e+03	+0.477
143.300	+5.532e+03	+4.986e+03	+7.760e+03	+0.474
143.400	+5.440e+03	+3.446e+03	+9.105e+03	+0.388
143.500	+7.075e+03	+4.996e+02	+6.984e+03	+0.066
143.600	+4.316e+03	+3.058e+03	+9.021e+03	+0.415
143.700	+1.426e+03	+5.857e+03	+8.142e+03	+0.804
143.800	-8.113e+02	+8.218e+03	+9.687e+03	+1.110
143.900	+1.202e+03	+6.281e+03	+7.862e+03	+0.839
144.000	+6.706e+02	+8.053e+03	+8.406e+03	+0.923
144.100	+1.641e+03	+7.560e+03	+1.015e+04	+0.822
144.200	+3.434e+02	+6.798e+03	+9.020e+03	+0.952
144.300	+4.230e+02	+7.189e+03	+7.708e+03	+0.944
144.400	+1.186e+03	+7.417e+03	+1.066e+04	+0.862
144.500	+1.714e+02	+8.362e+03	+8.579e+03	+0.980
144.600	-1.657e+02	+8.129e+03	+8.852e+03	+1.021
144.700	+2.821e+02	+9.080e+03	+8.624e+03	+0.970
144.800	+2.797e+00	+8.213e+03	+7.904e+03	+1.000
144.900	+5.927e+02	+7.683e+03	+8.592e+03	+0.928
145.000	+1.262e+03	+6.699e+03	+8.914e+03	+0.842
145.100	+5.646e+02	+7.634e+03	+9.034e+03	+0.931
145.200	+3.540e+02	+5.770e+03	+6.661e+03	+0.942
145.300	+2.378e+03	+5.722e+03	+8.401e+03	+0.706
145.400	+3.556e+03	+4.671e+03	+9.922e+03	+0.568
145.500	+4.732e+03	+2.776e+03	+8.269e+03	+0.370
145.600	+4.423e+03	+4.214e+03	+8.195e+03	+0.488
145.700	+4.518e+03	+4.043e+03	+8.373e+03	+0.472
145.800	+3.108e+03	+4.504e+03	+8.340e+03	+0.592
145.900	+4.853e+03	+4.486e+03	+9.429e+03	+0.480
146.000	+3.558e+03	+5.052e+03	+7.989e+03	+0.587
146.100	+5.536e+03	+5.057e+03	+1.023e+04	+0.477
146.200	+2.638e+03	+5.492e+03	+8.461e+03	+0.675
146.300	+4.904e+03	+5.237e+03	+7.894e+03	+0.516
146.400	+4.920e+03	+4.950e+03	+8.859e+03	+0.502
146.500	+4.957e+03	+4.459e+03	+8.099e+03	+0.474
146.600	+3.219e+03	+5.143e+03	+6.922e+03	+0.615
146.700	+4.298e+03	+5.098e+03	+7.661e+03	+0.543
146.800	+2.454e+03	+4.955e+03	+7.195e+03	+0.669
146.900	+4.252e+03	+3.925e+03	+7.257e+03	+0.480
147.000	+3.393e+03	+2.511e+03	+7.312e+03	+0.425
147.100	+4.251e+03	+5.091e+03	+1.107e+04	+0.545
147.200	+3.845e+03	+5.372e+03	+9.884e+03	+0.583
147.300	+3.289e+03	+2.679e+03	+8.113e+03	+0.449
147.400	+3.628e+03	+4.424e+03	+8.559e+03	+0.549
147.500	+4.393e+03	+5.174e+03	+8.621e+03	+0.541
147.600	+4.903e+03	+4.390e+03	+8.532e+03	+0.472
147.700	+3.965e+03	+2.958e+03	+7.386e+03	+0.427
147.800	+2.648e+03	+4.935e+03	+8.144e+03	+0.651
147.900	+4.144e+03	+3.747e+03	+8.493e+03	+0.475
148.000	+3.879e+03	+6.792e+03	+7.326e+03	+0.637
148.100	+5.134e+03	+5.560e+03	+7.424e+03	+0.520
148.200	+5.293e+03	+4.181e+03	+1.003e+04	+0.441
148.300	+5.102e+03	+5.183e+03	+8.524e+03	+0.504
148.400	+3.416e+03	+6.076e+03	+7.694e+03	+0.640
148.500	+3.280e+03	+4.605e+03	+7.858e+03	+0.584
148.600	+5.302e+03	+4.909e+03	+6.175e+03	+0.481
148.700	+4.334e+03	+5.660e+03	+6.932e+03	+0.566
148.800	+4.449e+03	+5.076e+03	+1.052e+04	+0.533
148.900	+3.870e+03	+6.253e+03	+8.620e+03	+0.618
149.000	+3.670e+03	+4.732e+03	+6.305e+03	+0.563
149.100	+4.514e+03	+4.367e+03	+7.809e+03	+0.492
149.200	+4.197e+03	+6.280e+03	+7.288e+03	+0.599
149.300	+6.380e+03	+3.146e+03	+7.751e+03	+0.330
149.400	+7.796e+03	-6.195e+02	+7.400e+03	-0.086
149.500	+7.687e+03	+2.717e+03	+5.268e+03	+0.261
149.600	+6.324e+03	+1.343e+02	+7.747e+03	+0.021
149.700	+7.648e+03	+7.250e+02	+7.292e+03	+0.087
149.800	+7.158e+03	+1.051e+03	+6.270e+03	+0.128
149.900	+8.089e+03	+1.497e+02	+8.503e+03	+0.018
150.000	+4.654e+03	+3.216e+03	+9.578e+03	+0.409
150.100	+8.054e+02	+6.508e+03	+9.971e+03	+0.890
150.200	+1.344e+03	+9.326e+03	+8.129e+03	+0.874
150.300	+2.492e+02	+7.023e+03	+9.633e+03	+0.966
150.400	+2.473e+03	+6.180e+03	+9.089e+03	+0.714
150.500	+1.204e+03	+7.316e+03	+6.469e+03	+0.859
150.600	+1.360e+03	+7.035e+03	+9.529e+03	+0.838
150.700	+1.256e+03	+7.125e+03	+7.124e+03	+0.850
150.800	+1.142e+03	+6.553e+03	+8.533e+03	+0.852
150.900	+9.848e+02	+6.750e+03	+7.927e+03	+0.873
151.000	+1.200e+03	+7.564e+03	+8.272e+03	+0.863
151.100	+8.783e+02	+6.751e+03	+7.490e+03	+0.885
151.200	+5.521e+02	+7.323e+03	+8.314e+03	+0.930
151.300	+9.537e+02	+6.846e+03	+1.067e+04	+0.878
151.400	+2.523e+03	+5.740e+03	+1.069e+04	+0.695
151.500	+8.128e+02	+5.738e+03	+8.359e+03	+0.876
151.600	+9.530e+02	+7.341e+03	+1.164e+04	+0.885
151.700	-3.589e+02	+7.321e+03	+7.961e+03	+1.052
151.800	+2.121e+03	+7.247e+03	+9.630e+03	+0.774
151.900	+1.755e+02	+5.854e+03	+9.136e+03	+0.971
152.000	+5.615e+02	+6.063e+03	+6.163e+03	+0.915
152.100	+1.964e+03	+6.114e+03	+7.852e+03	+0.757
152.200	+2.599e+03	+7.714e+03	+1.000e+04	+0.748
152.300	+1.574e+03	+7.395e+03	+1.054e+04	+0.825
152.400	-3.759e+02	+6.107e+03	+9.274e+03	+1.066
152.500	+1.537e+03	+6.750e+03	+7.219e+03	+0.815
152.600	+1.869e+03	+8.257e+03	+9.561e+03	+0.815
152.700	+1.088e+03	+9.169e+03	+1.055e+04	+0.894
152.800	+2.529e+03	+6.108e+03	+8.209e+03	+0.707
152.900	+4.403e+02	+8.399e+03	+7.861e+03	+0.950
153.000	+8.496e+02	+8.779e+03	+9.441e+03	+0.912
153.100	-5.635e+02	+8.345e+03	+7.410e+03	+1.072
153.200	+2.231e+03	+6.355e+03	+9.069e+03	+0.740
153.300	+4.257e+02	+7.118e+03	+8.039e+03	+0.944
153.400	+1.003e+03	+7.461e+03	+8.759e+03	+0.881
153.500	+1.701e+03	+6.352e+03	+6.348e+03	+0.789
153.600	+8.891e+02	+8.203e+03	+1.025e+04	+0.902
153.700	-4.779e+02	+8.860e+03	+7.862e+03	+1.057
153.800	+8.015e+01	+6.190e+03	+9.953e+03	+0.987
153.900	+4.789e+02	+7.734e+03	+7.700e+03	+0.942
154.000	+1.291e+02	+5.573e+03	+8.718e+03	+0.977
154.100	+2.795e+03	+4.757e+03	+9.082e+03	+0.630
154.200	+4.715e+03	+3.979e+03	+8.470e+03	+0.458
154.300	+3.629e+03	+4.536e+03	+1.186e+04	+0.556
154.400	+3.146e+03	+3.001e+03	+7.812e+03	+0.488
154.500	+3.097e+03	+3.576e+03	+1.058e+04	+0.536
154.600	+4.139e+03	+5.557e+03	+8.624e+03	+0.573
154.700	+4.669e+03	+4.493e+03	+6.599e+03	+0.490
154.800	+3.617e+03	+2.436e+03	+8.019e+03	+0.402
154.900	+5.257e+03	+5.007e+03	+9.547e+03	+0.488
155.000	+8.460e+03	+2.164e+03	+8.693e+03	+0.204
155.100	+8.435e+03	+2.621e+02	+6.885e+03	+0.030
155.200	+3.409e+03	+2.574e+03	+7.256e+03	+0.430
155.300	+1.819e+02	+6.607e+03	+9.812e+03	+0.973
155.400	+3.356e+02	+7.805e+03	+1.141e+04	+0.959
155.500	+1.140e+03	+7.555e+03	+1.049e+04	+0.869
155.600	-1.302e+02	+8.060e+03	+9.854e+03	+1.016
155.700	+5.926e+02	+7.485e+03	+9.668e+03	+0.927
155.800	+1.180e+03	+7.513e+03	+8.618e+03	+0.864
155.900	+2.704e+02	+7.458e+03	+7.796e+03	+0.965
156.000	+1.253e+03	+8.460e+03	+1.255e+04	+0.871
156.100	-3.516e+02	+6.761e+03	+8.538e+03	+1.055
156.200	+2.989e+02	+5.961e+03	+9.108e+03	+0.952
156.300	+7.333e+02	+6.351e+03	+8.555e+03	+0.896
156.400	+5.485e+02	+6.927e+03	+6.813e+03	+0.927
156.500	+1.373e+03	+6.979e+03	+8.325e+03	+0.836
156.600	+1.952e+03	+6.834e+03	+8.998e+03	+0.778
156.700	+1.761e+03	+6.323e+03	+1.016e+04	+0.782
156.800	+1.830e+03	+7.207e+03	+7.444e+03	+0.798
156.900	+2.072e+03	+7.359e+03	+9.336e+03	+0.780
157.000	+1.477e+03	+8.238e+03	+1.127e+04	+0.848
157.100	+2.024e+03	+7.532e+03	+8.388e+03	+0.788
157.200	+1.628e+03	+7.681e+03	+8.728e+03	+0.825
157.300	+3.370e+02	+6.502e+03	+9.163e+03	+0.951
157.400	+1.806e+03	+5.762e+03	+8.778e+03	+0.761
157.500	+1.817e+03	+7.422e+03	+7.292e+03	+0.803
157.600	-8.383e+01	+7.522e+03	+1.070e+04	+1.011
157.700	+3.591e+03	+4.951e+03	+7.340e+03	+0.580
157.800	+2.669e+03	+4.249e+03	+7.584e+03	+0.614
157.900	+4.832e+03	+3.632e+03	+8.774e+03	+0.429
158.000	+4.012e+03	+4.475e+03	+8.554e+03	+0.527
158.100	+5.043e+03	+4.453e+03	+7.685e+03	+0.469
158.200	+2.884e+03	+4.315e+03	+9.216e+03	+0.599
158.300	+3.410e+03	+3.385e+03	+8.847e+03	+0.498
158.400	+4.487e+03	+3.814e+03	+9.055e+03	+0.460
158.500	+6.528e+03	+3.457e+03	+6.788e+03	+0.346
158.600	+3.795e+03	+4.417e+03	+8.298e+03	+0.538
158.700	+3.596e+03	+3.805e+03	+8.435e+03	+0.514
158.800	+2.892e+03	+4.451e+03	+8.860e+03	+0.606
158.900	+2.736e+03	+4.624e+03	+9.382e+03	+0.628
159.000	+5.353e+03	+5.043e+03	+8.012e+03	+0.485
159.100	+5.751e+03	+3.539e+03	+8.020e+03	+0.381
159.200	+5.800e+03	+3.252e+02	+8.449e+03	+0.053
159.300	+4.960e+03	+1.424e+03	+7.862e+03	+0.223
159.400	+7.141e+03	+2.124e+03	+8.976e+03	+0.229
159.500	+1.431e+03	+6.872e+03	+8.764e+03	+0.828
159.600	+1.487e+03	+6.977e+03	+8.508e+03	+0.824
159.700	+1.795e+03	+8.188e+03	+9.207e+03	+0.820
159.800	+2.038e+03	+7.101e+03	+7.060e+03	+0.777
159.900	+1.855e+03	+6.364e+03	+7.594e+03	+0.774
160.000	+1.369e+03	+6.614e+03	+1.009e+04	+0.828
160.100	+1.041e+03	+8.522e+03	+7.464e+03	+0.891
160.200	+5.133e+03	+3.398e+03	+7.686e+03	+0.398
160.300	+6.046e+03	+1.893e+03	+7.144e+03	+0.238
160.400	+7.237e+03	+1.878e+03	+7.945e+03	+0.206
160.500	+7.475e+03	+3.106e+02	+6.035e+03	+0.040
160.600	+7.331e+03	-1.560e+02	+8.071e+03	-0.022
160.700	+6.199e+03	+5.909e+02	+7.536e+03	+0.087
160.800	+3.389e+03	+6.290e+03	+1.019e+04	+0.650
160.900	+7.646e+02	+8.236e+03	+1.113e+04	+0.915
161.000	+4.054e+02	+8.571e+03	+6.980e+03	+0.955
161.100	+4.917e+02	+7.879e+03	+8.369e+03	+0.941
161.200	+1.275e+03	+6.490e+03	+9.259e+03	+0.836
161.300	+3.359e+02	+7.081e+03	+8.450e+03	+0.955
161.400	+6.691e+02	+7.664e+03	+9.921e+03	+0.920
161.500	+1.304e+03	+7.563e+03	+8.827e+03	+0.853
161.600	+1.745e+03	+6.502e+03	+8.907e+03	+0.788
161.700	+1.116e+03	+7.028e+03	+7.599e+03	+0.863
161.800	+6.503e+02	+8.431e+03	+1.043e+04	+0.928
161.900	+2.077e+02	+5.842e+03	+9.753e+03	+0.966
162.000	+2.440e+02	+7.316e+03	+9.799e+03	+0.968
162.100	+1.759e+03	+6.869e+03	+8.544e+03	+0.796
162.200	-3.236e+02	+6.267e+03	+8.912e+03	+1.054
162.300	-4.072e+02	+7.739e+03	+9.911e+03	+1.056
162.400	-7.027e+02	+7.079e+03	+1.015e+04	+1.110
162.500	+1.512e+03	+9.814e+03	+7.459e+03	+0.866
162.600	+1.722e+03	+6.193e+03	+9.878e+03	+0.782
162.700	+1.798e+03	+6.337e+03	+8.213e+03	+0.779
162.800	+6.151e+02	+6.042e+03	+5.718e+03	+0.908
162.900	-3.471e+02	+7.685e+03	+7.538e+03	+1.047
163.000	-3.904e+02	+8.528e+03	+9.189e+03	+1.048
163.100	+2.278e+03	+9.155e+03	+8.580e+03	+0.801
163.200	+2.475e+02	+9.866e+03	+1.038e+04	+0.976
163.300	+1.671e+03	+8.053e+03	+9.399e+03	+0.828
163.400	+9.570e+02	+8.630e+03	+9.086e+03	+0.900
163.500	+2.410e+03	+6.704e+03	+8.318e+03	+0.736
163.600	+8.237e+02	+8.863e+03	+1.000e+04	+0.915
163.700	+9.110e+02	+7.770e+03	+9.546e+03	+0.895
163.800	+1.394e+03	+7.109e+03	+8.803e+03	+0.836
163.900	+1.609e+03	+6.277e+03	+1.082e+04	+0.796
164.000	-1.868e+02	+7.660e+03	+7.037e+03	+1.025
164.100	+1.166e+02	+7.137e+03	+9.154e+03	+0.984
164.200	+8.530e+01	+9.567e+03	+9.391e+03	+0.991
164.300	+1.128e+03	+6.125e+03	+9.001e+03	+0.844
164.400	+1.206e+03	+8.443e+03	+8.327e+03	+0.875
164.500	+3.168e+01	+9.497e+03	+9.738e+03	+0.997
164.600	+1.181e+03	+7.564e+03	+1.140e+04	+0.865
164.700	+1.199e+03	+1.019e+04	+7.126e+03	+0.895
164.800	+2.807e+02	+6.125e+03	+9.539e+03	+0.956
164.900	+1.977e+03	+5.963e+03	+1.189e+04	+0.751
165.000	+2.027e+03	+5.776e+03	+8.086e+03	+0.740
165.100	+4.363e+03	+4.718e+03	+7.950e+03	+0.520
165.200	+3.951e+03	+4.722e+03	+8.455e+03	+0.544
165.300	+4.180e+03	+4.309e+03	+8.702e+03	+0.508
165.400	+3.186e+03	+3.795e+03	+9.208e+03	+0.544
165.500	+3.582e+03	+4.577e+03	+8.906e+03	+0.561
165.600	+3.807e+03	+4.806e+03	+7.383e+03	+0.558
165.700	+4.926e+03	+4.596e+03	+1.031e+04	+0.483
165.800	+2.484e+03	+4.861e+03	+8.350e+03	+0.662
165.900	+9.851e+02	+8.031e+03	+9.407e+03	+0.891
166.000	+8.138e+02	+7.761e+03	+9.690e+03	+0.905
166.100	+4.634e+02	+7.364e+03	+7.619e+03	+0.941
166.200	+1.209e+03	+6.616e+03	+9.523e+03	+0.845
166.300	+3.815e+03	+5.526e+03	+9.797e+03	+0.592
166.400	+2.525e+03	+5.044e+03	+7.662e+03	+0.666
166.500	+4.541e+03	+4.729e+03	+8.137e+03	+0.510
166.600	+4.557e+03	+5.677e+03	+9.222e+03	+0.555
166.700	+4.228e+03	+3.932e+03	+7.817e+03	+0.482
166.800	+4.606e+03	+4.466e+03	+7.134e+03	+0.492
166.900	+4.538e+03	+4.335e+03	+9.629e+03	+0.489
167.000	+4.379e+03	+3.797e+03	+9.163e+03	+0.464
167.100	+2.526e+03	+4.725e+03	+1.027e+04	+0.652
167.200	+3.440e+03	+4.780e+03	+7.097e+03	+0.581
167.300	+5.545e+03	+4.536e+03	+7.345e+03	+0.450
167.400	+4.233e+03	+3.610e+03	+8.096e+03	+0.460
167.500	+3.852e+03	+5.912e+03	+7.718e+03	+0.606
167.600	+3.155e+03	+4.525e+03	+8.218e+03	+0.589
167.700	+5.399e+03	+2.858e+03	+8.857e+03	+0.346
167.800	+4.460e+03	+3.210e+03	+8.381e+03	+0.419
167.900	+4.715e+03	+4.830e+03	+9.907e+03	+0.506
168.000	+5.059e+03	+5.577e+03	+8.293e+03	+0.524
168.100	+5.859e+03	+4.281e+03	+7.709e+03	+0.422
168.200	+3.405e+03	+4.283e+03	+6.572e+03	+0.557
168.300	+7.462e+03	+3.040e+03	+5.985e+03	+0.289
168.400	+7.987e+03	-7.471e+02	+6.994e+03	-0.103
168.500	+7.401e+03	+9.953e+02	+7.279e+03	+0.119
168.600	+5.438e+03	+9.399e+02	+6.288e+03	+0.147
168.700	+7.291e+03	+1.119e+03	+6.865e+03	+0.133
168.800	+7.103e+03	+1.149e+02	+7.689e+03	+0.016
168.900	+7.247e+03	+1.839e+03	+7.889e+03	+0.202
169.000	+7.069e+03	+1.908e+02	+6.147e+03	+0.026
169.100	+1.502e+03	+6.218e+03	+9.177e+03	+0.805
169.200	+2.402e+03	+7.583e+03	+1.073e+04	+0.759
169.300	-4.939e+02	+6.066e+03	+1.010e+04	+1.089
169.400	+9.019e+02	+6.521e+03	+1.006e+04	+0.878
169.500	+2.124e+02	+6.558e+03	+9.540e+03	+0.969
169.600	+3.699e+02	+8.307e+03	+8.967e+03	+0.957
169.700	+1.487e+03	+6.407e+03	+1.006e+04	+0.812
169.800	-1.167e+02	+7.576e+03	+8.741e+03	+1.016
169.900	-5.027e+00	+6.563e+03	+9.151e+03	+1.001
170.000	+1.107e+03	+8.990e+03	+8.069e+03	+0.890
170.100	+1.375e+03	+8.205e+03	+5.809e+03	+0.857
170.200	-5.842e+02	+9.107e+03	+8.640e+03	+1.069
170.300	-1.372e+02	+5.459e+03	+8.248e+03	+1.026
170.400	+7.570e+02	+6.881e+03	+5.635e+03	+0.901
170.500	+8.006e+02	+7.675e+03	+7.915e+03	+0.906
170.600	+9.658e+02	+7.127e+03	+8.273e+03	+0.881
170.700	+9.259e+02	+7.495e+03	+9.568e+03	+0.890
170.800	+1.707e+03	+7.519e+03	+8.782e+03	+0.815
170.900	+6.007e+02	+7.626e+03	+1.156e+04	+0.927
171.000	+1.403e+03	+7.094e+03	+6.971e+03	+0.835
171.100	+4.804e+02	+7.936e+03	+7.672e+03	+0.943
171.200	+1.714e+03	+7.751e+03	+8.581e+03	+0.819
171.300	+1.492e+03	+8.801e+03	+1.089e+04	+0.855
171.400	+1.464e+03	+7.048e+03	+8.577e+03	+0.828
171.500	+9.893e+02	+9.351e+03	+8.612e+03	+0.904
171.600	+1.565e+03	+6.118e+03	+7.999e+03	+0.796
171.700	+1.402e+03	+7.142e+03	+1.030e+04	+0.836
171.800	+1.108e+03	+8.109e+03	+7.971e+03	+0.880
171.900	+7.928e+02	+8.093e+03	+9.364e+03	+0.911
172.000	+1.450e+03	+6.860e+03	+9.179e+03	+0.826
172.100	+1.204e+03	+6.544e+03	+8.073e+03	+0.845
172.200	-8.374e+02	+7.533e+03	+8.440e+03	+1.125
172.300	+2.104e+03	+7.472e+03	+8.827e+03	+0.780
172.400	+6.027e+02	+7.565e+03	+8.695e+03	+0.926
172.500	+1.408e+03	+7.798e+03	+8.248e+03	+0.847
172.600	+1.587e+03	+6.112e+03	+8.631e+03	+0.794
172.700	+1.053e+03	+7.390e+03	+9.088e+03	+0.875
172.800	-2.572e+02	+6.558e+03	+8.936e+03	+1.041
172.900	+1.399e+03	+7.154e+03	+7.274e+03	+0.836
173.000	+1.292e+03	+7.556e+03	+8.654e+03	+0.854
173.100	+1.610e+03	+6.493e+03	+7.009e+03	+0.801
173.200	+1.510e+03	+8.234e+03	+7.437e+03	+0.845
173.300	+1.434e+03	+6.936e+03	+8.970e+03	+0.829
173.400	+1.561e+03	+7.233e+03	+7.390e+03	+0.823
173.500	+1.033e+03	+8.381e+03	+9.827e+03	+0.890
173.600	+8.186e+02	+7.797e+03	+6.014e+03	+0.905
173.700	-4.854e+02	+7.681e+03	+8.236e+03	+1.067
173.800	+2.003e+02	+9.136e+03	+1.065e+04	+0.979
173.900	+1.129e+03	+8.627e+03	+8.227e+03	+0.884
174.000	+7.159e+02	+5.601e+03	+8.902e+03	+0.887
174.100	+1.132e+03	+8.656e+03	+9.733e+03	+0.884
174.200	+1.709e+03	+7.899e+03	+7.266e+03	+0.822
174.300	+2.201e+01	+9.602e+03	+9.022e+03	+0.998
174.400	+7.091e+02	+6.609e+03	+1.219e+04	+0.903
174.500	+9.672e+00	+6.597e+03	+8.300e+03	+0.999
174.600	+2.833e+03	+6.352e+03	+8.945e+03	+0.692
174.700	+6.091e+02	+4.490e+03	+9.163e+03	+0.881
174.800	-5.173e+02	+7.475e+03	+6.232e+03	+1.074
174.900	+1.713e+03	+8.004e+03	+8.161e+03	+0.824
175.000	+9.732e+02	+7.123e+03	+8.057e+03	+0.880
175.100	+5.787e+02	+7.505e+03	+6.759e+03	+0.928
175.200	+1.826e+03	+9.354e+03	+9.915e+03	+0.837
175.300	-1.882e+02	+5.902e+03	+9.396e+03	+1.033
175.400	+3.796e+02	+6.530e+03	+7.253e+03	+0.945
175.500	+2.286e+03	+6.561e+03	+9.723e+03	+0.742
175.600	+1.476e+03	+9.357e+03	+8.289e+03	+0.864
175.700	+8.434e+02	+6.745e+03	+8.863e+03	+0.889
175.800	+2.249e+03	+5.668e+03	+9.397e+03	+0.716
175.900	+1.168e+02	+9.000e+03	+9.023e+03	+0.987
176.000	+1.599e+03	+7.518e+03	+9.477e+03	+0.825
176.100	+9.924e+02	+8.716e+03	+1.069e+04	+0.898
176.200	+1.650e+02	+7.896e+03	+6.808e+03	+0.980
176.300	+6.543e+02	+6.230e+03	+6.242e+03	+0.905
176.400	+8.775e+02	+7.240e+03	+9.656e+03	+0.892
176.500	+1.660e+03	+8.906e+03	+9.747e+03	+0.843
176.600	+5.077e+02	+6.540e+03	+1.042e+04	+0.928
176.700	+2.831e+02	+7.036e+03	+1.018e+04	+0.961
176.800	+6.366e+02	+7.601e+03	+9.204e+03	+0.923
176.900	+2.529e+03	+7.635e+03	+9.637e+03	+0.751
177.000	+2.080e+03	+6.860e+03	+9.216e+03	+0.767
177.100	+1.156e+03	+4.626e+03	+9.239e+03	+0.800
177.200	+7.388e+02	+7.400e+03	+8.345e+03	+0.909
177.300	+4.266e+03	+5.744e+03	+7.874e+03	+0.574
177.400	+3.813e+03	+4.318e+03	+9.005e+03	+0.531
177.500	+2.937e+03	+3.925e+03	+8.268e+03	+0.572
177.600	+3.519e+03	+4.029e+03	+9.521e+03	+0.534
177.700	+4.594e+03	+3.305e+03	+8.250e+03	+0.418
177.800	+5.112e+03	+4.485e+03	+8.201e+03	+0.467
177.900	+4.980e+03	+5.013e+03	+8.325e+03	+0.502
178.000	+4.631e+03	+5.391e+03	+1.014e+04	+0.538
178.100	+4.034e+03	+4.847e+03	+9.379e+03	+0.546
178.200	+3.900e+03	+4.047e+03	+8.659e+03	+0.509
178.300	+5.135e+03	+4.570e+03	+7.786e+03	+0.471
178.400	+2.979e+03	+5.800e+03	+7.935e+03	+0.661
178.500	+4.849e+03	+3.991e+03	+7.323e+03	+0.451
178.600	+3.493e+03	+3.817e+03	+8.771e+03	+0.522
178.700	+4.169e+03	+5.284e+03	+8.363e+03	+0.559
178.800	+4.855e+03	+4.541e+03	+8.979e+03	+0.483
178.900	+4.484e+03	+6.095e+03	+9.143e+03	+0.576
179.000	+1.702e+03	+6.316e+03	+7.509e+03	+0.788
179.100	+9.384e+02	+8.402e+03	+6.963e+03	+0.900
179.200	+4.142e+01	+6.030e+03	+1.022e+04	+0.993
179.300	+8.041e+02	+7.477e+03	+9.844e+03	+0.903
179.400	+1.092e+03	+8.284e+03	+9.752e+03	+0.884
179.500	+9.675e+02	+7.219e+03	+9.809e+03	+0.882
179.600	+4.702e+02	+7.739e+03	+8.229e+03	+0.943
179.700	+2.163e+03	+8.721e+03	+9.324e+03	+0.801
179.800	+4.627e+02	+8.372e+03	+1.128e+04	+0.948
179.900	+2.483e+02	+8.185e+03	+1.013e+04	+0.971
180.000	+9.993e+01	+6.597e+03	+8.164e+03	+0.985
180.100	+5.611e+02	+8.213e+03	+1.153e+04	+0.936
180.200	+3.972e+03	+4.421e+03	+1.089e+04	+0.527
180.300	+4.795e+03	+4.517e+03	+8.455e+03	+0.485
180.400	+4.224e+03	+4.631e+03	+6.654e+03	+0.523
180.500	+4.167e+03	+5.376e+03	+9.508e+03	+0.563
180.600	+3.652e+03	+5.912e+03	+8.430e+03	+0.618
180.700	+2.901e+03	+5.075e+03	+6.001e+03	+0.636
180.800	+3.332e+03	+5.418e+03	+9.436e+03	+0.619
180.900	+5.532e+03	+4.049e+03	+7.209e+03	+0.423
181.000	+4.139e+03	+4.935e+03	+8.025e+03	+0.544
181.100	+5.133e+03	+5.264e+03	+9.986e+03	+0.506
181.200	+4.198e+03	+4.058e+03	+8.988e+03	+0.491
181.300	+2.720e+03	+5.701e+03	+9.658e+03	+0.677
181.400	+5.027e+03	+3.424e+03	+1.139e+04	+0.405
181.500	+4.797e+03	+4.601e+03	+1.057e+04	+0.490
181.600	+4.400e+03	+4.577e+03	+7.517e+03	+0.510
181.700	+3.197e+03	+6.012e+03	+9.073e+03	+0.653
181.800	+3.891e+03	+3.695e+03	+9.071e+03	+0.487
181.900	+3.495e+03	+4.457e+03	+7.335e+03	+0.561
182.000	+5.368e+03	+3.584e+03	+7.365e+03	+0.400
182.100	+3.525e+03	+4.979e+03	+1.152e+04	+0.585
182.200	+4.626e+03	+4.361e+03	+8.619e+03	+0.485
182.300	+3.282e+03	+4.178e+03	+8.084e+03	+0.560
182.400	+2.947e+03	+4.002e+03	+1.018e+04	+0.576
182.500	+2.182e+03	+6.950e+03	+9.654e+03	+0.761
182.600	+8.099e+02	+8.501e+03	+9.039e+03	+0.913
182.700	+2.243e+02	+7.457e+03	+1.036e+04	+0.971
182.800	+5.843e+02	+6.683e+03	+1.076e+04	+0.920
182.900	+3.045e+02	+8.239e+03	+8.627e+03	+0.964
183.000	+1.243e+03	+6.715e+03	+8.476e+03	+0.844
183.100	+3.074e+02	+4.810e+03	+8.698e+03	+0.940
183.200	+6.983e+02	+8.987e+03	+1.130e+04	+0.928
183.300	+1.560e+03	+7.163e+03	+9.357e+03	+0.821
183.400	+1.360e+02	+6.701e+03	+8.750e+03	+0.980
183.500	+8.218e+02	+8.559e+03	+9.227e+03	+0.912
183.600	+2.079e+03	+7.719e+03	+8.105e+03	+0.788
183.700	+8.858e+02	+8.970e+03	+8.379e+03	+0.910
183.800	+1.027e+03	+5.863e+03	+8.860e+03	+0.851
183.900	+5.639e+02	+8.890e+03	+8.252e+03	+0.940
184.000	+4.125e+02	+8.219e+03	+9.278e+03	+0.952
184.100	+6.608e+02	+7.690e+03	+7.200e+03	+0.921
184.200	+8.492e+02	+6.489e+03	+1.053e+04	+0.884
184.300	+9.297e+02	+7.324e+03	+8.805e+03	+0.887
184.400	+4.079e+02	+6.955e+03	+9.206e+03	+0.945
184.500	+1.017e+03	+8.143e+03	+8.638e+03	+0.889
184.600	-6.853e+02	+5.623e+03	+9.381e+03	+1.139
184.700	+5.536e+02	+6.591e+03	+1.008e+04	+0.923
184.800	+1.530e+03	+8.688e+03	+7.849e+03	+0.850
184.900	+1.719e+03	+6.184e+03	+1.004e+04	+0.782
185.000	+1.830e+03	+6.135e+03	+7.404e+03	+0.770
185.100	+2.472e+03	+7.341e+03	+7.475e+03	+0.748
185.200	+5.840e+02	+7.766e+03	+1.025e+04	+0.930
185.300	+5.089e+01	+8.792e+03	+6.356e+03	+0.994
185.400	+3.613e+02	+6.016e+03	+1.060e+04	+0.943
185.500	+2.319e+03	+7.582e+03	+7.088e+03	+0.766
185.600	-3.066e+02	+6.767e+03	+6.515e+03	+1.047
185.700	-6.428e+02	+7.829e+03	+8.294e+03	+1.089
185.800	+6.425e+02	+6.117e+03	+8.704e+03	+0.905
185.900	+1.497e+03	+7.597e+03	+8.060e+03	+0.835
186.000	+8.009e+02	+6.409e+03	+8.539e+03	+0.889
186.100	+1.738e+03	+5.968e+03	+9.377e+03	+0.774
186.200	+7.932e+02	+8.003e+03	+8.327e+03	+0.910
186.300	+3.400e+02	+6.940e+03	+9.164e+03	+0.953
186.400	+1.441e+03	+5.953e+03	+8.215e+03	+0.805
186.500	+1.123e+03	+7.613e+03	+8.690e+03	+0.871
186.600	+1.140e+03	+6.034e+03	+1.000e+04	+0.841
186.700	+2.497e+03	+8.769e+03	+7.901e+03	+0.778
186.800	+1.430e+03	+7.536e+03	+8.243e+03	+0.841
186.900	+1.078e+03	+7.751e+03	+9.764e+03	+0.878
187.000	+6.480e+02	+8.570e+03	+1.078e+04	+0.930
187.100	+6.983e+01	+7.759e+03	+9.692e+03	+0.991
187.200	+9.907e+02	+8.161e+03	+7.734e+03	+0.892
187.300	+1.784e+03	+5.954e+03	+9.893e+03	+0.769
187.400	+1.467e+03	+7.649e+03	+7.860e+03	+0.839
187.500	-5.702e+02	+6.846e+03	+1.095e+04	+1.091
187.600	+1.080e+03	+8.163e+03	+9.382e+03	+0.883
187.700	-6.537e+01	+5.965e+03	+1.090e+04	+1.011
187.800	+1.926e+03	+5.603e+03	+8.026e+03	+0.744
187.900	+6.993e+02	+7.697e+03	+8.966e+03	+0.917
188.000	-3.243e+02	+9.546e+03	+9.822e+03	+1.035
188.100	+1.676e+02	+8.445e+03	+8.217e+03	+0.981
188.200	+2.066e+03	+8.398e+03	+9.477e+03	+0.803
188.300	+2.517e+03	+9.227e+03	+8.406e+03	+0.786
188.400	+1.195e+03	+7.271e+03	+8.254e+03	+0.859
188.500	+3.262e+02	+7.958e+03	+8.071e+03	+0.961
188.600	+5.144e+02	+8.271e+03	+1.078e+04	+0.941
188.700	+5.513e+02	+7.441e+03	+8.675e+03	+0.931
188.800	+1.198e+02	+7.092e+03	+7.049e+03	+0.983
188.900	-2.194e+01	+7.682e+03	+8.653e+03	+1.003
189.000	+4.428e+01	+6.512e+03	+9.425e+03	+0.993
189.100	+2.905e+03	+5.159e+03	+9.110e+03	+0.640
189.200	+1.282e+03	+8.680e+03	+1.090e+04	+0.871
189.300	+2.051e+03	+7.903e+03	+6.726e+03	+0.794
189.400	+1.096e+03	+7.353e+03	+7.714e+03	+0.870
189.500	+1.501e+03	+6.873e+03	+9.037e+03	+0.821
189.600	+4.032e+03	+5.769e+03	+8.533e+03	+0.589
189.700	+4.338e+03	+3.927e+03	+8.430e+03	+0.475
189.800	+4.340e+03	+3.329e+03	+9.137e+03	+0.434
189.900	+2.452e+03	+3.432e+03	+8.408e+03	+0.583
190.000	+4.337e+03	+3.689e+03	+7.942e+03	+0.460
190.100	+2.487e+03	+5.451e+03	+9.795e+03	+0.687
190.200	+3.539e+03	+5.309e+03	+8.605e+03	+0.600
190.300	-6.597e+02	+7.445e+03	+8.385e+03	+1.097
190.400	+1.906e+03	+8.997e+03	+9.283e+03	+0.825
190.500	+1.150e+03	+6.488e+03	+8.677e+03	+0.849
190.600	+2.060e+02	+6.653e+03	+5.649e+03	+0.970
190.700	+1.746e+03	+7.600e+03	+8.793e+03	+0.813
190.800	+1.930e+03	+6.332e+03	+7.270e+03	+0.766
190.900	-4.523e+02	+7.813e+03	+9.577e+03	+1.061
191.000	+2.573e+03	+6.444e+03	+8.867e+03	+0.715
191.100	+9.239e+02	+8.384e+03	+1.032e+04	+0.901
191.200	+6.771e+02	+7.881e+03	+1.027e+04	+0.921
191.300	+5.753e+02	+7.758e+03	+7.644e+03	+0.931
191.400	+3.737e+02	+7.985e+03	+1.010e+04	+0.955
191.500	+2.280e+03	+7.546e+03	+9.535e+03	+0.768
191.600	+1.374e+03	+7.055e+03	+9.887e+03	+0.837
191.700	-6.587e+02	+8.752e+03	+8.201e+03	+1.081
191.800	+7.585e+02	+7.675e+03	+8.542e+03	+0.910
191.900	+1.382e+03	+6.722e+03	+9.676e+03	+0.829
192.000	+1.961e+03	+9.088e+03	+9.114e+03	+0.822
192.100	+2.231e+03	+8.310e+03	+8.736e+03	+0.788
192.200	+2.954e+03	+6.992e+03	+9.093e+03	+0.703
192.300	+3.569e+03	+5.823e+03	+8.226e+03	+0.620
192.400	+4.503e+03	+5.529e+03	+9.811e+03	+0.551
192.500	+4.226e+03	+4.710e+03	+6.627e+03	+0.527
192.600	+4.046e+03	+3.636e+03	+8.287e+03	+0.473
192.700	+3.301e+03	+3.595e+03	+9.977e+03	+0.521
192.800	+3.856e+03	+6.093e+03	+6.976e+03	+0.612
192.900	+4.845e+03	+4.886e+03	+8.616e+03	+0.502
193.000	+3.989e+03	+4.567e+03	+7.968e+03	+0.534
193.100	+4.699e+03	+4.985e+03	+8.753e+03	+0.515
193.200	+4.413e+03	+5.642e+03	+8.293e+03	+0.561
193.300	+5.056e+03	+5.153e+03	+7.157e+03	+0.505
193.400	+4.769e+03	+5.036e+03	+9.190e+03	+0.514
193.500	+4.360e+03	+3.736e+03	+7.638e+03	+0.462
193.600	+4.282e+03	+5.242e+03	+8.386e+03	+0.550
193.700	+3.608e+03	+4.562e+03	+7.805e+03	+0.558
193.800	+3.815e+03	+4.467e+03	+9.465e+03	+0.539
193.900	+5.433e+03	+4.845e+03	+8.977e+03	+0.471
194.000	+4.622e+03	+5.039e+03	+8.220e+03	+0.522
194.100	+4.147e+03	+4.790e+03	+8.155e+03	+0.536
194.200	+3.331e+03	+5.565e+03	+8.216e+03	+0.626
194.300	+2.856e+03	+4.236e+03	+6.745e+03	+0.597
194.400	+4.871e+03	+3.936e+03	+8.766e+03	+0.447
194.500	+3.298e+03	+4.811e+03	+9.455e+03	+0.593
194.600	+3.845e+03	+5.495e+03	+7.086e+03	+0.588
194.700	+1.433e+03	+5.509e+03	+9.356e+03	+0.794
194.800	+1.163e+03	+7.426e+03	+9.775e+03	+0.865
194.900	+1.175e+03	+7.530e+03	+8.671e+03	+0.865
195.000	+1.517e+03	+7.000e+03	+8.908e+03	+0.822
195.100	+7.693e+02	+8.114e+03	+9.102e+03	+0.913
195.200	+9.750e+02	+6.337e+03	+8.886e+03	+0.867
195.300	+4.179e+02	+7.089e+03	+1.089e+04	+0.944
195.400	+9.011e+02	+8.458e+03	+7.715e+03	+0.904
195.500	+9.693e+02	+5.098e+03	+9.399e+03	+0.840
195.600	+1.622e+03	+7.198e+03	+9.514e+03	+0.816
195.700	+1.960e+03	+8.327e+03	+8.588e+03	+0.809
195.800	+1.778e+03	+7.824e+03	+1.048e+04	+0.815
195.900	+1.862e+02	+5.291e+03	+1.185e+04	+0.966
196.000	-4.492e+02	+6.590e+03	+8.429e+03	+1.073
196.100	+1.328e+03	+7.386e+03	+8.228e+03	+0.848
196.200	+1.052e+03	+7.974e+03	+9.163e+03	+0.883
196.300	+1.318e+03	+5.743e+03	+7.133e+03	+0.813
196.400	-8.673e+01	+7.960e+03	+9.290e+03	+1.011
