%t (s)	Idd (a.u.)	Ida (a.u.)	Iaa (a.u.)	FRET E
0.000	+1.412e+03	+7.687e+03	+8.227e+03	+0.845
0.100	+1.078e+03	+6.847e+03	+5.041e+03	+0.864
0.200	+3.581e+02	+6.828e+03	+7.565e+03	+0.950
0.300	+1.459e+03	+7.116e+03	+5.873e+03	+0.830
0.400	+9.141e+02	+7.426e+03	+7.664e+03	+0.890
0.500	+7.878e+02	+7.330e+03	+5.711e+03	+0.903
0.600	+1.538e+03	+5.029e+03	+7.226e+03	+0.766
0.700	+4.099e+03	+3.445e+03	+7.801e+03	+0.457
0.800	+2.328e+03	+4.326e+03	+7.716e+03	+0.650
0.900	+3.083e+03	+5.150e+03	+8.593e+03	+0.626
1.000	+2.295e+03	+5.464e+03	+7.362e+03	+0.704
1.100	+2.636e+03	+4.942e+03	+7.365e+03	+0.652
1.200	+1.840e+03	+4.343e+03	+7.361e+03	+0.702
1.300	+3.094e+03	+3.863e+03	+8.692e+03	+0.555
1.400	+2.270e+03	+5.292e+03	+7.337e+03	+0.700
1.500	+3.069e+03	+4.950e+03	+8.827e+03	+0.617
1.600	+4.819e+03	+2.139e+03	+8.529e+03	+0.307
1.700	+6.067e+03	+1.282e+03	+4.978e+03	+0.174
1.800	+7.641e+03	-6.540e+02	+7.952e+03	-0.094
1.900	+6.583e+03	+7.447e+02	+7.298e+03	+0.102
2.000	+8.318e+03	+1.263e+03	+8.691e+03	+0.132
2.100	+6.554e+03	+8.808e+02	+8.551e+03	+0.118
2.200	+6.539e+03	+9.914e+02	+8.343e+03	+0.132
2.300	+8.964e+03	+5.356e+02	+8.885e+03	+0.056
2.400	+8.414e+03	+7.063e+02	+9.862e+03	+0.077
2.500	+5.617e+03	+3.969e+02	+7.505e+03	+0.066
2.600	+6.888e+03	+1.299e+03	+9.133e+03	+0.159
2.700	+7.596e+03	+8.366e+02	+7.782e+03	+0.099
2.800	+6.533e+03	+4.333e+02	+5.790e+03	+0.062
2.900	+7.968e+03	+9.267e+02	+7.946e+03	+0.104
3.000	+2.972e+03	+4.596e+03	+6.114e+03	+0.607
3.100	+1.618e+03	+5.718e+03	+9.612e+03	+0.779
3.200	-1.885e+02	+5.468e+03	+7.822e+03	+1.036
3.300	+1.493e+02	+6.783e+03	+5.659e+03	+0.978
3.400	+1.287e+03	+6.471e+03	+7.480e+03	+0.834
3.500	+1.317e+03	+6.039e+03	+6.500e+03	+0.821
3.600	+1.407e+03	+6.858e+03	+8.557e+03	+0.830
3.700	-1.521e+03	+7.493e+03	+7.902e+03	+1.255
3.800	+1.231e+03	+7.853e+03	+8.709e+03	+0.865
3.900	+9.768e+02	+6.027e+03	+7.783e+03	+0.861
4.000	+1.952e+03	+4.299e+03	+7.126e+03	+0.688
4.100	+2.503e+03	+5.391e+03	+7.692e+03	+0.683
4.200	+2.945e+03	+4.204e+03	+8.376e+03	+0.588
4.300	+2.809e+03	+5.543e+03	+6.422e+03	+0.664
4.400	+2.023e+03	+4.078e+03	+9.920e+03	+0.668
4.500	+3.693e+03	+5.127e+03	+6.475e+03	+0.581
4.600	+3.483e+03	+4.908e+03	+7.442e+03	+0.585
4.700	+2.670e+03	+3.506e+03	+7.268e+03	+0.568
4.800	+2.026e+03	+4.679e+03	+7.032e+03	+0.698
4.900	+2.641e+03	+5.413e+03	+7.626e+03	+0.672
5.000	+2.998e+03	+3.178e+03	+8.351e+03	+0.515
5.100	+3.376e+03	+5.372e+03	+6.408e+03	+0.614
5.200	+3.579e+03	+4.205e+03	+7.961e+03	+0.540
5.300	+3.209e+03	+4.266e+03	+8.659e+03	+0.571
5.400	+2.841e+03	+1.776e+03	+6.356e+03	+0.385
5.500	+3.063e+03	+4.566e+03	+6.443e+03	+0.599
5.600	+3.725e+03	+2.908e+03	+7.944e+03	+0.438
5.700	+2.277e+03	+3.799e+03	+7.367e+03	+0.625
5.800	+3.610e+03	+3.776e+03	+7.202e+03	+0.511
5.900	+2.795e+03	+4.350e+03	+8.453e+03	+0.609
6.000	+2.145e+03	+3.904e+03	+7.520e+03	+0.645
6.100	+3.527e+03	+3.768e+03	+7.415e+03	+0.517
6.200	+3.326e+03	+4.112e+03	+9.412e+03	+0.553
6.300	+3.773e+03	+4.811e+03	+5.564e+03	+0.560
6.400	+1.796e+03	+5.042e+03	+7.000e+03	+0.737
6.500	+2.745e+03	+4.321e+03	+6.850e+03	+0.612
6.600	+2.516e+03	+4.807e+03	+9.671e+03	+0.656
6.700	+3.076e+03	+4.120e+03	+7.671e+03	+0.573
6.800	+3.205e+03	+5.248e+03	+7.671e+03	+0.621
6.900	+3.497e+03	+3.136e+03	+7.109e+03	+0.473
7.000	+4.200e+03	+4.197e+03	+7.574e+03	+0.500
7.100	+2.523e+03	+4.710e+03	+7.314e+03	+0.651
7.200	+3.481e+03	+3.265e+03	+8.070e+03	+0.484
7.300	+2.294e+03	+6.937e+03	+7.084e+03	+0.751
7.400	+3.421e+02	+9.869e+03	+6.336e+03	+0.966
7.500	+9.752e+02	+8.985e+03	+9.945e+03	+0.902
7.600	+1.085e+03	+7.121e+03	+7.406e+03	+0.868
7.700	+1.164e+03	+6.927e+03	+5.512e+03	+0.856
7.800	+9.181e+02	+6.272e+03	+6.686e+03	+0.872
7.900	+1.044e+03	+5.624e+03	+7.587e+03	+0.843
8.000	+1.182e+03	+5.723e+03	+5.020e+03	+0.829
8.100	+6.349e+02	+6.178e+03	+8.535e+03	+0.907
8.200	+3.921e+01	+6.688e+03	+7.382e+03	+0.994
8.300	+1.973e+03	+6.284e+03	+7.962e+03	+0.761
8.400	+1.220e+03	+5.764e+03	+8.177e+03	+0.825
8.500	+3.959e+02	+6.362e+03	+5.647e+03	+0.941
8.600	+9.773e+02	+8.210e+03	+5.595e+03	+0.894
8.700	+1.305e+02	+6.783e+03	+8.996e+03	+0.981
8.800	+8.553e+02	+5.358e+03	+7.186e+03	+0.862
8.900	+2.121e+02	+6.148e+03	+6.356e+03	+0.967
9.000	+2.002e+03	+8.432e+03	+6.180e+03	+0.808
9.100	+9.659e+02	+7.702e+03	+6.854e+03	+0.889
9.200	-1.350e+02	+6.533e+03	+9.401e+03	+1.021
9.300	+1.998e+03	+7.775e+03	+6.564e+03	+0.796
9.400	+2.196e+02	+5.588e+03	+7.827e+03	+0.962
9.500	+1.095e+03	+8.041e+03	+8.448e+03	+0.880
9.600	+7.781e+02	+5.977e+03	+7.393e+03	+0.885
9.700	+2.217e+03	+2.713e+03	+7.374e+03	+0.550
9.800	+3.803e+03	+4.528e+03	+7.743e+03	+0.544
9.900	+1.919e+03	+4.010e+03	+5.737e+03	+0.676
10.000	+2.874e+03	+4.812e+03	+7.664e+03	+0.626
10.100	+3.942e+03	+3.355e+03	+8.624e+03	+0.460
10.200	+8.519e+03	+1.092e+03	+7.633e+03	+0.114
10.300	+8.489e+03	+8.741e+02	+9.114e+03	+0.093
10.400	+4.840e+03	+3.472e+03	+7.827e+03	+0.418
10.500	+1.540e+03	+6.117e+03	+6.575e+03	+0.799
10.600	-1.546e+02	+7.650e+03	+6.881e+03	+1.021
10.700	-6.550e+02	+6.613e+03	+5.891e+03	+1.110
10.800	+7.077e+02	+6.244e+03	+6.794e+03	+0.898
10.900	+2.084e+02	+8.764e+03	+6.462e+03	+0.977
11.000	+1.741e+03	+6.823e+03	+6.226e+03	+0.797
11.100	+1.004e+03	+5.248e+03	+7.543e+03	+0.839
11.200	+1.508e+02	+7.653e+03	+8.113e+03	+0.981
11.300	+5.417e+02	+7.183e+03	+8.504e+03	+0.930
11.400	+1.687e+03	+5.621e+03	+8.481e+03	+0.769
11.500	-4.039e+02	+6.954e+03	+9.245e+03	+1.062
11.600	+3.838e+02	+5.946e+03	+8.372e+03	+0.939
11.700	-3.141e+02	+6.339e+03	+6.737e+03	+1.052
11.800	-2.459e+02	+5.786e+03	+7.156e+03	+1.044
11.900	+1.682e+03	+9.478e+03	+8.195e+03	+0.849
12.000	+9.224e+02	+6.566e+03	+7.678e+03	+0.877
12.100	-8.989e+01	+8.179e+03	+9.495e+03	+1.011
12.200	+1.343e+03	+7.257e+03	+7.640e+03	+0.844
12.300	+1.229e+03	+6.498e+03	+5.175e+03	+0.841
12.400	+1.076e+03	+7.302e+03	+7.617e+03	+0.872
12.500	+4.982e+02	+7.290e+03	+7.098e+03	+0.936
12.600	+1.969e+03	+8.173e+03	+7.140e+03	+0.806
12.700	+4.768e+02	+7.043e+03	+8.109e+03	+0.937
12.800	-1.079e+03	+7.320e+03	+6.563e+03	+1.173
12.900	+1.800e+03	+6.768e+03	+8.271e+03	+0.790
13.000	+8.301e+02	+6.939e+03	+9.803e+03	+0.893
13.100	+1.377e+03	+6.181e+03	+5.703e+03	+0.818
13.200	+5.575e+02	+6.077e+03	+8.020e+03	+0.916
13.300	+1.762e+03	+6.068e+03	+7.542e+03	+0.775
13.400	+8.106e+02	+8.016e+03	+6.766e+03	+0.908
13.500	+1.707e+03	+6.791e+03	+8.487e+03	+0.799
13.600	-4.184e+02	+6.285e+03	+7.886e+03	+1.071
13.700	+1.972e+03	+8.346e+03	+7.172e+03	+0.809
13.800	+5.090e+02	+6.354e+03	+6.869e+03	+0.926
13.900	+4.466e+02	+7.069e+03	+7.657e+03	+0.941
14.000	+1.230e+03	+5.988e+03	+7.270e+03	+0.830
14.100	-3.831e+02	+7.661e+03	+8.637e+03	+1.053
14.200	+8.352e+02	+7.940e+03	+6.864e+03	+0.905
14.300	+1.230e+03	+7.322e+03	+6.998e+03	+0.856
14.400	+9.802e+02	+5.495e+03	+7.180e+03	+0.849
14.500	+5.055e+02	+6.467e+03	+7.301e+03	+0.927
14.600	+1.368e+03	+6.172e+03	+8.968e+03	+0.819
14.700	+1.507e+03	+7.687e+03	+9.051e+03	+0.836
14.800	+8.831e+02	+5.561e+03	+8.179e+03	+0.863
14.900	+2.273e+03	+6.320e+03	+9.196e+03	+0.735
15.000	+3.025e+03	+5.146e+03	+7.232e+03	+0.630
15.100	+7.525e+03	+4.966e+02	+7.523e+03	+0.062
15.200	+6.790e+03	+6.277e+02	+1.020e+04	+0.085
15.300	+7.465e+03	+5.932e+02	+6.945e+03	+0.074
15.400	+7.632e+03	+1.019e+03	+6.450e+03	+0.118
15.500	+7.316e+03	-2.884e+02	+7.767e+03	-0.041
15.600	+2.828e+03	+3.356e+03	+7.347e+03	+0.543
15.700	+2.291e+03	+4.853e+03	+7.908e+03	+0.679
15.800	+2.671e+03	+5.197e+03	+7.459e+03	+0.661
15.900	+2.735e+03	+3.910e+03	+9.603e+03	+0.588
16.000	+1.801e+03	+4.643e+03	+6.950e+03	+0.721
16.100	+2.840e+03	+5.313e+03	+6.120e+03	+0.652
16.200	+3.416e+03	+5.456e+03	+6.638e+03	+0.615
16.300	+2.226e+03	+2.929e+03	+7.781e+03	+0.568
16.400	+3.090e+03	+4.745e+03	+7.861e+03	+0.606
16.500	+3.215e+03	+3.680e+03	+6.905e+03	+0.534
16.600	+2.702e+03	+3.499e+03	+6.346e+03	+0.564
16.700	+2.531e+03	+4.107e+03	+5.904e+03	+0.619
16.800	+2.786e+03	+3.130e+03	+8.412e+03	+0.529
16.900	+3.714e+03	+4.400e+03	+6.663e+03	+0.542
17.000	+2.460e+03	+4.759e+03	+6.823e+03	+0.659
17.100	+3.283e+03	+4.845e+03	+9.692e+03	+0.596
17.200	+1.551e+03	+4.536e+03	+8.894e+03	+0.745
17.300	+2.603e+03	+4.043e+03	+7.117e+03	+0.608
17.400	+2.521e+03	+4.491e+03	+7.042e+03	+0.640
17.500	+2.104e+03	+5.026e+03	+8.465e+03	+0.705
17.600	+2.199e+03	+4.254e+03	+6.680e+03	+0.659
17.700	+2.851e+03	+4.842e+03	+6.145e+03	+0.629
17.800	+3.571e+03	+3.860e+03	+7.582e+03	+0.519
17.900	+1.642e+03	+3.748e+03	+6.812e+03	+0.695
18.000	+4.142e+03	+4.191e+03	+6.195e+03	+0.503
18.100	+2.113e+03	+4.571e+03	+5.814e+03	+0.684
18.200	+2.538e+03	+3.661e+03	+6.600e+03	+0.591
18.300	+1.947e+03	+6.356e+03	+8.746e+03	+0.766
18.400	+1.008e+03	+3.672e+03	+7.416e+03	+0.785
18.500	+1.842e+03	+4.436e+03	+8.563e+03	+0.707
18.600	+3.496e+03	+3.912e+03	+8.339e+03	+0.528
18.700	+3.174e+03	+3.587e+03	+8.337e+03	+0.531
18.800	+3.583e+03	+3.875e+03	+7.827e+03	+0.520
18.900	+3.011e+03	+4.171e+03	+8.725e+03	+0.581
19.000	+3.459e+03	+4.638e+03	+6.766e+03	+0.573
19.100	+2.639e+03	+3.867e+03	+6.091e+03	+0.594
19.200	+3.794e+03	+3.856e+03	+7.617e+03	+0.504
19.300	+2.645e+03	+3.945e+03	+7.961e+03	+0.599
19.400	+2.227e+03	+4.697e+03	+9.295e+03	+0.678
19.500	+2.926e+03	+5.241e+03	+8.478e+03	+0.642
19.600	+3.149e+03	+3.399e+03	+7.478e+03	+0.519
19.700	+2.507e+03	+4.458e+03	+8.196e+03	+0.640
19.800	+3.390e+03	+3.548e+03	+8.218e+03	+0.511
19.900	+2.860e+03	+2.284e+03	+6.227e+03	+0.444
20.000	+2.637e+03	+4.532e+03	+7.232e+03	+0.632
20.100	+2.274e+03	+5.014e+03	+8.924e+03	+0.688
20.200	+2.280e+03	+5.134e+03	+8.101e+03	+0.693
20.300	+2.990e+03	+4.692e+03	+7.751e+03	+0.611
20.400	+3.319e+03	+2.655e+03	+5.780e+03	+0.444
20.500	+1.923e+03	+4.269e+03	+7.157e+03	+0.689
20.600	+2.381e+03	+4.185e+03	+8.377e+03	+0.637
20.700	+6.096e+03	+2.578e+03	+8.066e+03	+0.297
20.800	+7.539e+03	+7.696e+01	+9.505e+03	+0.010
20.900	+7.522e+03	+2.884e+02	+9.007e+03	+0.037
21.000	+8.984e+03	+1.248e+03	+8.513e+03	+0.122
21.100	+8.358e+03	+1.602e+03	+8.018e+03	+0.161
21.200	+8.655e+03	+9.620e+02	+1.104e+04	+0.100
21.300	+6.635e+03	+1.221e+03	+6.982e+03	+0.155
21.400	+7.158e+03	+8.003e+02	+8.469e+03	+0.101
21.500	+7.568e+03	+1.758e+03	+7.200e+03	+0.188
21.600	+6.819e+03	+2.141e+03	+7.418e+03	+0.239
21.700	+8.156e+03	+2.835e+02	+7.605e+03	+0.034
21.800	+5.787e+03	+7.469e+02	+9.223e+03	+0.114
21.900	+7.776e+03	+1.325e+03	+9.978e+03	+0.146
22.000	+8.819e+03	+2.224e+02	+1.092e+04	+0.025
22.100	+5.934e+03	+2.876e+02	+9.886e+03	+0.046
22.200	+7.249e+03	+2.162e+03	+8.088e+03	+0.230
22.300	+6.707e+03	-1.887e+02	+7.859e+03	-0.029
22.400	+8.130e+03	+4.092e+02	+8.452e+03	+0.048
22.500	+8.655e+03	+1.393e+03	+7.407e+03	+0.139
22.600	+7.724e+03	-1.794e+02	+7.274e+03	-0.024
22.700	+6.972e+03	+1.030e+03	+8.317e+03	+0.129
22.800	+6.970e+03	+1.950e+03	+6.175e+03	+0.219
22.900	+7.458e+03	+3.160e+01	+9.433e+03	+0.004
23.000	+7.798e+03	+1.716e+03	+8.681e+03	+0.180
23.100	+7.994e+03	-8.156e+02	+1.004e+04	-0.114
23.200	+7.507e+03	+1.622e+03	+7.475e+03	+0.178
23.300	+7.216e+03	+6.906e+02	+8.881e+03	+0.087
23.400	+6.019e+03	+1.843e+03	+7.716e+03	+0.234
23.500	+5.724e+03	+4.695e+02	+9.725e+03	+0.076
23.600	+8.839e+03	+9.209e+02	+7.669e+03	+0.094
23.700	+7.038e+03	-1.220e+01	+9.348e+03	-0.002
23.800	+7.344e+03	+1.499e+03	+7.424e+03	+0.170
23.900	+6.291e+03	+8.749e+02	+8.157e+03	+0.122
24.000	+7.939e+03	+1.939e+03	+9.357e+03	+0.196
24.100	+8.436e+03	+8.842e+02	+5.979e+03	+0.095
24.200	+1.133e+03	+5.772e+03	+6.690e+03	+0.836
24.300	-1.794e+02	+6.624e+03	+5.908e+03	+1.028
24.400	+1.758e+02	+5.512e+03	+6.899e+03	+0.969
24.500	+7.134e+02	+7.114e+03	+6.421e+03	+0.909
24.600	+1.970e+03	+7.143e+03	+7.393e+03	+0.784
24.700	-2.934e+02	+6.620e+03	+7.070e+03	+1.046
24.800	+9.838e+02	+7.306e+03	+7.610e+03	+0.881
24.900	+4.031e+02	+7.391e+03	+8.690e+03	+0.948
25.000	+1.043e+03	+6.624e+03	+7.641e+03	+0.864
25.100	+1.610e+02	+5.106e+03	+6.768e+03	+0.969
25.200	+2.221e+03	+5.147e+03	+1.046e+04	+0.699
25.300	+4.089e+03	+5.073e+03	+8.162e+03	+0.554
25.400	+2.952e+03	+3.324e+03	+8.656e+03	+0.530
25.500	+3.487e+03	+3.774e+03	+7.817e+03	+0.520
25.600	+2.549e+03	+4.867e+03	+8.478e+03	+0.656
25.700	+1.642e+03	+4.335e+03	+8.293e+03	+0.725
25.800	+1.474e+03	+3.633e+03	+7.765e+03	+0.711
25.900	+2.453e+03	+3.388e+03	+5.877e+03	+0.580
26.000	+2.675e+03	+4.180e+03	+8.077e+03	+0.610
26.100	+2.326e+03	+3.209e+03	+7.340e+03	+0.580
26.200	+3.155e+03	+4.511e+03	+8.804e+03	+0.588
26.300	+4.604e+03	+4.490e+03	+7.189e+03	+0.494
26.400	+3.784e+03	+4.288e+03	+8.958e+03	+0.531
26.500	+1.945e+03	+4.246e+03	+5.369e+03	+0.686
26.600	+4.096e+03	+4.140e+03	+9.088e+03	+0.503
26.700	+1.468e+03	+3.769e+03	+8.907e+03	+0.720
26.800	+1.296e+03	+4.020e+03	+9.219e+03	+0.756
26.900	+1.974e+03	+4.195e+03	+8.290e+03	+0.680
27.000	+4.402e+03	+5.626e+03	+5.643e+03	+0.561
27.100	+3.349e+03	+3.659e+03	+5.824e+03	+0.522
27.200	+2.824e+03	+4.473e+03	+7.822e+03	+0.613
27.300	+3.341e+03	+4.622e+03	+6.739e+03	+0.580
27.400	+4.213e+03	+4.359e+03	+6.845e+03	+0.509
27.500	+3.274e+03	+2.750e+03	+7.776e+03	+0.457
27.600	+2.554e+03	+4.466e+03	+9.295e+03	+0.636
27.700	+3.154e+03	+4.349e+03	+7.415e+03	+0.580
27.800	+2.025e+03	+4.700e+03	+7.994e+03	+0.699
27.900	+2.419e+03	+5.138e+03	+8.194e+03	+0.680
28.000	+4.191e+03	+5.839e+03	+9.023e+03	+0.582
28.100	+2.038e+03	+4.451e+03	+7.689e+03	+0.686
28.200	+3.362e+03	+4.424e+03	+8.407e+03	+0.568
28.300	+4.194e+03	+4.442e+03	+8.018e+03	+0.514
28.400	+1.940e+03	+4.019e+03	+5.599e+03	+0.674
28.500	+2.656e+03	+3.674e+03	+6.260e+03	+0.580
28.600	+2.021e+03	+4.224e+03	+8.412e+03	+0.676
28.700	+2.701e+03	+3.874e+03	+7.634e+03	+0.589
28.800	+3.029e+03	+4.393e+03	+6.974e+03	+0.592
28.900	+3.940e+03	+3.610e+03	+8.895e+03	+0.478
29.000	+2.436e+03	+4.602e+03	+7.233e+03	+0.654
29.100	+2.433e+03	+3.524e+03	+6.912e+03	+0.592
29.200	+2.872e+03	+4.860e+03	+7.518e+03	+0.629
29.300	+2.966e+03	+4.460e+03	+7.900e+03	+0.601
29.400	+2.674e+03	+4.853e+03	+5.756e+03	+0.645
29.500	+2.422e+03	+4.020e+03	+9.227e+03	+0.624
29.600	+6.175e+02	+4.527e+03	+5.295e+03	+0.880
29.700	+3.377e+03	+2.574e+03	+5.809e+03	+0.432
29.800	+3.310e+03	+4.217e+03	+8.949e+03	+0.560
29.900	+1.713e+03	+6.549e+03	+7.806e+03	+0.793
30.000	-1.740e+01	+5.458e+03	+9.488e+03	+1.003
30.100	+2.682e+03	+9.014e+03	+7.187e+03	+0.771
30.200	+1.148e+03	+6.823e+03	+7.704e+03	+0.856
30.300	-5.292e+02	+9.514e+03	+5.911e+03	+1.059
30.400	+1.573e+02	+7.266e+03	+6.897e+03	+0.979
30.500	+5.174e+02	+5.824e+03	+6.461e+03	+0.918
30.600	+1.097e+03	+6.196e+03	+9.274e+03	+0.850
30.700	+3.376e+03	+6.056e+03	+6.576e+03	+0.642
30.800	+2.449e+03	+5.712e+03	+6.367e+03	+0.700
30.900	+2.962e+03	+5.200e+03	+9.183e+03	+0.637
31.000	+3.278e+03	+4.405e+03	+7.269e+03	+0.573
31.100	+3.389e+03	+1.383e+03	+8.745e+03	+0.290
31.200	+2.709e+03	+4.438e+03	+6.767e+03	+0.621
31.300	+6.702e+03	+2.478e+03	+8.815e+03	+0.270
31.400	+7.370e+03	+2.802e+02	+8.245e+03	+0.037
31.500	+6.680e+03	+1.647e+03	+7.538e+03	+0.198
31.600	+7.038e+03	+1.310e+03	+7.506e+03	+0.157
31.700	+7.981e+03	+4.112e+02	+1.093e+04	+0.049
31.800	+6.718e+03	+1.312e+03	+7.045e+03	+0.163
31.900	+8.068e+03	+1.727e+02	+1.028e+04	+0.021
32.000	+6.885e+03	+6.913e+02	+9.543e+03	+0.091
32.100	+8.250e+03	+1.804e+03	+8.842e+03	+0.179
32.200	+8.245e+03	+1.463e+03	+8.706e+03	+0.151
32.300	+6.579e+03	+1.358e+03	+1.035e+04	+0.171
32.400	+7.702e+03	-1.222e+02	+6.115e+03	-0.016
32.500	+9.428e+03	+1.379e+03	+7.089e+03	+0.128
32.600	+6.809e+03	+6.417e+02	+7.909e+03	+0.086
32.700	+6.348e+03	+7.723e+02	+8.550e+03	+0.108
32.800	+6.648e+03	+2.709e+02	+7.417e+03	+0.039
32.900	+8.554e+03	+1.897e+02	+6.714e+03	+0.022
33.000	+7.430e+03	+6.586e+02	+7.174e+03	+0.081
33.100	+5.930e+03	+2.045e+03	+7.718e+03	+0.256
33.200	+7.869e+03	+1.111e+03	+7.027e+03	+0.124
33.300	+6.409e+03	+8.061e+02	+7.738e+03	+0.112
33.400	+7.782e+03	+6.279e+02	+1.104e+04	+0.075
33.500	+6.522e+03	+1.749e+03	+9.142e+03	+0.212
33.600	+5.073e+03	+4.243e+03	+6.787e+03	+0.455
33.700	+1.076e+03	+5.439e+03	+7.560e+03	+0.835
33.800	+1.169e+03	+6.692e+03	+7.798e+03	+0.851
33.900	+1.544e+03	+6.116e+03	+6.352e+03	+0.798
34.000	+8.336e+02	+6.110e+03	+5.803e+03	+0.880
34.100	+7.268e+02	+5.953e+03	+8.209e+03	+0.891
34.200	+1.128e+03	+6.931e+03	+7.790e+03	+0.860
34.300	+1.851e+03	+6.766e+03	+9.709e+03	+0.785
34.400	+7.632e+02	+8.000e+03	+8.403e+03	+0.913
34.500	+1.600e+03	+6.133e+03	+8.773e+03	+0.793
34.600	+2.089e+03	+7.890e+03	+7.820e+03	+0.791
34.700	+1.507e+03	+5.965e+03	+6.628e+03	+0.798
34.800	+4.173e+02	+7.156e+03	+7.179e+03	+0.945
34.900	+3.591e+02	+6.871e+03	+7.063e+03	+0.950
35.000	+9.535e+02	+6.549e+03	+9.556e+03	+0.873
35.100	+6.136e+02	+6.439e+03	+7.453e+03	+0.913
35.200	+1.454e+03	+4.403e+03	+7.459e+03	+0.752
35.300	+8.462e+02	+8.328e+03	+6.438e+03	+0.908
35.400	+1.254e+03	+5.623e+03	+8.461e+03	+0.818
35.500	-1.318e+02	+7.987e+03	+8.493e+03	+1.017
35.600	+1.579e+03	+6.071e+03	+8.008e+03	+0.794
35.700	+1.183e+03	+7.878e+03	+6.906e+03	+0.869
35.800	+1.377e+01	+5.279e+03	+6.865e+03	+0.997
35.900	+2.108e+03	+3.734e+03	+7.588e+03	+0.639
36.000	+2.439e+03	+5.964e+03	+8.629e+03	+0.710
36.100	+7.895e+02	+6.660e+03	+7.574e+03	+0.894
36.200	+5.526e+02	+5.530e+03	+6.565e+03	+0.909
36.300	+5.954e+02	+7.793e+03	+7.271e+03	+0.929
36.400	+1.253e+03	+7.847e+03	+7.360e+03	+0.862
36.500	+8.681e+02	+8.512e+03	+8.556e+03	+0.907
36.600	+2.152e+03	+7.318e+03	+6.997e+03	+0.773
36.700	-4.570e+02	+6.428e+03	+7.490e+03	+1.077
36.800	+1.904e+03	+7.105e+03	+5.859e+03	+0.789
36.900	+1.161e+03	+7.282e+03	+8.759e+03	+0.862
37.000	+1.518e+03	+8.029e+03	+8.120e+03	+0.841
37.100	+4.982e+02	+7.829e+03	+7.570e+03	+0.940
37.200	+1.240e+02	+5.943e+03	+7.922e+03	+0.980
37.300	+7.123e+02	+7.217e+03	+9.141e+03	+0.910
37.400	+3.149e+02	+4.991e+03	+7.084e+03	+0.941
37.500	+2.466e+03	+4.697e+03	+8.300e+03	+0.656
37.600	+1.739e+03	+4.628e+03	+8.622e+03	+0.727
37.700	+2.955e+03	+4.461e+03	+5.921e+03	+0.602
37.800	+1.850e+03	+3.794e+03	+7.731e+03	+0.672
37.900	+1.986e+03	+6.067e+03	+7.488e+03	+0.753
38.000	+2.021e+03	+5.261e+03	+6.364e+03	+0.722
38.100	+2.934e+03	+4.697e+03	+8.022e+03	+0.616
38.200	+1.670e+03	+3.719e+03	+8.505e+03	+0.690
38.300	+3.091e+03	+4.980e+03	+6.560e+03	+0.617
38.400	+2.214e+03	+5.721e+03	+6.608e+03	+0.721
38.500	+3.554e+03	+4.722e+03	+7.281e+03	+0.571
38.600	+5.053e+03	+1.959e+03	+8.817e+03	+0.279
38.700	+6.964e+03	+1.455e+03	+6.403e+03	+0.173
38.800	+7.834e+03	+9.720e+02	+7.220e+03	+0.110
38.900	+4.833e+03	+3.291e+03	+7.739e+03	+0.405
39.000	+1.747e+03	+6.122e+03	+7.460e+03	+0.778
39.100	+1.780e+03	+6.154e+03	+7.893e+03	+0.776
39.200	+3.177e+03	+4.910e+03	+8.413e+03	+0.607
39.300	+3.176e+03	+3.358e+03	+6.712e+03	+0.514
39.400	+3.441e+03	+4.446e+03	+7.496e+03	+0.564
39.500	+3.561e+03	+4.327e+03	+6.839e+03	+0.549
39.600	+2.535e+03	+5.897e+03	+6.705e+03	+0.699
39.700	+3.329e+03	+4.125e+03	+8.343e+03	+0.553
39.800	+2.491e+03	+5.756e+03	+6.414e+03	+0.698
39.900	+1.362e+03	+2.284e+03	+9.854e+03	+0.626
40.000	+1.670e+03	+3.671e+03	+9.512e+03	+0.687
40.100	+2.904e+03	+4.509e+03	+6.631e+03	+0.608
40.200	+1.934e+03	+4.057e+03	+7.429e+03	+0.677
40.300	+1.646e+03	+4.379e+03	+9.260e+03	+0.727
40.400	+2.693e+03	+4.549e+03	+8.951e+03	+0.628
40.500	+1.668e+03	+4.266e+03	+5.392e+03	+0.719
40.600	+2.008e+03	+4.810e+03	+8.626e+03	+0.705
40.700	+2.500e+03	+4.242e+03	+6.799e+03	+0.629
40.800	+3.767e+03	+3.528e+03	+5.344e+03	+0.484
40.900	+1.922e+03	+5.629e+03	+8.640e+03	+0.745
41.000	+2.236e+03	+4.548e+03	+9.485e+03	+0.670
41.100	+3.597e+03	+5.274e+03	+7.242e+03	+0.595
41.200	+3.176e+03	+5.594e+03	+6.170e+03	+0.638
41.300	+2.485e+03	+4.434e+03	+6.565e+03	+0.641
41.400	+1.979e+03	+5.083e+03	+7.147e+03	+0.720
41.500	+3.571e+03	+4.373e+03	+6.138e+03	+0.550
41.600	+3.418e+03	+5.138e+03	+9.124e+03	+0.601
41.700	+3.077e+03	+4.389e+03	+6.961e+03	+0.588
41.800	+3.384e+03	+4.444e+03	+8.094e+03	+0.568
41.900	+3.693e+03	+3.416e+03	+7.429e+03	+0.480
42.000	+7.868e+03	+1.658e+03	+7.809e+03	+0.174
42.100	+8.716e+03	+1.795e+03	+1.016e+04	+0.171
42.200	+8.872e+03	+6.530e+02	+9.568e+03	+0.069
42.300	+4.468e+03	+4.104e+03	+8.264e+03	+0.479
42.400	+1.498e+03	+5.677e+03	+8.298e+03	+0.791
42.500	+2.155e+02	+6.092e+03	+8.889e+03	+0.966
42.600	+9.502e+02	+6.949e+03	+6.911e+03	+0.880
42.700	+1.642e+03	+7.043e+03	+9.022e+03	+0.811
42.800	+1.729e+03	+7.101e+03	+9.133e+03	+0.804
42.900	+1.385e+03	+6.215e+03	+7.506e+03	+0.818
43.000	+1.453e+03	+7.302e+03	+8.149e+03	+0.834
43.100	+1.575e+03	+5.489e+03	+6.906e+03	+0.777
43.200	+4.776e+02	+7.181e+03	+6.405e+03	+0.938
43.300	+1.177e+03	+5.683e+03	+7.858e+03	+0.828
43.400	+7.430e+02	+7.400e+03	+7.686e+03	+0.909
43.500	+6.057e+02	+7.857e+03	+7.456e+03	+0.928
43.600	+1.548e+03	+7.329e+03	+6.145e+03	+0.826
43.700	+6.268e+02	+6.705e+03	+7.740e+03	+0.915
43.800	+7.141e+00	+6.648e+03	+6.004e+03	+0.999
43.900	+2.403e+03	+5.933e+03	+7.077e+03	+0.712
44.000	+1.543e+03	+6.932e+03	+8.083e+03	+0.818
44.100	+2.958e+02	+6.594e+03	+7.366e+03	+0.957
44.200	+1.906e+03	+7.955e+03	+7.041e+03	+0.807
44.300	+3.854e+02	+5.438e+03	+8.321e+03	+0.934
44.400	+1.599e+03	+5.986e+03	+7.539e+03	+0.789
44.500	+3.955e+02	+5.331e+03	+7.137e+03	+0.931
44.600	+5.936e+02	+5.045e+03	+6.218e+03	+0.895
44.700	+9.569e+02	+6.559e+03	+9.853e+03	+0.873
44.800	+1.323e+03	+7.533e+03	+7.348e+03	+0.851
44.900	+2.364e+03	+5.120e+03	+8.008e+03	+0.684
45.000	+1.847e+03	+6.174e+03	+7.527e+03	+0.770
45.100	+2.661e+02	+7.162e+03	+8.400e+03	+0.964
45.200	+6.404e+02	+5.169e+03	+5.952e+03	+0.890
45.300	+1.316e+03	+5.325e+03	+8.665e+03	+0.802
45.400	+3.503e+02	+6.723e+03	+6.818e+03	+0.950
45.500	+1.261e+03	+8.265e+03	+6.489e+03	+0.868
45.600	+1.677e+03	+6.008e+03	+8.629e+03	+0.782
45.700	+1.082e+02	+6.141e+03	+8.397e+03	+0.983
45.800	-4.634e+01	+8.169e+03	+6.017e+03	+1.006
45.900	+1.589e+02	+7.804e+03	+6.744e+03	+0.980
46.000	+5.202e+02	+7.669e+03	+8.520e+03	+0.936
46.100	+2.169e+03	+6.893e+03	+5.897e+03	+0.761
46.200	+6.022e+02	+6.699e+03	+7.463e+03	+0.918
46.300	+1.257e+03	+6.561e+03	+5.810e+03	+0.839
46.400	+1.656e+02	+8.302e+03	+5.656e+03	+0.980
46.500	+1.811e+03	+7.986e+03	+8.634e+03	+0.815
46.600	+9.304e+02	+7.322e+03	+9.141e+03	+0.887
46.700	+1.923e+03	+7.178e+03	+5.712e+03	+0.789
46.800	+6.733e+02	+7.775e+03	+8.152e+03	+0.920
46.900	+1.374e+03	+7.048e+03	+7.841e+03	+0.837
47.000	+1.401e+03	+6.190e+03	+6.569e+03	+0.815
47.100	+1.450e+03	+6.626e+03	+7.934e+03	+0.820
47.200	+6.266e+02	+5.348e+03	+6.656e+03	+0.895
47.300	+9.793e+02	+9.159e+03	+8.991e+03	+0.903
47.400	+4.651e+02	+6.497e+03	+7.330e+03	+0.933
47.500	+1.560e+03	+7.204e+03	+8.729e+03	+0.822
47.600	+5.553e+02	+8.196e+03	+7.447e+03	+0.937
47.700	+1.413e+03	+6.033e+03	+8.283e+03	+0.810
47.800	+1.073e+03	+8.544e+03	+8.098e+03	+0.888
47.900	+5.889e+02	+4.898e+03	+8.004e+03	+0.893
48.000	+1.094e+03	+4.575e+03	+6.497e+03	+0.807
48.100	+9.177e+02	+6.378e+03	+8.971e+03	+0.874
48.200	+1.310e+03	+7.895e+03	+8.952e+03	+0.858
48.300	+1.204e+03	+7.417e+03	+7.297e+03	+0.860
48.400	+4.217e+01	+5.468e+03	+8.625e+03	+0.992
48.500	+8.515e+02	+5.347e+03	+8.267e+03	+0.863
48.600	+1.206e+03	+7.036e+03	+8.038e+03	+0.854
48.700	-3.698e+01	+6.323e+03	+8.039e+03	+1.006
48.800	-2.695e+00	+6.965e+03	+7.552e+03	+1.000
48.900	-7.094e+02	+6.082e+03	+8.867e+03	+1.132
49.000	-3.599e+01	+4.832e+03	+7.578e+03	+1.008
49.100	+6.920e+02	+6.115e+03	+7.535e+03	+0.898
49.200	+3.945e+02	+7.604e+03	+7.420e+03	+0.951
49.300	+1.651e+02	+6.932e+03	+7.690e+03	+0.977
49.400	+1.268e+03	+5.290e+03	+6.678e+03	+0.807
49.500	+1.282e+02	+8.283e+03	+8.686e+03	+0.985
49.600	+6.144e+02	+6.923e+03	+7.583e+03	+0.918
49.700	+1.845e+03	+6.325e+03	+7.067e+03	+0.774
49.800	+5.496e+02	+5.959e+03	+6.146e+03	+0.916
49.900	+3.536e+02	+5.571e+03	+8.107e+03	+0.940
50.000	+6.961e+02	+6.696e+03	+6.373e+03	+0.906
50.100	+1.612e+03	+7.932e+03	+6.904e+03	+0.831
50.200	-3.206e+02	+8.231e+03	+8.369e+03	+1.041
50.300	-6.512e+01	+7.945e+03	+6.969e+03	+1.008
50.400	+2.043e+03	+5.871e+03	+8.489e+03	+0.742
50.500	+1.321e+03	+5.850e+03	+7.085e+03	+0.816
50.600	+8.009e+02	+6.960e+03	+7.567e+03	+0.897
50.700	+1.971e+03	+7.909e+03	+7.271e+03	+0.801
50.800	+1.292e+03	+6.701e+03	+8.073e+03	+0.838
50.900	+1.136e+03	+6.431e+03	+9.012e+03	+0.850
51.000	+2.063e+03	+5.490e+03	+6.265e+03	+0.727
51.100	+1.271e+03	+8.462e+03	+7.852e+03	+0.869
51.200	-6.176e+02	+6.484e+03	+7.283e+03	+1.105
51.300	+2.868e+02	+5.960e+03	+6.772e+03	+0.954
51.400	+1.089e+03	+4.871e+03	+8.485e+03	+0.817
51.500	+7.843e+01	+8.218e+03	+5.530e+03	+0.991
51.600	+4.390e+02	+7.917e+03	+6.404e+03	+0.947
51.700	+9.937e+02	+7.108e+03	+7.566e+03	+0.877
51.800	+1.135e+03	+7.711e+03	+7.979e+03	+0.872
51.900	-3.005e+02	+6.651e+03	+7.948e+03	+1.047
52.000	+2.551e+02	+7.521e+03	+8.365e+03	+0.967
52.100	+5.242e+02	+5.759e+03	+8.770e+03	+0.917
52.200	+8.915e+02	+7.475e+03	+9.232e+03	+0.893
52.300	+1.455e+03	+5.662e+03	+7.934e+03	+0.796
52.400	+5.937e+02	+5.791e+03	+5.929e+03	+0.907
52.500	+2.111e+03	+6.171e+03	+6.270e+03	+0.745
52.600	-1.345e+02	+6.069e+03	+7.618e+03	+1.023
52.700	+8.940e+02	+4.875e+03	+8.125e+03	+0.845
52.800	+1.440e+03	+5.928e+03	+8.072e+03	+0.805
52.900	+3.158e+02	+6.468e+03	+8.841e+03	+0.953
53.000	+1.580e+02	+7.086e+03	+6.143e+03	+0.978
53.100	+9.599e+02	+5.794e+03	+9.000e+03	+0.858
53.200	+8.895e+02	+8.162e+03	+8.112e+03	+0.902
53.300	+2.177e+03	+6.907e+03	+7.089e+03	+0.760
53.400	-4.216e+02	+5.378e+03	+6.989e+03	+1.085
53.500	+1.692e+03	+7.185e+03	+5.548e+03	+0.809
53.600	+1.231e+03	+5.767e+03	+6.072e+03	+0.824
53.700	+2.619e+02	+6.186e+03	+8.178e+03	+0.959
53.800	+3.965e+02	+4.720e+03	+1.028e+04	+0.923
53.900	+6.082e+02	+7.037e+03	+7.309e+03	+0.920
54.000	+1.220e+03	+7.504e+03	+8.596e+03	+0.860
54.100	+2.168e+02	+6.824e+03	+6.904e+03	+0.969
54.200	-7.696e+02	+4.856e+03	+7.708e+03	+1.188
54.300	-2.005e+02	+7.897e+03	+8.354e+03	+1.026
54.400	+3.398e+02	+5.692e+03	+6.196e+03	+0.944
54.500	+6.467e+02	+6.699e+03	+5.403e+03	+0.912
54.600	+7.086e+02	+7.757e+03	+8.208e+03	+0.916
54.700	+1.337e+03	+6.025e+03	+5.900e+03	+0.818
54.800	-8.481e+01	+6.474e+03	+8.958e+03	+1.013
54.900	+7.875e+02	+6.659e+03	+7.908e+03	+0.894
55.000	+1.202e+03	+5.322e+03	+6.599e+03	+0.816
55.100	+5.879e+02	+7.159e+03	+7.651e+03	+0.924
55.200	+9.559e+02	+6.488e+03	+7.028e+03	+0.872
55.300	+5.267e+02	+6.849e+03	+6.957e+03	+0.929
55.400	+8.175e+02	+6.445e+03	+6.181e+03	+0.887
55.500	+1.121e+03	+6.961e+03	+7.098e+03	+0.861
55.600	-2.591e+02	+6.433e+03	+7.562e+03	+1.042
55.700	-4.866e+02	+6.758e+03	+7.784e+03	+1.078
55.800	+1.039e+03	+8.128e+03	+6.835e+03	+0.887
55.900	+2.084e+03	+6.509e+03	+9.681e+03	+0.757
56.000	-7.142e+02	+7.242e+03	+7.965e+03	+1.109
56.100	+8.741e+02	+5.977e+03	+7.123e+03	+0.872
56.200	+5.135e+02	+7.152e+03	+7.574e+03	+0.933
56.300	+5.205e+02	+5.622e+03	+6.888e+03	+0.915
56.400	+1.831e+03	+6.877e+03	+6.670e+03	+0.790
56.500	-1.987e+02	+8.547e+03	+6.791e+03	+1.024
56.600	+1.069e+03	+6.483e+03	+7.489e+03	+0.858
56.700	+4.053e+02	+6.437e+03	+8.428e+03	+0.941
56.800	-2.411e+02	+6.309e+03	+7.941e+03	+1.040
56.900	+1.134e+03	+6.988e+03	+8.911e+03	+0.860
57.000	+1.852e+03	+7.205e+03	+9.607e+03	+0.795
57.100	+1.098e+03	+6.972e+03	+6.155e+03	+0.864
57.200	+1.456e+03	+8.066e+03	+7.739e+03	+0.847
57.300	+1.334e+03	+6.513e+03	+6.885e+03	+0.830
57.400	+8.070e+02	+6.868e+03	+7.826e+03	+0.895
57.500	+5.977e+02	+8.603e+03	+9.013e+03	+0.935
57.600	+6.921e+02	+5.578e+03	+6.986e+03	+0.890
57.700	+8.723e+02	+7.427e+03	+7.658e+03	+0.895
57.800	+2.784e+02	+7.741e+03	+8.805e+03	+0.965
57.900	+7.947e+02	+6.375e+03	+6.376e+03	+0.889
58.000	+1.074e+03	+6.396e+03	+7.143e+03	+0.856
58.100	+7.872e+02	+6.324e+03	+7.725e+03	+0.889
58.200	+1.137e+03	+6.708e+03	+8.200e+03	+0.855
58.300	+3.835e+02	+6.423e+03	+5.314e+03	+0.944
58.400	+2.182e+03	+6.410e+03	+7.383e+03	+0.746
58.500	-7.320e+02	+6.562e+03	+5.689e+03	+1.126
58.600	-2.771e+02	+6.580e+03	+9.547e+03	+1.044
58.700	+6.781e+02	+6.856e+03	+6.586e+03	+0.910
58.800	+1.572e+03	+6.371e+03	+8.196e+03	+0.802
58.900	-2.011e+02	+6.659e+03	+6.804e+03	+1.031
59.000	+2.091e+03	+5.874e+03	+7.694e+03	+0.738
59.100	+2.680e+03	+3.789e+03	+7.951e+03	+0.586
59.200	+2.287e+03	+4.955e+03	+8.995e+03	+0.684
59.300	+2.296e+03	+4.106e+03	+7.294e+03	+0.641
59.400	+2.955e+03	+4.313e+03	+7.959e+03	+0.593
59.500	+3.557e+03	+6.009e+03	+8.122e+03	+0.628
59.600	+2.045e+03	+4.756e+03	+8.003e+03	+0.699
59.700	+3.752e+03	+4.179e+03	+5.235e+03	+0.527
59.800	+3.356e+03	+4.402e+03	+7.751e+03	+0.567
59.900	+2.629e+03	+4.859e+03	+5.916e+03	+0.649
60.000	+2.217e+03	+5.340e+03	+7.925e+03	+0.707
60.100	+3.139e+03	+4.548e+03	+8.219e+03	+0.592
60.200	+3.000e+03	+4.417e+03	+5.961e+03	+0.596
60.300	+1.840e+03	+5.084e+03	+6.957e+03	+0.734
60.400	+1.433e+03	+4.473e+03	+8.929e+03	+0.757
60.500	+2.528e+03	+3.480e+03	+8.303e+03	+0.579
60.600	+1.815e+03	+5.597e+03	+8.037e+03	+0.755
60.700	+1.158e+03	+7.963e+03	+6.979e+03	+0.873
60.800	+5.552e+01	+7.074e+03	+7.786e+03	+0.992
60.900	+2.078e+03	+4.834e+03	+7.795e+03	+0.699
61.000	+2.754e+03	+4.791e+03	+9.454e+03	+0.635
61.100	+1.468e+03	+5.930e+03	+7.037e+03	+0.802
61.200	+8.780e+02	+6.656e+03	+6.648e+03	+0.883
61.300	+4.329e+02	+6.225e+03	+6.195e+03	+0.935
61.400	+1.034e+03	+9.462e+03	+8.920e+03	+0.901
61.500	+1.855e+03	+7.719e+03	+6.394e+03	+0.806
61.600	+1.070e+03	+5.027e+03	+9.051e+03	+0.824
61.700	+7.412e+02	+6.896e+03	+7.851e+03	+0.903
61.800	+8.199e+02	+5.460e+03	+7.884e+03	+0.869
61.900	+1.333e+02	+6.702e+03	+7.519e+03	+0.981
62.000	+9.865e+02	+5.320e+03	+5.242e+03	+0.844
62.100	+1.476e+03	+6.731e+03	+6.606e+03	+0.820
62.200	+2.029e+02	+5.683e+03	+6.727e+03	+0.966
62.300	-3.680e+02	+6.530e+03	+7.715e+03	+1.060
62.400	+1.590e+03	+8.142e+03	+8.151e+03	+0.837
62.500	+2.723e+03	+4.621e+03	+7.471e+03	+0.629
62.600	+2.497e+03	+4.888e+03	+8.554e+03	+0.662
62.700	+2.864e+03	+5.292e+03	+6.058e+03	+0.649
62.800	+1.973e+03	+4.814e+03	+7.649e+03	+0.709
62.900	+3.024e+03	+3.192e+03	+7.951e+03	+0.513
63.000	+1.947e+03	+3.609e+03	+7.311e+03	+0.650
63.100	+2.486e+03	+3.316e+03	+5.548e+03	+0.571
63.200	+2.512e+03	+4.296e+03	+7.283e+03	+0.631
63.300	+3.601e+03	+4.398e+03	+9.137e+03	+0.550
63.400	+2.787e+03	+5.250e+03	+8.878e+03	+0.653
63.500	+2.155e+03	+4.288e+03	+7.010e+03	+0.665
63.600	+3.448e+03	+3.758e+03	+7.418e+03	+0.522
63.700	+3.580e+03	+5.264e+03	+8.250e+03	+0.595
63.800	+2.119e+03	+3.743e+03	+8.114e+03	+0.639
63.900	+2.354e+03	+4.231e+03	+6.725e+03	+0.643
64.000	+3.013e+03	+5.079e+03	+7.173e+03	+0.628
64.100	+1.900e+03	+4.101e+03	+7.558e+03	+0.683
64.200	+2.225e+03	+2.767e+03	+5.474e+03	+0.554
64.300	+2.560e+03	+3.035e+03	+7.909e+03	+0.542
64.400	+7.217e+02	+5.491e+03	+8.293e+03	+0.884
64.500	+3.111e+03	+4.488e+03	+8.004e+03	+0.591
64.600	+2.484e+03	+5.471e+03	+7.379e+03	+0.688
64.700	+3.572e+03	+3.923e+03	+8.296e+03	+0.523
64.800	+2.487e+03	+5.223e+03	+8.729e+03	+0.677
64.900	+2.113e+03	+3.641e+03	+8.282e+03	+0.633
65.000	+2.141e+03	+4.440e+03	+8.841e+03	+0.675
65.100	+2.954e+03	+4.380e+03	+6.303e+03	+0.597
65.200	+6.095e+03	+1.808e+03	+7.360e+03	+0.229
65.300	+7.931e+03	+9.417e+02	+1.121e+04	+0.106
65.400	+7.566e+03	+2.862e+02	+8.380e+03	+0.036
65.500	+5.857e+03	+1.836e+03	+8.179e+03	+0.239
65.600	+7.469e+03	+7.518e+02	+9.868e+03	+0.091
65.700	+6.159e+03	-1.876e+02	+1.040e+04	-0.031
65.800	+7.195e+03	+4.980e+02	+7.722e+03	+0.065
65.900	+3.206e+03	+3.759e+03	+7.824e+03	+0.540
66.000	+1.685e+03	+8.632e+03	+7.332e+03	+0.837
66.100	+2.087e+02	+5.794e+03	+7.305e+03	+0.965
66.200	+2.765e+03	+4.562e+03	+7.886e+03	+0.623
66.300	+1.410e+03	+5.001e+03	+8.218e+03	+0.780
66.400	+3.337e+03	+4.106e+03	+7.677e+03	+0.552
66.500	+2.599e+03	+3.253e+03	+9.909e+03	+0.556
66.600	+2.340e+03	+6.613e+03	+7.925e+03	+0.739
66.700	+3.368e+03	+4.063e+03	+9.004e+03	+0.547
66.800	+3.341e+03	+4.422e+03	+7.200e+03	+0.570
66.900	+2.479e+03	+4.902e+03	+1.031e+04	+0.664
67.000	+1.945e+03	+4.630e+03	+1.075e+04	+0.704
67.100	+2.388e+03	+3.361e+03	+9.316e+03	+0.585
67.200	+2.440e+03	+3.528e+03	+8.725e+03	+0.591
67.300	+3.413e+03	+6.312e+03	+7.197e+03	+0.649
67.400	+1.649e+03	+3.958e+03	+6.913e+03	+0.706
67.500	+2.751e+03	+4.098e+03	+8.193e+03	+0.598
67.600	+2.743e+03	+4.307e+03	+5.694e+03	+0.611
67.700	+2.705e+03	+3.414e+03	+9.204e+03	+0.558
67.800	+2.454e+03	+3.314e+03	+8.493e+03	+0.575
67.900	+2.991e+03	+3.854e+03	+7.890e+03	+0.563
68.000	+2.897e+03	+4.689e+03	+8.339e+03	+0.618
68.100	+2.891e+03	+4.633e+03	+8.335e+03	+0.616
68.200	+3.434e+03	+4.694e+03	+6.190e+03	+0.578
68.300	+3.819e+03	+4.453e+03	+8.162e+03	+0.538
68.400	+2.299e+03	+5.415e+03	+6.085e+03	+0.702
68.500	+3.155e+03	+3.940e+03	+7.538e+03	+0.555
68.600	+2.649e+03	+4.074e+03	+6.811e+03	+0.606
68.700	+3.126e+03	+4.087e+03	+7.022e+03	+0.567
68.800	+1.587e+03	+4.292e+03	+7.287e+03	+0.730
68.900	+1.992e+03	+3.721e+03	+5.480e+03	+0.651
69.000	+2.868e+03	+2.992e+03	+7.554e+03	+0.511
69.100	+1.574e+03	+7.579e+03	+8.579e+03	+0.828
69.200	+4.711e+02	+7.691e+03	+6.451e+03	+0.942
69.300	+1.461e+03	+5.506e+03	+7.335e+03	+0.790
69.400	+8.316e+02	+6.567e+03	+6.378e+03	+0.888
69.500	+6.637e+02	+7.192e+03	+1.006e+04	+0.916
69.600	+3.630e+02	+3.980e+03	+7.145e+03	+0.916
69.700	+4.734e+02	+8.016e+03	+8.816e+03	+0.944
69.800	+1.896e+03	+6.452e+03	+5.685e+03	+0.773
69.900	+3.830e+02	+6.045e+03	+7.586e+03	+0.940
70.000	+1.789e+03	+7.817e+03	+7.911e+03	+0.814
70.100	+7.138e+02	+8.578e+03	+8.372e+03	+0.923
70.200	+8.201e+02	+7.309e+03	+8.788e+03	+0.899
70.300	+4.689e+02	+5.220e+03	+6.707e+03	+0.918
70.400	+8.188e+02	+6.664e+03	+6.355e+03	+0.891
70.500	+1.881e+03	+4.596e+03	+5.515e+03	+0.710
70.600	+1.352e+03	+6.890e+03	+7.357e+03	+0.836
70.700	+1.721e+03	+5.698e+03	+7.135e+03	+0.768
70.800	+6.462e+02	+5.359e+03	+6.441e+03	+0.892
70.900	+1.249e+03	+6.449e+03	+7.292e+03	+0.838
71.000	+1.204e+03	+7.464e+03	+5.518e+03	+0.861
71.100	+5.756e+02	+7.274e+03	+7.164e+03	+0.927
71.200	+7.813e+02	+5.707e+03	+7.686e+03	+0.880
71.300	+7.671e+02	+6.794e+03	+8.511e+03	+0.899
71.400	+1.128e+03	+6.643e+03	+7.543e+03	+0.855
71.500	+1.465e+03	+6.477e+03	+8.369e+03	+0.816
71.600	+3.871e+02	+8.026e+03	+6.997e+03	+0.954
71.700	-3.357e+02	+6.981e+03	+6.288e+03	+1.051
71.800	+1.778e+03	+5.802e+03	+6.086e+03	+0.765
71.900	+6.740e+03	+9.736e+02	+9.148e+03	+0.126
72.000	+7.673e+03	+7.327e+02	+7.671e+03	+0.087
72.100	+7.939e+03	+1.764e+02	+8.164e+03	+0.022
72.200	+6.847e+03	+1.436e+03	+7.882e+03	+0.173
72.300	+7.050e+03	+3.641e+02	+9.531e+03	+0.049
72.400	+6.635e+03	+8.089e+02	+8.952e+03	+0.109
72.500	+7.077e+03	+5.175e+02	+8.782e+03	+0.068
72.600	+3.467e+03	+7.148e+03	+5.903e+03	+0.673
72.700	+2.572e+02	+6.456e+03	+6.537e+03	+0.962
72.800	+1.575e+03	+8.105e+03	+8.850e+03	+0.837
72.900	+1.618e+03	+7.086e+03	+6.887e+03	+0.814
73.000	+1.082e+03	+7.288e+03	+7.453e+03	+0.871
73.100	+2.054e+03	+6.825e+03	+6.272e+03	+0.769
73.200	-2.362e+02	+6.488e+03	+6.294e+03	+1.038
73.300	-7.273e+02	+7.225e+03	+8.857e+03	+1.112
73.400	+1.579e+03	+6.965e+03	+8.576e+03	+0.815
73.500	+1.594e+03	+6.055e+03	+8.433e+03	+0.792
73.600	+2.304e+03	+6.398e+03	+9.616e+03	+0.735
73.700	+1.329e+03	+4.858e+03	+7.502e+03	+0.785
73.800	+1.255e+03	+6.122e+03	+7.317e+03	+0.830
73.900	+5.640e+02	+7.273e+03	+6.301e+03	+0.928
74.000	+5.412e+02	+7.478e+03	+7.696e+03	+0.933
74.100	+1.062e+03	+7.248e+03	+7.555e+03	+0.872
74.200	+2.818e+01	+6.884e+03	+6.702e+03	+0.996
74.300	+6.824e+02	+7.334e+03	+6.204e+03	+0.915
74.400	+1.274e+03	+5.834e+03	+7.828e+03	+0.821
74.500	+3.082e+03	+3.828e+03	+7.061e+03	+0.554
74.600	+2.860e+03	+4.015e+03	+7.331e+03	+0.584
74.700	+2.922e+03	+4.729e+03	+8.891e+03	+0.618
74.800	+3.020e+03	+4.857e+03	+7.672e+03	+0.617
74.900	+2.341e+03	+6.077e+03	+5.392e+03	+0.722
75.000	+2.786e+03	+4.181e+03	+8.407e+03	+0.600
75.100	+2.813e+03	+4.083e+03	+4.460e+03	+0.592
75.200	+3.408e+03	+4.428e+03	+7.810e+03	+0.565
75.300	+3.603e+03	+4.860e+03	+6.307e+03	+0.574
75.400	+3.269e+03	+3.849e+03	+7.949e+03	+0.541
75.500	+2.687e+03	+3.502e+03	+7.682e+03	+0.566
75.600	-1.910e+02	+5.512e+03	+8.039e+03	+1.036
75.700	+1.937e+03	+4.911e+03	+8.098e+03	+0.717
75.800	+3.509e+03	+4.136e+03	+8.274e+03	+0.541
75.900	+1.743e+03	+4.393e+03	+8.815e+03	+0.716
76.000	+1.423e+03	+4.249e+03	+9.585e+03	+0.749
76.100	+3.554e+02	+6.611e+03	+7.518e+03	+0.949
76.200	+6.570e+02	+6.526e+03	+8.472e+03	+0.909
76.300	+1.825e+03	+7.013e+03	+6.878e+03	+0.794
76.400	+1.088e+03	+6.371e+03	+6.482e+03	+0.854
76.500	+3.981e+02	+7.291e+03	+7.703e+03	+0.948
76.600	+1.368e+03	+6.917e+03	+8.336e+03	+0.835
76.700	+1.039e+03	+7.987e+03	+8.273e+03	+0.885
76.800	-3.818e+02	+6.624e+03	+8.688e+03	+1.061
76.900	+1.126e+03	+6.831e+03	+7.914e+03	+0.858
77.000	+1.378e+03	+7.679e+03	+6.981e+03	+0.848
77.100	+1.171e+03	+4.945e+03	+7.012e+03	+0.808
77.200	+2.336e+03	+5.150e+03	+8.036e+03	+0.688
77.300	+3.789e+03	+3.510e+03	+6.978e+03	+0.481
77.400	+3.080e+03	+4.560e+03	+6.289e+03	+0.597
77.500	+4.115e+03	+5.005e+03	+8.172e+03	+0.549
77.600	-5.566e+02	+4.839e+03	+8.737e+03	+1.130
77.700	+2.121e+03	+2.846e+03	+6.562e+03	+0.573
77.800	+1.767e+03	+4.000e+03	+5.941e+03	+0.694
77.900	+2.959e+03	+4.319e+03	+6.886e+03	+0.593
78.000	+2.082e+03	+2.728e+03	+6.761e+03	+0.567
78.100	+1.048e+03	+3.261e+03	+6.866e+03	+0.757
78.200	+3.261e+03	+3.211e+03	+5.971e+03	+0.496
78.300	+5.104e+03	+3.278e+03	+7.572e+03	+0.391
78.400	+7.267e+03	+8.132e+02	+7.462e+03	+0.101
78.500	+8.005e+03	+7.670e+02	+8.954e+03	+0.087
78.600	+8.501e+03	+2.814e+03	+9.104e+03	+0.249
78.700	+8.707e+03	+9.762e+02	+9.871e+03	+0.101
78.800	+4.301e+03	+3.311e+03	+7.311e+03	+0.435
78.900	+3.959e+02	+6.986e+03	+5.243e+03	+0.946
79.000	+4.141e+02	+6.477e+03	+7.917e+03	+0.940
79.100	+3.365e+02	+7.013e+03	+7.291e+03	+0.954
79.200	+1.044e+03	+7.208e+03	+7.853e+03	+0.873
79.300	+1.403e+03	+7.887e+03	+7.861e+03	+0.849
79.400	-1.626e+02	+6.764e+03	+6.166e+03	+1.025
79.500	+5.876e+01	+7.151e+03	+7.046e+03	+0.992
79.600	+5.888e+02	+6.610e+03	+6.928e+03	+0.918
79.700	+1.127e+03	+7.340e+03	+7.860e+03	+0.867
79.800	+2.489e+03	+5.244e+03	+6.585e+03	+0.678
79.900	+7.525e+02	+6.925e+03	+6.278e+03	+0.902
80.000	+1.673e+03	+3.855e+03	+7.984e+03	+0.697
80.100	+2.531e+03	+4.456e+03	+7.841e+03	+0.638
80.200	+1.622e+03	+2.940e+03	+8.395e+03	+0.644
80.300	+8.084e+03	+1.228e+03	+7.633e+03	+0.132
80.400	+7.622e+03	+8.874e+02	+7.506e+03	+0.104
80.500	+8.204e+03	+6.426e+02	+9.327e+03	+0.073
80.600	+7.525e+03	+1.097e+03	+1.025e+04	+0.127
80.700	+8.251e+03	+4.097e+02	+6.909e+03	+0.047
80.800	+9.271e+03	-4.379e+01	+7.307e+03	-0.005
80.900	+6.618e+03	+8.413e+02	+8.427e+03	+0.113
81.000	+7.461e+03	+2.299e+02	+8.543e+03	+0.030
81.100	+7.361e+03	+1.134e+03	+7.237e+03	+0.133
81.200	+3.214e+03	+3.965e+03	+8.154e+03	+0.552
81.300	+3.590e+03	+4.348e+03	+8.255e+03	+0.548
81.400	+3.182e+03	+4.160e+03	+7.061e+03	+0.567
81.500	+2.001e+03	+4.932e+03	+6.997e+03	+0.711
81.600	+2.581e+03	+3.921e+03	+8.529e+03	+0.603
81.700	+2.262e+03	+4.730e+03	+8.707e+03	+0.676
81.800	+2.454e+03	+3.905e+03	+7.444e+03	+0.614
81.900	+1.304e+03	+4.465e+03	+8.805e+03	+0.774
82.000	+1.454e+03	+3.672e+03	+5.875e+03	+0.716
82.100	+2.386e+03	+3.250e+03	+8.155e+03	+0.577
82.200	+3.090e+03	+3.389e+03	+6.454e+03	+0.523
82.300	+3.924e+03	+4.830e+03	+7.385e+03	+0.552
82.400	+4.062e+03	+4.284e+03	+6.084e+03	+0.513
82.500	+3.918e+03	+4.296e+03	+6.868e+03	+0.523
82.600	+1.986e+03	+4.093e+03	+8.671e+03	+0.673
82.700	+3.413e+03	+4.928e+03	+8.543e+03	+0.591
82.800	+2.524e+03	+5.447e+03	+6.635e+03	+0.683
82.900	+2.440e+03	+4.831e+03	+6.314e+03	+0.664
83.000	+1.608e+03	+3.408e+03	+6.517e+03	+0.679
83.100	+4.701e+03	+4.083e+03	+6.870e+03	+0.465
83.200	+2.543e+03	+3.976e+03	+7.175e+03	+0.610
83.300	+2.964e+03	+4.889e+03	+5.811e+03	+0.623
83.400	-2.191e+02	+7.181e+03	+5.690e+03	+1.031
83.500	+9.407e+02	+6.154e+03	+4.905e+03	+0.867
83.600	+1.187e+03	+6.534e+03	+7.021e+03	+0.846
83.700	+9.887e+02	+5.855e+03	+7.514e+03	+0.856
83.800	-6.767e+02	+6.414e+03	+6.344e+03	+1.118
83.900	-3.215e+01	+4.883e+03	+4.889e+03	+1.007
84.000	+1.151e+03	+5.678e+03	+7.433e+03	+0.831
84.100	+2.341e+03	+8.351e+03	+6.808e+03	+0.781
84.200	+9.578e+02	+7.120e+03	+8.961e+03	+0.881
84.300	+1.519e+03	+7.346e+03	+7.392e+03	+0.829
84.400	+1.175e+03	+7.278e+03	+8.426e+03	+0.861
84.500	+1.209e+02	+6.715e+03	+7.602e+03	+0.982
84.600	+1.141e+02	+6.513e+03	+8.646e+03	+0.983
84.700	+1.669e+03	+6.731e+03	+8.417e+03	+0.801
84.800	+8.910e+02	+6.072e+03	+6.683e+03	+0.872
84.900	+4.202e+02	+7.271e+03	+5.878e+03	+0.945
85.000	+6.300e+02	+7.499e+03	+6.301e+03	+0.923
85.100	+3.030e+02	+5.820e+03	+5.595e+03	+0.951
85.200	+9.052e+02	+6.802e+03	+4.980e+03	+0.883
85.300	+1.581e+03	+5.995e+03	+6.799e+03	+0.791
85.400	+1.198e+03	+6.629e+03	+5.770e+03	+0.847
85.500	+1.282e+03	+7.473e+03	+9.053e+03	+0.854
85.600	+7.162e+01	+6.709e+03	+6.662e+03	+0.989
85.700	+1.059e+03	+6.851e+03	+8.982e+03	+0.866
85.800	+6.999e+02	+6.680e+03	+6.656e+03	+0.905
85.900	-2.599e+02	+6.777e+03	+7.685e+03	+1.040
86.000	+6.218e+02	+7.050e+03	+6.581e+03	+0.919
86.100	+3.675e+02	+6.430e+03	+7.752e+03	+0.946
86.200	+1.400e+03	+6.720e+03	+8.015e+03	+0.828
86.300	+1.762e+03	+6.720e+03	+7.491e+03	+0.792
86.400	+1.062e+03	+6.626e+03	+7.264e+03	+0.862
86.500	+1.300e+03	+5.928e+03	+7.805e+03	+0.820
86.600	+1.524e+03	+7.675e+03	+8.507e+03	+0.834
86.700	-4.752e+02	+7.383e+03	+9.963e+03	+1.069
86.800	+7.914e+02	+6.939e+03	+8.499e+03	+0.898
86.900	+1.681e+02	+6.180e+03	+7.751e+03	+0.974
87.000	+1.585e+03	+6.984e+03	+9.547e+03	+0.815
87.100	+7.235e+02	+6.907e+03	+5.577e+03	+0.905
87.200	+1.096e+03	+6.921e+03	+6.845e+03	+0.863
87.300	+3.126e+02	+7.486e+03	+7.544e+03	+0.960
87.400	+3.925e+02	+9.203e+03	+7.850e+03	+0.959
87.500	-5.177e+02	+6.440e+03	+8.097e+03	+1.087
87.600	+8.918e+02	+6.355e+03	+6.537e+03	+0.877
87.700	+1.182e+03	+4.998e+03	+7.438e+03	+0.809
87.800	+4.883e+02	+8.135e+03	+7.991e+03	+0.943
87.900	+1.772e+03	+7.315e+03	+8.816e+03	+0.805
88.000	+2.497e+03	+6.690e+03	+6.480e+03	+0.728
88.100	+5.530e+02	+7.402e+03	+9.667e+03	+0.930
88.200	+1.254e+03	+6.448e+03	+8.971e+03	+0.837
88.300	+5.242e+02	+6.149e+03	+5.991e+03	+0.921
88.400	+1.139e+03	+6.879e+03	+8.837e+03	+0.858
88.500	+1.723e+03	+7.250e+03	+6.090e+03	+0.808
88.600	+9.043e+02	+6.984e+03	+7.873e+03	+0.885
88.700	+8.836e+03	+1.169e+03	+9.876e+03	+0.117
88.800	+7.954e+03	+4.019e+02	+7.857e+03	+0.048
88.900	+8.043e+03	+2.294e+02	+7.678e+03	+0.028
89.000	+7.038e+03	+2.793e+02	+8.900e+03	+0.038
89.100	+6.552e+03	+1.355e+03	+8.844e+03	+0.171
89.200	+7.991e+03	+1.607e+03	+7.894e+03	+0.167
89.300	+7.205e+03	+1.562e+03	+8.075e+03	+0.178
89.400	+2.258e+03	+4.496e+03	+6.938e+03	+0.666
89.500	+2.442e+03	+3.799e+03	+5.864e+03	+0.609
89.600	+3.522e+03	+3.550e+03	+9.818e+03	+0.502
89.700	+2.788e+03	+3.816e+03	+9.467e+03	+0.578
89.800	+1.453e+03	+5.820e+03	+8.018e+03	+0.800
89.900	+3.634e+03	+3.039e+03	+7.265e+03	+0.455
90.000	+1.618e+03	+4.991e+03	+6.252e+03	+0.755
90.100	+1.554e+03	+4.045e+03	+6.734e+03	+0.722
90.200	+1.949e+03	+5.536e+03	+8.526e+03	+0.740
90.300	+2.487e+03	+4.530e+03	+8.250e+03	+0.646
90.400	+1.539e+03	+4.272e+03	+6.415e+03	+0.735
90.500	+3.176e+03	+4.076e+03	+6.415e+03	+0.562
90.600	+3.208e+03	+5.459e+03	+8.388e+03	+0.630
90.700	+3.777e+03	+3.879e+03	+6.984e+03	+0.507
90.800	+1.133e+03	+3.900e+03	+8.212e+03	+0.775
90.900	+2.893e+03	+4.723e+03	+7.184e+03	+0.620
91.000	+2.779e+03	+3.298e+03	+9.047e+03	+0.543
91.100	+2.755e+03	+4.693e+03	+5.663e+03	+0.630
91.200	+2.211e+03	+4.381e+03	+6.430e+03	+0.665
91.300	+2.666e+03	+3.501e+03	+8.182e+03	+0.568
91.400	+3.350e+03	+4.043e+03	+6.324e+03	+0.547
91.500	+1.911e+03	+3.659e+03	+6.511e+03	+0.657
91.600	+1.685e+03	+4.491e+03	+7.441e+03	+0.727
91.700	+2.829e+03	+4.228e+03	+7.940e+03	+0.599
91.800	+3.465e+03	+4.426e+03	+1.011e+04	+0.561
91.900	+2.891e+03	+4.965e+03	+6.781e+03	+0.632
92.000	+2.600e+03	+4.288e+03	+6.672e+03	+0.623
92.100	+3.421e+03	+4.364e+03	+7.592e+03	+0.561
92.200	+1.940e+03	+4.309e+03	+6.896e+03	+0.690
92.300	+1.963e+03	+4.696e+03	+8.468e+03	+0.705
92.400	+3.330e+03	+3.951e+03	+8.871e+03	+0.543
92.500	+2.242e+03	+5.097e+03	+6.958e+03	+0.695
92.600	+3.794e+03	+4.077e+03	+8.780e+03	+0.518
92.700	+2.283e+03	+3.970e+03	+6.565e+03	+0.635
92.800	+1.480e+03	+5.500e+03	+6.928e+03	+0.788
92.900	+1.390e+03	+5.551e+03	+8.001e+03	+0.800
93.000	+4.451e+03	+4.215e+03	+8.580e+03	+0.486
93.100	+3.273e+03	+3.722e+03	+7.024e+03	+0.532
93.200	+3.953e+03	+4.624e+03	+6.731e+03	+0.539
93.300	+2.448e+03	+4.686e+03	+1.024e+04	+0.657
93.400	+2.941e+03	+5.477e+03	+7.714e+03	+0.651
93.500	+2.697e+03	+4.108e+03	+7.743e+03	+0.604
93.600	+3.201e+03	+3.358e+03	+7.922e+03	+0.512
93.700	+2.399e+03	+5.059e+03	+8.214e+03	+0.678
93.800	+3.514e+03	+4.323e+03	+8.715e+03	+0.552
93.900	+2.200e+03	+6.772e+03	+6.950e+03	+0.755
94.000	+1.317e+03	+7.028e+03	+8.255e+03	+0.842
94.100	+1.854e+03	+7.647e+03	+5.443e+03	+0.805
94.200	+1.057e+03	+7.566e+03	+7.539e+03	+0.877
94.300	+5.301e+01	+5.771e+03	+8.273e+03	+0.991
94.400	+3.040e+02	+6.666e+03	+6.980e+03	+0.956
94.500	+2.044e+03	+6.260e+03	+9.919e+03	+0.754
94.600	-3.644e+02	+4.799e+03	+7.369e+03	+1.082
94.700	+4.444e+02	+6.397e+03	+6.272e+03	+0.935
94.800	+1.400e+03	+7.867e+03	+6.280e+03	+0.849
94.900	+1.099e+03	+7.479e+03	+7.256e+03	+0.872
95.000	-3.328e+02	+5.662e+03	+7.207e+03	+1.062
95.100	+9.387e+02	+6.625e+03	+6.578e+03	+0.876
95.200	+1.861e+03	+6.524e+03	+7.056e+03	+0.778
95.300	+1.078e+03	+7.084e+03	+8.947e+03	+0.868
95.400	+1.709e+02	+6.082e+03	+6.385e+03	+0.973
95.500	+1.982e+02	+6.994e+03	+8.359e+03	+0.972
95.600	+1.196e+03	+8.304e+03	+7.889e+03	+0.874
95.700	+1.337e+03	+5.795e+03	+8.438e+03	+0.813
95.800	+1.364e+03	+7.450e+03	+6.941e+03	+0.845
95.900	+2.243e+02	+5.406e+03	+7.574e+03	+0.960
96.000	+1.695e+03	+9.139e+03	+8.075e+03	+0.844
96.100	+2.707e+02	+5.916e+03	+6.453e+03	+0.956
96.200	+6.750e+02	+6.971e+03	+7.221e+03	+0.912
96.300	+6.060e+02	+6.452e+03	+7.087e+03	+0.914
96.400	-7.191e+02	+7.047e+03	+8.134e+03	+1.114
96.500	+8.911e+02	+7.312e+03	+7.057e+03	+0.891
96.600	+9.065e+02	+5.697e+03	+6.771e+03	+0.863
96.700	+6.722e+02	+7.602e+03	+7.867e+03	+0.919
96.800	+9.963e+02	+4.397e+03	+8.482e+03	+0.815
96.900	+1.406e+03	+4.331e+03	+7.712e+03	+0.755
97.000	+2.077e+03	+4.644e+03	+8.415e+03	+0.691
97.100	+3.104e+03	+4.536e+03	+5.806e+03	+0.594
97.200	+2.713e+03	+3.630e+03	+8.283e+03	+0.572
97.300	+2.141e+03	+3.330e+03	+8.336e+03	+0.609
97.400	+3.092e+03	+3.943e+03	+6.892e+03	+0.560
97.500	+2.866e+03	+2.732e+03	+8.141e+03	+0.488
97.600	+2.356e+03	+5.100e+03	+7.586e+03	+0.684
97.700	+3.239e+03	+4.101e+03	+5.590e+03	+0.559
97.800	+2.638e+03	+3.908e+03	+5.370e+03	+0.597
97.900	+2.347e+03	+3.446e+03	+8.061e+03	+0.595
98.000	+2.311e+03	+4.889e+03	+7.179e+03	+0.679
98.100	+3.717e+03	+3.774e+03	+7.736e+03	+0.504
98.200	+2.322e+03	+4.908e+03	+7.884e+03	+0.679
98.300	+2.248e+03	+4.004e+03	+8.632e+03	+0.640
98.400	+3.691e+03	+2.635e+03	+7.133e+03	+0.417
98.500	+2.185e+03	+3.660e+03	+8.114e+03	+0.626
98.600	+3.400e+03	+4.286e+03	+8.711e+03	+0.558
98.700	+1.854e+03	+4.691e+03	+7.753e+03	+0.717
98.800	+1.138e+03	+4.813e+03	+7.826e+03	+0.809
98.900	+2.469e+03	+7.672e+03	+8.490e+03	+0.757
99.000	+1.563e+02	+8.077e+03	+8.738e+03	+0.981
99.100	+1.538e+02	+7.745e+03	+5.361e+03	+0.981
99.200	+1.120e+03	+7.464e+03	+9.958e+03	+0.870
99.300	+4.387e+02	+7.800e+03	+5.078e+03	+0.947
99.400	+1.466e+03	+5.137e+03	+6.523e+03	+0.778
99.500	+5.175e+02	+5.364e+03	+7.938e+03	+0.912
99.600	+7.570e+02	+6.846e+03	+6.305e+03	+0.900
99.700	+6.489e+02	+6.388e+03	+8.211e+03	+0.908
99.800	+7.685e+02	+6.495e+03	+6.689e+03	+0.894
99.900	+9.454e+02	+6.129e+03	+7.867e+03	+0.866
100.000	+8.352e+02	+8.005e+03	+7.860e+03	+0.906
100.100	+2.092e+03	+7.192e+03	+7.279e+03	+0.775
100.200	+1.202e+03	+6.816e+03	+6.342e+03	+0.850
100.300	-9.968e+01	+5.094e+03	+7.457e+03	+1.020
100.400	+8.741e+02	+7.623e+03	+8.333e+03	+0.897
100.500	+4.271e+02	+6.390e+03	+6.612e+03	+0.937
100.600	+6.093e+02	+6.093e+03	+8.288e+03	+0.909
100.700	+1.171e+03	+7.070e+03	+6.465e+03	+0.858
100.800	+1.018e+03	+8.324e+03	+8.597e+03	+0.891
100.900	+1.554e+03	+7.588e+03	+7.210e+03	+0.830
101.000	+9.540e+02	+8.066e+03	+7.940e+03	+0.894
101.100	+8.752e+02	+7.937e+03	+7.973e+03	+0.901
101.200	+2.070e+02	+7.972e+03	+8.001e+03	+0.975
101.300	+2.418e+02	+7.021e+03	+7.738e+03	+0.967
101.400	-4.165e+02	+8.182e+03	+6.115e+03	+1.054
101.500	+1.376e+03	+7.038e+03	+7.006e+03	+0.836
101.600	+1.202e+03	+5.676e+03	+8.058e+03	+0.825
101.700	+1.222e+03	+6.941e+03	+8.652e+03	+0.850
101.800	+9.570e+02	+6.924e+03	+9.912e+03	+0.879
101.900	+1.847e+02	+6.160e+03	+5.231e+03	+0.971
102.000	+3.603e+02	+4.814e+03	+6.334e+03	+0.930
102.100	-2.956e+02	+5.891e+03	+8.259e+03	+1.053
102.200	+8.636e+02	+6.482e+03	+7.210e+03	+0.882
102.300	+1.096e+03	+6.534e+03	+9.482e+03	+0.856
102.400	+7.547e+03	+1.176e+03	+9.096e+03	+0.135
102.500	+6.045e+03	+1.317e+03	+9.320e+03	+0.179
102.600	+5.557e+03	+4.119e+03	+9.522e+03	+0.426
102.700	+2.028e+03	+6.947e+03	+9.038e+03	+0.774
102.800	+1.829e+02	+6.188e+03	+8.285e+03	+0.971
102.900	+7.340e+02	+6.851e+03	+8.991e+03	+0.903
103.000	-3.166e+02	+7.886e+03	+8.611e+03	+1.042
103.100	+5.468e+02	+4.756e+03	+8.007e+03	+0.897
103.200	-2.202e+02	+7.715e+03	+7.390e+03	+1.029
103.300	+1.459e+03	+7.479e+03	+6.819e+03	+0.837
103.400	+1.269e+03	+6.674e+03	+8.717e+03	+0.840
103.500	+1.293e+03	+6.956e+03	+6.383e+03	+0.843
103.600	+4.871e+02	+6.245e+03	+7.342e+03	+0.928
103.700	+1.250e+03	+8.316e+03	+6.264e+03	+0.869
103.800	+1.284e+03	+6.879e+03	+8.587e+03	+0.843
103.900	+9.169e+02	+6.209e+03	+8.301e+03	+0.871
104.000	+3.142e+02	+5.928e+03	+6.795e+03	+0.950
104.100	+5.644e+02	+5.371e+03	+5.859e+03	+0.905
104.200	-5.470e+01	+6.844e+03	+7.624e+03	+1.008
104.300	+1.102e+03	+5.407e+03	+6.766e+03	+0.831
104.400	+1.086e+03	+7.763e+03	+8.351e+03	+0.877
104.500	+1.210e+03	+7.823e+03	+8.453e+03	+0.866
104.600	+1.854e+03	+7.955e+03	+7.466e+03	+0.811
104.700	+1.121e+03	+7.258e+03	+6.694e+03	+0.866
104.800	+2.447e+03	+6.802e+03	+7.406e+03	+0.735
104.900	+7.684e+02	+7.207e+03	+8.121e+03	+0.904
105.000	+1.018e+03	+5.760e+03	+7.841e+03	+0.850
105.100	+1.577e+03	+7.168e+03	+9.701e+03	+0.820
105.200	+5.076e+02	+7.469e+03	+7.192e+03	+0.936
105.300	+6.991e+02	+5.316e+03	+9.520e+03	+0.884
105.400	+1.186e+02	+5.451e+03	+8.478e+03	+0.979
105.500	+2.275e+03	+6.806e+03	+7.091e+03	+0.750
105.600	+1.147e+03	+5.822e+03	+8.676e+03	+0.835
105.700	+1.481e+03	+6.513e+03	+8.397e+03	+0.815
105.800	+2.855e+02	+6.722e+03	+6.224e+03	+0.959
105.900	+4.725e+02	+6.164e+03	+5.391e+03	+0.929
106.000	+7.943e+02	+5.869e+03	+6.301e+03	+0.881
106.100	+1.204e+03	+5.125e+03	+6.850e+03	+0.810
106.200	-1.502e+02	+4.752e+03	+7.941e+03	+1.033
106.300	+8.985e+02	+4.962e+03	+7.826e+03	+0.847
106.400	+1.046e+03	+7.417e+03	+6.487e+03	+0.876
106.500	+1.914e+02	+5.120e+03	+8.003e+03	+0.964
106.600	+1.054e+03	+6.038e+03	+8.494e+03	+0.851
106.700	+3.686e+03	+3.423e+03	+8.716e+03	+0.482
106.800	+8.344e+03	+1.538e+03	+7.633e+03	+0.156
106.900	+6.877e+03	+1.734e+03	+7.001e+03	+0.201
107.000	+6.272e+03	+1.697e+03	+7.301e+03	+0.213
107.100	+7.933e+03	+9.762e+01	+6.920e+03	+0.012
107.200	+6.832e+03	+1.171e+03	+8.262e+03	+0.146
107.300	+8.592e+03	+1.053e+03	+8.360e+03	+0.109
107.400	+7.536e+03	+2.900e+02	+7.726e+03	+0.037
107.500	+3.163e+03	+3.588e+03	+7.754e+03	+0.531
107.600	+2.589e+03	+4.088e+03	+6.026e+03	+0.612
107.700	+2.843e+03	+4.923e+03	+9.034e+03	+0.634
107.800	+2.173e+03	+2.996e+03	+9.334e+03	+0.580
107.900	+2.874e+03	+4.942e+03	+7.768e+03	+0.632
108.000	+2.502e+03	+3.592e+03	+7.332e+03	+0.589
108.100	+3.074e+03	+3.524e+03	+8.681e+03	+0.534
108.200	+2.926e+03	+4.512e+03	+7.599e+03	+0.607
108.300	+2.833e+03	+2.469e+03	+8.713e+03	+0.466
108.400	+2.290e+03	+4.613e+03	+6.451e+03	+0.668
108.500	+3.884e+03	+3.521e+03	+8.381e+03	+0.476
108.600	+1.501e+03	+5.298e+03	+5.584e+03	+0.779
108.700	+1.741e+03	+8.422e+03	+8.550e+03	+0.829
108.800	+1.438e+02	+7.314e+03	+8.146e+03	+0.981
108.900	+7.612e+02	+7.346e+03	+7.219e+03	+0.906
109.000	-7.368e+02	+5.499e+03	+7.456e+03	+1.155
109.100	+2.144e+03	+6.348e+03	+7.719e+03	+0.748
109.200	+7.220e+02	+5.723e+03	+9.034e+03	+0.888
109.300	+4.681e+02	+7.501e+03	+7.117e+03	+0.941
109.400	+4.677e+02	+8.248e+03	+6.473e+03	+0.946
109.500	+1.170e+03	+7.143e+03	+6.715e+03	+0.859
109.600	+8.056e+02	+6.007e+03	+6.958e+03	+0.882
109.700	+7.587e+02	+6.306e+03	+8.675e+03	+0.893
109.800	+6.476e+02	+7.256e+03	+4.777e+03	+0.918
109.900	+6.740e+02	+5.408e+03	+7.600e+03	+0.889
110.000	+1.219e+02	+7.208e+03	+9.011e+03	+0.983
110.100	+1.352e+03	+8.081e+03	+7.765e+03	+0.857
110.200	+1.399e+03	+5.084e+03	+7.933e+03	+0.784
110.300	+3.038e+03	+4.007e+03	+6.564e+03	+0.569
110.400	+4.104e+03	+3.455e+03	+6.798e+03	+0.457
110.500	+1.978e+03	+4.122e+03	+7.506e+03	+0.676
110.600	+1.914e+03	+4.303e+03	+7.313e+03	+0.692
110.700	+3.918e+03	+4.351e+03	+7.271e+03	+0.526
110.800	+3.414e+03	+4.956e+03	+6.249e+03	+0.592
110.900	+2.308e+03	+4.127e+03	+7.254e+03	+0.641
111.000	+2.846e+03	+5.160e+03	+7.525e+03	+0.645
111.100	+2.948e+03	+6.046e+03	+8.440e+03	+0.672
111.200	+3.316e+03	+4.368e+03	+8.227e+03	+0.568
111.300	+3.117e+03	+4.915e+03	+7.005e+03	+0.612
111.400	+2.805e+03	+3.495e+03	+8.761e+03	+0.555
111.500	+9.427e+02	+4.380e+03	+8.189e+03	+0.823
111.600	+4.874e+03	+4.573e+03	+8.933e+03	+0.484
111.700	+3.711e+03	+2.935e+03	+7.734e+03	+0.442
111.800	+4.465e+03	+4.683e+03	+8.855e+03	+0.512
111.900	+2.759e+03	+4.850e+03	+6.412e+03	+0.637
112.000	+3.815e+03	+3.168e+03	+6.974e+03	+0.454
112.100	+3.012e+03	+4.927e+03	+9.628e+03	+0.621
112.200	+4.288e+03	+4.848e+03	+7.082e+03	+0.531
112.300	+2.848e+03	+4.122e+03	+8.404e+03	+0.591
112.400	+2.537e+03	+4.733e+03	+9.176e+03	+0.651
112.500	+3.249e+03	+4.576e+03	+8.247e+03	+0.585
112.600	+3.323e+03	+4.575e+03	+7.363e+03	+0.579
112.700	+2.624e+03	+4.471e+03	+9.056e+03	+0.630
112.800	+2.824e+03	+4.093e+03	+6.853e+03	+0.592
112.900	+2.442e+03	+4.223e+03	+8.179e+03	+0.634
113.000	+3.126e+03	+4.666e+03	+6.140e+03	+0.599
113.100	+2.279e+03	+4.634e+03	+8.375e+03	+0.670
113.200	+2.906e+03	+3.414e+03	+7.615e+03	+0.540
113.300	+3.456e+03	+4.969e+03	+7.257e+03	+0.590
113.400	+3.289e+03	+3.353e+03	+7.262e+03	+0.505
113.500	+3.355e+03	+4.138e+03	+9.602e+03	+0.552
113.600	+2.537e+03	+3.414e+03	+7.963e+03	+0.574
113.700	+1.628e+03	+5.098e+03	+6.272e+03	+0.758
113.800	+2.067e+03	+4.596e+03	+8.388e+03	+0.690
113.900	+2.054e+03	+3.810e+03	+6.253e+03	+0.650
114.000	+2.472e+03	+4.358e+03	+6.729e+03	+0.638
114.100	+2.646e+03	+3.465e+03	+8.752e+03	+0.567
114.200	+3.091e+03	+4.254e+03	+6.331e+03	+0.579
114.300	+2.592e+03	+4.693e+03	+9.062e+03	+0.644
114.400	+2.055e+03	+4.059e+03	+7.760e+03	+0.664
114.500	+2.623e+03	+4.437e+03	+7.774e+03	+0.628
114.600	+4.069e+03	+3.739e+03	+5.877e+03	+0.479
114.700	+2.366e+03	+4.642e+03	+7.661e+03	+0.662
114.800	+3.911e+03	+3.929e+03	+8.148e+03	+0.501
114.900	+2.592e+03	+3.482e+03	+8.007e+03	+0.573
115.000	+3.148e+03	+4.076e+03	+8.598e+03	+0.564
115.100	+3.069e+03	+5.040e+03	+6.385e+03	+0.622
115.200	+9.336e+02	+6.967e+03	+7.553e+03	+0.882
115.300	+1.631e+03	+7.074e+03	+7.680e+03	+0.813
115.400	+3.355e+03	+3.726e+03	+9.072e+03	+0.526
115.500	+2.332e+03	+5.680e+03	+7.940e+03	+0.709
115.600	+2.948e+03	+4.013e+03	+5.645e+03	+0.576
115.700	+2.127e+03	+4.316e+03	+6.773e+03	+0.670
115.800	+4.167e+03	+4.069e+03	+1.001e+04	+0.494
115.900	+3.032e+03	+3.482e+03	+9.006e+03	+0.535
116.000	+2.830e+03	+4.723e+03	+7.560e+03	+0.625
116.100	+2.016e+03	+5.684e+03	+7.718e+03	+0.738
116.200	+5.392e+02	+6.612e+03	+6.079e+03	+0.925
116.300	+1.355e+03	+6.221e+03	+8.159e+03	+0.821
116.400	+7.642e+02	+5.938e+03	+7.481e+03	+0.886
116.500	+1.215e+03	+6.525e+03	+7.743e+03	+0.843
116.600	+9.959e+02	+6.166e+03	+6.927e+03	+0.861
116.700	-8.608e+02	+5.923e+03	+7.095e+03	+1.170
116.800	+9.965e+02	+7.238e+03	+5.859e+03	+0.879
116.900	+1.535e+03	+7.099e+03	+7.497e+03	+0.822
117.000	-1.640e+02	+5.501e+03	+7.135e+03	+1.031
117.100	+1.008e+03	+8.037e+03	+7.407e+03	+0.889
117.200	+7.435e+02	+6.171e+03	+8.470e+03	+0.892
117.300	+3.002e+03	+3.766e+03	+8.504e+03	+0.556
117.400	+1.850e+03	+3.942e+03	+7.933e+03	+0.681
117.500	+3.356e+03	+3.869e+03	+1.037e+04	+0.535
117.600	+2.085e+03	+5.238e+03	+7.790e+03	+0.715
117.700	+2.622e+03	+5.805e+03	+6.347e+03	+0.689
117.800	+3.387e+03	+2.981e+03	+8.224e+03	+0.468
117.900	+2.518e+03	+4.431e+03	+7.565e+03	+0.638
118.000	+2.043e+03	+3.590e+03	+7.312e+03	+0.637
118.100	+3.378e+03	+5.083e+03	+7.386e+03	+0.601
118.200	+2.626e+03	+4.359e+03	+7.817e+03	+0.624
118.300	+3.087e+03	+6.547e+03	+6.566e+03	+0.680
118.400	+2.123e+03	+4.286e+03	+8.697e+03	+0.669
118.500	+3.047e+03	+4.734e+03	+9.400e+03	+0.608
118.600	+2.708e+03	+3.558e+03	+7.209e+03	+0.568
118.700	+2.764e+03	+4.063e+03	+8.013e+03	+0.595
118.800	+3.402e+03	+4.268e+03	+6.865e+03	+0.556
118.900	+2.504e+03	+5.210e+03	+7.324e+03	+0.675
119.000	+4.868e+03	+3.700e+03	+8.152e+03	+0.432
119.100	+3.711e+03	+3.077e+03	+6.270e+03	+0.453
119.200	+2.720e+03	+4.153e+03	+8.805e+03	+0.604
119.300	+1.047e+03	+4.809e+03	+9.590e+03	+0.821
119.400	+4.181e+03	+4.190e+03	+8.773e+03	+0.501
119.500	+2.638e+03	+5.134e+03	+7.612e+03	+0.661
119.600	+2.897e+03	+4.831e+03	+7.201e+03	+0.625
119.700	+2.011e+03	+4.270e+03	+6.550e+03	+0.680
119.800	+1.749e+03	+4.365e+03	+8.388e+03	+0.714
119.900	+3.061e+03	+3.297e+03	+5.891e+03	+0.519
120.000	+2.354e+03	+4.296e+03	+7.137e+03	+0.646
120.100	+3.489e+03	+4.533e+03	+7.498e+03	+0.565
120.200	+3.042e+03	+3.603e+03	+8.390e+03	+0.542
120.300	+4.242e+03	+4.290e+03	+6.605e+03	+0.503
120.400	+2.272e+03	+4.099e+03	+8.763e+03	+0.643
120.500	+2.833e+03	+2.593e+03	+1.008e+04	+0.478
120.600	+1.216e+03	+4.006e+03	+8.149e+03	+0.767
120.700	+3.419e+03	+4.001e+03	+6.375e+03	+0.539
120.800	+2.938e+03	+3.878e+03	+7.323e+03	+0.569
120.900	+2.733e+03	+3.195e+03	+8.910e+03	+0.539
121.000	+3.107e+03	+5.207e+03	+9.984e+03	+0.626
121.100	+1.181e+03	+5.091e+03	+6.687e+03	+0.812
121.200	+4.520e+03	+4.310e+03	+7.001e+03	+0.488
121.300	+2.032e+03	+4.128e+03	+6.014e+03	+0.670
121.400	+2.933e+03	+5.315e+03	+8.491e+03	+0.644
121.500	+1.225e+03	+4.496e+03	+6.365e+03	+0.786
121.600	+3.085e+03	+5.022e+03	+7.147e+03	+0.619
121.700	+2.255e+03	+5.191e+03	+8.965e+03	+0.697
121.800	+2.972e+03	+4.436e+03	+7.848e+03	+0.599
121.900	+2.278e+03	+4.094e+03	+9.334e+03	+0.642
122.000	+1.933e+03	+4.247e+03	+7.024e+03	+0.687
122.100	+1.864e+03	+3.636e+03	+7.794e+03	+0.661
122.200	+3.575e+03	+3.677e+03	+5.698e+03	+0.507
122.300	+4.147e+03	+5.559e+03	+7.832e+03	+0.573
122.400	+3.995e+03	+3.226e+03	+6.735e+03	+0.447
122.500	+2.553e+03	+4.698e+03	+8.316e+03	+0.648
122.600	+3.381e+03	+4.760e+03	+7.266e+03	+0.585
122.700	+1.863e+03	+2.856e+03	+6.284e+03	+0.605
122.800	+3.650e+03	+3.036e+03	+8.708e+03	+0.454
122.900	+2.563e+03	+3.626e+03	+8.839e+03	+0.586
123.000	+3.064e+03	+5.268e+03	+7.934e+03	+0.632
123.100	+4.564e+03	+3.225e+03	+8.922e+03	+0.414
123.200	+2.252e+03	+3.406e+03	+8.593e+03	+0.602
123.300	+3.152e+03	+4.757e+03	+7.440e+03	+0.601
123.400	+3.210e+03	+4.220e+03	+7.621e+03	+0.568
123.500	+3.274e+03	+3.761e+03	+9.884e+03	+0.535
123.600	+2.323e+03	+4.568e+03	+5.448e+03	+0.663
123.700	+3.405e+03	+4.610e+03	+7.125e+03	+0.575
123.800	+2.129e+03	+3.261e+03	+7.009e+03	+0.605
123.900	+2.935e+03	+5.088e+03	+6.969e+03	+0.634
124.000	+2.126e+03	+3.805e+03	+7.599e+03	+0.642
124.100	+3.922e+03	+5.009e+03	+7.669e+03	+0.561
124.200	+2.143e+03	+5.099e+03	+7.936e+03	+0.704
124.300	+1.096e+03	+7.041e+03	+7.403e+03	+0.865
124.400	+2.013e+03	+6.319e+03	+7.153e+03	+0.758
124.500	+2.059e+02	+6.015e+03	+6.463e+03	+0.967
124.600	+1.334e+03	+7.370e+03	+6.688e+03	+0.847
124.700	+1.843e+03	+7.297e+03	+9.519e+03	+0.798
124.800	+6.630e+01	+5.085e+03	+7.600e+03	+0.987
124.900	+1.285e+03	+6.861e+03	+6.642e+03	+0.842
125.000	+2.400e+03	+6.842e+03	+6.970e+03	+0.740
125.100	+8.703e+02	+5.546e+03	+9.061e+03	+0.864
125.200	-4.325e+02	+6.774e+03	+8.131e+03	+1.068
125.300	+4.854e+02	+7.077e+03	+7.271e+03	+0.936
125.400	+1.590e+03	+6.799e+03	+6.809e+03	+0.810
125.500	+1.997e+03	+6.705e+03	+6.522e+03	+0.770
125.600	-5.191e+01	+7.085e+03	+9.490e+03	+1.007
125.700	+1.353e+03	+7.917e+03	+7.937e+03	+0.854
125.800	+1.204e+03	+5.859e+03	+6.315e+03	+0.830
125.900	+2.520e+02	+7.753e+03	+8.971e+03	+0.969
126.000	+7.168e+02	+6.314e+03	+6.112e+03	+0.898
126.100	+9.893e+02	+6.732e+03	+8.356e+03	+0.872
126.200	+2.238e+03	+5.673e+03	+9.050e+03	+0.717
126.300	+1.402e+03	+5.526e+03	+7.301e+03	+0.798
126.400	+6.144e+02	+6.107e+03	+8.124e+03	+0.909
126.500	+1.892e+03	+5.018e+03	+8.880e+03	+0.726
126.600	+3.618e+02	+8.485e+03	+6.874e+03	+0.959
126.700	+1.784e+03	+6.576e+03	+8.803e+03	+0.787
126.800	+1.339e+03	+6.137e+03	+6.141e+03	+0.821
126.900	+9.136e+02	+7.910e+03	+7.361e+03	+0.896
127.000	-6.261e+02	+6.168e+03	+8.353e+03	+1.113
127.100	+1.427e+03	+6.106e+03	+6.802e+03	+0.811
127.200	+1.414e+03	+7.300e+03	+8.753e+03	+0.838
127.300	+1.380e+03	+5.774e+03	+8.180e+03	+0.807
127.400	+8.250e+02	+5.908e+03	+8.186e+03	+0.877
127.500	+8.290e+02	+8.541e+03	+6.422e+03	+0.912
127.600	+1.157e+03	+8.714e+03	+7.889e+03	+0.883
127.700	+4.027e+02	+7.510e+03	+7.799e+03	+0.949
127.800	+2.673e+02	+6.512e+03	+7.559e+03	+0.961
127.900	+1.474e+03	+5.561e+03	+7.518e+03	+0.790
128.000	+1.117e+03	+6.812e+03	+7.796e+03	+0.859
128.100	+4.559e+02	+4.443e+03	+7.384e+03	+0.907
128.200	+1.553e+03	+6.823e+03	+6.991e+03	+0.815
128.300	+8.121e+02	+4.376e+03	+4.446e+03	+0.843
128.400	+6.565e+02	+6.422e+03	+6.671e+03	+0.907
128.500	+1.457e+03	+4.957e+03	+9.545e+03	+0.773
128.600	+1.526e+03	+5.867e+03	+9.196e+03	+0.794
128.700	+3.432e+03	+3.379e+03	+6.990e+03	+0.496
128.800	+2.663e+03	+3.399e+03	+9.739e+03	+0.561
128.900	+1.567e+03	+3.133e+03	+6.678e+03	+0.667
129.000	+2.593e+03	+3.520e+03	+8.771e+03	+0.576
129.100	+2.565e+03	+5.314e+03	+7.927e+03	+0.674
129.200	+2.241e+03	+5.341e+03	+9.768e+03	+0.704
129.300	+3.243e+03	+3.531e+03	+7.393e+03	+0.521
129.400	+3.856e+03	+2.954e+03	+9.038e+03	+0.434
129.500	+1.378e+03	+5.165e+03	+9.320e+03	+0.789
129.600	+2.902e+03	+3.388e+03	+8.005e+03	+0.539
129.700	+2.876e+03	+4.024e+03	+6.799e+03	+0.583
129.800	+3.286e+03	+6.033e+03	+8.476e+03	+0.647
129.900	+3.466e+03	+2.985e+03	+7.281e+03	+0.463
130.000	+3.459e+03	+5.953e+03	+7.819e+03	+0.632
130.100	+2.167e+03	+5.734e+03	+6.870e+03	+0.726
130.200	-1.021e+02	+8.007e+03	+7.580e+03	+1.013
130.300	+6.952e+02	+6.852e+03	+8.447e+03	+0.908
130.400	+1.584e+03	+8.610e+03	+7.955e+03	+0.845
130.500	+7.209e+02	+5.673e+03	+5.085e+03	+0.887
130.600	+3.486e+02	+6.729e+03	+5.635e+03	+0.951
130.700	+6.689e+02	+7.108e+03	+6.835e+03	+0.914
130.800	+6.731e+02	+4.892e+03	+8.458e+03	+0.879
130.900	+1.195e+03	+6.834e+03	+5.868e+03	+0.851
131.000	+1.208e+03	+6.123e+03	+7.650e+03	+0.835
131.100	+8.981e+02	+6.482e+03	+7.970e+03	+0.878
131.200	-6.178e+02	+6.700e+03	+7.160e+03	+1.102
131.300	+9.633e+02	+6.949e+03	+7.416e+03	+0.878
131.400	+1.322e+03	+8.221e+03	+7.207e+03	+0.861
131.500	+1.538e+03	+7.960e+03	+5.668e+03	+0.838
131.600	+2.013e+03	+7.037e+03	+8.242e+03	+0.778
131.700	+9.762e+02	+7.967e+03	+7.845e+03	+0.891
131.800	+1.037e+03	+6.370e+03	+9.353e+03	+0.860
131.900	+1.179e+03	+7.813e+03	+9.044e+03	+0.869
132.000	+2.025e+03	+6.557e+03	+7.880e+03	+0.764
132.100	+8.603e+02	+5.297e+03	+8.324e+03	+0.860
132.200	+3.845e+02	+6.811e+03	+7.246e+03	+0.947
132.300	+7.151e+02	+8.618e+03	+5.137e+03	+0.923
132.400	+1.167e+02	+7.377e+03	+8.979e+03	+0.984
132.500	+5.461e+02	+4.111e+03	+8.390e+03	+0.883
132.600	+1.248e+03	+7.614e+03	+6.489e+03	+0.859
132.700	+1.281e+03	+6.010e+03	+8.365e+03	+0.824
132.800	+1.066e+03	+6.489e+03	+8.490e+03	+0.859
132.900	-8.422e+00	+5.896e+03	+8.235e+03	+1.001
133.000	+3.026e+02	+5.814e+03	+6.512e+03	+0.951
133.100	+1.073e+03	+6.161e+03	+6.243e+03	+0.852
133.200	+7.750e+02	+6.002e+03	+9.664e+03	+0.886
133.300	+7.204e+02	+7.649e+03	+9.578e+03	+0.914
133.400	+1.642e+03	+6.414e+03	+6.962e+03	+0.796
133.500	-1.808e+02	+7.601e+03	+7.625e+03	+1.024
133.600	+4.066e+02	+8.096e+03	+8.363e+03	+0.952
133.700	+1.300e+03	+4.536e+03	+8.379e+03	+0.777
133.800	+2.081e+03	+8.155e+03	+6.697e+03	+0.797
133.900	+5.985e+02	+8.195e+03	+7.112e+03	+0.932
134.000	+7.620e+02	+6.835e+03	+5.738e+03	+0.900
134.100	+1.536e+03	+6.382e+03	+6.989e+03	+0.806
134.200	+1.162e+03	+5.510e+03	+6.948e+03	+0.826
134.300	+1.700e+03	+7.298e+03	+7.337e+03	+0.811
134.400	+1.305e+03	+5.661e+03	+7.189e+03	+0.813
134.500	+1.146e+03	+5.745e+03	+7.072e+03	+0.834
134.600	+1.787e+03	+7.889e+03	+6.264e+03	+0.815
134.700	+1.593e+03	+6.072e+03	+6.205e+03	+0.792
134.800	+7.058e+02	+5.549e+03	+6.593e+03	+0.887
134.900	+8.514e+02	+7.427e+03	+7.792e+03	+0.897
135.000	+1.288e+03	+6.421e+03	+7.155e+03	+0.833
135.100	+3.644e+02	+7.680e+03	+7.678e+03	+0.955
135.200	+2.291e+03	+7.387e+03	+8.412e+03	+0.763
135.300	+6.586e+02	+6.072e+03	+7.155e+03	+0.902
135.400	+2.007e+03	+7.352e+03	+8.605e+03	+0.786
135.500	+3.675e+02	+8.712e+03	+8.127e+03	+0.960
135.600	+2.547e+02	+7.634e+03	+6.192e+03	+0.968
135.700	+2.455e+03	+4.442e+03	+7.980e+03	+0.644
135.800	+2.445e+03	+3.019e+03	+6.391e+03	+0.552
135.900	+2.851e+03	+2.813e+03	+9.760e+03	+0.497
136.000	+4.092e+03	+5.050e+03	+6.789e+03	+0.552
136.100	+4.330e+03	+4.766e+03	+1.001e+04	+0.524
136.200	+1.784e+03	+4.288e+03	+7.067e+03	+0.706
136.300	+9.120e+02	+4.081e+03	+6.888e+03	+0.817
136.400	+3.014e+03	+5.163e+03	+7.150e+03	+0.631
136.500	+2.550e+03	+4.633e+03	+7.381e+03	+0.645
136.600	+2.810e+03	+4.002e+03	+7.249e+03	+0.587
136.700	+2.281e+03	+3.600e+03	+8.865e+03	+0.612
136.800	+1.245e+03	+2.159e+03	+8.028e+03	+0.634
136.900	+5.443e+03	+5.355e+03	+5.619e+03	+0.496
137.000	+1.778e+03	+4.790e+03	+7.086e+03	+0.729
137.100	+2.890e+03	+4.741e+03	+9.957e+03	+0.621
137.200	+1.965e+03	+5.355e+03	+7.679e+03	+0.732
137.300	+1.778e+03	+3.326e+03	+1.005e+04	+0.652
137.400	+3.235e+03	+3.561e+03	+8.697e+03	+0.524
137.500	+2.510e+03	+3.946e+03	+7.308e+03	+0.611
137.600	+2.484e+03	+5.482e+03	+7.439e+03	+0.688
137.700	+2.142e+03	+5.508e+03	+8.000e+03	+0.720
137.800	+2.460e+03	+4.400e+03	+6.542e+03	+0.641
137.900	+3.351e+03	+4.170e+03	+5.924e+03	+0.554
138.000	+3.721e+03	+4.578e+03	+6.476e+03	+0.552
138.100	+7.112e+02	+5.906e+03	+7.711e+03	+0.893
138.200	+8.070e+02	+6.721e+03	+8.854e+03	+0.893
138.300	+8.580e+02	+6.201e+03	+6.957e+03	+0.878
138.400	+1.173e+03	+6.294e+03	+6.136e+03	+0.843
138.500	+4.591e+02	+7.228e+03	+6.385e+03	+0.940
138.600	+1.278e+01	+7.932e+03	+6.158e+03	+0.998
138.700	+1.777e+02	+6.362e+03	+6.978e+03	+0.973
138.800	+2.048e+03	+7.145e+03	+8.016e+03	+0.777
138.900	+1.647e+03	+7.517e+03	+7.602e+03	+0.820
139.000	+1.538e+02	+6.397e+03	+8.028e+03	+0.977
139.100	+1.468e+03	+7.102e+03	+7.536e+03	+0.829
139.200	+3.641e+02	+6.169e+03	+8.327e+03	+0.944
139.300	+2.246e+02	+6.118e+03	+7.164e+03	+0.965
139.400	+2.010e+03	+6.891e+03	+7.271e+03	+0.774
139.500	+1.353e+03	+7.737e+03	+7.988e+03	+0.851
139.600	+1.913e+03	+5.926e+03	+8.285e+03	+0.756
139.700	+1.310e+03	+7.711e+03	+7.589e+03	+0.855
139.800	+1.143e+03	+6.321e+03	+7.124e+03	+0.847
139.900	+2.464e+03	+7.471e+03	+8.257e+03	+0.752
140.000	+1.165e+03	+7.001e+03	+7.322e+03	+0.857
140.100	+1.901e+03	+7.833e+03	+8.405e+03	+0.805
140.200	+7.856e+02	+6.634e+03	+8.190e+03	+0.894
140.300	+1.981e+03	+5.132e+03	+9.134e+03	+0.721
140.400	+2.623e+03	+4.182e+03	+7.344e+03	+0.615
140.500	+2.830e+03	+5.840e+03	+9.431e+03	+0.674
140.600	+2.476e+03	+5.255e+03	+6.376e+03	+0.680
140.700	+2.214e+03	+5.088e+03	+8.869e+03	+0.697
140.800	+3.997e+02	+3.411e+03	+8.553e+03	+0.895
140.900	+2.398e+03	+3.330e+03	+8.077e+03	+0.581
141.000	+2.242e+03	+4.521e+03	+7.949e+03	+0.668
141.100	+2.672e+03	+4.582e+03	+6.090e+03	+0.632
141.200	+2.433e+03	+3.366e+03	+9.281e+03	+0.580
141.300	+2.695e+03	+3.815e+03	+7.640e+03	+0.586
141.400	+2.322e+03	+4.465e+03	+5.481e+03	+0.658
141.500	+1.507e+03	+4.116e+03	+7.547e+03	+0.732
141.600	+3.983e+03	+4.992e+03	+8.697e+03	+0.556
141.700	+2.449e+03	+5.083e+03	+5.366e+03	+0.675
141.800	+1.346e+03	+3.390e+03	+7.645e+03	+0.716
141.900	+3.191e+03	+4.740e+03	+6.896e+03	+0.598
142.000	+2.349e+03	+5.038e+03	+7.691e+03	+0.682
142.100	+4.334e+03	+2.932e+03	+8.380e+03	+0.404
142.200	+5.068e+03	+1.917e+03	+7.210e+03	+0.274
142.300	+7.132e+03	+1.483e+02	+9.842e+03	+0.020
142.400	+7.601e+03	-1.139e+02	+7.033e+03	-0.015
142.500	+5.708e+03	+2.084e+03	+8.854e+03	+0.267
142.600	+2.366e+03	+6.429e+03	+7.623e+03	+0.731
142.700	+1.708e+03	+8.872e+03	+7.620e+03	+0.839
142.800	+8.632e+02	+5.569e+03	+7.172e+03	+0.866
142.900	+5.192e+02	+6.704e+03	+9.163e+03	+0.928
143.000	-3.648e+01	+6.338e+03	+7.651e+03	+1.006
143.100	+1.010e+03	+7.472e+03	+6.926e+03	+0.881
143.200	+1.387e+03	+6.757e+03	+5.496e+03	+0.830
143.300	+7.398e+02	+6.189e+03	+7.072e+03	+0.893
143.400	+8.076e+02	+5.889e+03	+7.858e+03	+0.879
143.500	+9.056e+02	+7.089e+03	+7.145e+03	+0.887
143.600	+1.290e+03	+5.798e+03	+7.867e+03	+0.818
143.700	-9.778e+02	+6.522e+03	+4.968e+03	+1.176
143.800	+1.486e+03	+6.674e+03	+5.318e+03	+0.818
143.900	-3.911e+02	+6.369e+03	+8.107e+03	+1.065
144.000	+9.977e+02	+7.399e+03	+8.553e+03	+0.881
144.100	+2.970e+02	+7.200e+03	+5.801e+03	+0.960
144.200	+1.278e+03	+4.649e+03	+9.469e+03	+0.784
144.300	+1.884e+03	+5.086e+03	+6.576e+03	+0.730
144.400	+1.148e+03	+7.321e+03	+8.303e+03	+0.864
144.500	+6.615e+01	+6.647e+03	+7.199e+03	+0.990
144.600	+1.079e+03	+6.141e+03	+7.573e+03	+0.851
144.700	+5.678e+02	+7.369e+03	+6.779e+03	+0.928
144.800	+2.138e+03	+7.109e+03	+8.652e+03	+0.769
144.900	+1.276e+03	+7.427e+03	+8.180e+03	+0.853
145.000	+3.269e+02	+6.508e+03	+6.359e+03	+0.952
145.100	-1.701e+02	+6.505e+03	+7.258e+03	+1.027
145.200	+3.055e+02	+5.547e+03	+7.943e+03	+0.948
145.300	+1.301e+03	+6.642e+03	+5.100e+03	+0.836
145.400	+1.006e+03	+8.019e+03	+7.743e+03	+0.889
145.500	-1.803e+02	+7.622e+03	+7.719e+03	+1.024
145.600	+1.516e+03	+7.972e+03	+7.097e+03	+0.840
145.700	+1.246e+03	+6.204e+03	+5.995e+03	+0.833
145.800	+2.606e+03	+7.001e+03	+5.849e+03	+0.729
145.900	+9.673e+02	+5.453e+03	+8.210e+03	+0.849
146.000	+7.598e+02	+6.741e+03	+6.553e+03	+0.899
146.100	+1.885e+03	+4.697e+03	+8.006e+03	+0.714
146.200	+6.712e+02	+6.503e+03	+6.608e+03	+0.906
146.300	+1.794e+03	+6.825e+03	+8.601e+03	+0.792
146.400	+1.993e+03	+6.169e+03	+5.674e+03	+0.756
146.500	+1.768e+03	+7.199e+03	+7.284e+03	+0.803
146.600	+1.469e+03	+6.834e+03	+7.062e+03	+0.823
146.700	+1.180e+03	+7.087e+03	+8.649e+03	+0.857
146.800	+1.682e+03	+7.062e+03	+8.621e+03	+0.808
146.900	+5.220e+02	+5.763e+03	+8.458e+03	+0.917
147.000	+6.773e+02	+6.956e+03	+6.124e+03	+0.911
147.100	+5.582e+02	+7.288e+03	+8.579e+03	+0.929
147.200	+1.104e+03	+4.943e+03	+8.708e+03	+0.817
147.300	+1.362e+03	+6.682e+03	+1.052e+04	+0.831
147.400	+2.657e+03	+6.302e+03	+5.909e+03	+0.703
147.500	+3.426e+02	+7.530e+03	+6.897e+03	+0.956
147.600	+1.403e+03	+6.841e+03	+8.949e+03	+0.830
147.700	+1.579e+03	+6.248e+03	+7.686e+03	+0.798
147.800	+7.998e+02	+6.125e+03	+8.355e+03	+0.885
147.900	+3.370e+02	+6.241e+03	+5.871e+03	+0.949
148.000	-3.497e+02	+5.987e+03	+5.773e+03	+1.062
148.100	+1.656e+03	+7.708e+03	+5.911e+03	+0.823
148.200	+1.129e+03	+5.037e+03	+7.581e+03	+0.817
148.300	+2.829e+03	+3.045e+03	+7.912e+03	+0.518
148.400	+3.837e+03	+3.827e+03	+6.882e+03	+0.499
148.500	+6.728e+03	+3.271e+02	+9.371e+03	+0.046
148.600	+8.248e+03	+8.687e+02	+7.460e+03	+0.095
148.700	+7.279e+03	+3.041e+03	+8.707e+03	+0.295
148.800	+9.346e+03	+8.287e+02	+8.509e+03	+0.081
148.900	+5.103e+03	+1.792e+03	+7.636e+03	+0.260
149.000	+3.012e+03	+5.567e+03	+7.762e+03	+0.649
149.100	+2.463e+03	+4.453e+03	+7.578e+03	+0.644
149.200	+2.949e+03	+4.090e+03	+8.158e+03	+0.581
149.300	+2.462e+03	+6.339e+03	+7.305e+03	+0.720
149.400	+2.750e+03	+5.051e+03	+8.318e+03	+0.647
149.500	+2.592e+03	+4.702e+03	+8.537e+03	+0.645
149.600	+2.542e+03	+4.832e+03	+7.399e+03	+0.655
149.700	+3.879e+03	+5.192e+03	+1.043e+04	+0.572
149.800	+2.142e+03	+4.404e+03	+8.897e+03	+0.673
149.900	+2.509e+03	+5.134e+03	+6.741e+03	+0.672
150.000	+2.686e+03	+4.161e+03	+7.540e+03	+0.608
150.100	+3.746e+03	+3.478e+03	+7.322e+03	+0.481
150.200	+4.617e+03	+3.399e+03	+7.169e+03	+0.424
150.300	+7.674e+03	+5.260e+02	+9.726e+03	+0.064
150.400	+6.193e+03	+6.633e+02	+9.972e+03	+0.097
150.500	+7.391e+03	+5.126e+02	+8.145e+03	+0.065
150.600	+3.028e+03	+3.601e+03	+8.076e+03	+0.543
150.700	+1.270e+03	+5.134e+03	+7.569e+03	+0.802
150.800	+2.963e+03	+3.744e+03	+7.548e+03	+0.558
150.900	+1.022e+04	+9.585e+02	+8.309e+03	+0.086
151.000	+6.625e+03	+3.670e+02	+7.739e+03	+0.052
151.100	+7.252e+03	+1.568e+01	+8.658e+03	+0.002
151.200	+7.728e+03	+6.497e+02	+9.000e+03	+0.078
151.300	+6.259e+03	+6.585e+02	+8.905e+03	+0.095
151.400	+8.135e+03	+4.913e+02	+9.058e+03	+0.057
151.500	+7.685e+03	+9.928e+02	+9.307e+03	+0.114
151.600	+1.220e+03	+5.728e+03	+7.164e+03	+0.824
151.700	+1.494e+03	+7.687e+03	+5.729e+03	+0.837
151.800	+6.929e+02	+7.116e+03	+8.242e+03	+0.911
151.900	+2.070e+03	+7.972e+03	+8.677e+03	+0.794
152.000	+3.246e+01	+6.513e+03	+8.894e+03	+0.995
152.100	+7.298e+02	+6.765e+03	+7.533e+03	+0.903
152.200	+1.871e+02	+8.049e+03	+6.702e+03	+0.977
152.300	+5.944e+02	+7.958e+03	+7.741e+03	+0.931
152.400	+8.808e+02	+7.587e+03	+7.796e+03	+0.896
152.500	+6.463e+02	+6.416e+03	+6.071e+03	+0.908
152.600	+7.165e+02	+5.860e+03	+8.537e+03	+0.891
152.700	+4.875e+02	+7.869e+03	+6.229e+03	+0.942
152.800	+1.493e+03	+8.609e+03	+7.614e+03	+0.852
152.900	-1.050e+02	+7.868e+03	+7.397e+03	+1.014
153.000	+9.741e+02	+5.437e+03	+8.041e+03	+0.848
153.100	+2.785e+03	+3.976e+03	+6.099e+03	+0.588
153.200	+3.447e+03	+4.022e+03	+7.990e+03	+0.538
153.300	+1.372e+03	+3.206e+03	+7.880e+03	+0.700
153.400	+3.631e+03	+3.916e+03	+6.565e+03	+0.519
153.500	+1.475e+03	+3.747e+03	+6.407e+03	+0.718
153.600	+2.512e+03	+3.874e+03	+9.008e+03	+0.607
153.700	+2.526e+03	+2.982e+03	+6.222e+03	+0.541
153.800	+2.652e+03	+4.637e+03	+7.904e+03	+0.636
153.900	+3.316e+03	+5.055e+03	+7.989e+03	+0.604
154.000	+3.189e+03	+4.033e+03	+7.000e+03	+0.558
154.100	+2.469e+03	+6.310e+03	+8.806e+03	+0.719
154.200	+2.435e+03	+4.274e+03	+8.168e+03	+0.637
154.300	+3.324e+03	+4.207e+03	+8.256e+03	+0.559
154.400	+1.133e+03	+8.304e+03	+6.220e+03	+0.880
154.500	+1.357e+03	+8.987e+03	+8.105e+03	+0.869
154.600	+1.317e+03	+6.950e+03	+6.998e+03	+0.841
154.700	+6.105e+02	+6.465e+03	+6.417e+03	+0.914
154.800	+6.985e+02	+7.145e+03	+6.433e+03	+0.911
154.900	+9.674e+02	+8.117e+03	+6.365e+03	+0.894
155.000	-2.291e+02	+8.099e+03	+8.547e+03	+1.029
155.100	-6.787e+01	+6.689e+03	+8.085e+03	+1.010
155.200	+1.287e+03	+5.900e+03	+8.848e+03	+0.821
155.300	+8.160e+02	+8.338e+03	+9.021e+03	+0.911
155.400	+6.335e+02	+5.237e+03	+6.999e+03	+0.892
155.500	+1.194e+01	+7.723e+03	+6.796e+03	+0.998
155.600	+2.238e+03	+6.304e+03	+5.966e+03	+0.738
155.700	+1.273e+03	+7.195e+03	+7.214e+03	+0.850
155.800	+1.128e+03	+7.246e+03	+7.799e+03	+0.865
155.900	+3.269e+02	+6.678e+03	+7.249e+03	+0.953
156.000	+1.274e+03	+5.783e+03	+7.688e+03	+0.819
156.100	+5.407e+02	+7.781e+03	+6.677e+03	+0.935
156.200	+1.919e+01	+9.189e+03	+6.025e+03	+0.998
156.300	+1.038e+03	+6.635e+03	+6.402e+03	+0.865
156.400	+7.643e+02	+5.882e+03	+7.608e+03	+0.885
156.500	+3.130e+02	+8.101e+03	+7.118e+03	+0.963
156.600	+2.170e+03	+8.298e+03	+6.446e+03	+0.793
156.700	+1.467e+03	+8.218e+03	+6.998e+03	+0.848
156.800	+1.152e+03	+7.704e+03	+7.545e+03	+0.870
156.900	+1.361e+03	+6.574e+03	+7.201e+03	+0.828
157.000	+2.639e+03	+8.115e+03	+7.375e+03	+0.755
157.100	+8.600e+02	+5.252e+03	+8.261e+03	+0.859
157.200	+2.073e+03	+6.027e+03	+7.543e+03	+0.744
157.300	+1.893e+03	+7.051e+03	+8.980e+03	+0.788
157.400	+1.647e+03	+6.068e+03	+7.776e+03	+0.787
157.500	+4.580e+02	+7.009e+03	+7.897e+03	+0.939
157.600	+1.304e+03	+4.787e+03	+7.805e+03	+0.786
157.700	+1.084e+03	+5.772e+03	+6.806e+03	+0.842
157.800	+1.120e+03	+7.268e+03	+7.527e+03	+0.867
157.900	+1.308e+03	+8.795e+03	+7.255e+03	+0.871
158.000	-1.410e+02	+5.631e+03	+7.127e+03	+1.026
158.100	+6.394e+02	+6.252e+03	+7.572e+03	+0.907
158.200	+7.059e+02	+7.456e+03	+7.830e+03	+0.914
158.300	+1.856e+03	+5.801e+03	+5.752e+03	+0.758
158.400	+6.353e+02	+8.457e+03	+8.077e+03	+0.930
158.500	+2.461e+02	+7.171e+03	+5.933e+03	+0.967
158.600	+2.230e+02	+5.676e+03	+8.337e+03	+0.962
158.700	+1.371e+03	+7.603e+03	+6.816e+03	+0.847
158.800	+1.052e+03	+6.650e+03	+8.542e+03	+0.863
158.900	+1.120e+03	+7.298e+03	+8.055e+03	+0.867
159.000	+7.134e+01	+5.206e+03	+6.822e+03	+0.986
159.100	+8.662e+02	+6.568e+03	+1.038e+04	+0.883
159.200	+1.263e+03	+6.704e+03	+7.794e+03	+0.841
159.300	+9.845e+02	+6.919e+03	+6.892e+03	+0.875
159.400	+1.369e+03	+7.584e+03	+6.161e+03	+0.847
159.500	+3.991e+02	+7.178e+03	+5.379e+03	+0.947
159.600	+8.299e+02	+7.439e+03	+5.710e+03	+0.900
159.700	+1.872e+02	+7.033e+03	+9.438e+03	+0.974
159.800	+1.699e+03	+7.261e+03	+6.921e+03	+0.810
159.900	+2.466e+02	+6.403e+03	+1.012e+04	+0.963
160.000	+1.173e+03	+5.924e+03	+7.338e+03	+0.835
160.100	+5.028e+02	+5.842e+03	+6.492e+03	+0.921
160.200	+5.576e+02	+6.776e+03	+8.251e+03	+0.924
160.300	+1.190e+03	+7.277e+03	+8.150e+03	+0.859
160.400	+6.765e+02	+7.455e+03	+7.298e+03	+0.917
160.500	+2.278e+03	+5.578e+03	+7.932e+03	+0.710
160.600	+1.178e+03	+5.747e+03	+8.390e+03	+0.830
160.700	+1.216e+03	+6.716e+03	+7.476e+03	+0.847
160.800	+1.929e+03	+7.098e+03	+6.649e+03	+0.786
160.900	+2.317e+03	+6.944e+03	+8.410e+03	+0.750
161.000	+1.298e+03	+6.579e+03	+8.092e+03	+0.835
161.100	-2.588e+01	+5.950e+03	+6.716e+03	+1.004
161.200	+2.085e+03	+4.220e+03	+6.432e+03	+0.669
161.300	+1.224e+03	+7.345e+03	+6.311e+03	+0.857
161.400	+5.444e+02	+6.808e+03	+8.431e+03	+0.926
161.500	+5.422e+02	+7.022e+03	+5.955e+03	+0.928
161.600	+1.258e+03	+7.306e+03	+7.466e+03	+0.853
161.700	+9.251e+02	+6.226e+03	+5.828e+03	+0.871
161.800	+1.656e+02	+7.378e+03	+9.049e+03	+0.978
161.900	-5.998e+01	+5.897e+03	+8.404e+03	+1.010
162.000	+7.254e+02	+7.068e+03	+8.082e+03	+0.907
162.100	+2.446e+03	+5.825e+03	+8.941e+03	+0.704
162.200	+9.981e+02	+6.102e+03	+8.133e+03	+0.859
162.300	+8.914e+01	+6.941e+03	+7.078e+03	+0.987
162.400	-2.809e+02	+5.139e+03	+7.932e+03	+1.058
162.500	+1.381e+03	+5.886e+03	+7.941e+03	+0.810
162.600	+9.218e+02	+6.807e+03	+8.978e+03	+0.881
162.700	+5.111e+02	+7.489e+03	+7.778e+03	+0.936
162.800	+1.988e+03	+5.726e+03	+8.471e+03	+0.742
162.900	+7.597e+02	+7.655e+03	+7.450e+03	+0.910
163.000	+5.974e+02	+5.903e+03	+6.331e+03	+0.908
163.100	+1.741e+03	+5.664e+03	+8.559e+03	+0.765
163.200	+1.301e+03	+7.610e+03	+9.934e+03	+0.854
163.300	+1.182e+03	+5.737e+03	+7.101e+03	+0.829
163.400	+1.249e+03	+7.978e+03	+6.103e+03	+0.865
163.500	+2.399e+03	+4.927e+03	+4.928e+03	+0.673
163.600	+1.680e+03	+7.556e+03	+6.056e+03	+0.818
163.700	+8.241e+02	+5.599e+03	+6.450e+03	+0.872
163.800	+1.025e+03	+5.751e+03	+5.845e+03	+0.849
163.900	+1.741e+02	+5.359e+03	+7.105e+03	+0.969
164.000	-3.014e+01	+5.856e+03	+8.862e+03	+1.005
164.100	+8.406e+02	+5.295e+03	+7.390e+03	+0.863
164.200	+1.595e+03	+7.153e+03	+7.663e+03	+0.818
164.300	+1.630e+03	+6.169e+03	+9.561e+03	+0.791
164.400	+1.150e+03	+6.315e+03	+8.034e+03	+0.846
164.500	+8.056e+02	+6.880e+03	+7.519e+03	+0.895
164.600	+2.405e+02	+8.651e+03	+6.790e+03	+0.973
164.700	-1.515e+02	+6.263e+03	+7.380e+03	+1.025
164.800	+4.833e+02	+7.658e+03	+8.649e+03	+0.941
164.900	+5.135e+02	+7.107e+03	+6.298e+03	+0.933
165.000	-1.470e+02	+6.441e+03	+6.825e+03	+1.023
165.100	-2.346e+01	+7.086e+03	+6.026e+03	+1.003
165.200	+1.536e+03	+8.495e+03	+7.126e+03	+0.847
165.300	+8.372e+02	+5.130e+03	+6.637e+03	+0.860
165.400	+5.629e+01	+6.023e+03	+5.666e+03	+0.991
165.500	+1.039e+01	+6.710e+03	+8.534e+03	+0.998
165.600	+1.457e+02	+6.718e+03	+8.616e+03	+0.979
165.700	+4.552e+02	+5.859e+03	+7.148e+03	+0.928
165.800	-4.103e+02	+5.532e+03	+6.223e+03	+1.080
165.900	-2.885e+02	+6.295e+03	+7.238e+03	+1.048
166.000	+1.044e+03	+6.016e+03	+6.524e+03	+0.852
166.100	+1.421e+03	+8.183e+03	+6.434e+03	+0.852
166.200	+2.713e+02	+9.033e+03	+5.253e+03	+0.971
166.300	+3.971e+02	+6.851e+03	+7.002e+03	+0.945
166.400	+1.251e+02	+6.026e+03	+6.829e+03	+0.980
166.500	+2.742e+02	+6.458e+03	+7.326e+03	+0.959
166.600	+1.363e+03	+7.033e+03	+9.123e+03	+0.838
166.700	+2.113e+03	+5.733e+03	+7.546e+03	+0.731
166.800	+1.052e+03	+6.931e+03	+8.448e+03	+0.868
166.900	+1.958e+03	+5.452e+03	+7.556e+03	+0.736
167.000	+4.175e+03	+2.079e+03	+8.291e+03	+0.332
167.100	+2.174e+03	+4.563e+03	+9.464e+03	+0.677
167.200	+2.535e+03	+4.228e+03	+6.582e+03	+0.625
167.300	+2.680e+03	+4.141e+03	+7.660e+03	+0.607
167.400	+2.740e+03	+3.807e+03	+8.198e+03	+0.581
167.500	+1.844e+03	+4.628e+03	+7.662e+03	+0.715
167.600	+3.971e+03	+4.475e+03	+7.348e+03	+0.530
167.700	+3.008e+03	+3.557e+03	+8.857e+03	+0.542
167.800	+2.708e+03	+5.870e+03	+7.761e+03	+0.684
167.900	+3.147e+03	+4.771e+03	+9.165e+03	+0.603
168.000	+1.718e+03	+3.825e+03	+7.870e+03	+0.690
168.100	+3.201e+03	+4.012e+03	+8.388e+03	+0.556
168.200	+2.409e+03	+4.789e+03	+7.015e+03	+0.665
168.300	+1.470e+03	+5.095e+03	+7.452e+03	+0.776
168.400	+1.119e+03	+5.962e+03	+6.282e+03	+0.842
168.500	+2.624e+02	+6.303e+03	+8.489e+03	+0.960
168.600	+8.927e+02	+7.699e+03	+6.830e+03	+0.896
168.700	+1.146e+03	+5.549e+03	+7.709e+03	+0.829
168.800	+7.904e+02	+6.584e+03	+6.754e+03	+0.893
168.900	+1.329e+03	+6.579e+03	+7.070e+03	+0.832
169.000	+3.856e+03	+4.656e+03	+6.220e+03	+0.547
169.100	+2.881e+03	+4.909e+03	+8.989e+03	+0.630
169.200	+2.783e+03	+5.607e+03	+7.373e+03	+0.668
169.300	+2.755e+03	+3.621e+03	+6.937e+03	+0.568
169.400	+2.171e+03	+4.319e+03	+8.132e+03	+0.665
169.500	+2.977e+03	+5.031e+03	+5.697e+03	+0.628
169.600	+3.583e+03	+5.191e+03	+7.512e+03	+0.592
169.700	+3.867e+03	+4.190e+03	+6.680e+03	+0.520
169.800	+3.833e+03	+5.531e+03	+8.350e+03	+0.591
169.900	+3.806e+03	+3.354e+03	+8.052e+03	+0.468
170.000	+7.128e+03	+2.456e+03	+7.778e+03	+0.256
170.100	+7.668e+03	-2.113e+02	+8.164e+03	-0.028
170.200	+5.892e+03	-1.405e+02	+9.090e+03	-0.024
170.300	+7.422e+03	+2.330e+03	+8.383e+03	+0.239
170.400	+1.059e+03	+6.379e+03	+8.114e+03	+0.858
170.500	+1.230e+03	+4.718e+03	+7.181e+03	+0.793
170.600	+3.292e+02	+7.213e+03	+7.696e+03	+0.956
170.700	+2.292e+02	+5.486e+03	+8.279e+03	+0.960
170.800	+1.739e+03	+7.796e+03	+8.861e+03	+0.818
170.900	+4.427e+02	+6.362e+03	+8.584e+03	+0.935
171.000	+1.900e+03	+5.353e+03	+7.306e+03	+0.738
171.100	+2.688e+02	+7.109e+03	+5.473e+03	+0.964
171.200	+7.988e+02	+6.551e+03	+6.341e+03	+0.891
171.300	+7.030e+01	+6.889e+03	+8.091e+03	+0.990
171.400	+4.168e+01	+6.806e+03	+6.933e+03	+0.994
171.500	+2.131e+03	+6.460e+03	+7.126e+03	+0.752
171.600	-1.101e+02	+7.749e+03	+7.219e+03	+1.014
171.700	+2.163e+03	+2.497e+03	+7.552e+03	+0.536
171.800	+1.452e+03	+5.495e+03	+8.472e+03	+0.791
171.900	+2.484e+03	+4.552e+03	+7.087e+03	+0.647
172.000	+1.026e+03	+4.954e+03	+8.245e+03	+0.828
172.100	+3.133e+03	+2.581e+03	+6.716e+03	+0.452
172.200	+3.302e+03	+4.477e+03	+7.700e+03	+0.576
172.300	+2.047e+03	+3.841e+03	+7.688e+03	+0.652
172.400	+1.175e+03	+6.262e+03	+8.604e+03	+0.842
172.500	+2.154e+02	+8.844e+03	+6.777e+03	+0.976
172.600	+1.739e+03	+6.427e+03	+8.181e+03	+0.787
172.700	+1.473e+03	+5.978e+03	+1.042e+04	+0.802
172.800	+4.439e+02	+7.914e+03	+6.094e+03	+0.947
172.900	+8.472e+01	+8.613e+03	+6.700e+03	+0.990
173.000	+1.140e+03	+6.897e+03	+8.520e+03	+0.858
173.100	+2.297e+03	+7.185e+03	+9.094e+03	+0.758
173.200	+8.178e+02	+7.719e+03	+4.810e+03	+0.904
173.300	+1.209e+03	+5.873e+03	+6.948e+03	+0.829
173.400	+5.957e+02	+6.322e+03	+6.636e+03	+0.914
173.500	+1.646e+03	+6.278e+03	+8.725e+03	+0.792
173.600	+8.472e+02	+6.818e+03	+5.957e+03	+0.889
173.700	+9.807e+02	+7.508e+03	+5.643e+03	+0.884
173.800	+5.321e+02	+6.771e+03	+7.748e+03	+0.927
173.900	+2.325e+03	+6.482e+03	+6.114e+03	+0.736
174.000	+1.586e+03	+6.015e+03	+8.600e+03	+0.791
174.100	+7.657e+02	+6.990e+03	+8.767e+03	+0.901
174.200	+7.377e+01	+5.803e+03	+7.369e+03	+0.987
174.300	-3.185e+02	+7.098e+03	+8.532e+03	+1.047
174.400	+9.170e+02	+6.910e+03	+7.722e+03	+0.883
174.500	+1.304e+03	+7.916e+03	+5.678e+03	+0.859
174.600	+9.930e+02	+6.861e+03	+5.315e+03	+0.874
174.700	+4.880e+02	+7.315e+03	+1.066e+04	+0.937
174.800	+1.215e+03	+7.074e+03	+8.896e+03	+0.853
174.900	+1.741e+03	+7.299e+03	+8.913e+03	+0.807
175.000	+2.747e+01	+7.724e+03	+9.087e+03	+0.996
175.100	+1.125e+03	+7.991e+03	+6.645e+03	+0.877
175.200	+7.077e+02	+6.694e+03	+7.295e+03	+0.904
175.300	+1.431e+03	+7.546e+03	+7.209e+03	+0.841
175.400	-7.396e+02	+7.362e+03	+8.572e+03	+1.112
175.500	+3.392e+02	+6.081e+03	+6.729e+03	+0.947
175.600	+1.650e+01	+6.504e+03	+7.260e+03	+0.997
175.700	+1.014e+02	+6.865e+03	+7.356e+03	+0.985
175.800	+6.074e+02	+7.373e+03	+7.431e+03	+0.924
175.900	+1.079e+02	+6.388e+03	+8.510e+03	+0.983
176.000	-3.348e+02	+7.689e+03	+8.014e+03	+1.046
176.100	+2.187e+03	+4.827e+03	+7.531e+03	+0.688
176.200	+9.567e+02	+6.580e+03	+5.924e+03	+0.873
176.300	+6.664e+01	+7.104e+03	+6.464e+03	+0.991
176.400	+6.342e+02	+7.064e+03	+6.153e+03	+0.918
176.500	-5.241e+02	+7.051e+03	+8.472e+03	+1.080
176.600	+1.210e+03	+5.511e+03	+7.501e+03	+0.820
176.700	+1.664e+03	+7.499e+03	+5.452e+03	+0.818
176.800	+6.482e+02	+6.502e+03	+6.777e+03	+0.909
176.900	+1.420e+03	+6.455e+03	+7.251e+03	+0.820
177.000	+3.317e+03	+3.223e+03	+8.619e+03	+0.493
177.100	+2.892e+03	+4.212e+03	+5.675e+03	+0.593
177.200	+3.129e+03	+5.551e+03	+8.026e+03	+0.640
177.300	+3.205e+03	+5.762e+03	+7.245e+03	+0.643
177.400	+3.198e+03	+4.440e+03	+6.849e+03	+0.581
177.500	+2.651e+03	+3.635e+03	+7.386e+03	+0.578
177.600	+1.893e+03	+4.534e+03	+6.236e+03	+0.705
177.700	+2.229e+03	+4.362e+03	+9.174e+03	+0.662
177.800	+1.033e+03	+3.686e+03	+7.152e+03	+0.781
177.900	+2.052e+03	+4.830e+03	+8.323e+03	+0.702
178.000	+6.652e+02	+6.870e+03	+7.314e+03	+0.912
178.100	+8.548e+02	+6.575e+03	+7.766e+03	+0.885
178.200	-3.134e+01	+8.376e+03	+7.750e+03	+1.004
178.300	+5.868e+02	+8.807e+03	+8.671e+03	+0.938
178.400	+1.166e+03	+5.836e+03	+6.358e+03	+0.833
178.500	+7.513e+02	+7.704e+03	+7.848e+03	+0.911
178.600	+3.912e+02	+8.418e+03	+8.448e+03	+0.956
178.700	+9.752e+02	+8.044e+03	+7.564e+03	+0.892
178.800	+2.211e+03	+5.356e+03	+7.691e+03	+0.708
178.900	+1.518e+03	+8.060e+03	+5.253e+03	+0.841
179.000	+1.241e+03	+6.145e+03	+7.742e+03	+0.832
179.100	+7.787e+02	+7.722e+03	+1.002e+04	+0.908
179.200	+1.608e+03	+7.891e+03	+7.084e+03	+0.831
179.300	+1.244e+03	+6.354e+03	+7.447e+03	+0.836
179.400	+1.920e+03	+7.426e+03	+6.345e+03	+0.795
179.500	+1.129e+03	+6.932e+03	+7.599e+03	+0.860
179.600	+3.095e+02	+7.559e+03	+8.140e+03	+0.961
179.700	+1.976e+01	+7.652e+03	+8.874e+03	+0.997
179.800	+3.420e+02	+6.457e+03	+7.687e+03	+0.950
179.900	+7.678e+02	+5.789e+03	+8.661e+03	+0.883
180.000	+3.231e+02	+7.753e+03	+5.792e+03	+0.960
180.100	-6.986e+01	+7.043e+03	+8.037e+03	+1.010
180.200	+1.971e+03	+8.179e+03	+6.274e+03	+0.806
180.300	+8.988e+03	+2.400e+02	+8.441e+03	+0.026
180.400	+8.101e+03	+9.718e+02	+9.484e+03	+0.107
180.500	+6.054e+03	+5.854e+02	+9.252e+03	+0.088
180.600	+6.808e+03	+9.329e+02	+7.546e+03	+0.121
180.700	+6.798e+03	+9.034e+02	+9.518e+03	+0.117
180.800	+8.419e+03	+1.035e+03	+8.617e+03	+0.109
180.900	+8.071e+03	+1.048e+03	+9.094e+03	+0.115
181.000	+5.985e+03	+1.505e+03	+6.861e+03	+0.201
181.100	+9.006e+03	+1.742e+03	+7.757e+03	+0.162
181.200	+8.506e+03	-6.355e+01	+8.498e+03	-0.008
181.300	+5.829e+03	+1.313e+03	+8.167e+03	+0.184
181.400	+4.319e+03	+3.556e+03	+7.683e+03	+0.452
181.500	+1.276e+03	+6.222e+03	+6.210e+03	+0.830
181.600	+1.544e+03	+6.217e+03	+7.377e+03	+0.801
181.700	-3.275e+02	+5.195e+03	+6.541e+03	+1.067
181.800	+7.437e+02	+7.452e+03	+7.461e+03	+0.909
181.900	+2.008e+03	+7.015e+03	+9.344e+03	+0.777
182.000	+1.717e+03	+8.211e+03	+6.754e+03	+0.827
182.100	+2.485e+03	+3.501e+03	+8.332e+03	+0.585
182.200	+2.973e+03	+4.380e+03	+8.679e+03	+0.596
182.300	+1.260e+03	+4.755e+03	+7.111e+03	+0.791
182.400	+1.894e+03	+5.820e+03	+7.743e+03	+0.754
182.500	+1.046e+03	+8.361e+03	+8.371e+03	+0.889
182.600	-9.320e+01	+5.842e+03	+7.817e+03	+1.016
182.700	+2.277e+03	+7.143e+03	+8.090e+03	+0.758
182.800	+1.117e+03	+5.500e+03	+7.411e+03	+0.831
182.900	+1.354e+03	+5.900e+03	+9.640e+03	+0.813
183.000	+1.842e+03	+5.907e+03	+6.602e+03	+0.762
183.100	+8.515e+02	+4.885e+03	+7.236e+03	+0.852
183.200	+1.708e+03	+5.874e+03	+7.622e+03	+0.775
183.300	+2.620e+03	+4.481e+03	+6.951e+03	+0.631
183.400	+2.953e+03	+5.022e+03	+7.665e+03	+0.630
183.500	+3.073e+03	+5.862e+03	+6.689e+03	+0.656
183.600	+3.392e+03	+4.541e+03	+8.121e+03	+0.572
183.700	+2.596e+03	+4.261e+03	+5.796e+03	+0.621
183.800	+6.431e+02	+4.777e+03	+7.405e+03	+0.881
183.900	+1.122e+03	+7.226e+03	+6.266e+03	+0.866
184.000	+6.955e+02	+8.086e+03	+8.916e+03	+0.921
184.100	+5.415e+02	+6.597e+03	+6.841e+03	+0.924
184.200	+1.738e+02	+6.907e+03	+7.135e+03	+0.975
184.300	+2.875e+03	+4.863e+03	+8.285e+03	+0.628
184.400	+2.669e+03	+5.786e+03	+8.923e+03	+0.684
184.500	+2.955e+03	+3.711e+03	+7.194e+03	+0.557
184.600	+9.572e+03	+4.803e+02	+8.888e+03	+0.048
184.700	+7.946e+03	+9.954e+01	+6.531e+03	+0.012
184.800	+6.278e+03	+3.709e+02	+8.613e+03	+0.056
184.900	+7.090e+03	+5.889e+02	+8.698e+03	+0.077
185.000	+7.254e+03	+2.108e+03	+8.442e+03	+0.225
185.100	+7.839e+03	+7.932e+02	+9.467e+03	+0.092
185.200	+7.640e+03	+1.093e+03	+8.999e+03	+0.125
185.300	+7.596e+03	+2.503e+03	+9.717e+03	+0.248
185.400	+6.565e+03	+4.415e+02	+9.786e+03	+0.063
185.500	+7.984e+03	-1.935e+02	+8.210e+03	-0.025
185.600	+4.008e+03	+3.983e+03	+7.452e+03	+0.498
185.700	+1.006e+03	+6.203e+03	+5.334e+03	+0.860
185.800	+1.104e+03	+6.085e+03	+7.402e+03	+0.846
185.900	+1.213e+03	+6.730e+03	+6.282e+03	+0.847
186.000	+2.328e+00	+6.285e+03	+7.293e+03	+1.000
186.100	-6.476e+00	+6.104e+03	+7.985e+03	+1.001
186.200	-7.184e+01	+4.719e+03	+6.498e+03	+1.015
186.300	+9.155e+02	+5.091e+03	+8.010e+03	+0.848
186.400	+7.962e+02	+6.908e+03	+6.975e+03	+0.897
186.500	+9.136e+02	+6.425e+03	+7.988e+03	+0.876
186.600	+7.893e+02	+7.143e+03	+8.010e+03	+0.900
186.700	+1.232e+03	+6.988e+03	+5.742e+03	+0.850
186.800	+1.133e+03	+5.404e+03	+6.271e+03	+0.827
186.900	+2.676e+03	+4.910e+03	+6.187e+03	+0.647
187.000	+2.410e+03	+3.764e+03	+7.519e+03	+0.610
187.100	+2.890e+03	+3.817e+03	+7.487e+03	+0.569
187.200	+2.301e+03	+4.377e+03	+8.132e+03	+0.655
187.300	+3.347e+03	+4.448e+03	+7.428e+03	+0.571
187.400	+2.539e+03	+4.762e+03	+6.896e+03	+0.652
187.500	+1.872e+03	+5.137e+03	+7.825e+03	+0.733
187.600	+2.001e+03	+3.335e+03	+7.613e+03	+0.625
187.700	+1.576e+03	+4.311e+03	+7.683e+03	+0.732
187.800	+2.187e+03	+5.104e+03	+9.402e+03	+0.700
187.900	+3.057e+03	+5.242e+03	+8.367e+03	+0.632
188.000	+3.737e+03	+3.777e+03	+8.943e+03	+0.503
188.100	+3.102e+03	+4.008e+03	+6.379e+03	+0.564
188.200	+3.776e+02	+7.059e+03	+8.010e+03	+0.949
188.300	+6.416e+02	+7.376e+03	+6.921e+03	+0.920
188.400	+9.790e+02	+7.221e+03	+6.871e+03	+0.881
188.500	-3.718e+01	+6.195e+03	+6.315e+03	+1.006
188.600	-5.425e+01	+6.371e+03	+6.365e+03	+1.009
188.700	+8.963e+02	+6.381e+03	+7.336e+03	+0.877
188.800	+1.098e+03	+5.405e+03	+7.868e+03	+0.831
188.900	+1.363e+03	+7.278e+03	+5.624e+03	+0.842
189.000	+5.938e+02	+7.509e+03	+8.824e+03	+0.927
189.100	+1.371e+03	+4.453e+03	+6.988e+03	+0.765
189.200	+1.894e+03	+5.884e+03	+7.084e+03	+0.757
189.300	+1.165e+03	+8.113e+03	+8.894e+03	+0.874
189.400	+1.638e+03	+6.476e+03	+7.347e+03	+0.798
189.500	-8.453e+02	+7.529e+03	+1.007e+04	+1.126
189.600	-7.002e+02	+5.020e+03	+8.680e+03	+1.162
189.700	+7.094e+02	+6.824e+03	+8.189e+03	+0.906
189.800	+1.119e+03	+6.571e+03	+7.957e+03	+0.854
189.900	+1.858e+03	+6.873e+03	+7.398e+03	+0.787
190.000	+1.313e+03	+6.794e+03	+7.859e+03	+0.838
190.100	+5.384e+02	+4.311e+03	+9.338e+03	+0.889
190.200	+1.082e+03	+6.485e+03	+8.429e+03	+0.857
190.300	+8.954e+02	+7.892e+03	+6.885e+03	+0.898
190.400	-2.721e+02	+6.780e+03	+5.948e+03	+1.042
190.500	+9.397e+02	+7.507e+03	+7.334e+03	+0.889
190.600	+7.474e+02	+5.675e+03	+7.466e+03	+0.884
190.700	+9.557e+02	+6.433e+03	+8.217e+03	+0.871
190.800	+5.231e+01	+7.482e+03	+6.497e+03	+0.993
190.900	+5.321e+02	+7.930e+03	+7.719e+03	+0.937
191.000	+1.390e+03	+6.544e+03	+7.321e+03	+0.825
191.100	+1.341e+02	+6.650e+03	+8.814e+03	+0.980
191.200	+7.955e+02	+8.381e+03	+6.767e+03	+0.913
191.300	+1.659e+03	+6.230e+03	+7.782e+03	+0.790
191.400	+1.129e+03	+6.476e+03	+8.347e+03	+0.852
191.500	+1.586e+03	+6.619e+03	+8.328e+03	+0.807
191.600	+3.883e+02	+6.818e+03	+7.934e+03	+0.946
191.700	-8.945e+01	+7.447e+03	+8.279e+03	+1.012
191.800	+1.705e+02	+7.704e+03	+8.097e+03	+0.978
191.900	+4.847e+02	+6.704e+03	+5.942e+03	+0.933
192.000	+6.634e+02	+6.421e+03	+6.301e+03	+0.906
192.100	+1.534e+03	+5.743e+03	+7.055e+03	+0.789
192.200	-2.677e+02	+6.007e+03	+7.959e+03	+1.047
192.300	+1.427e+03	+5.484e+03	+6.343e+03	+0.794
192.400	+1.646e+03	+7.023e+03	+6.916e+03	+0.810
192.500	+1.245e+02	+6.873e+03	+7.274e+03	+0.982
192.600	+9.637e+02	+7.187e+03	+9.028e+03	+0.882
192.700	+1.285e+03	+6.564e+03	+7.160e+03	+0.836
192.800	+9.611e+02	+7.914e+03	+1.036e+04	+0.892
192.900	+1.326e+03	+5.634e+03	+1.050e+04	+0.809
193.000	+1.077e+03	+7.386e+03	+6.999e+03	+0.873
193.100	+1.044e+03	+4.983e+03	+9.216e+03	+0.827
193.200	+1.094e+03	+6.859e+03	+6.287e+03	+0.862
193.300	+1.026e+03	+7.945e+03	+9.092e+03	+0.886
193.400	+1.045e+01	+6.708e+03	+8.028e+03	+0.998
193.500	+4.242e+02	+7.673e+03	+6.538e+03	+0.948
193.600	+1.098e+02	+7.539e+03	+7.696e+03	+0.986
193.700	+1.088e+03	+5.967e+03	+7.037e+03	+0.846
193.800	+9.466e+02	+6.841e+03	+6.958e+03	+0.878
193.900	+1.906e+03	+6.681e+03	+7.139e+03	+0.778
194.000	+5.844e+03	+2.222e+03	+8.541e+03	+0.276
194.100	+6.980e+03	+1.108e+03	+9.201e+03	+0.137
194.200	+6.564e+03	+1.753e+03	+8.490e+03	+0.211
194.300	+6.494e+03	+1.147e+03	+7.390e+03	+0.150
194.400	+8.345e+03	+5.871e+02	+9.266e+03	+0.066
194.500	+8.919e+03	+9.434e+02	+8.720e+03	+0.096
194.600	+6.672e+03	+5.439e+02	+8.642e+03	+0.075
194.700	+8.564e+03	+7.242e+02	+8.748e+03	+0.078
194.800	+6.010e+03	+1.290e+03	+7.291e+03	+0.177
194.900	+6.184e+03	+1.215e+03	+1.041e+04	+0.164
195.000	+7.286e+03	+1.477e+03	+8.892e+03	+0.169
195.100	+6.494e+03	-3.036e+02	+7.658e+03	-0.049
195.200	+8.038e+03	+1.344e+03	+7.784e+03	+0.143
195.300	+9.224e+03	+7.115e+02	+7.729e+03	+0.072
195.400	+7.733e+03	+2.504e+02	+8.343e+03	+0.031
195.500	+5.823e+03	+1.560e+03	+8.650e+03	+0.211
195.600	+5.201e+03	+1.732e+03	+7.727e+03	+0.250
195.700	+2.310e+03	+3.106e+03	+6.997e+03	+0.573
195.800	+8.315e+02	+3.785e+03	+7.153e+03	+0.820
195.900	+1.260e+03	+5.491e+03	+7.234e+03	+0.813
196.000	+1.218e+03	+7.625e+03	+8.746e+03	+0.862
196.100	+1.589e+02	+7.592e+03	+6.710e+03	+0.979
196.200	+9.708e+02	+7.911e+03	+7.465e+03	+0.891
196.300	+1.203e+03	+5.721e+03	+6.440e+03	+0.826
196.400	-8.343e+00	+7.051e+03	+7.756e+03	+1.001
196.500	+6.483e+02	+6.332e+03	+7.825e+03	+0.907
196.600	+4.389e+02	+7.927e+03	+8.441e+03	+0.948
196.700	+7.489e+02	+6.325e+03	+8.044e+03	+0.894
196.800	+1.078e+03	+5.918e+03	+7.629e+03	+0.846
196.900	+4.305e+02	+6.439e+03	+5.482e+03	+0.937
197.000	+5.754e+02	+6.553e+03	+6.692e+03	+0.919
197.100	+1.281e+03	+5.684e+03	+5.772e+03	+0.816
197.200	+1.930e+03	+5.573e+03	+6.821e+03	+0.743
197.300	+7.675e+02	+7.681e+03	+7.262e+03	+0.909
197.400	+1.374e+03	+5.187e+03	+6.251e+03	+0.791
197.500	+1.021e+03	+5.745e+03	+6.896e+03	+0.849
197.600	+2.429e+02	+8.004e+03	+8.197e+03	+0.971
197.700	+9.527e+02	+8.681e+03	+6.635e+03	+0.901
197.800	+2.200e+03	+8.745e+03	+6.451e+03	+0.799
197.900	+4.344e+02	+5.657e+03	+5.770e+03	+0.929
198.000	+1.376e+03	+6.048e+03	+8.291e+03	+0.815
198.100	+5.331e+02	+7.516e+03	+7.240e+03	+0.934
198.200	+6.744e+02	+6.812e+03	+6.224e+03	+0.910
198.300	+1.497e+03	+6.544e+03	+7.943e+03	+0.814
198.400	+4.259e+02	+6.525e+03	+8.642e+03	+0.939
198.500	+7.757e+02	+6.670e+03	+6.110e+03	+0.896
198.600	-3.963e+01	+6.160e+03	+6.134e+03	+1.006
198.700	-4.904e+02	+7.361e+03	+7.972e+03	+1.071
198.800	+5.244e+02	+8.342e+03	+8.538e+03	+0.941
198.900	+1.614e+03	+4.908e+03	+6.506e+03	+0.753
199.000	+1.515e+03	+5.774e+03	+6.337e+03	+0.792
199.100	+1.146e+03	+7.758e+03	+5.872e+03	+0.871
199.200	+7.421e+02	+7.399e+03	+9.242e+03	+0.909
199.300	-4.287e+02	+5.826e+03	+7.931e+03	+1.079
199.400	+2.171e+03	+7.154e+03	+9.112e+03	+0.767
199.500	+1.088e+03	+5.648e+03	+8.280e+03	+0.838
199.600	+1.806e+03	+6.516e+03	+6.334e+03	+0.783
199.700	+1.480e+03	+7.506e+03	+7.282e+03	+0.835
199.800	+1.865e+02	+8.242e+03	+7.621e+03	+0.978
