HMM
---------------------------------

Means
[[7.14355829 0.8062535 ]
 [3.71531166 4.32543575]
 [0.83638042 6.96069066]]
---------------------------------

Covariances (sigma^2)
[[[1.79698956 0.        ]
  [0.         0.52436951]]

 [[1.06580193 0.        ]
  [0.         1.02084376]]

 [[0.54548846 0.        ]
  [0.         1.95316194]]]
---------------------------------

Start probability
[0.20971364 0.41683769 0.37344867]
---------------------------------

Transition matrix
[[0.9249759  0.04940896 0.02561514]
 [0.03408072 0.92021242 0.04570686]
 [0.00291596 0.03864215 0.95844189]]
