HMM
---------------------------------

Means
[[7.14355829 0.8062535 ]
 [3.71531166 4.32543575]
 [0.83638042 6.96069066]]
---------------------------------

Covariances (sigma^2)
[[[1.79698956 0.        ]
  [0.         0.52436951]]

 [[1.06580193 0.        ]
  [0.         1.02084376]]

 [[0.54548846 0.        ]
  [0.         1.95316194]]]
---------------------------------

Start probability
[0.2249997  0.32540001 0.44960029]
---------------------------------

Transition matrix
[[0.93294814 0.04282604 0.02422582]
 [0.03662604 0.91868359 0.04469037]
 [0.00336017 0.04096468 0.95567515]]
