HMM
---------------------------------

Means
[[7.14355829 0.8062535 ]
 [3.71531166 4.32543575]
 [0.83638042 6.96069066]]
---------------------------------

Covariances (sigma^2)
[[[1.79698956 0.        ]
  [0.         0.52436951]]

 [[1.06580193 0.        ]
  [0.         1.02084376]]

 [[0.54548846 0.        ]
  [0.         1.95316194]]]
---------------------------------

Start probability
[0.21968491 0.25543591 0.52487918]
---------------------------------

Transition matrix
[[0.93408751 0.04004089 0.0258716 ]
 [0.03607336 0.91992454 0.0440021 ]
 [0.00340104 0.0399435  0.95665546]]
