HMM
---------------------------------

Means
[[7.14355829 0.8062535 ]
 [3.71531166 4.32543575]
 [0.83638042 6.96069066]]
---------------------------------

Covariances (sigma^2)
[[[1.79698956 0.        ]
  [0.         0.52436951]]

 [[1.06580193 0.        ]
  [0.         1.02084376]]

 [[0.54548846 0.        ]
  [0.         1.95316194]]]
---------------------------------

Start probability
[0.16803897 0.30688315 0.52507788]
---------------------------------

Transition matrix
[[0.9329945  0.04354881 0.02345669]
 [0.03273372 0.9229487  0.04431757]
 [0.00298916 0.041375   0.95563584]]
