%dwell times of state 1 (s)
7.541810
3.464671
7.022048
1.893304
1.082214
4.960529
2.282665
0.838835
0.348481
0.773618
13.271552
0.496114
4.730481
1.339400
2.475969
0.946687
1.191079
1.146073
7.059474
5.042614
0.073441
7.454758
5.569856
6.968445
5.307734
7.538905
0.343813
4.815326
2.137453
0.133800
7.932668
7.330957
2.097318
3.690563
1.468719
0.401372
5.162865
7.911187
1.305305
3.910611
3.205765
0.955751
2.344824
1.302435
5.341460
0.506192
2.742181
4.774621
5.220937
0.522278
1.355572
7.478123
1.026770
2.812151
4.223107
4.134007
8.503476
4.435839
2.877291
3.205875
2.802492
3.573298
9.443157
0.697996
1.444098
2.668534
0.254718
8.653312
4.790677
4.649292
5.126781
2.502572
0.154059
12.389843
1.649208
0.016456
0.235714
2.116993
2.528722
0.991949
8.416720
1.408863
3.973954
7.593379
2.981547
5.193816
0.009007
0.407484
12.139600
2.929769
0.046920
5.118625
10.286220
11.819768
0.072632
1.361271
11.784652
3.132568
1.498906
2.339262
1.408790
4.992667
0.865426
0.027432
2.769242
3.139527
1.353474
0.677145
9.470937
2.543614
0.722652
6.745806
2.682112
1.671247
1.037199
0.747295
9.974063
0.912848
4.557586
3.062968
2.636646
1.838168
0.322063
8.140774
16.458091
1.976617
9.466636
2.798016
0.971461
0.267568
2.912324
2.858845
1.339062
3.426291
7.976355
0.173487
1.163996
2.371799
4.117020
2.121999
4.837558
4.770394
14.183646
12.810163
2.247142
3.865489
2.634210
1.107702
8.325137
1.432351
0.763515
18.279251
13.781080
3.418001
2.096825
2.192222
0.305559
0.974731
3.281111
0.301465
2.480526
1.398982
5.273906
5.900774
2.496365
10.100949
1.190823
1.464633
0.134381
0.133091
8.138115
10.161718
0.931654
6.260042
0.883801
1.303214
12.924242
6.417783
2.759821
1.077437
3.978909
5.978355
7.733719
3.862751
5.994019
2.039477
8.501684
6.695868
21.355187
19.621995
2.219510
3.813848
0.041093
1.853413
0.364001
9.616711
1.405892
0.229499
4.677479
6.886427
0.017808
17.175705
14.428499
1.444220
4.868315
3.026207
2.526027
1.220034
2.296877
0.713993
2.375092
3.100049
0.508046
0.019674
8.121356
4.330243
10.971056
2.589115
6.197827
0.304515
3.005672
0.982828
1.786661
12.888784
5.378714
1.395350
6.498914
3.827236
7.973529
5.351506
6.933311
3.247383
2.477247
1.004525
0.150656
3.902881
0.742105
0.735317
4.173145
5.543255
4.063842
18.736920
4.167817
9.947844
7.203172
2.189179
10.889646
9.421739
1.104636
0.686236
6.817246
0.382902
0.028365
2.148707
1.545599
2.233496
11.561103
0.296396
0.383474
2.339771
9.513147
8.582638
6.805447
0.603257
4.570267
8.039765
1.113659
2.827541
1.389830
0.648323
0.377768
8.197780
4.945274
1.369043
4.589021
9.055932
1.847078
2.891216
4.752246
0.547574
0.541554
1.957456
0.676304
2.131635
0.678107
4.181076
2.212962
6.695702
13.132799
0.833141
0.315396
0.625882
5.228412
3.361361
3.536889
2.591075
2.997906
3.261313
1.574858
0.208246
6.617182
5.006347
4.062999
4.825468
1.455299
3.551587
0.672346
23.508965
2.565813
1.263785
0.921806
3.995356
2.984405
2.891327
1.435138
7.396359
5.581229
6.286632
2.161967
1.029799
4.331124
6.327876
2.283821
4.446176
4.379569
3.908140
2.265532
0.330997
1.275077
16.487042
3.479021
2.236296
10.185090
4.626057
3.075720
1.548518
0.877598
8.380016
3.895047
4.039058
11.678854
5.760933
8.244097
0.802071
6.679147
9.077119
15.776216
1.640404
10.130332
3.331912
0.639464
5.928892
14.794938
0.792745
2.551173
4.777503
3.238224
7.794750
4.663362
8.027220
8.226967
2.980976
4.193049
2.911755
0.272958
8.741232
0.847262
6.817426
3.042055
2.171963
0.370075
1.339959
2.234495
2.730266
1.673073
6.597519
4.005448
4.820732
1.032880
2.694375
5.083902
2.024919
2.841007
15.470839
1.132394
8.359376
2.276937
2.783997
5.424195
2.097823
2.115291
0.371027
1.187617
1.354866
0.387065
7.224632
2.579382
0.300800
9.826181
2.077497
2.936706
3.345330
0.713820
1.710422
0.045771
4.287727
2.364206
1.545727
2.255619
2.096519
1.114108
11.888218
1.684697
0.706045
9.366822
5.882576
3.713440
3.412258
0.380144
3.778641
1.380792
12.571983
7.596071
1.343211
0.666417
10.750780
3.145162
0.010259
1.313115
2.502866
0.386482
7.540337
1.716299
2.842912
0.429441
1.557719
2.334922
3.323913
0.442668
1.250246
1.244811
2.994534
11.155361
0.386532
2.038347
5.196837
2.048834
2.207580
1.514515
2.582508
3.328199
2.679150
2.334258
3.968567
1.229152
12.197152
5.731554
1.841543
1.039279
0.048210
3.968057
18.679848
0.038244
5.481434
8.643252
7.989763
4.437173
1.712125
3.875346
1.191364
2.213370
2.981226
6.738571
2.231195
1.141458
9.528718
5.017606
0.661973
0.491656
0.634772
0.025190
0.403883
4.844928
1.465253
2.849984
3.008299
3.602491
2.770223
6.413461
0.335034
2.636815
0.439854
6.404430
18.420910
1.023973
4.788688
3.033989
6.582185
4.848702
1.444427
4.228011
6.208129
1.083692
2.444006
5.819357
2.839810
0.451923
3.130424
4.151491
0.837374
22.777705
6.221127
0.425063
1.367229
5.463109
0.976350
2.840327
4.675225
2.999437
3.885854
3.477961
0.975287
0.924902
1.717701
7.146425
7.356878
0.960569
3.819242
1.867584
0.175173
3.205955
0.951653
3.468860
10.653185
5.947929
8.303636
3.718267
1.200581
2.510276
7.122126
3.616800
2.271016
1.079821
0.427994
2.674411
1.602812
4.053520
0.997228
7.392835
8.336504
6.543457
0.682925
0.095943
0.756282
3.542626
6.944011
8.987738
0.485018
3.080308
0.356138
9.633419
0.554792
5.604425
1.034723
0.900359
0.213015
6.888981
1.049142
2.079606
4.107072
5.975001
1.681510
14.106359
17.810728
11.801929
5.506167
1.855620
5.380522
0.833935
2.912793
7.576029
2.864680
4.122117
3.069942
0.836480
6.426771
0.126360
0.581607
0.495290
8.054983
0.346364
1.884482
4.319768
1.246124
0.450639
0.969429
0.014676
3.728946
2.943462
2.623932
0.846252
0.553971
0.752781
3.480417
4.788099
5.485919
2.590498
8.913340
5.530380
6.002704
5.170381
1.483214
0.863148
20.817235
2.398229
3.310053
0.895477
3.921016
0.220444
9.004026
2.125143
0.854320
1.217479
0.122337
11.011516
7.372474
20.020066
1.039423
2.215191
1.005445
1.151088
8.053394
8.248851
4.078877
0.090704
0.482908
2.019925
0.322313
7.868811
4.700619
2.154084
0.558626
1.237318
4.434495
7.198157
4.551453
3.438266
3.898341
0.957628
4.555849
3.763688
3.873798
1.691685
19.717088
3.556765
1.025374
0.172746
2.345416
2.676127
2.653129
9.567308
9.025417
1.282707
4.478563
0.149695
1.996364
0.744436
1.358716
7.293553
3.075927
2.580595
0.060307
8.576454
0.217836
9.744763
3.598830
8.317937
8.927103
0.027196
2.705904
1.099483
1.450693
2.132402
6.263028
12.527463
8.567659
3.687228
0.713216
2.349851
8.694140
27.301041
3.833051
0.145242
0.440012
0.148511
7.595215
8.645683
4.655384
5.980883
5.390942
1.497456
8.004463
2.224506
0.173627
1.218348
1.906309
2.662022
2.710572
6.184463
2.713612
1.934859
10.833385
5.989020
0.915191
3.528575
1.109003
0.611971
1.425000
1.784296
9.154908
6.889601
7.750499
6.378040
6.084479
0.408795
0.552855
1.881654
5.023094
2.127619
6.287647
0.651197
3.080266
1.248888
0.276966
1.410114
7.646886
7.131276
2.555917
4.222929
2.663961
9.626125
0.365153
2.140531
5.026415
6.637771
0.613019
9.772943
2.855760
4.169521
5.269771
0.762581
2.306953
2.347555
1.274017
0.680140
3.510314
2.856958
8.355241
9.401976
2.412551
16.347168
0.072653
5.182685
7.616477
2.871187
5.449130
1.323958
12.721155
8.221829
8.356887
0.721637
8.270129
1.168632
0.046362
2.324143
0.393957
5.249201
3.021509
0.444546
4.742299
9.992750
0.608024
0.830282
0.229141
6.883355
1.840975
4.128975
0.207900
2.718372
3.011133
0.786041
2.863105
0.258428
10.415498
2.133639
5.355731
5.476673
1.026920
3.277030
1.045816
19.010386
1.498615
2.835828
0.259389
4.913786
3.326922
2.424979
2.460531
0.250110
2.637462
7.748326
2.416165
0.618225
9.274926
0.156300
2.660085
4.415464
2.240565
2.036208
0.181315
1.448193
0.638653
6.749571
1.637206
3.024244
2.341769
1.379417
3.652828
0.712103
8.896953
1.849132
1.554527
1.208555
2.102883
2.377473
2.633270
6.822661
0.810270
5.177722
3.580119
2.175788
2.250209
2.186535
9.486919
24.312104
1.488191
0.016721
2.370817
6.934324
13.063264
4.867359
4.324363
0.285725
7.511094
3.415723
3.348420
4.314178
1.812504
8.952361
5.522453
3.171565
9.033971
3.858674
7.564548
0.762315
5.013451
7.709561
0.985686
1.336765
0.907665
0.264972
7.876681
5.047298
3.338667
3.256533
7.245865
0.622322
10.843009
0.112340
14.375630
16.486829
2.982303
3.243029
5.210563
2.523562
0.884081
3.476838
1.436352
4.937097
6.361283
3.478178
1.066083
1.143616
7.037962
8.827444
5.199192
3.485698
17.562457
0.186521
1.406522
3.087701
2.618543
0.754268
10.426163
0.226476
0.354190
7.064864
6.233521
2.234292
0.603455
5.512184
1.719677
0.255672
0.484037
2.484812
1.991821
0.172218
5.786905
0.346588
2.764003
1.938899
1.086531
14.068997
0.089030
8.981565
1.438472
0.554330
0.550641
1.361456
4.968542
2.883283
9.015136
0.060794
0.242536
2.565698
4.053300
2.708933
4.652381
1.920271
3.831567
5.845904
3.621034
1.249927
2.704806
3.295805
0.784346
1.629245
0.893251
1.907448
5.568667
0.624640
8.951028
0.889267
7.557613
1.762123
0.015769
1.738738
3.287363
3.373218
6.589207
5.959794
4.622698
3.636993
6.075073
2.665996
0.153291
2.157585
11.322625
2.407157
0.343049
6.370832
10.650290
8.393374
2.148268
2.272341
2.716455
3.524357
1.621362
6.861417
5.908799
9.361011
7.409688
7.923882
0.080162
5.476457
6.411525
0.306127
15.780958
1.652442
4.824509
0.130106
3.652371
1.569345
6.786559
0.054785
2.568085
2.936742
9.878545
9.600598
3.392651
4.733308
1.847031
6.414774
3.539355
3.779756
1.627623
1.677958
2.055596
2.486858
3.144898
0.632654
1.790614
0.803776
11.447156
3.749519
8.229385
4.532976
0.621298
6.556799
5.793790
2.382851
0.124955
5.732959
10.647212
2.215737
0.657876
1.597492
3.680929
2.231285
0.252413
4.312761
1.389780
0.696583
1.979450
0.449750
1.293164
3.706699
4.610166
10.655813
7.075296
2.132711
3.725718
0.870338
0.618543
1.879567
3.595157
2.960128
2.385901
4.158536
3.907715
14.309935
0.042509
1.292902
6.563906
3.363493
22.197046
2.202799
1.663249
1.921527
