%t (s)	Idd (a.u.)	Ida (a.u.)	Iaa (a.u.)	FRET E
0.000	+4.777e+03	+2.278e+03	+5.390e+03	+0.323
0.200	+6.422e+03	+1.162e+03	+9.287e+03	+0.153
0.400	+7.069e+03	+1.217e+03	+8.104e+03	+0.147
0.600	+5.968e+03	+2.392e+03	+7.088e+03	+0.286
0.800	+5.520e+03	+9.795e+02	+6.857e+03	+0.151
1.000	+6.881e+03	+6.747e+02	+5.204e+03	+0.089
1.200	+6.370e+03	+1.668e+03	+8.214e+03	+0.208
1.400	+5.577e+03	+2.308e+03	+6.778e+03	+0.293
1.600	+5.276e+03	+6.916e+02	+7.394e+03	+0.116
1.800	+6.961e+03	+2.744e+03	+6.369e+03	+0.283
2.000	+5.642e+03	+1.102e+03	+6.961e+03	+0.163
2.200	+5.587e+03	+1.440e+03	+8.510e+03	+0.205
2.400	+5.779e+03	+1.039e+03	+5.219e+03	+0.152
2.600	+6.479e+03	+2.571e+03	+6.192e+03	+0.284
2.800	+6.366e+03	+5.420e+02	+6.209e+03	+0.078
3.000	+4.604e+03	+6.305e+02	+8.006e+03	+0.120
3.200	+6.490e+03	+1.233e+03	+8.994e+03	+0.160
3.400	+6.800e+03	+1.971e+03	+9.550e+03	+0.225
3.600	+5.870e+03	+2.106e+03	+7.172e+03	+0.264
3.800	+6.722e+03	+1.090e+03	+7.435e+03	+0.140
4.000	+4.330e+03	+3.751e+03	+7.021e+03	+0.464
4.200	+2.146e+03	+5.747e+03	+5.977e+03	+0.728
4.400	+2.207e+03	+6.255e+03	+9.129e+03	+0.739
4.600	+2.623e+03	+5.317e+03	+8.537e+03	+0.670
4.800	+2.598e+03	+5.583e+03	+7.562e+03	+0.682
5.000	+1.132e+03	+5.069e+03	+8.686e+03	+0.817
5.200	+2.559e+03	+6.573e+03	+9.157e+03	+0.720
5.400	+1.634e+03	+6.635e+03	+7.036e+03	+0.802
5.600	+7.353e+01	+5.122e+03	+5.675e+03	+0.986
5.800	+2.395e+03	+7.437e+03	+8.567e+03	+0.756
6.000	+3.361e+03	+5.749e+03	+9.405e+03	+0.631
6.200	+1.350e+03	+6.673e+03	+8.014e+03	+0.832
6.400	+2.485e+03	+4.710e+03	+6.209e+03	+0.655
6.600	+2.808e+03	+5.487e+03	+7.863e+03	+0.662
6.800	+5.233e+03	+5.678e+02	+6.343e+03	+0.098
7.000	+5.013e+03	+1.778e+03	+8.233e+03	+0.262
7.200	+5.292e+03	+1.335e+03	+5.579e+03	+0.201
7.400	+5.868e+03	+1.414e+03	+8.628e+03	+0.194
7.600	+5.876e+03	+1.152e+03	+6.775e+03	+0.164
7.800	+5.152e+03	+4.638e+02	+8.092e+03	+0.083
8.000	+4.520e+03	+1.070e+03	+7.134e+03	+0.191
8.200	+5.146e+03	+7.634e+02	+6.228e+03	+0.129
8.400	+3.922e+03	+1.693e+03	+5.155e+03	+0.301
8.600	+4.475e+03	+1.786e+03	+6.948e+03	+0.285
8.800	+4.184e+03	+5.731e+02	+7.896e+03	+0.120
9.000	+5.686e+03	+1.354e+03	+7.010e+03	+0.192
9.200	+4.822e+03	+1.373e+03	+7.071e+03	+0.222
9.400	+4.772e+03	+1.519e+03	+5.554e+03	+0.241
9.600	+5.761e+03	+1.661e+03	+5.226e+03	+0.224
9.800	+4.074e+03	+5.403e+03	+6.726e+03	+0.570
10.000	+1.713e+03	+5.298e+03	+7.009e+03	+0.756
10.200	+1.666e+03	+6.037e+03	+8.255e+03	+0.784
10.400	+2.552e+03	+5.947e+03	+6.087e+03	+0.700
10.600	+2.682e+03	+4.735e+03	+6.718e+03	+0.638
10.800	+1.820e+03	+4.632e+03	+5.920e+03	+0.718
11.000	+2.650e+03	+5.454e+03	+6.816e+03	+0.673
11.200	+1.734e+03	+5.491e+03	+8.912e+03	+0.760
11.400	+2.892e+03	+3.940e+03	+6.744e+03	+0.577
11.600	+1.410e+03	+5.494e+03	+8.474e+03	+0.796
11.800	+2.679e+03	+6.708e+03	+4.459e+03	+0.715
12.000	+1.584e+03	+5.186e+03	+7.428e+03	+0.766
12.200	+2.718e+03	+6.234e+03	+8.345e+03	+0.696
12.400	+1.980e+03	+5.688e+03	+8.181e+03	+0.742
12.600	+1.708e+03	+6.283e+03	+7.379e+03	+0.786
12.800	+1.294e+03	+4.583e+03	+8.159e+03	+0.780
13.000	+1.511e+03	+6.035e+03	+7.564e+03	+0.800
13.200	+2.036e+03	+5.780e+03	+7.427e+03	+0.739
13.400	+6.388e+02	+5.800e+03	+8.046e+03	+0.901
13.600	+2.154e+03	+6.381e+03	+6.751e+03	+0.748
13.800	+1.554e+03	+3.971e+03	+7.834e+03	+0.719
14.000	+9.943e+02	+5.938e+03	+6.499e+03	+0.857
14.200	+2.203e+03	+6.023e+03	+7.742e+03	+0.732
14.400	+1.418e+03	+3.509e+03	+8.484e+03	+0.712
14.600	+3.363e+03	+6.772e+03	+9.194e+03	+0.668
14.800	+1.440e+03	+6.485e+03	+8.812e+03	+0.818
15.000	+2.706e+03	+5.974e+03	+5.875e+03	+0.688
15.200	+2.379e+03	+5.951e+03	+4.982e+03	+0.714
15.400	+1.514e+03	+5.858e+03	+8.957e+03	+0.795
15.600	+2.352e+03	+4.586e+03	+6.015e+03	+0.661
15.800	+1.523e+03	+3.707e+03	+8.990e+03	+0.709
16.000	+1.173e+03	+7.039e+03	+7.247e+03	+0.857
16.200	+3.201e+03	+6.186e+03	+8.148e+03	+0.659
16.400	+2.485e+03	+6.476e+03	+6.675e+03	+0.723
16.600	+2.494e+03	+6.807e+03	+7.597e+03	+0.732
16.800	+1.862e+03	+5.811e+03	+7.323e+03	+0.757
17.000	+3.106e+03	+5.057e+03	+8.155e+03	+0.620
17.200	+3.053e+03	+5.365e+03	+7.827e+03	+0.637
17.400	+2.418e+03	+4.740e+03	+7.142e+03	+0.662
17.600	+1.583e+03	+6.636e+03	+8.733e+03	+0.807
17.800	+1.323e+03	+7.032e+03	+8.399e+03	+0.842
18.000	+2.663e+03	+5.137e+03	+6.893e+03	+0.659
18.200	+2.578e+03	+4.832e+03	+5.954e+03	+0.652
18.400	+6.599e+02	+6.204e+03	+6.881e+03	+0.904
18.600	+2.131e+03	+6.537e+03	+8.273e+03	+0.754
18.800	+2.350e+03	+6.298e+03	+6.928e+03	+0.728
19.000	+1.471e+03	+5.326e+03	+7.606e+03	+0.784
19.200	+3.080e+03	+4.902e+03	+6.496e+03	+0.614
19.400	+5.911e+03	+1.741e+03	+7.925e+03	+0.228
19.600	+6.909e+03	-1.200e+02	+9.227e+03	-0.018
19.800	+5.172e+03	+1.250e+03	+6.095e+03	+0.195
20.000	+6.781e+03	+9.550e+02	+6.533e+03	+0.123
20.200	+1.974e+03	+6.028e+03	+7.793e+03	+0.753
20.400	+2.281e+03	+5.372e+03	+7.677e+03	+0.702
20.600	+2.253e+03	+5.619e+03	+6.237e+03	+0.714
20.800	+2.451e+03	+5.933e+03	+7.855e+03	+0.708
21.000	+4.482e+03	+1.842e+03	+5.884e+03	+0.291
21.200	+6.782e+03	+5.525e+02	+7.308e+03	+0.075
21.400	+5.801e+03	+8.489e+02	+7.448e+03	+0.128
21.600	+4.739e+03	+1.821e+03	+8.690e+03	+0.278
21.800	+5.711e+03	+2.023e+03	+8.171e+03	+0.262
22.000	+5.997e+03	+1.048e+03	+7.633e+03	+0.149
22.200	+5.857e+03	+2.349e+03	+7.743e+03	+0.286
22.400	+5.985e+03	+1.469e+03	+8.366e+03	+0.197
22.600	+5.736e+03	+1.377e+03	+6.877e+03	+0.194
22.800	+5.456e+03	+1.106e+03	+8.047e+03	+0.169
23.000	+7.201e+03	+1.264e+03	+7.092e+03	+0.149
23.200	+6.737e+03	+1.126e+03	+8.897e+03	+0.143
23.400	+3.809e+03	+1.384e+03	+8.750e+03	+0.266
23.600	+4.305e+03	+9.578e+02	+7.845e+03	+0.182
23.800	+5.229e+03	+1.790e+03	+7.413e+03	+0.255
24.000	+6.691e+03	+2.108e+03	+7.047e+03	+0.240
24.200	+5.815e+03	+1.491e+03	+1.040e+04	+0.204
24.400	+6.909e+03	+1.998e+03	+6.224e+03	+0.224
24.600	+5.670e+03	+1.684e+03	+6.764e+03	+0.229
24.800	+6.528e+03	+8.782e+02	+6.177e+03	+0.119
25.000	+6.472e+03	+1.729e+03	+7.516e+03	+0.211
25.200	+4.727e+03	+1.376e+03	+8.743e+03	+0.225
25.400	+6.806e+03	+2.088e+03	+6.405e+03	+0.235
25.600	+5.332e+03	+2.797e+03	+6.222e+03	+0.344
25.800	+5.771e+03	+1.839e+03	+6.692e+03	+0.242
26.000	+6.685e+03	+1.491e+03	+8.212e+03	+0.182
26.200	+6.851e+03	+1.592e+03	+6.905e+03	+0.189
26.400	+6.923e+03	+6.299e+02	+6.922e+03	+0.083
26.600	+4.646e+03	+2.035e+03	+8.441e+03	+0.305
26.800	+4.555e+03	+6.551e+02	+6.320e+03	+0.126
27.000	+6.418e+03	+6.693e+02	+7.169e+03	+0.094
27.200	+5.864e+03	+2.108e+03	+7.424e+03	+0.264
27.400	+1.892e+03	+6.514e+03	+6.775e+03	+0.775
27.600	+2.603e+03	+4.925e+03	+9.216e+03	+0.654
27.800	+2.547e+03	+6.166e+03	+6.910e+03	+0.708
28.000	+2.020e+03	+4.384e+03	+6.868e+03	+0.685
28.200	+1.486e+03	+5.024e+03	+6.648e+03	+0.772
28.400	+3.484e+03	+4.649e+03	+8.949e+03	+0.572
28.600	+1.324e+03	+4.899e+03	+7.511e+03	+0.787
28.800	+6.814e+02	+7.704e+03	+6.714e+03	+0.919
29.000	+1.932e+03	+5.011e+03	+8.310e+03	+0.722
29.200	+2.303e+03	+5.021e+03	+9.391e+03	+0.686
29.400	+2.477e+03	+6.269e+03	+4.221e+03	+0.717
29.600	+1.760e+03	+6.040e+03	+5.674e+03	+0.774
29.800	+2.316e+03	+4.488e+03	+7.066e+03	+0.660
30.000	+2.340e+03	+4.455e+03	+8.137e+03	+0.656
30.200	+1.466e+03	+4.858e+03	+6.424e+03	+0.768
30.400	+2.468e+03	+7.628e+03	+7.964e+03	+0.756
30.600	+2.832e+03	+6.271e+03	+6.573e+03	+0.689
30.800	+2.060e+03	+5.938e+03	+8.522e+03	+0.742
31.000	+1.561e+03	+7.409e+03	+6.977e+03	+0.826
31.200	+1.459e+03	+4.355e+03	+9.312e+03	+0.749
31.400	+2.811e+03	+3.987e+03	+8.392e+03	+0.587
31.600	+2.616e+03	+7.477e+03	+8.535e+03	+0.741
31.800	+2.686e+03	+6.223e+03	+7.675e+03	+0.699
32.000	+2.052e+03	+6.206e+03	+8.928e+03	+0.751
32.200	+1.233e+03	+6.838e+03	+5.859e+03	+0.847
32.400	+1.506e+03	+4.197e+03	+6.445e+03	+0.736
32.600	+2.901e+03	+6.781e+03	+5.908e+03	+0.700
32.800	+3.848e+03	+4.798e+03	+7.525e+03	+0.555
33.000	+3.817e+03	+4.046e+03	+6.971e+03	+0.515
33.200	+9.709e+02	+5.832e+03	+8.350e+03	+0.857
33.400	+2.663e+03	+6.376e+03	+6.086e+03	+0.705
33.600	+2.887e+03	+5.263e+03	+5.506e+03	+0.646
33.800	+3.143e+03	+5.496e+03	+8.537e+03	+0.636
34.000	+1.505e+03	+5.951e+03	+9.288e+03	+0.798
34.200	+2.649e+03	+6.301e+03	+8.341e+03	+0.704
34.400	+1.648e+03	+6.089e+03	+7.847e+03	+0.787
34.600	+1.589e+03	+5.018e+03	+6.862e+03	+0.760
34.800	+1.502e+03	+5.522e+03	+5.806e+03	+0.786
35.000	+2.400e+03	+6.218e+03	+7.421e+03	+0.722
35.200	+1.813e+03	+6.593e+03	+9.845e+03	+0.784
35.400	+4.787e+02	+4.052e+03	+8.004e+03	+0.894
35.600	+3.229e+03	+5.603e+03	+7.266e+03	+0.634
35.800	+1.849e+03	+6.323e+03	+6.487e+03	+0.774
36.000	+2.278e+03	+6.927e+03	+7.798e+03	+0.752
36.200	+2.246e+03	+5.732e+03	+8.927e+03	+0.718
36.400	+2.593e+03	+5.186e+03	+6.118e+03	+0.667
36.600	+2.044e+03	+4.871e+03	+7.999e+03	+0.704
36.800	+1.807e+03	+4.283e+03	+6.416e+03	+0.703
37.000	+5.478e+02	+5.567e+03	+7.329e+03	+0.910
37.200	+2.896e+03	+6.254e+03	+4.087e+03	+0.683
37.400	+1.869e+03	+5.701e+03	+7.507e+03	+0.753
37.600	+2.229e+03	+4.452e+03	+8.149e+03	+0.666
37.800	+1.416e+03	+5.514e+03	+8.272e+03	+0.796
38.000	+5.147e+02	+5.353e+03	+5.841e+03	+0.912
38.200	+2.661e+03	+4.754e+03	+8.223e+03	+0.641
38.400	+2.184e+03	+4.777e+03	+9.577e+03	+0.686
38.600	+1.811e+03	+5.333e+03	+7.602e+03	+0.747
38.800	+1.468e+03	+4.550e+03	+6.909e+03	+0.756
39.000	+1.192e+03	+6.249e+03	+6.516e+03	+0.840
39.200	+2.000e+03	+5.649e+03	+8.926e+03	+0.739
39.400	+1.894e+03	+5.597e+03	+9.397e+03	+0.747
39.600	+2.758e+03	+4.029e+03	+6.373e+03	+0.594
39.800	+3.070e+03	+7.249e+03	+7.753e+03	+0.702
40.000	+2.188e+03	+5.073e+03	+8.699e+03	+0.699
40.200	+1.295e+03	+5.582e+03	+7.882e+03	+0.812
40.400	+3.193e+03	+4.162e+03	+6.973e+03	+0.566
40.600	+5.434e+03	+1.817e+03	+6.980e+03	+0.251
40.800	+5.120e+03	+2.049e+03	+5.864e+03	+0.286
41.000	+5.090e+03	+3.264e+03	+7.874e+03	+0.391
41.200	+8.585e+02	+4.936e+03	+8.983e+03	+0.852
41.400	+9.247e+02	+6.700e+03	+7.659e+03	+0.879
41.600	+1.102e+03	+5.319e+03	+6.714e+03	+0.828
41.800	+2.472e+03	+6.123e+03	+8.031e+03	+0.712
42.000	+1.650e+03	+4.989e+03	+8.663e+03	+0.751
42.200	+2.138e+03	+5.716e+03	+8.485e+03	+0.728
42.400	+2.980e+03	+5.516e+03	+8.127e+03	+0.649
42.600	+1.785e+03	+5.812e+03	+6.905e+03	+0.765
42.800	+2.621e+03	+5.234e+03	+5.984e+03	+0.666
43.000	+2.923e+03	+6.772e+03	+7.076e+03	+0.699
43.200	+1.932e+03	+5.188e+03	+6.650e+03	+0.729
43.400	+2.285e+03	+5.755e+03	+7.886e+03	+0.716
43.600	+1.300e+03	+6.187e+03	+7.783e+03	+0.826
43.800	+2.268e+03	+5.094e+03	+6.820e+03	+0.692
44.000	+1.406e+03	+6.060e+03	+7.244e+03	+0.812
44.200	+1.761e+03	+5.774e+03	+9.011e+03	+0.766
44.400	+6.192e+03	+1.337e+03	+8.839e+03	+0.178
44.600	+6.965e+03	+2.538e+03	+7.403e+03	+0.267
44.800	+4.967e+03	+3.059e+03	+7.919e+03	+0.381
45.000	+2.005e+03	+5.555e+03	+8.107e+03	+0.735
45.200	+1.403e+03	+4.008e+03	+9.719e+03	+0.741
45.400	+1.852e+03	+5.400e+03	+6.142e+03	+0.745
45.600	+3.209e+03	+6.529e+03	+9.013e+03	+0.670
45.800	+1.630e+03	+5.199e+03	+6.420e+03	+0.761
46.000	+2.306e+03	+6.450e+03	+5.731e+03	+0.737
46.200	+2.672e+03	+6.059e+03	+8.151e+03	+0.694
46.400	+3.006e+03	+4.777e+03	+9.566e+03	+0.614
46.600	+2.140e+03	+6.942e+03	+7.640e+03	+0.764
46.800	+1.818e+03	+5.571e+03	+8.448e+03	+0.754
47.000	+1.699e+03	+5.309e+03	+8.353e+03	+0.758
47.200	+2.228e+03	+6.372e+03	+8.763e+03	+0.741
47.400	+2.341e+03	+4.929e+03	+8.053e+03	+0.678
47.600	+2.992e+03	+5.049e+03	+7.155e+03	+0.628
47.800	+2.242e+03	+6.063e+03	+6.405e+03	+0.730
48.000	+1.644e+03	+6.466e+03	+7.977e+03	+0.797
48.200	+1.399e+03	+4.354e+03	+5.911e+03	+0.757
48.400	+1.448e+03	+6.097e+03	+8.556e+03	+0.808
48.600	+2.660e+03	+5.679e+03	+4.975e+03	+0.681
48.800	+1.396e+03	+5.968e+03	+6.686e+03	+0.810
49.000	+2.059e+03	+7.087e+03	+7.894e+03	+0.775
49.200	+1.882e+03	+5.017e+03	+7.078e+03	+0.727
49.400	+3.114e+03	+5.332e+03	+6.942e+03	+0.631
49.600	+1.654e+03	+7.012e+03	+9.056e+03	+0.809
49.800	+2.650e+03	+5.576e+03	+7.755e+03	+0.678
50.000	+2.073e+03	+5.334e+03	+9.302e+03	+0.720
50.200	+2.096e+03	+5.117e+03	+7.889e+03	+0.709
50.400	+1.992e+03	+2.938e+03	+8.524e+03	+0.596
50.600	+3.066e+03	+4.234e+03	+1.054e+04	+0.580
50.800	+1.011e+03	+5.920e+03	+8.767e+03	+0.854
51.000	+1.332e+03	+5.742e+03	+8.399e+03	+0.812
51.200	+2.414e+03	+5.610e+03	+7.813e+03	+0.699
51.400	+2.417e+03	+6.735e+03	+6.491e+03	+0.736
51.600	+2.083e+03	+4.289e+03	+7.106e+03	+0.673
51.800	+2.310e+03	+6.021e+03	+7.768e+03	+0.723
52.000	+1.378e+03	+5.581e+03	+7.321e+03	+0.802
52.200	+2.417e+03	+4.345e+03	+9.784e+03	+0.643
52.400	+1.874e+03	+5.495e+03	+5.617e+03	+0.746
52.600	+2.948e+03	+5.828e+03	+7.357e+03	+0.664
52.800	+2.369e+03	+5.276e+03	+9.558e+03	+0.690
53.000	+2.995e+03	+6.198e+03	+6.134e+03	+0.674
53.200	+1.774e+03	+4.657e+03	+7.816e+03	+0.724
53.400	+2.485e+03	+5.877e+03	+5.916e+03	+0.703
53.600	+2.821e+03	+6.159e+03	+7.668e+03	+0.686
53.800	+1.217e+03	+6.173e+03	+7.503e+03	+0.835
54.000	+2.034e+03	+2.541e+03	+9.196e+03	+0.555
54.200	+2.866e+03	+7.624e+03	+6.310e+03	+0.727
54.400	+2.081e+03	+6.089e+03	+6.694e+03	+0.745
54.600	+2.122e+03	+5.582e+03	+8.810e+03	+0.725
54.800	+2.219e+03	+4.532e+03	+8.134e+03	+0.671
55.000	+3.053e+03	+6.124e+03	+7.434e+03	+0.667
55.200	+2.650e+03	+5.272e+03	+7.965e+03	+0.666
55.400	+2.436e+03	+5.424e+03	+7.990e+03	+0.690
55.600	+5.824e+01	+4.792e+03	+8.161e+03	+0.988
55.800	+2.218e+03	+5.362e+03	+8.849e+03	+0.707
56.000	+2.070e+03	+5.659e+03	+6.122e+03	+0.732
56.200	+2.496e+03	+6.012e+03	+8.725e+03	+0.707
56.400	+2.667e+03	+6.410e+03	+6.861e+03	+0.706
56.600	+1.797e+03	+5.647e+03	+7.266e+03	+0.759
56.800	+8.624e+02	+5.821e+03	+6.810e+03	+0.871
57.000	+1.969e+03	+4.841e+03	+8.096e+03	+0.711
57.200	+2.392e+03	+5.830e+03	+4.770e+03	+0.709
57.400	+2.228e+03	+5.067e+03	+1.024e+04	+0.695
57.600	+1.820e+03	+6.614e+03	+7.453e+03	+0.784
57.800	+2.388e+03	+5.684e+03	+9.246e+03	+0.704
58.000	+1.218e+03	+5.047e+03	+8.935e+03	+0.806
58.200	+2.112e+03	+5.745e+03	+7.324e+03	+0.731
58.400	+1.013e+03	+5.377e+03	+7.901e+03	+0.841
58.600	+1.663e+03	+5.712e+03	+9.781e+03	+0.774
58.800	+1.917e+03	+5.585e+03	+7.417e+03	+0.744
59.000	+2.063e+03	+6.256e+03	+7.661e+03	+0.752
59.200	+7.738e+02	+3.922e+03	+7.633e+03	+0.835
59.400	+1.214e+03	+5.460e+03	+6.345e+03	+0.818
59.600	+2.216e+03	+4.393e+03	+8.283e+03	+0.665
59.800	+1.605e+03	+4.945e+03	+7.705e+03	+0.755
60.000	+1.453e+03	+4.679e+03	+7.419e+03	+0.763
60.200	+2.927e+03	+6.107e+03	+5.240e+03	+0.676
60.400	+3.000e+02	+6.272e+03	+7.354e+03	+0.954
60.600	+2.498e+03	+4.140e+03	+8.510e+03	+0.624
60.800	+2.514e+03	+4.329e+03	+7.104e+03	+0.633
61.000	+3.919e+03	+2.623e+03	+6.881e+03	+0.401
61.200	+5.107e+03	+1.520e+03	+6.219e+03	+0.229
61.400	+6.274e+03	+1.840e+03	+6.083e+03	+0.227
61.600	+5.478e+03	+1.147e+03	+7.244e+03	+0.173
61.800	+4.925e+03	+1.189e+03	+7.616e+03	+0.194
62.000	+6.534e+03	+1.695e+03	+7.153e+03	+0.206
62.200	+8.777e+03	+1.896e+03	+9.289e+03	+0.178
62.400	+5.884e+03	+1.845e+03	+8.078e+03	+0.239
62.600	+7.024e+03	+1.842e+03	+7.743e+03	+0.208
62.800	+5.497e+03	+1.837e+03	+7.837e+03	+0.251
63.000	+5.759e+03	+6.471e+02	+3.979e+03	+0.101
63.200	+6.163e+03	+1.253e+03	+8.515e+03	+0.169
63.400	+5.923e+03	+8.279e+02	+7.930e+03	+0.123
63.600	+6.901e+03	+1.153e+03	+8.599e+03	+0.143
63.800	+7.920e+03	+2.371e+03	+7.281e+03	+0.230
64.000	+6.819e+03	+2.006e+03	+6.775e+03	+0.227
64.200	+6.995e+03	+1.651e+03	+6.932e+03	+0.191
64.400	+7.366e+03	+1.127e+03	+7.407e+03	+0.133
64.600	+4.547e+03	+2.216e+03	+5.932e+03	+0.328
64.800	+4.972e+03	+6.468e+02	+8.835e+03	+0.115
65.000	+6.384e+03	+5.609e+02	+8.246e+03	+0.081
65.200	+5.259e+03	-5.889e+00	+8.027e+03	-0.001
65.400	+5.757e+03	+1.487e+03	+8.647e+03	+0.205
65.600	+6.470e+03	+1.646e+03	+7.705e+03	+0.203
65.800	+5.992e+03	+2.849e+03	+7.251e+03	+0.322
66.000	+7.061e+03	+1.992e+03	+6.500e+03	+0.220
66.200	+6.258e+03	+2.296e+03	+7.036e+03	+0.268
66.400	+5.060e+03	+8.657e+02	+7.552e+03	+0.146
66.600	+4.608e+03	+8.624e+02	+7.293e+03	+0.158
66.800	+5.314e+03	+2.668e+03	+7.235e+03	+0.334
67.000	+5.055e+03	+2.639e+03	+7.122e+03	+0.343
67.200	+7.258e+03	+2.726e+03	+7.447e+03	+0.273
67.400	+4.184e+03	+1.272e+03	+6.232e+03	+0.233
67.600	+5.042e+03	+7.692e+02	+5.774e+03	+0.132
67.800	+4.685e+03	+1.613e+03	+7.036e+03	+0.256
68.000	+4.381e+03	+8.079e+02	+6.420e+03	+0.156
68.200	+6.745e+03	+2.221e+03	+6.255e+03	+0.248
68.400	+7.014e+03	+6.330e+02	+5.005e+03	+0.083
68.600	+5.398e+03	+1.762e+03	+7.816e+03	+0.246
68.800	+7.774e+03	+2.478e+03	+7.910e+03	+0.242
69.000	+4.314e+03	+2.945e+03	+7.909e+03	+0.406
69.200	+1.163e+03	+3.376e+03	+7.188e+03	+0.744
69.400	+2.617e+03	+4.641e+03	+8.983e+03	+0.639
69.600	+1.106e+03	+4.073e+03	+6.660e+03	+0.786
69.800	+2.668e+03	+4.345e+03	+8.912e+03	+0.620
70.000	+2.650e+03	+4.525e+03	+7.571e+03	+0.631
70.200	+2.301e+03	+6.100e+03	+6.790e+03	+0.726
70.400	+2.212e+03	+6.760e+03	+6.495e+03	+0.753
70.600	+8.435e+02	+3.454e+03	+6.592e+03	+0.804
70.800	+2.787e+03	+7.271e+03	+6.431e+03	+0.723
71.000	+2.369e+03	+5.564e+03	+6.601e+03	+0.701
71.200	+1.918e+03	+5.340e+03	+7.221e+03	+0.736
71.400	+1.403e+03	+6.198e+03	+9.243e+03	+0.815
71.600	+1.506e+03	+5.815e+03	+6.705e+03	+0.794
71.800	+2.182e+03	+5.350e+03	+6.883e+03	+0.710
72.000	+2.037e+03	+4.689e+03	+9.689e+03	+0.697
72.200	+2.608e+03	+5.474e+03	+6.069e+03	+0.677
72.400	+1.926e+03	+6.283e+03	+8.064e+03	+0.765
72.600	+1.611e+03	+4.282e+03	+7.623e+03	+0.727
72.800	+1.630e+03	+5.521e+03	+5.173e+03	+0.772
73.000	+3.531e+03	+5.108e+03	+7.091e+03	+0.591
73.200	+1.394e+03	+6.306e+03	+7.574e+03	+0.819
73.400	+2.383e+03	+4.909e+03	+8.226e+03	+0.673
73.600	+2.090e+03	+6.202e+03	+7.385e+03	+0.748
73.800	+2.274e+03	+3.451e+03	+9.477e+03	+0.603
74.000	+2.222e+03	+4.393e+03	+6.977e+03	+0.664
74.200	+2.050e+03	+4.899e+03	+6.458e+03	+0.705
74.400	+1.783e+03	+4.500e+03	+6.712e+03	+0.716
74.600	+2.411e+03	+4.882e+03	+7.741e+03	+0.669
74.800	+2.226e+03	+4.837e+03	+5.951e+03	+0.685
75.000	+2.455e+03	+5.514e+03	+8.504e+03	+0.692
75.200	+3.093e+02	+6.403e+03	+7.915e+03	+0.954
75.400	+1.671e+03	+5.825e+03	+7.188e+03	+0.777
75.600	+1.598e+03	+4.990e+03	+7.538e+03	+0.757
75.800	+2.842e+03	+5.960e+03	+8.010e+03	+0.677
76.000	+1.006e+03	+5.016e+03	+6.958e+03	+0.833
76.200	+8.655e+02	+4.945e+03	+7.551e+03	+0.851
76.400	+2.642e+03	+7.426e+03	+7.321e+03	+0.738
76.600	+1.487e+03	+5.682e+03	+6.887e+03	+0.793
76.800	+1.622e+03	+5.395e+03	+6.754e+03	+0.769
77.000	+2.889e+03	+6.825e+03	+9.685e+03	+0.703
77.200	+2.327e+03	+5.768e+03	+7.845e+03	+0.713
77.400	+1.251e+03	+5.510e+03	+6.646e+03	+0.815
77.600	+1.002e+03	+5.568e+03	+8.171e+03	+0.848
77.800	+2.094e+03	+6.022e+03	+8.295e+03	+0.742
78.000	+2.748e+03	+6.105e+03	+7.733e+03	+0.690
78.200	+2.049e+03	+4.476e+03	+7.068e+03	+0.686
78.400	+5.299e+03	+9.547e+02	+6.830e+03	+0.153
78.600	+4.033e+03	+4.023e+03	+8.693e+03	+0.499
78.800	+8.630e+02	+6.551e+03	+8.412e+03	+0.884
79.000	+3.039e+03	+5.621e+03	+6.501e+03	+0.649
79.200	+1.348e+03	+6.330e+03	+7.113e+03	+0.824
79.400	+1.337e+03	+5.763e+03	+9.163e+03	+0.812
79.600	+1.609e+03	+5.817e+03	+7.434e+03	+0.783
79.800	+1.229e+03	+5.964e+03	+7.857e+03	+0.829
80.000	+2.183e+03	+5.413e+03	+6.521e+03	+0.713
80.200	+3.059e+03	+6.996e+03	+7.028e+03	+0.696
80.400	+1.452e+03	+5.282e+03	+7.594e+03	+0.784
80.600	+1.946e+03	+5.688e+03	+7.753e+03	+0.745
80.800	+1.846e+03	+7.194e+03	+9.099e+03	+0.796
81.000	+2.319e+03	+7.008e+03	+7.512e+03	+0.751
81.200	+2.996e+03	+5.206e+03	+8.179e+03	+0.635
81.400	+1.445e+03	+4.792e+03	+7.057e+03	+0.768
81.600	+2.537e+03	+5.949e+03	+9.417e+03	+0.701
81.800	+2.453e+03	+5.213e+03	+5.585e+03	+0.680
82.000	+6.257e+02	+5.255e+03	+8.642e+03	+0.894
82.200	+1.883e+03	+4.496e+03	+9.375e+03	+0.705
82.400	+1.865e+03	+4.284e+03	+8.256e+03	+0.697
82.600	+1.251e+03	+5.505e+03	+7.593e+03	+0.815
82.800	+1.552e+03	+5.991e+03	+6.721e+03	+0.794
83.000	+1.786e+03	+5.364e+03	+8.340e+03	+0.750
83.200	+3.016e+03	+4.134e+03	+6.802e+03	+0.578
83.400	+2.030e+03	+5.610e+03	+9.328e+03	+0.734
83.600	+2.026e+03	+6.687e+03	+7.313e+03	+0.767
83.800	+1.987e+03	+4.828e+03	+4.056e+03	+0.708
84.000	+1.662e+03	+5.418e+03	+9.532e+03	+0.765
84.200	+1.404e+03	+5.894e+03	+6.352e+03	+0.808
84.400	+1.594e+03	+5.114e+03	+7.127e+03	+0.762
84.600	+1.927e+03	+5.283e+03	+7.250e+03	+0.733
84.800	+2.778e+03	+5.783e+03	+5.657e+03	+0.675
85.000	+5.223e+02	+5.090e+03	+8.512e+03	+0.907
85.200	+4.116e+03	+3.202e+03	+8.723e+03	+0.438
85.400	+5.895e+03	+3.844e+02	+8.316e+03	+0.061
85.600	+6.639e+03	+2.183e+03	+5.975e+03	+0.247
85.800	+4.868e+03	+1.484e+03	+6.334e+03	+0.234
86.000	+5.559e+03	+2.012e+03	+7.707e+03	+0.266
86.200	+6.784e+03	+9.262e+02	+8.318e+03	+0.120
86.400	+7.071e+03	+2.715e+03	+9.143e+03	+0.277
86.600	+6.362e+03	+1.245e+03	+6.785e+03	+0.164
86.800	+6.220e+03	+5.527e+02	+4.045e+03	+0.082
87.000	+5.133e+03	+9.382e+02	+8.005e+03	+0.155
87.200	+1.300e+03	+3.233e+03	+6.239e+03	+0.713
87.400	+2.615e+03	+6.603e+03	+8.452e+03	+0.716
87.600	+2.095e+03	+6.128e+03	+1.037e+04	+0.745
87.800	+2.956e+03	+5.669e+03	+8.515e+03	+0.657
88.000	+1.984e+03	+6.634e+03	+8.348e+03	+0.770
88.200	+3.827e+03	+5.637e+03	+6.523e+03	+0.596
88.400	+2.347e+03	+4.957e+03	+8.102e+03	+0.679
88.600	+1.885e+03	+5.988e+03	+8.562e+03	+0.761
88.800	+4.735e+03	+2.623e+03	+7.606e+03	+0.357
89.000	+4.553e+03	+1.209e+03	+8.182e+03	+0.210
89.200	+6.050e+03	+2.307e+03	+1.004e+04	+0.276
89.400	+5.568e+03	+1.879e+03	+4.849e+03	+0.252
89.600	+7.750e+03	+1.806e+03	+7.805e+03	+0.189
89.800	+5.504e+03	+1.209e+03	+6.577e+03	+0.180
90.000	+5.849e+03	+1.742e+03	+6.886e+03	+0.230
90.200	+4.655e+03	+7.541e+02	+8.875e+03	+0.139
90.400	+4.386e+03	+1.861e+02	+8.367e+03	+0.041
90.600	+3.926e+03	+1.536e+03	+5.786e+03	+0.281
90.800	+5.894e+03	+1.854e+03	+8.414e+03	+0.239
91.000	+6.914e+03	+1.908e+03	+5.575e+03	+0.216
91.200	+6.627e+03	+1.922e+03	+6.621e+03	+0.225
91.400	+4.659e+03	+9.023e+02	+7.904e+03	+0.162
91.600	+5.523e+03	+2.314e+03	+8.059e+03	+0.295
91.800	+6.578e+03	+1.700e+03	+6.104e+03	+0.205
92.000	+6.197e+03	+5.074e+02	+6.721e+03	+0.076
92.200	+7.310e+03	+2.411e+03	+8.088e+03	+0.248
92.400	+5.507e+03	+2.039e+03	+6.065e+03	+0.270
92.600	+5.588e+03	+2.138e+03	+8.307e+03	+0.277
92.800	+7.398e+03	+6.909e+02	+7.143e+03	+0.085
93.000	+5.416e+03	+1.260e+03	+7.744e+03	+0.189
93.200	+1.078e+03	+4.458e+03	+6.816e+03	+0.805
93.400	+1.805e+03	+5.631e+03	+6.651e+03	+0.757
93.600	+1.045e+03	+5.611e+03	+7.649e+03	+0.843
93.800	+1.636e+03	+4.025e+03	+6.196e+03	+0.711
94.000	+2.213e+03	+4.899e+03	+8.669e+03	+0.689
94.200	+1.381e+03	+6.088e+03	+8.644e+03	+0.815
94.400	+6.682e+02	+4.156e+03	+7.887e+03	+0.861
94.600	+4.148e+03	+2.475e+03	+8.388e+03	+0.374
94.800	+5.396e+03	+1.421e+03	+7.720e+03	+0.208
95.000	+6.382e+03	+1.802e+03	+8.322e+03	+0.220
95.200	+6.624e+03	+2.038e+03	+8.539e+03	+0.235
95.400	+6.362e+03	+5.632e+02	+6.518e+03	+0.081
95.600	+6.472e+03	+1.290e+03	+1.013e+04	+0.166
95.800	+3.509e+03	+3.597e+03	+7.455e+03	+0.506
96.000	+1.507e+03	+4.718e+03	+8.292e+03	+0.758
96.200	+1.125e+03	+6.820e+03	+8.216e+03	+0.858
96.400	+1.443e+03	+5.869e+03	+7.901e+03	+0.803
96.600	+8.055e+02	+4.623e+03	+5.430e+03	+0.852
96.800	+1.410e+03	+6.310e+03	+7.292e+03	+0.817
97.000	+1.795e+03	+4.172e+03	+7.706e+03	+0.699
97.200	+2.619e+03	+6.970e+03	+7.536e+03	+0.727
97.400	+2.892e+03	+5.442e+03	+7.633e+03	+0.653
97.600	+2.561e+03	+6.589e+03	+7.357e+03	+0.720
97.800	+2.232e+03	+5.262e+03	+7.950e+03	+0.702
98.000	+1.499e+03	+4.091e+03	+7.149e+03	+0.732
98.200	+1.562e+03	+7.280e+03	+6.420e+03	+0.823
98.400	+1.953e+03	+5.915e+03	+8.326e+03	+0.752
98.600	+1.534e+03	+4.187e+03	+6.770e+03	+0.732
98.800	+2.571e+03	+5.912e+03	+7.960e+03	+0.697
99.000	+2.264e+03	+3.828e+03	+7.197e+03	+0.628
99.200	+1.651e+03	+3.889e+03	+6.997e+03	+0.702
99.400	+2.036e+03	+4.491e+03	+9.249e+03	+0.688
99.600	+1.295e+03	+5.082e+03	+8.123e+03	+0.797
99.800	+2.817e+03	+6.656e+03	+6.372e+03	+0.703
100.000	+2.496e+03	+4.764e+03	+6.555e+03	+0.656
100.200	+2.177e+03	+3.161e+03	+9.514e+03	+0.592
100.400	+2.676e+03	+4.272e+03	+6.951e+03	+0.615
100.600	+4.343e+03	+2.271e+03	+6.260e+03	+0.343
100.800	+5.298e+03	+1.036e+03	+7.091e+03	+0.164
101.000	+3.028e+03	+6.433e+03	+8.446e+03	+0.680
101.200	+2.466e+03	+5.864e+03	+6.265e+03	+0.704
101.400	+1.474e+03	+6.597e+03	+6.095e+03	+0.817
101.600	+3.143e+03	+6.844e+03	+7.367e+03	+0.685
101.800	+1.879e+03	+5.178e+03	+8.260e+03	+0.734
102.000	+2.533e+03	+4.027e+03	+7.403e+03	+0.614
102.200	+2.144e+03	+6.038e+03	+8.931e+03	+0.738
102.400	+1.775e+03	+5.592e+03	+7.938e+03	+0.759
102.600	+1.576e+03	+5.732e+03	+5.985e+03	+0.784
102.800	+3.696e+03	+6.560e+03	+7.832e+03	+0.640
103.000	+6.891e+02	+4.762e+03	+7.005e+03	+0.874
103.200	+1.893e+02	+5.197e+03	+7.052e+03	+0.965
103.400	+2.404e+03	+5.896e+03	+6.669e+03	+0.710
103.600	+2.475e+03	+4.868e+03	+6.508e+03	+0.663
103.800	+2.894e+03	+4.818e+03	+7.168e+03	+0.625
104.000	+1.114e+03	+6.242e+03	+8.182e+03	+0.849
104.200	+1.020e+03	+6.257e+03	+7.488e+03	+0.860
104.400	+3.640e+03	+4.858e+03	+7.632e+03	+0.572
104.600	+6.391e+02	+6.287e+03	+5.276e+03	+0.908
104.800	+2.050e+03	+5.294e+03	+6.775e+03	+0.721
105.000	+2.588e+03	+4.731e+03	+9.150e+03	+0.646
105.200	+9.917e+02	+6.310e+03	+8.631e+03	+0.864
105.400	+2.665e+03	+5.800e+03	+5.511e+03	+0.685
105.600	+1.679e+03	+5.671e+03	+6.501e+03	+0.772
105.800	+1.577e+03	+6.290e+03	+6.466e+03	+0.800
106.000	+2.117e+03	+5.584e+03	+7.843e+03	+0.725
106.200	+2.659e+03	+4.785e+03	+9.686e+03	+0.643
106.400	+2.210e+03	+4.430e+03	+6.464e+03	+0.667
106.600	+1.767e+03	+5.935e+03	+8.559e+03	+0.771
106.800	+2.243e+03	+5.496e+03	+7.443e+03	+0.710
107.000	+2.371e+03	+5.047e+03	+6.736e+03	+0.680
107.200	+8.806e+02	+6.694e+03	+8.404e+03	+0.884
107.400	+1.080e+03	+6.967e+03	+5.346e+03	+0.866
107.600	+3.403e+03	+5.193e+03	+8.360e+03	+0.604
107.800	+1.474e+03	+6.940e+03	+5.513e+03	+0.825
108.000	+3.122e+03	+4.325e+03	+7.225e+03	+0.581
108.200	+6.256e+02	+6.393e+03	+8.534e+03	+0.911
108.400	+2.521e+03	+5.862e+03	+5.587e+03	+0.699
108.600	+2.626e+03	+5.892e+03	+6.499e+03	+0.692
108.800	+1.965e+03	+4.122e+03	+8.919e+03	+0.677
109.000	+2.532e+03	+4.657e+03	+9.209e+03	+0.648
109.200	+2.132e+03	+6.895e+03	+7.275e+03	+0.764
109.400	+6.774e+02	+4.260e+03	+6.589e+03	+0.863
109.600	+2.002e+03	+6.999e+03	+8.445e+03	+0.778
109.800	+2.487e+03	+5.923e+03	+9.198e+03	+0.704
110.000	+2.364e+03	+5.986e+03	+7.132e+03	+0.717
110.200	+2.335e+03	+5.592e+03	+7.240e+03	+0.705
110.400	+3.576e+03	+3.810e+03	+7.360e+03	+0.516
110.600	+4.993e+03	+1.433e+03	+5.510e+03	+0.223
110.800	+7.511e+03	+2.333e+03	+6.744e+03	+0.237
111.000	+5.242e+03	+1.481e+03	+6.740e+03	+0.220
111.200	+5.923e+03	+1.355e+03	+8.534e+03	+0.186
111.400	+3.431e+03	+3.950e+03	+6.070e+03	+0.535
111.600	+1.664e+03	+4.889e+03	+6.889e+03	+0.746
111.800	+2.340e+03	+6.024e+03	+7.334e+03	+0.720
112.000	+1.809e+03	+5.938e+03	+6.367e+03	+0.767
112.200	+1.860e+03	+5.283e+03	+8.611e+03	+0.740
112.400	+2.097e+03	+5.698e+03	+7.391e+03	+0.731
112.600	+1.759e+03	+6.376e+03	+7.106e+03	+0.784
112.800	+1.165e+03	+5.143e+03	+7.640e+03	+0.815
113.000	+2.290e+03	+5.887e+03	+9.070e+03	+0.720
113.200	+2.723e+03	+5.986e+03	+7.992e+03	+0.687
113.400	+1.354e+03	+5.046e+03	+5.630e+03	+0.788
113.600	+3.514e+03	+5.555e+03	+6.775e+03	+0.613
113.800	+1.039e+03	+4.532e+03	+5.767e+03	+0.814
114.000	+2.372e+03	+5.123e+03	+5.579e+03	+0.683
114.200	+3.373e+03	+6.161e+03	+8.553e+03	+0.646
114.400	+2.626e+03	+5.339e+03	+6.949e+03	+0.670
114.600	+3.787e+02	+5.934e+03	+6.952e+03	+0.940
114.800	+4.027e+03	+2.866e+03	+6.694e+03	+0.416
115.000	+5.849e+03	+1.769e+03	+8.290e+03	+0.232
115.200	+5.793e+03	+2.032e+03	+6.378e+03	+0.260
115.400	+5.677e+03	+1.931e+03	+6.213e+03	+0.254
115.600	+6.960e+03	+1.947e+03	+7.905e+03	+0.219
115.800	+5.581e+03	+1.776e+03	+7.181e+03	+0.241
116.000	+5.148e+03	+5.331e+01	+6.863e+03	+0.010
116.200	+7.242e+03	+2.111e+03	+7.223e+03	+0.226
116.400	+5.317e+03	+1.265e+03	+8.367e+03	+0.192
116.600	+5.170e+03	+1.714e+03	+7.324e+03	+0.249
116.800	+5.760e+03	+2.536e+03	+7.878e+03	+0.306
117.000	+5.479e+03	+2.812e+03	+7.453e+03	+0.339
117.200	+4.828e+03	+1.026e+03	+7.644e+03	+0.175
117.400	+4.325e+03	+1.032e+03	+6.786e+03	+0.193
117.600	+5.839e+03	+1.372e+02	+7.620e+03	+0.023
117.800	+6.865e+03	+2.416e+03	+8.520e+03	+0.260
118.000	+5.968e+03	+5.103e+02	+7.132e+03	+0.079
118.200	+7.130e+03	+2.275e+03	+8.121e+03	+0.242
118.400	+5.675e+03	+1.816e+03	+7.578e+03	+0.242
118.600	+2.616e+03	+3.426e+03	+7.159e+03	+0.567
118.800	+5.606e+03	+5.494e+02	+6.587e+03	+0.089
119.000	+5.171e+03	+5.356e+02	+6.114e+03	+0.094
119.200	+6.055e+03	+1.847e+03	+1.015e+04	+0.234
119.400	+5.531e+03	+1.563e+03	+6.434e+03	+0.220
119.600	+6.921e+03	+1.379e+03	+6.003e+03	+0.166
119.800	+4.934e+03	+5.601e+02	+8.197e+03	+0.102
120.000	+5.776e+03	+2.085e+03	+6.655e+03	+0.265
120.200	+7.326e+03	+1.564e+03	+8.035e+03	+0.176
120.400	+8.171e+03	+8.730e+02	+6.540e+03	+0.097
120.600	+6.846e+03	+8.916e+02	+8.118e+03	+0.115
120.800	+4.978e+03	+1.544e+03	+9.346e+03	+0.237
121.000	+6.617e+03	+6.469e+02	+7.149e+03	+0.089
121.200	+5.706e+03	+1.617e+03	+7.127e+03	+0.221
121.400	+6.122e+03	+7.535e+02	+8.259e+03	+0.110
121.600	+4.160e+03	+2.663e+03	+7.251e+03	+0.390
121.800	+2.258e+03	+5.755e+03	+6.582e+03	+0.718
122.000	+2.227e+03	+5.281e+03	+9.235e+03	+0.703
122.200	+2.910e+03	+5.924e+03	+8.850e+03	+0.671
122.400	+1.638e+03	+5.524e+03	+7.351e+03	+0.771
122.600	+3.104e+03	+4.497e+03	+5.238e+03	+0.592
122.800	+1.734e+03	+5.233e+03	+9.317e+03	+0.751
123.000	+2.792e+03	+5.897e+03	+8.663e+03	+0.679
123.200	+1.312e+03	+5.903e+03	+6.994e+03	+0.818
123.400	+2.122e+03	+4.928e+03	+7.022e+03	+0.699
123.600	+2.716e+03	+5.117e+03	+9.307e+03	+0.653
123.800	+1.431e+03	+5.466e+03	+6.955e+03	+0.793
124.000	+1.620e+03	+6.669e+03	+6.745e+03	+0.805
124.200	+2.094e+03	+4.567e+03	+6.691e+03	+0.686
124.400	+3.009e+03	+5.592e+03	+1.004e+04	+0.650
124.600	+2.057e+03	+4.956e+03	+8.493e+03	+0.707
124.800	+1.180e+03	+5.609e+03	+6.413e+03	+0.826
125.000	+1.691e+03	+6.148e+03	+8.208e+03	+0.784
125.200	+1.644e+03	+5.963e+03	+7.356e+03	+0.784
125.400	+2.612e+03	+6.082e+03	+7.868e+03	+0.700
125.600	+3.108e+03	+4.214e+03	+6.032e+03	+0.576
125.800	+1.564e+03	+5.477e+03	+7.408e+03	+0.778
126.000	+9.965e+02	+4.498e+03	+7.009e+03	+0.819
126.200	+2.682e+03	+6.130e+03	+7.857e+03	+0.696
126.400	+1.468e+03	+5.862e+03	+7.216e+03	+0.800
126.600	+1.430e+03	+3.972e+03	+8.770e+03	+0.735
126.800	+1.390e+03	+4.328e+03	+6.351e+03	+0.757
127.000	+2.685e+03	+6.009e+03	+6.216e+03	+0.691
127.200	+2.189e+03	+5.996e+03	+5.504e+03	+0.733
127.400	+4.766e+03	+2.552e+03	+8.405e+03	+0.349
127.600	+6.430e+03	+6.033e+02	+6.939e+03	+0.086
127.800	+6.524e+03	+1.132e+03	+7.999e+03	+0.148
128.000	+7.098e+03	+1.045e+03	+7.016e+03	+0.128
128.200	+6.047e+03	+1.256e+03	+6.567e+03	+0.172
128.400	+6.030e+03	+2.023e+03	+8.586e+03	+0.251
128.600	+5.015e+03	+1.988e+03	+5.480e+03	+0.284
128.800	+5.771e+03	+2.248e+03	+7.548e+03	+0.280
129.000	+5.447e+03	+1.870e+03	+7.838e+03	+0.256
129.200	+6.529e+03	+2.039e+03	+9.053e+03	+0.238
129.400	+4.833e+03	+1.656e+03	+5.773e+03	+0.255
129.600	+5.575e+03	+1.225e+03	+1.049e+04	+0.180
129.800	+5.993e+03	+7.593e+02	+8.439e+03	+0.112
130.000	+3.819e+03	+3.913e+03	+7.606e+03	+0.506
130.200	+1.164e+03	+5.645e+03	+8.957e+03	+0.829
130.400	+2.117e+03	+4.795e+03	+7.028e+03	+0.694
130.600	+4.738e+02	+6.317e+03	+7.162e+03	+0.930
130.800	+1.995e+03	+7.827e+03	+7.722e+03	+0.797
131.000	+1.723e+03	+5.584e+03	+7.811e+03	+0.764
131.200	+2.699e+03	+5.908e+03	+8.715e+03	+0.686
131.400	+2.819e+03	+6.109e+03	+6.809e+03	+0.684
131.600	+2.403e+03	+6.694e+03	+7.415e+03	+0.736
131.800	+1.903e+03	+6.059e+03	+7.964e+03	+0.761
132.000	+1.000e+03	+5.746e+03	+5.588e+03	+0.852
132.200	+3.138e+03	+5.391e+03	+6.325e+03	+0.632
132.400	+1.399e+03	+7.098e+03	+9.340e+03	+0.835
132.600	+2.168e+03	+5.080e+03	+9.056e+03	+0.701
132.800	+2.239e+03	+5.348e+03	+7.576e+03	+0.705
133.000	+1.489e+03	+6.195e+03	+6.716e+03	+0.806
133.200	+2.381e+03	+5.554e+03	+7.287e+03	+0.700
133.400	+2.083e+03	+5.349e+03	+8.299e+03	+0.720
133.600	+4.740e+03	+2.258e+03	+7.120e+03	+0.323
133.800	+4.548e+03	+1.719e+03	+6.879e+03	+0.274
134.000	+5.783e+03	+1.899e+03	+6.533e+03	+0.247
134.200	+7.703e+03	+1.155e+03	+8.326e+03	+0.130
134.400	+4.335e+03	+3.077e+03	+7.571e+03	+0.415
134.600	+1.988e+03	+5.462e+03	+7.584e+03	+0.733
134.800	+2.413e+03	+6.888e+03	+6.933e+03	+0.741
135.000	+2.251e+03	+5.300e+03	+6.292e+03	+0.702
135.200	+2.051e+03	+5.973e+03	+7.188e+03	+0.744
135.400	+1.425e+03	+6.069e+03	+7.385e+03	+0.810
135.600	+1.954e+03	+4.955e+03	+7.971e+03	+0.717
135.800	+8.281e+02	+5.734e+03	+5.563e+03	+0.874
136.000	+1.310e+03	+4.903e+03	+1.027e+04	+0.789
136.200	+1.782e+03	+5.218e+03	+8.335e+03	+0.745
136.400	+8.458e+02	+5.119e+03	+7.294e+03	+0.858
136.600	+2.301e+03	+4.875e+03	+6.642e+03	+0.679
136.800	+2.133e+03	+6.680e+03	+7.271e+03	+0.758
137.000	+1.254e+03	+5.357e+03	+6.179e+03	+0.810
137.200	+2.927e+03	+4.386e+03	+7.019e+03	+0.600
137.400	+1.086e+03	+5.954e+03	+7.487e+03	+0.846
137.600	+1.412e+03	+5.043e+03	+7.549e+03	+0.781
137.800	+1.262e+03	+6.100e+03	+6.884e+03	+0.829
138.000	+2.086e+03	+4.265e+03	+7.688e+03	+0.672
138.200	+2.391e+03	+6.289e+03	+7.870e+03	+0.725
138.400	+1.864e+03	+5.902e+03	+6.492e+03	+0.760
138.600	+7.922e+02	+4.672e+03	+6.419e+03	+0.855
138.800	+3.462e+03	+5.452e+03	+9.720e+03	+0.612
139.000	+1.860e+03	+3.940e+03	+8.450e+03	+0.679
139.200	+1.499e+03	+5.082e+03	+9.950e+03	+0.772
139.400	+4.112e+03	+5.109e+03	+7.344e+03	+0.554
139.600	+1.097e+03	+6.032e+03	+8.633e+03	+0.846
139.800	+1.202e+03	+5.066e+03	+7.738e+03	+0.808
140.000	+1.846e+03	+6.333e+03	+8.335e+03	+0.774
140.200	+1.513e+03	+5.468e+03	+7.583e+03	+0.783
140.400	+3.214e+03	+4.877e+03	+9.019e+03	+0.603
140.600	+2.131e+03	+4.458e+03	+8.197e+03	+0.677
140.800	+1.215e+03	+4.920e+03	+8.785e+03	+0.802
141.000	+2.193e+03	+4.852e+03	+7.263e+03	+0.689
141.200	+1.962e+03	+5.134e+03	+6.005e+03	+0.724
141.400	+2.310e+03	+6.176e+03	+8.753e+03	+0.728
141.600	+1.875e+03	+4.657e+03	+5.038e+03	+0.713
141.800	+1.366e+03	+6.789e+03	+9.090e+03	+0.833
142.000	+2.507e+03	+5.559e+03	+7.805e+03	+0.689
142.200	+5.556e+02	+5.881e+03	+9.153e+03	+0.914
142.400	+2.881e+03	+5.368e+03	+5.649e+03	+0.651
142.600	+1.774e+03	+6.595e+03	+9.198e+03	+0.788
142.800	+2.240e+03	+5.295e+03	+7.479e+03	+0.703
143.000	+1.561e+03	+5.942e+03	+7.229e+03	+0.792
143.200	+2.068e+03	+4.786e+03	+9.153e+03	+0.698
143.400	+2.212e+03	+5.583e+03	+7.396e+03	+0.716
143.600	+2.796e+03	+4.680e+03	+8.048e+03	+0.626
143.800	+2.339e+03	+6.307e+03	+7.552e+03	+0.730
144.000	+2.717e+03	+4.023e+03	+7.234e+03	+0.597
144.200	+2.066e+03	+4.912e+03	+6.184e+03	+0.704
144.400	+2.112e+03	+5.786e+03	+8.045e+03	+0.733
144.600	+8.971e+02	+4.995e+03	+7.047e+03	+0.848
144.800	+2.348e+03	+6.176e+03	+7.392e+03	+0.725
145.000	+3.809e+03	+4.026e+03	+9.218e+03	+0.514
145.200	+2.114e+03	+6.572e+03	+5.594e+03	+0.757
145.400	+2.085e+03	+5.441e+03	+9.336e+03	+0.723
145.600	+1.328e+03	+4.502e+03	+7.515e+03	+0.772
145.800	+3.789e+03	+3.605e+03	+6.579e+03	+0.488
146.000	+5.367e+03	+1.734e+03	+7.120e+03	+0.244
146.200	+5.692e+03	+1.406e+03	+8.988e+03	+0.198
146.400	+2.812e+03	+4.262e+03	+7.278e+03	+0.603
146.600	+2.662e+03	+6.472e+03	+7.826e+03	+0.709
146.800	+2.639e+03	+4.572e+03	+7.415e+03	+0.634
147.000	+9.828e+02	+5.769e+03	+6.785e+03	+0.854
147.200	+1.093e+03	+5.136e+03	+6.997e+03	+0.825
147.400	+2.082e+03	+4.754e+03	+6.995e+03	+0.695
147.600	+1.792e+03	+5.895e+03	+7.633e+03	+0.767
147.800	+1.870e+03	+3.289e+03	+8.466e+03	+0.638
148.000	+1.450e+03	+5.106e+03	+9.273e+03	+0.779
148.200	+2.493e+03	+3.915e+03	+7.587e+03	+0.611
148.400	+5.837e+02	+4.846e+03	+6.554e+03	+0.892
148.600	+1.973e+03	+5.423e+03	+6.586e+03	+0.733
148.800	+1.976e+03	+5.684e+03	+6.674e+03	+0.742
149.000	+1.863e+03	+4.784e+03	+8.620e+03	+0.720
149.200	+1.773e+03	+5.234e+03	+7.925e+03	+0.747
149.400	+1.144e+03	+5.115e+03	+8.798e+03	+0.817
149.600	+1.641e+03	+5.748e+03	+7.825e+03	+0.778
149.800	+2.109e+03	+5.840e+03	+7.210e+03	+0.735
150.000	+1.895e+03	+4.288e+03	+8.304e+03	+0.694
150.200	+2.338e+03	+5.475e+03	+7.944e+03	+0.701
150.400	+2.632e+03	+7.004e+03	+8.119e+03	+0.727
150.600	+1.714e+03	+6.050e+03	+9.007e+03	+0.779
150.800	+1.349e+03	+5.108e+03	+9.566e+03	+0.791
151.000	+1.675e+03	+5.641e+03	+6.493e+03	+0.771
151.200	+1.680e+03	+6.571e+03	+6.615e+03	+0.796
151.400	+2.509e+03	+6.841e+03	+6.475e+03	+0.732
151.600	+1.726e+03	+6.719e+03	+1.137e+04	+0.796
151.800	+1.880e+03	+6.928e+03	+7.542e+03	+0.787
152.000	+1.404e+03	+5.331e+03	+7.821e+03	+0.792
152.200	+1.806e+03	+5.673e+03	+8.555e+03	+0.759
152.400	+2.373e+03	+6.386e+03	+9.239e+03	+0.729
152.600	+2.470e+03	+5.094e+03	+7.493e+03	+0.673
152.800	+1.607e+03	+5.296e+03	+9.264e+03	+0.767
153.000	+2.332e+03	+5.753e+03	+7.297e+03	+0.712
153.200	+1.915e+03	+5.946e+03	+1.024e+04	+0.756
153.400	+2.898e+03	+5.288e+03	+7.634e+03	+0.646
153.600	+2.794e+03	+5.148e+03	+8.298e+03	+0.648
153.800	+2.357e+03	+6.633e+03	+7.487e+03	+0.738
154.000	+1.635e+03	+4.892e+03	+7.506e+03	+0.750
154.200	+2.047e+03	+4.628e+03	+7.908e+03	+0.693
154.400	+2.484e+03	+5.693e+03	+7.261e+03	+0.696
154.600	+2.872e+02	+5.849e+03	+6.108e+03	+0.953
154.800	+1.707e+03	+5.535e+03	+7.448e+03	+0.764
155.000	+2.630e+03	+4.886e+03	+7.367e+03	+0.650
155.200	+2.118e+03	+4.547e+03	+6.780e+03	+0.682
155.400	+2.285e+03	+4.625e+03	+7.132e+03	+0.669
155.600	+2.351e+03	+5.736e+03	+9.546e+03	+0.709
155.800	+1.903e+03	+6.082e+03	+6.704e+03	+0.762
156.000	+2.168e+03	+4.894e+03	+6.667e+03	+0.693
156.200	+2.236e+03	+6.352e+03	+7.220e+03	+0.740
156.400	+2.551e+03	+5.978e+03	+6.968e+03	+0.701
156.600	+2.358e+03	+6.761e+03	+9.374e+03	+0.741
156.800	+2.151e+03	+5.875e+03	+8.529e+03	+0.732
157.000	+3.263e+03	+5.708e+03	+7.529e+03	+0.636
157.200	+3.227e+03	+5.012e+03	+6.874e+03	+0.608
157.400	+2.023e+03	+6.172e+03	+8.239e+03	+0.753
157.600	+2.552e+03	+4.301e+03	+7.327e+03	+0.628
157.800	+2.931e+03	+5.906e+03	+8.086e+03	+0.668
158.000	+1.974e+03	+6.929e+03	+8.393e+03	+0.778
158.200	+2.329e+03	+7.159e+03	+6.165e+03	+0.755
158.400	+2.331e+03	+6.307e+03	+6.299e+03	+0.730
158.600	+1.947e+03	+4.344e+03	+5.485e+03	+0.691
158.800	+1.037e+03	+5.203e+03	+6.700e+03	+0.834
159.000	+1.008e+03	+4.788e+03	+6.159e+03	+0.826
159.200	+2.538e+03	+5.117e+03	+6.903e+03	+0.668
159.400	+1.307e+03	+5.211e+03	+8.184e+03	+0.799
159.600	+4.143e+02	+4.973e+03	+5.420e+03	+0.923
159.800	+1.503e+03	+5.176e+03	+8.088e+03	+0.775
160.000	+7.441e+02	+5.661e+03	+7.553e+03	+0.884
160.200	+1.714e+03	+4.628e+03	+8.588e+03	+0.730
160.400	+1.552e+03	+5.469e+03	+5.958e+03	+0.779
160.600	+1.662e+03	+5.575e+03	+8.823e+03	+0.770
160.800	+2.021e+03	+4.511e+03	+6.882e+03	+0.691
161.000	+2.945e+03	+6.557e+03	+7.081e+03	+0.690
161.200	+3.474e+03	+6.437e+03	+7.231e+03	+0.649
161.400	+2.179e+03	+5.725e+03	+5.655e+03	+0.724
161.600	+1.804e+03	+6.739e+03	+5.848e+03	+0.789
161.800	+1.518e+03	+4.658e+03	+8.780e+03	+0.754
162.000	+1.754e+03	+3.897e+03	+6.952e+03	+0.690
162.200	+1.800e+03	+5.435e+03	+8.440e+03	+0.751
162.400	+2.803e+03	+5.729e+03	+8.150e+03	+0.671
162.600	+5.373e+02	+5.259e+03	+8.546e+03	+0.907
162.800	+1.590e+03	+6.711e+03	+8.752e+03	+0.809
163.000	+1.349e+03	+5.462e+03	+6.518e+03	+0.802
163.200	+2.990e+03	+4.910e+03	+7.178e+03	+0.622
163.400	+3.061e+03	+3.817e+03	+6.709e+03	+0.555
163.600	+1.068e+03	+6.532e+03	+8.446e+03	+0.859
163.800	+2.644e+03	+4.605e+03	+7.330e+03	+0.635
164.000	+2.911e+03	+5.572e+03	+9.215e+03	+0.657
164.200	+1.798e+03	+5.074e+03	+9.027e+03	+0.738
164.400	+1.170e+03	+5.700e+03	+7.251e+03	+0.830
164.600	+1.499e+03	+7.135e+03	+7.936e+03	+0.826
164.800	+1.001e+03	+4.979e+03	+6.807e+03	+0.833
165.000	+2.760e+02	+7.297e+03	+9.218e+03	+0.964
165.200	+1.836e+03	+6.463e+03	+6.797e+03	+0.779
165.400	+2.492e+03	+6.257e+03	+7.104e+03	+0.715
165.600	+2.577e+03	+5.375e+03	+9.089e+03	+0.676
165.800	+2.524e+03	+4.551e+03	+7.967e+03	+0.643
166.000	+1.364e+03	+6.491e+03	+5.863e+03	+0.826
166.200	+2.133e+03	+4.853e+03	+7.410e+03	+0.695
166.400	+1.782e+03	+5.105e+03	+7.114e+03	+0.741
166.600	+1.008e+03	+4.373e+03	+8.194e+03	+0.813
166.800	+1.933e+03	+4.989e+03	+6.537e+03	+0.721
167.000	+1.715e+03	+6.357e+03	+6.000e+03	+0.788
167.200	+2.751e+03	+4.706e+03	+7.873e+03	+0.631
167.400	+3.703e+03	+5.621e+03	+7.437e+03	+0.603
167.600	+1.158e+03	+6.597e+03	+9.506e+03	+0.851
167.800	+2.051e+03	+5.401e+03	+8.008e+03	+0.725
168.000	+2.948e+03	+5.055e+03	+7.708e+03	+0.632
168.200	+1.484e+03	+4.662e+03	+9.526e+03	+0.759
168.400	+2.107e+03	+4.762e+03	+5.335e+03	+0.693
168.600	+6.464e+02	+7.156e+03	+6.301e+03	+0.917
168.800	+2.176e+03	+6.115e+03	+6.648e+03	+0.738
169.000	+2.421e+03	+5.128e+03	+6.127e+03	+0.679
169.200	+2.117e+03	+4.527e+03	+6.523e+03	+0.681
169.400	+2.156e+03	+5.838e+03	+7.243e+03	+0.730
169.600	+2.984e+03	+4.754e+03	+7.030e+03	+0.614
169.800	+2.971e+03	+6.303e+03	+9.109e+03	+0.680
170.000	+1.303e+03	+6.745e+03	+6.932e+03	+0.838
170.200	+2.075e+03	+5.587e+03	+7.470e+03	+0.729
170.400	+8.205e+02	+6.773e+03	+8.654e+03	+0.892
170.600	+1.804e+03	+5.957e+03	+7.527e+03	+0.768
170.800	+2.144e+03	+5.042e+03	+8.330e+03	+0.702
171.000	+2.806e+03	+5.411e+03	+7.851e+03	+0.658
171.200	+1.677e+03	+7.584e+03	+7.615e+03	+0.819
171.400	+1.633e+03	+4.760e+03	+7.969e+03	+0.745
171.600	+2.456e+03	+5.989e+03	+6.641e+03	+0.709
171.800	+2.307e+03	+4.497e+03	+6.471e+03	+0.661
172.000	+2.647e+03	+7.116e+03	+9.610e+03	+0.729
172.200	+1.468e+03	+5.371e+03	+6.411e+03	+0.785
172.400	+1.723e+03	+6.908e+03	+7.086e+03	+0.800
172.600	+2.070e+03	+4.493e+03	+8.065e+03	+0.685
172.800	+2.183e+03	+3.748e+03	+7.511e+03	+0.632
173.000	+7.963e+02	+4.993e+03	+7.476e+03	+0.862
173.200	+2.171e+03	+5.070e+03	+6.284e+03	+0.700
173.400	+5.034e+03	+1.775e+03	+8.829e+03	+0.261
173.600	+5.148e+03	+1.932e+03	+8.181e+03	+0.273
173.800	+5.031e+03	+6.235e+02	+6.595e+03	+0.110
174.000	+7.577e+03	+3.156e+03	+6.164e+03	+0.294
174.200	+2.353e+03	+5.178e+03	+8.030e+03	+0.688
174.400	+8.419e+02	+5.074e+03	+8.305e+03	+0.858
174.600	+1.609e+03	+6.356e+03	+6.142e+03	+0.798
174.800	+2.037e+03	+3.685e+03	+7.664e+03	+0.644
175.000	+1.395e+03	+4.712e+03	+7.485e+03	+0.772
175.200	+2.115e+02	+4.202e+03	+7.572e+03	+0.952
175.400	+1.241e+03	+4.627e+03	+6.975e+03	+0.789
175.600	+1.846e+03	+3.265e+03	+6.901e+03	+0.639
175.800	+1.718e+03	+7.488e+03	+7.631e+03	+0.813
176.000	+1.732e+03	+5.715e+03	+8.400e+03	+0.767
176.200	+2.626e+03	+5.426e+03	+6.876e+03	+0.674
176.400	+1.866e+03	+5.987e+03	+6.149e+03	+0.762
176.600	+2.364e+03	+4.632e+03	+7.182e+03	+0.662
176.800	+1.937e+03	+6.279e+03	+6.836e+03	+0.764
177.000	+2.153e+03	+5.657e+03	+7.751e+03	+0.724
177.200	+2.694e+03	+6.712e+03	+8.271e+03	+0.714
177.400	+1.791e+03	+4.116e+03	+8.467e+03	+0.697
177.600	+5.253e+03	+2.971e+03	+8.252e+03	+0.361
177.800	+7.523e+03	+2.059e+03	+7.703e+03	+0.215
178.000	+7.857e+03	+1.640e+03	+7.508e+03	+0.173
178.200	+5.057e+03	+9.769e+02	+5.327e+03	+0.162
178.400	+5.838e+03	+4.820e+02	+8.273e+03	+0.076
178.600	+4.745e+03	+1.598e+03	+6.360e+03	+0.252
178.800	+5.586e+03	+5.600e+02	+7.649e+03	+0.091
179.000	+6.158e+03	+1.442e+03	+7.986e+03	+0.190
179.200	+6.413e+03	+2.531e+03	+7.049e+03	+0.283
179.400	+7.291e+03	+1.456e+03	+8.326e+03	+0.166
179.600	+6.052e+03	+1.656e+03	+7.892e+03	+0.215
179.800	+7.661e+03	+1.845e+03	+7.647e+03	+0.194
180.000	+7.968e+03	+2.170e+03	+5.728e+03	+0.214
180.200	+6.220e+03	+1.066e+03	+8.495e+03	+0.146
180.400	+6.054e+03	+1.664e+03	+8.832e+03	+0.216
180.600	+4.801e+03	+2.327e+03	+8.360e+03	+0.326
180.800	+5.489e+03	+8.500e+02	+7.112e+03	+0.134
181.000	+4.822e+03	+2.386e+03	+8.726e+03	+0.331
181.200	+4.548e+03	+3.278e+03	+7.947e+03	+0.419
181.400	+7.250e+03	+1.787e+03	+9.433e+03	+0.198
181.600	+7.414e+03	+2.918e+03	+6.888e+03	+0.282
181.800	+7.354e+03	+2.038e+03	+7.280e+03	+0.217
182.000	+7.319e+03	+1.422e+03	+6.353e+03	+0.163
182.200	+4.928e+03	+1.463e+03	+9.319e+03	+0.229
182.400	+5.710e+03	+2.089e+03	+6.956e+03	+0.268
182.600	+6.281e+03	+4.267e+02	+7.693e+03	+0.064
182.800	+6.182e+03	+1.067e+02	+9.132e+03	+0.017
183.000	+7.003e+03	+1.166e+03	+7.018e+03	+0.143
183.200	+4.841e+03	+1.170e+03	+8.093e+03	+0.195
183.400	+5.695e+03	+1.522e+03	+7.662e+03	+0.211
183.600	+5.994e+03	+8.771e+02	+7.536e+03	+0.128
183.800	+5.801e+03	+1.050e+02	+7.506e+03	+0.018
184.000	+5.521e+03	+2.138e+03	+7.009e+03	+0.279
184.200	+5.706e+03	+2.033e+03	+7.876e+03	+0.263
184.400	+5.717e+03	+2.197e+02	+8.540e+03	+0.037
184.600	+6.830e+03	+2.548e+03	+8.281e+03	+0.272
184.800	+5.330e+03	+5.226e+02	+7.999e+03	+0.089
185.000	+4.678e+03	+1.691e+03	+6.098e+03	+0.266
185.200	+6.973e+03	+1.928e+03	+6.998e+03	+0.217
185.400	+7.534e+03	+2.369e+03	+7.205e+03	+0.239
185.600	+5.759e+03	+7.665e+02	+8.335e+03	+0.117
185.800	+6.353e+03	+2.103e+03	+7.045e+03	+0.249
186.000	+4.174e+03	+3.931e+03	+6.477e+03	+0.485
186.200	+1.942e+03	+5.186e+03	+8.552e+03	+0.728
186.400	+3.088e+03	+5.779e+03	+8.676e+03	+0.652
186.600	+1.447e+03	+5.691e+03	+7.720e+03	+0.797
186.800	+1.918e+03	+6.293e+03	+9.161e+03	+0.766
187.000	+3.173e+03	+5.958e+03	+8.073e+03	+0.653
187.200	+3.029e+03	+5.222e+03	+7.423e+03	+0.633
187.400	+2.804e+03	+4.459e+03	+7.110e+03	+0.614
187.600	+1.797e+03	+4.815e+03	+8.232e+03	+0.728
187.800	+2.279e+03	+6.372e+03	+8.579e+03	+0.737
188.000	+1.798e+03	+4.327e+03	+6.707e+03	+0.706
188.200	+9.178e+02	+3.605e+03	+7.371e+03	+0.797
188.400	+1.550e+02	+5.059e+03	+7.582e+03	+0.970
188.600	+3.088e+03	+5.152e+03	+7.592e+03	+0.625
188.800	+2.106e+03	+4.903e+03	+7.746e+03	+0.700
189.000	+9.335e+02	+5.724e+03	+8.493e+03	+0.860
189.200	+1.609e+03	+4.658e+03	+8.771e+03	+0.743
189.400	+3.322e+03	+4.444e+03	+6.701e+03	+0.572
189.600	+1.300e+03	+5.457e+03	+7.096e+03	+0.808
189.800	+2.632e+03	+5.814e+03	+8.105e+03	+0.688
190.000	+8.598e+02	+4.807e+03	+8.236e+03	+0.848
190.200	+1.955e+03	+5.122e+03	+9.159e+03	+0.724
190.400	+2.407e+03	+6.821e+03	+6.830e+03	+0.739
190.600	+1.915e+03	+7.210e+03	+8.232e+03	+0.790
190.800	+1.549e+03	+4.991e+03	+7.939e+03	+0.763
191.000	+3.284e+03	+5.356e+03	+9.002e+03	+0.620
191.200	+3.675e+03	+6.842e+03	+6.844e+03	+0.651
191.400	+2.508e+03	+5.354e+03	+7.876e+03	+0.681
191.600	+1.846e+03	+6.867e+03	+6.181e+03	+0.788
191.800	+2.159e+03	+5.245e+03	+7.525e+03	+0.708
192.000	+1.578e+03	+4.700e+03	+6.410e+03	+0.749
192.200	+1.994e+03	+5.884e+03	+7.919e+03	+0.747
192.400	+1.705e+03	+4.086e+03	+8.006e+03	+0.706
192.600	+1.838e+03	+6.119e+03	+7.318e+03	+0.769
192.800	+2.358e+03	+6.933e+03	+9.341e+03	+0.746
193.000	+2.296e+03	+4.922e+03	+8.146e+03	+0.682
193.200	+3.313e+03	+5.244e+03	+6.371e+03	+0.613
193.400	+3.025e+03	+6.380e+03	+7.404e+03	+0.678
193.600	+4.705e+03	+3.232e+03	+6.578e+03	+0.407
193.800	+5.075e+03	+1.940e+03	+7.746e+03	+0.277
194.000	+4.203e+03	+1.448e+03	+7.562e+03	+0.256
194.200	+5.265e+03	+2.308e+03	+7.182e+03	+0.305
194.400	+5.191e+03	+8.972e+02	+8.508e+03	+0.147
194.600	+7.286e+03	+1.007e+03	+7.914e+03	+0.121
194.800	+7.318e+03	+2.070e+03	+9.956e+03	+0.221
195.000	+6.213e+03	+2.419e+03	+5.175e+03	+0.280
195.200	+6.078e+03	+1.211e+03	+7.655e+03	+0.166
195.400	+5.334e+03	+8.665e+02	+6.113e+03	+0.140
195.600	+5.984e+03	+1.091e+03	+6.857e+03	+0.154
195.800	+5.020e+03	+1.229e+03	+8.455e+03	+0.197
196.000	+5.866e+03	+1.289e+03	+6.866e+03	+0.180
196.200	+5.272e+03	+1.729e+03	+8.220e+03	+0.247
196.400	+7.427e+03	+1.299e+03	+6.392e+03	+0.149
196.600	+6.865e+03	+1.311e+03	+9.368e+03	+0.160
196.800	+6.558e+03	+6.573e+02	+6.515e+03	+0.091
197.000	+6.769e+03	+1.939e+03	+6.681e+03	+0.223
197.200	+6.281e+03	+1.745e+03	+7.320e+03	+0.217
197.400	+6.842e+03	+1.770e+03	+8.087e+03	+0.205
197.600	+6.069e+03	+2.053e+03	+6.091e+03	+0.253
197.800	+7.321e+03	+1.180e+03	+6.772e+03	+0.139
198.000	+6.059e+03	+9.441e+02	+7.744e+03	+0.135
198.200	+5.970e+03	+1.041e+03	+7.533e+03	+0.149
198.400	+5.460e+03	+2.175e+03	+8.436e+03	+0.285
198.600	+6.086e+03	+1.093e+03	+6.745e+03	+0.152
198.800	+6.382e+03	+8.701e+02	+7.465e+03	+0.120
199.000	+4.144e+03	+2.299e+03	+8.118e+03	+0.357
199.200	+2.454e+03	+6.108e+03	+7.225e+03	+0.713
199.400	+1.647e+03	+5.949e+03	+8.083e+03	+0.783
199.600	+1.721e+03	+4.583e+03	+8.513e+03	+0.727
199.800	+1.861e+03	+5.152e+03	+8.565e+03	+0.735
200.000	+1.952e+03	+4.428e+03	+8.073e+03	+0.694
200.200	+1.879e+03	+5.430e+03	+6.472e+03	+0.743
200.400	+8.808e+02	+6.525e+03	+7.308e+03	+0.881
200.600	+1.373e+03	+5.644e+03	+8.038e+03	+0.804
200.800	+2.883e+03	+7.067e+03	+7.908e+03	+0.710
201.000	+1.912e+03	+6.149e+03	+7.825e+03	+0.763
201.200	+2.489e+03	+5.467e+03	+7.713e+03	+0.687
201.400	+1.782e+03	+6.425e+03	+5.422e+03	+0.783
201.600	+1.382e+03	+5.900e+03	+7.109e+03	+0.810
201.800	+1.063e+03	+5.764e+03	+7.486e+03	+0.844
202.000	+2.453e+03	+7.197e+03	+6.533e+03	+0.746
202.200	+1.020e+03	+5.663e+03	+7.089e+03	+0.847
202.400	+2.283e+03	+5.678e+03	+8.681e+03	+0.713
202.600	+2.257e+03	+5.726e+03	+6.512e+03	+0.717
202.800	+2.008e+03	+5.897e+03	+7.869e+03	+0.746
203.000	+2.927e+03	+6.208e+03	+8.970e+03	+0.680
203.200	+1.970e+03	+5.682e+03	+7.203e+03	+0.743
203.400	+9.227e+02	+5.866e+03	+8.417e+03	+0.864
203.600	+2.253e+03	+6.178e+03	+8.862e+03	+0.733
203.800	+2.335e+03	+3.385e+03	+5.799e+03	+0.592
204.000	+2.900e+03	+4.659e+03	+6.282e+03	+0.616
204.200	+3.368e+02	+4.653e+03	+6.034e+03	+0.933
204.400	+2.200e+03	+6.083e+03	+7.617e+03	+0.734
204.600	+1.702e+03	+5.741e+03	+6.298e+03	+0.771
204.800	+2.959e+03	+5.406e+03	+8.633e+03	+0.646
205.000	+2.197e+03	+5.629e+03	+9.874e+03	+0.719
205.200	+2.132e+03	+5.591e+03	+7.556e+03	+0.724
205.400	+8.679e+02	+4.930e+03	+7.724e+03	+0.850
205.600	+1.501e+03	+6.862e+03	+6.846e+03	+0.821
205.800	+3.216e+03	+5.033e+03	+8.588e+03	+0.610
206.000	+1.594e+03	+5.021e+03	+9.437e+03	+0.759
206.200	+1.808e+03	+5.437e+03	+8.759e+03	+0.750
206.400	+1.972e+03	+5.827e+03	+6.882e+03	+0.747
206.600	+2.376e+03	+5.195e+03	+6.236e+03	+0.686
206.800	+2.036e+03	+5.780e+03	+8.639e+03	+0.739
207.000	+8.557e+02	+5.165e+03	+7.106e+03	+0.858
207.200	+2.879e+03	+5.450e+03	+7.243e+03	+0.654
207.400	+3.327e+03	+4.855e+03	+8.168e+03	+0.593
207.600	+1.257e+03	+5.733e+03	+8.165e+03	+0.820
207.800	+1.386e+03	+6.396e+03	+6.738e+03	+0.822
208.000	+3.152e+03	+5.758e+03	+6.693e+03	+0.646
208.200	+1.407e+03	+5.758e+03	+6.804e+03	+0.804
208.400	+2.826e+03	+5.307e+03	+8.786e+03	+0.652
208.600	+2.803e+03	+5.637e+03	+6.693e+03	+0.668
208.800	+1.509e+03	+3.990e+03	+7.356e+03	+0.726
209.000	+2.103e+03	+5.535e+03	+7.310e+03	+0.725
209.200	+2.362e+03	+6.739e+03	+7.497e+03	+0.740
209.400	+1.842e+03	+6.730e+03	+8.567e+03	+0.785
209.600	+2.297e+03	+5.208e+03	+8.085e+03	+0.694
209.800	+3.667e+03	+4.964e+03	+8.993e+03	+0.575
210.000	+2.414e+03	+4.932e+03	+6.232e+03	+0.671
210.200	+1.840e+03	+5.086e+03	+7.546e+03	+0.734
210.400	+2.944e+03	+5.850e+03	+5.853e+03	+0.665
210.600	+5.277e+03	+2.703e+03	+8.074e+03	+0.339
210.800	+6.132e+03	+1.692e+03	+6.329e+03	+0.216
211.000	+5.106e+03	+1.454e+03	+8.400e+03	+0.222
211.200	+6.778e+03	+4.404e+02	+1.048e+04	+0.061
211.400	+6.315e+03	+2.131e+03	+8.008e+03	+0.252
211.600	+7.234e+03	+1.523e+03	+6.388e+03	+0.174
211.800	+6.162e+03	+1.065e+03	+8.133e+03	+0.147
212.000	+5.597e+03	+1.150e+03	+7.796e+03	+0.170
212.200	+5.511e+03	+1.534e+03	+8.213e+03	+0.218
212.400	+5.655e+03	+1.811e+03	+7.915e+03	+0.243
212.600	+6.320e+03	+1.577e+03	+5.856e+03	+0.200
212.800	+5.560e+03	+1.577e+03	+7.410e+03	+0.221
213.000	+5.364e+03	+1.612e+03	+6.614e+03	+0.231
213.200	+2.519e+03	+5.948e+03	+5.296e+03	+0.703
213.400	+3.427e+03	+6.598e+03	+7.293e+03	+0.658
213.600	+2.137e+03	+5.650e+03	+7.102e+03	+0.726
213.800	+1.822e+03	+5.915e+03	+9.456e+03	+0.765
214.000	+1.150e+03	+6.024e+03	+7.789e+03	+0.840
214.200	+2.533e+03	+5.865e+03	+7.609e+03	+0.698
214.400	+3.569e+03	+4.541e+03	+4.669e+03	+0.560
214.600	+1.511e+03	+5.087e+03	+5.946e+03	+0.771
214.800	+2.318e+03	+3.528e+03	+8.514e+03	+0.603
215.000	+1.186e+03	+6.190e+03	+8.978e+03	+0.839
215.200	+2.363e+03	+4.134e+03	+7.378e+03	+0.636
215.400	+2.224e+03	+6.026e+03	+7.941e+03	+0.730
215.600	+1.920e+03	+5.110e+03	+8.353e+03	+0.727
215.800	+1.326e+03	+5.959e+03	+6.647e+03	+0.818
216.000	+2.393e+03	+5.544e+03	+8.409e+03	+0.699
216.200	+1.882e+03	+5.910e+03	+5.889e+03	+0.758
216.400	+1.650e+03	+5.191e+03	+9.914e+03	+0.759
216.600	+2.517e+03	+5.411e+03	+5.779e+03	+0.683
216.800	+1.157e+03	+6.583e+03	+7.959e+03	+0.850
217.000	+1.933e+03	+5.840e+03	+7.272e+03	+0.751
217.200	+8.479e+02	+4.454e+03	+7.296e+03	+0.840
217.400	+6.220e+02	+4.977e+03	+6.254e+03	+0.889
217.600	+1.491e+03	+4.478e+03	+7.542e+03	+0.750
217.800	+1.202e+03	+5.268e+03	+7.110e+03	+0.814
218.000	+2.192e+03	+4.431e+03	+7.688e+03	+0.669
218.200	+2.269e+03	+5.717e+03	+5.877e+03	+0.716
218.400	+2.345e+03	+4.320e+03	+7.181e+03	+0.648
218.600	+1.922e+03	+5.547e+03	+8.123e+03	+0.743
218.800	+2.392e+03	+5.238e+03	+7.021e+03	+0.687
219.000	+2.872e+03	+5.247e+03	+8.625e+03	+0.646
219.200	+2.608e+03	+4.594e+03	+6.599e+03	+0.638
219.400	+2.230e+03	+5.228e+03	+8.598e+03	+0.701
219.600	+1.176e+03	+5.817e+03	+6.845e+03	+0.832
219.800	+1.683e+03	+6.307e+03	+7.789e+03	+0.789
220.000	+1.767e+03	+5.720e+03	+6.601e+03	+0.764
220.200	+2.042e+03	+5.532e+03	+7.921e+03	+0.730
220.400	+1.699e+03	+6.081e+03	+6.275e+03	+0.782
220.600	+1.012e+03	+4.944e+03	+5.553e+03	+0.830
220.800	+1.951e+03	+5.840e+03	+8.313e+03	+0.750
221.000	+1.106e+03	+5.737e+03	+7.266e+03	+0.838
221.200	+1.250e+03	+5.648e+03	+5.956e+03	+0.819
221.400	+3.219e+03	+5.484e+03	+8.560e+03	+0.630
221.600	+2.505e+03	+4.876e+03	+8.901e+03	+0.661
221.800	+2.883e+02	+4.104e+03	+6.475e+03	+0.934
222.000	+2.491e+03	+4.757e+03	+6.477e+03	+0.656
222.200	+3.420e+03	+4.406e+03	+7.916e+03	+0.563
222.400	+2.792e+03	+5.850e+03	+6.532e+03	+0.677
222.600	+1.251e+03	+5.377e+03	+6.738e+03	+0.811
222.800	+9.544e+02	+5.265e+03	+7.946e+03	+0.847
223.000	+1.759e+03	+5.420e+03	+7.967e+03	+0.755
223.200	+6.823e+02	+4.676e+03	+7.311e+03	+0.873
223.400	+1.130e+03	+5.679e+03	+6.565e+03	+0.834
223.600	+3.009e+03	+4.525e+03	+8.289e+03	+0.601
223.800	+2.158e+03	+5.623e+03	+7.505e+03	+0.723
224.000	+7.799e+02	+6.061e+03	+6.860e+03	+0.886
224.200	+2.470e+03	+7.106e+03	+7.568e+03	+0.742
224.400	+2.218e+03	+6.136e+03	+6.960e+03	+0.735
224.600	+7.475e+02	+5.997e+03	+8.338e+03	+0.889
224.800	+1.427e+03	+4.894e+03	+8.349e+03	+0.774
225.000	+1.689e+03	+5.304e+03	+6.651e+03	+0.758
225.200	+3.286e+03	+4.713e+03	+8.552e+03	+0.589
225.400	+3.578e+03	+4.427e+03	+7.710e+03	+0.553
225.600	+3.119e+03	+6.097e+03	+8.376e+03	+0.662
225.800	+3.211e+03	+5.103e+03	+7.802e+03	+0.614
226.000	+2.592e+03	+5.672e+03	+7.450e+03	+0.686
226.200	+1.443e+03	+5.014e+03	+7.413e+03	+0.777
226.400	+1.845e+03	+3.853e+03	+5.093e+03	+0.676
226.600	+2.417e+03	+5.015e+03	+5.447e+03	+0.675
226.800	+7.305e+02	+5.170e+03	+7.944e+03	+0.876
227.000	+3.255e+03	+5.476e+03	+8.855e+03	+0.627
227.200	+6.187e+03	+1.668e+03	+7.285e+03	+0.212
227.400	+5.971e+03	+2.150e+02	+5.675e+03	+0.035
227.600	+4.935e+03	+2.395e+03	+7.608e+03	+0.327
227.800	+4.740e+03	+2.222e+03	+7.939e+03	+0.319
228.000	+5.752e+03	+8.751e+02	+8.096e+03	+0.132
228.200	+6.146e+03	+1.242e+03	+8.067e+03	+0.168
228.400	+5.699e+03	+3.695e+02	+8.916e+03	+0.061
228.600	+6.157e+03	+1.988e+03	+7.390e+03	+0.244
228.800	+5.742e+03	+2.140e+02	+6.510e+03	+0.036
229.000	+5.391e+03	+1.158e+03	+7.852e+03	+0.177
229.200	+6.561e+03	+5.338e+02	+8.575e+03	+0.075
229.400	+7.295e+03	+1.657e+03	+9.372e+03	+0.185
229.600	+5.411e+03	+2.360e+03	+8.740e+03	+0.304
229.800	+7.164e+03	+5.912e+02	+7.190e+03	+0.076
230.000	+5.784e+03	+1.937e+03	+8.443e+03	+0.251
230.200	+5.987e+03	+1.780e+03	+9.423e+03	+0.229
230.400	+7.382e+03	+1.522e+03	+7.208e+03	+0.171
230.600	+6.283e+03	+7.249e+02	+6.199e+03	+0.103
230.800	+7.126e+03	+8.142e+02	+7.537e+03	+0.103
231.000	+6.411e+03	+1.371e+03	+8.087e+03	+0.176
231.200	+7.089e+03	+1.842e+03	+6.706e+03	+0.206
231.400	+5.602e+03	+6.858e+02	+4.790e+03	+0.109
231.600	+6.044e+03	+1.411e+03	+5.812e+03	+0.189
231.800	+5.813e+03	+2.154e+02	+8.399e+03	+0.036
232.000	+5.974e+03	+1.048e+03	+7.277e+03	+0.149
232.200	+5.241e+03	+9.942e+02	+9.747e+03	+0.159
232.400	+5.401e+03	+1.438e+03	+6.704e+03	+0.210
232.600	+6.934e+03	+2.716e+03	+7.316e+03	+0.281
232.800	+6.318e+03	+3.696e+02	+7.288e+03	+0.055
233.000	+6.831e+03	+1.201e+03	+7.040e+03	+0.149
233.200	+5.648e+03	+9.748e+02	+8.191e+03	+0.147
233.400	+5.034e+03	+1.069e+03	+7.047e+03	+0.175
233.600	+6.110e+03	+1.206e+03	+6.228e+03	+0.165
233.800	+5.630e+03	+1.970e+03	+5.942e+03	+0.259
234.000	+6.787e+03	+6.401e+02	+8.705e+03	+0.086
234.200	+5.261e+03	+1.365e+03	+6.621e+03	+0.206
234.400	+5.118e+03	+1.194e+03	+7.022e+03	+0.189
234.600	+8.303e+03	+9.569e+02	+7.447e+03	+0.103
234.800	+5.503e+03	+7.702e+02	+5.791e+03	+0.123
235.000	+4.938e+03	+1.643e+03	+6.784e+03	+0.250
235.200	+5.021e+03	+1.022e+03	+6.430e+03	+0.169
235.400	+7.214e+03	+2.449e+03	+8.205e+03	+0.253
235.600	+5.229e+03	+1.735e+03	+6.499e+03	+0.249
235.800	+5.228e+03	+9.136e+02	+1.015e+04	+0.149
236.000	+2.458e+03	+5.064e+03	+7.391e+03	+0.673
236.200	+1.236e+03	+6.497e+03	+8.045e+03	+0.840
236.400	+5.721e+02	+4.731e+03	+8.744e+03	+0.892
236.600	+2.071e+03	+5.761e+03	+7.391e+03	+0.736
236.800	+2.560e+03	+4.684e+03	+6.983e+03	+0.647
237.000	+2.347e+03	+5.602e+03	+7.370e+03	+0.705
237.200	+1.026e+03	+5.508e+03	+7.464e+03	+0.843
237.400	+2.235e+03	+5.347e+03	+7.380e+03	+0.705
237.600	+1.049e+03	+5.537e+03	+7.137e+03	+0.841
237.800	+1.903e+03	+6.221e+03	+9.080e+03	+0.766
238.000	+1.934e+03	+5.480e+03	+8.347e+03	+0.739
238.200	+1.349e+03	+6.872e+03	+7.097e+03	+0.836
238.400	+2.607e+03	+7.791e+03	+7.465e+03	+0.749
238.600	+3.337e+03	+4.864e+03	+6.650e+03	+0.593
238.800	+2.561e+03	+3.860e+03	+7.441e+03	+0.601
239.000	+2.783e+03	+3.734e+03	+8.564e+03	+0.573
239.200	+2.142e+03	+5.521e+03	+7.464e+03	+0.720
239.400	+1.580e+03	+5.332e+03	+6.422e+03	+0.771
239.600	+1.194e+03	+4.478e+03	+5.122e+03	+0.789
239.800	+1.609e+03	+5.289e+03	+7.441e+03	+0.767
240.000	+1.272e+03	+5.936e+03	+6.909e+03	+0.823
240.200	+2.127e+02	+4.859e+03	+7.348e+03	+0.958
240.400	+1.494e+03	+4.986e+03	+9.523e+03	+0.769
240.600	+1.491e+03	+6.667e+03	+7.089e+03	+0.817
240.800	+2.118e+03	+4.369e+03	+7.869e+03	+0.674
241.000	+2.253e+03	+5.569e+03	+8.369e+03	+0.712
241.200	+2.216e+03	+6.467e+03	+9.845e+03	+0.745
241.400	+6.090e+02	+5.735e+03	+7.283e+03	+0.904
241.600	+9.495e+02	+5.326e+03	+7.992e+03	+0.849
241.800	+2.400e+03	+5.839e+03	+6.038e+03	+0.709
242.000	+2.641e+03	+3.932e+03	+7.723e+03	+0.598
242.200	+1.411e+03	+5.653e+03	+8.632e+03	+0.800
242.400	+2.574e+03	+4.265e+03	+5.878e+03	+0.624
242.600	+1.436e+03	+7.230e+03	+6.733e+03	+0.834
242.800	+2.362e+03	+5.910e+03	+7.374e+03	+0.714
243.000	+1.107e+03	+5.531e+03	+8.867e+03	+0.833
243.200	+3.503e+03	+4.876e+03	+5.855e+03	+0.582
243.400	+2.115e+03	+5.801e+03	+7.299e+03	+0.733
243.600	+2.311e+03	+7.505e+03	+7.656e+03	+0.765
243.800	+1.320e+03	+6.567e+03	+7.255e+03	+0.833
244.000	+2.861e+03	+5.919e+03	+8.163e+03	+0.674
244.200	+2.008e+03	+4.981e+03	+7.049e+03	+0.713
244.400	+2.814e+03	+4.374e+03	+9.242e+03	+0.609
244.600	+1.980e+03	+5.385e+03	+5.413e+03	+0.731
244.800	+7.884e+02	+3.734e+03	+7.131e+03	+0.826
245.000	+2.770e+03	+6.555e+03	+6.625e+03	+0.703
245.200	+1.255e+03	+5.571e+03	+8.939e+03	+0.816
245.400	+1.522e+03	+4.488e+03	+6.824e+03	+0.747
245.600	+2.017e+03	+6.969e+03	+5.968e+03	+0.776
245.800	+1.746e+03	+4.752e+03	+9.754e+03	+0.731
246.000	+2.424e+03	+6.776e+03	+7.393e+03	+0.737
246.200	+2.807e+03	+5.124e+03	+7.547e+03	+0.646
246.400	+6.067e+02	+4.805e+03	+6.101e+03	+0.888
246.600	+2.706e+03	+4.739e+03	+9.035e+03	+0.637
246.800	+2.083e+03	+5.692e+03	+7.277e+03	+0.732
247.000	+7.271e+02	+5.427e+03	+8.563e+03	+0.882
247.200	+2.288e+03	+5.965e+03	+7.457e+03	+0.723
247.400	+1.079e+03	+5.739e+03	+1.003e+04	+0.842
247.600	+2.704e+03	+6.532e+03	+6.651e+03	+0.707
247.800	+1.969e+03	+5.977e+03	+6.812e+03	+0.752
248.000	+2.771e+03	+6.361e+03	+7.029e+03	+0.697
248.200	+1.836e+03	+6.163e+03	+7.267e+03	+0.770
248.400	+4.595e+02	+4.442e+03	+8.236e+03	+0.906
248.600	+1.400e+03	+4.937e+03	+5.343e+03	+0.779
248.800	+2.884e+03	+4.285e+03	+6.090e+03	+0.598
249.000	+2.756e+03	+6.391e+03	+8.589e+03	+0.699
249.200	+2.485e+03	+6.004e+03	+6.664e+03	+0.707
249.400	+1.528e+03	+6.186e+03	+7.419e+03	+0.802
249.600	+1.169e+03	+5.162e+03	+6.572e+03	+0.815
249.800	+2.595e+03	+6.176e+03	+7.034e+03	+0.704
250.000	+7.689e+02	+5.184e+03	+8.969e+03	+0.871
250.200	+3.035e+03	+6.454e+03	+5.763e+03	+0.680
250.400	+3.323e+03	+4.747e+03	+7.055e+03	+0.588
250.600	+1.828e+03	+4.662e+03	+5.482e+03	+0.718
250.800	+3.311e+03	+5.556e+03	+9.336e+03	+0.627
251.000	+2.067e+03	+6.030e+03	+8.539e+03	+0.745
251.200	+1.099e+03	+6.074e+03	+5.381e+03	+0.847
251.400	+1.918e+03	+5.063e+03	+7.555e+03	+0.725
251.600	+2.221e+03	+5.877e+03	+7.157e+03	+0.726
251.800	+2.398e+03	+4.915e+03	+9.851e+03	+0.672
252.000	+1.993e+03	+5.001e+03	+6.732e+03	+0.715
252.200	+5.465e+02	+5.231e+03	+7.747e+03	+0.905
252.400	+1.398e+03	+5.287e+03	+7.911e+03	+0.791
252.600	+1.791e+03	+5.954e+03	+7.707e+03	+0.769
252.800	+1.320e+03	+4.759e+03	+8.111e+03	+0.783
253.000	+2.142e+03	+4.211e+03	+6.408e+03	+0.663
253.200	+5.961e+03	+2.924e+03	+8.039e+03	+0.329
253.400	+6.408e+03	+1.187e+03	+6.505e+03	+0.156
253.600	+6.537e+03	+1.787e+03	+8.524e+03	+0.215
253.800	+8.023e+03	+1.019e+03	+8.588e+03	+0.113
254.000	+6.924e+03	+1.152e+03	+7.946e+03	+0.143
254.200	+5.879e+03	+5.384e+02	+7.553e+03	+0.084
254.400	+7.663e+03	+1.138e+03	+7.695e+03	+0.129
254.600	+7.620e+03	+1.262e+03	+7.395e+03	+0.142
254.800	+6.612e+03	+2.288e+02	+5.290e+03	+0.033
255.000	+5.995e+03	+1.913e+03	+8.146e+03	+0.242
255.200	+6.257e+03	+7.645e+02	+7.588e+03	+0.109
255.400	+6.954e+03	+1.736e+03	+8.996e+03	+0.200
255.600	+6.696e+03	+1.334e+03	+6.910e+03	+0.166
255.800	+7.225e+03	+1.252e+03	+8.322e+03	+0.148
256.000	+5.573e+03	+2.230e+03	+7.155e+03	+0.286
256.200	+5.643e+03	+1.771e+03	+7.166e+03	+0.239
256.400	+5.482e+03	+2.259e+03	+7.404e+03	+0.292
256.600	+5.851e+03	+6.724e+02	+6.924e+03	+0.103
256.800	+5.207e+03	+2.492e+03	+7.676e+03	+0.324
257.000	+6.447e+03	+6.069e+02	+5.625e+03	+0.086
257.200	+7.411e+03	+7.721e+02	+7.832e+03	+0.094
257.400	+5.722e+03	+2.087e+03	+5.975e+03	+0.267
257.600	+5.446e+03	+2.006e+03	+6.853e+03	+0.269
257.800	+6.439e+03	+2.384e+03	+7.613e+03	+0.270
258.000	+5.826e+03	+1.711e+03	+6.522e+03	+0.227
258.200	+5.396e+03	+5.712e+02	+6.013e+03	+0.096
258.400	+5.600e+03	+1.093e+03	+9.730e+03	+0.163
258.600	+6.160e+03	+1.921e+03	+8.643e+03	+0.238
258.800	+1.991e+03	+5.467e+03	+8.300e+03	+0.733
259.000	+1.388e+03	+5.682e+03	+7.448e+03	+0.804
259.200	+2.595e+03	+5.718e+03	+6.550e+03	+0.688
259.400	+2.063e+03	+5.586e+03	+7.163e+03	+0.730
259.600	+2.741e+03	+6.048e+03	+7.827e+03	+0.688
259.800	+5.184e+02	+4.721e+03	+7.995e+03	+0.901
260.000	+2.987e+03	+6.238e+03	+6.543e+03	+0.676
260.200	+3.701e+03	+4.236e+03	+7.748e+03	+0.534
260.400	+6.279e+03	+1.866e+03	+6.698e+03	+0.229
260.600	+5.399e+03	+2.534e+03	+7.930e+03	+0.319
260.800	+6.480e+03	+1.089e+03	+6.855e+03	+0.144
261.000	+5.869e+03	+2.340e+03	+8.393e+03	+0.285
261.200	+5.565e+03	+1.890e+03	+6.706e+03	+0.253
261.400	+6.542e+03	+2.166e+03	+6.415e+03	+0.249
261.600	+5.335e+03	+1.481e+03	+5.269e+03	+0.217
261.800	+5.353e+03	+1.773e+03	+7.266e+03	+0.249
262.000	+5.709e+03	+1.119e+03	+7.159e+03	+0.164
262.200	+6.423e+03	+7.571e+02	+6.647e+03	+0.105
262.400	+5.455e+03	+1.577e+03	+7.288e+03	+0.224
262.600	+4.953e+03	+2.259e+03	+7.818e+03	+0.313
262.800	+5.512e+03	+2.253e+03	+7.984e+03	+0.290
263.000	+6.423e+03	+5.189e+02	+8.007e+03	+0.075
263.200	+7.463e+03	+9.688e+02	+7.535e+03	+0.115
263.400	+5.623e+03	+6.085e+02	+8.835e+03	+0.098
263.600	+6.969e+03	+9.641e+02	+7.444e+03	+0.122
263.800	+4.916e+03	+1.772e+03	+8.840e+03	+0.265
264.000	+5.039e+03	+9.373e+02	+9.477e+03	+0.157
264.200	+5.361e+03	+2.339e+03	+7.163e+03	+0.304
264.400	+6.503e+03	+6.994e+02	+7.432e+03	+0.097
264.600	+6.126e+03	+1.789e+03	+7.365e+03	+0.226
264.800	+5.845e+03	+1.843e+03	+8.292e+03	+0.240
265.000	+4.658e+03	+1.727e+03	+6.880e+03	+0.270
265.200	+5.105e+03	+2.549e+03	+8.055e+03	+0.333
265.400	+6.409e+03	+1.207e+03	+7.160e+03	+0.158
265.600	+6.114e+03	+1.537e+03	+7.020e+03	+0.201
265.800	+6.764e+03	+6.965e+02	+8.617e+03	+0.093
266.000	+7.143e+03	+1.362e+03	+8.257e+03	+0.160
266.200	+4.466e+03	+2.514e+03	+7.371e+03	+0.360
266.400	+2.862e+03	+7.030e+03	+7.651e+03	+0.711
266.600	+2.726e+03	+5.058e+03	+7.645e+03	+0.650
266.800	+1.969e+03	+4.555e+03	+7.877e+03	+0.698
267.000	+2.655e+03	+5.690e+03	+5.991e+03	+0.682
267.200	+2.936e+03	+6.645e+03	+6.730e+03	+0.694
267.400	+2.110e+03	+6.658e+03	+8.607e+03	+0.759
267.600	+4.026e+03	+4.493e+03	+7.797e+03	+0.527
267.800	+8.007e+03	+1.549e+03	+7.565e+03	+0.162
268.000	+5.687e+03	+1.196e+03	+7.432e+03	+0.174
268.200	+6.148e+03	+4.792e+02	+8.379e+03	+0.072
268.400	+5.629e+03	+1.452e+03	+6.753e+03	+0.205
268.600	+6.567e+03	+4.967e+02	+7.384e+03	+0.070
268.800	+6.636e+03	+2.257e+03	+7.372e+03	+0.254
269.000	+5.912e+03	+1.243e+03	+7.692e+03	+0.174
269.200	+5.361e+03	+6.231e+02	+6.966e+03	+0.104
269.400	+6.622e+03	+1.093e+03	+7.015e+03	+0.142
269.600	+4.572e+03	+1.433e+03	+6.600e+03	+0.239
269.800	+6.035e+03	+1.215e+03	+7.500e+03	+0.168
270.000	+6.599e+03	+1.420e+03	+8.098e+03	+0.177
270.200	+6.946e+03	+1.595e+03	+7.331e+03	+0.187
270.400	+7.045e+03	+2.804e+03	+8.386e+03	+0.285
270.600	+7.437e+03	+1.052e+03	+9.038e+03	+0.124
270.800	+5.313e+03	+5.855e+02	+7.800e+03	+0.099
271.000	+7.663e+03	+2.100e+03	+6.540e+03	+0.215
271.200	+6.477e+03	+1.668e+03	+4.427e+03	+0.205
271.400	+6.309e+03	+2.285e+03	+8.125e+03	+0.266
271.600	+5.959e+03	-1.279e+02	+7.456e+03	-0.022
271.800	+5.534e+03	+1.425e+03	+8.040e+03	+0.205
272.000	+6.544e+03	+8.934e+02	+6.100e+03	+0.120
272.200	+5.536e+03	+7.415e+02	+6.387e+03	+0.118
272.400	+6.447e+03	+1.105e+03	+6.878e+03	+0.146
272.600	+5.948e+03	+8.916e+02	+7.331e+03	+0.130
272.800	+4.088e+03	+1.840e+03	+9.331e+03	+0.310
273.000	+3.269e+03	+4.908e+03	+6.023e+03	+0.600
273.200	+2.977e+03	+5.388e+03	+6.284e+03	+0.644
273.400	+2.560e+03	+6.534e+03	+6.123e+03	+0.718
273.600	+2.722e+03	+4.565e+03	+6.774e+03	+0.626
273.800	+2.063e+03	+5.883e+03	+1.075e+04	+0.740
274.000	+1.407e+03	+5.517e+03	+8.191e+03	+0.797
274.200	+3.715e+03	+3.555e+03	+8.299e+03	+0.489
274.400	+5.644e+03	+1.667e+03	+8.418e+03	+0.228
274.600	+5.670e+03	+1.101e+03	+5.031e+03	+0.163
274.800	+5.990e+03	+1.759e+03	+8.075e+03	+0.227
275.000	+5.415e+03	+1.670e+02	+7.940e+03	+0.030
275.200	+5.953e+03	+1.898e+03	+8.315e+03	+0.242
275.400	+5.818e+03	+1.280e+03	+7.603e+03	+0.180
275.600	+6.481e+03	+9.752e+02	+6.346e+03	+0.131
275.800	+2.206e+03	+5.620e+03	+7.428e+03	+0.718
276.000	+9.259e+02	+4.994e+03	+8.369e+03	+0.844
276.200	+1.468e+03	+4.815e+03	+6.179e+03	+0.766
276.400	+2.523e+03	+5.618e+03	+5.295e+03	+0.690
276.600	+1.896e+03	+5.338e+03	+6.352e+03	+0.738
276.800	+2.230e+03	+5.762e+03	+6.543e+03	+0.721
277.000	+2.039e+03	+5.357e+03	+7.131e+03	+0.724
277.200	+2.867e+03	+5.697e+03	+8.159e+03	+0.665
277.400	+1.966e+03	+5.236e+03	+8.683e+03	+0.727
277.600	+1.729e+03	+6.184e+03	+5.071e+03	+0.781
277.800	+2.513e+03	+4.850e+03	+6.746e+03	+0.659
278.000	+3.471e+03	+4.665e+03	+7.399e+03	+0.573
278.200	+5.566e+03	+2.327e+03	+5.490e+03	+0.295
278.400	+6.523e+03	+6.705e+02	+7.400e+03	+0.093
278.600	+6.172e+03	+1.607e+03	+8.063e+03	+0.207
278.800	+5.560e+03	+1.879e+03	+8.945e+03	+0.253
279.000	+2.424e+03	+3.797e+03	+7.705e+03	+0.610
279.200	+1.931e+03	+5.566e+03	+8.502e+03	+0.742
279.400	+1.733e+03	+5.642e+03	+7.505e+03	+0.765
279.600	+1.349e+03	+4.934e+03	+8.715e+03	+0.785
279.800	+2.148e+03	+4.823e+03	+6.537e+03	+0.692
280.000	+2.366e+03	+5.594e+03	+6.076e+03	+0.703
280.200	+2.831e+03	+6.773e+03	+7.185e+03	+0.705
280.400	+2.488e+03	+4.820e+03	+9.160e+03	+0.660
280.600	+1.521e+03	+5.279e+03	+6.823e+03	+0.776
280.800	+2.738e+03	+7.105e+03	+9.882e+03	+0.722
281.000	+8.068e+01	+5.798e+03	+6.536e+03	+0.986
281.200	+2.733e+03	+4.484e+03	+8.026e+03	+0.621
281.400	+1.805e+03	+5.236e+03	+7.721e+03	+0.744
281.600	+2.943e+03	+5.904e+03	+6.470e+03	+0.667
281.800	+2.291e+03	+5.809e+03	+7.544e+03	+0.717
282.000	+2.328e+03	+6.172e+03	+6.648e+03	+0.726
282.200	+2.567e+03	+5.969e+03	+8.890e+03	+0.699
282.400	+1.575e+03	+5.389e+03	+7.410e+03	+0.774
282.600	+1.935e+03	+6.059e+03	+8.822e+03	+0.758
282.800	+8.547e+02	+7.188e+03	+8.163e+03	+0.894
283.000	+1.722e+03	+5.847e+03	+7.022e+03	+0.772
283.200	+2.620e+03	+4.796e+03	+8.372e+03	+0.647
283.400	+2.136e+03	+7.233e+03	+7.894e+03	+0.772
283.600	+2.143e+03	+4.258e+03	+7.581e+03	+0.665
283.800	+2.436e+03	+5.653e+03	+8.963e+03	+0.699
284.000	+3.525e+03	+4.874e+03	+9.052e+03	+0.580
284.200	+1.521e+03	+7.428e+03	+8.260e+03	+0.830
284.400	+1.294e+03	+6.090e+03	+9.297e+03	+0.825
284.600	+8.990e+02	+6.604e+03	+6.394e+03	+0.880
284.800	+1.295e+03	+4.487e+03	+4.342e+03	+0.776
285.000	+1.682e+03	+4.527e+03	+8.111e+03	+0.729
285.200	+3.041e+03	+5.884e+03	+5.651e+03	+0.659
285.400	+1.245e+03	+4.773e+03	+7.451e+03	+0.793
285.600	+2.320e+03	+6.477e+03	+8.791e+03	+0.736
285.800	+3.349e+03	+6.053e+03	+7.370e+03	+0.644
286.000	+2.464e+03	+4.403e+03	+7.218e+03	+0.641
286.200	+3.985e+02	+6.274e+03	+7.517e+03	+0.940
286.400	+2.581e+03	+4.557e+03	+8.987e+03	+0.638
286.600	+3.980e+02	+5.228e+03	+7.976e+03	+0.929
286.800	+2.668e+03	+5.409e+03	+6.782e+03	+0.670
287.000	+2.746e+03	+6.263e+03	+7.511e+03	+0.695
287.200	+2.326e+03	+4.248e+03	+6.238e+03	+0.646
287.400	+3.127e+03	+4.118e+03	+7.921e+03	+0.568
287.600	+2.164e+03	+6.050e+03	+8.486e+03	+0.737
287.800	+1.304e+03	+7.657e+03	+9.158e+03	+0.854
288.000	+2.394e+03	+3.746e+03	+5.780e+03	+0.610
288.200	+1.761e+03	+5.623e+03	+6.927e+03	+0.761
288.400	+1.701e+03	+5.315e+03	+6.870e+03	+0.758
288.600	+1.554e+03	+5.076e+03	+6.426e+03	+0.766
288.800	+2.083e+03	+4.447e+03	+8.694e+03	+0.681
289.000	+1.614e+03	+5.124e+03	+6.006e+03	+0.760
289.200	+2.295e+03	+5.719e+03	+9.852e+03	+0.714
289.400	+2.380e+03	+5.458e+03	+8.508e+03	+0.696
289.600	-2.418e+02	+4.782e+03	+8.699e+03	+1.053
289.800	+2.216e+03	+6.230e+03	+6.726e+03	+0.738
290.000	+2.242e+03	+5.545e+03	+8.545e+03	+0.712
290.200	+9.748e+02	+5.670e+03	+7.267e+03	+0.853
290.400	+9.217e+02	+7.022e+03	+7.031e+03	+0.884
290.600	+1.689e+03	+3.796e+03	+7.561e+03	+0.692
290.800	+1.941e+03	+4.361e+03	+5.086e+03	+0.692
291.000	+1.909e+03	+7.026e+03	+8.221e+03	+0.786
291.200	+1.403e+03	+6.671e+03	+6.821e+03	+0.826
291.400	+2.591e+03	+5.260e+03	+7.208e+03	+0.670
291.600	+2.272e+03	+5.195e+03	+7.756e+03	+0.696
291.800	+2.772e+03	+5.389e+03	+7.393e+03	+0.660
292.000	+1.776e+03	+6.181e+03	+6.594e+03	+0.777
292.200	+2.768e+03	+6.538e+03	+7.757e+03	+0.703
292.400	+2.360e+03	+6.566e+03	+6.300e+03	+0.736
292.600	+2.396e+03	+4.384e+03	+6.271e+03	+0.647
292.800	+1.255e+03	+6.127e+03	+7.642e+03	+0.830
293.000	+1.339e+03	+6.291e+03	+8.383e+03	+0.825
293.200	+1.811e+03	+6.181e+03	+6.821e+03	+0.773
293.400	+2.098e+03	+5.672e+03	+6.923e+03	+0.730
293.600	+1.968e+03	+5.587e+03	+7.082e+03	+0.740
293.800	+2.010e+03	+5.194e+03	+7.285e+03	+0.721
294.000	+2.796e+03	+7.053e+03	+7.621e+03	+0.716
294.200	+1.382e+03	+6.321e+03	+7.279e+03	+0.821
294.400	+1.871e+03	+5.054e+03	+7.981e+03	+0.730
294.600	+1.964e+03	+4.419e+03	+1.037e+04	+0.692
294.800	+3.146e+03	+7.297e+03	+7.088e+03	+0.699
295.000	+2.082e+03	+5.636e+03	+7.567e+03	+0.730
295.200	+2.174e+03	+5.399e+03	+8.582e+03	+0.713
295.400	+3.016e+03	+6.589e+03	+6.432e+03	+0.686
295.600	+1.903e+03	+5.937e+03	+7.641e+03	+0.757
295.800	+1.271e+03	+3.971e+03	+6.879e+03	+0.758
296.000	+2.316e+03	+6.203e+03	+9.447e+03	+0.728
296.200	+1.939e+03	+5.177e+03	+7.168e+03	+0.727
296.400	+2.476e+03	+5.796e+03	+7.900e+03	+0.701
296.600	+2.213e+03	+5.863e+03	+9.124e+03	+0.726
296.800	+1.808e+03	+6.061e+03	+7.906e+03	+0.770
297.000	+1.288e+03	+4.113e+03	+7.368e+03	+0.762
297.200	+2.093e+03	+4.678e+03	+6.106e+03	+0.691
297.400	+2.653e+03	+5.478e+03	+8.318e+03	+0.674
297.600	+1.904e+03	+5.012e+03	+7.127e+03	+0.725
297.800	+1.869e+03	+5.426e+03	+9.269e+03	+0.744
298.000	+2.894e+03	+6.172e+03	+7.226e+03	+0.681
298.200	+2.119e+03	+6.121e+03	+6.906e+03	+0.743
298.400	+2.864e+03	+4.925e+03	+8.034e+03	+0.632
298.600	+2.357e+03	+5.557e+03	+6.575e+03	+0.702
298.800	+2.859e+03	+3.838e+03	+7.840e+03	+0.573
299.000	+1.637e+03	+6.185e+03	+7.254e+03	+0.791
299.200	+3.182e+03	+4.564e+03	+7.161e+03	+0.589
299.400	+1.685e+03	+6.457e+03	+6.950e+03	+0.793
299.600	+1.599e+03	+3.918e+03	+8.208e+03	+0.710
299.800	+2.780e+03	+6.945e+03	+8.724e+03	+0.714
300.000	+1.878e+03	+4.922e+03	+8.429e+03	+0.724
300.200	+1.339e+03	+6.038e+03	+8.257e+03	+0.818
300.400	+1.830e+03	+5.061e+03	+7.828e+03	+0.734
300.600	+1.635e+03	+6.483e+03	+8.597e+03	+0.799
300.800	+1.852e+03	+4.899e+03	+7.440e+03	+0.726
301.000	+2.331e+03	+5.631e+03	+8.122e+03	+0.707
301.200	+2.281e+03	+5.281e+03	+9.118e+03	+0.698
301.400	+1.777e+03	+5.699e+03	+6.522e+03	+0.762
301.600	+9.716e+02	+5.722e+03	+8.638e+03	+0.855
301.800	+1.740e+03	+4.458e+03	+6.704e+03	+0.719
302.000	+1.152e+03	+5.954e+03	+9.477e+03	+0.838
302.200	+2.080e+03	+5.607e+03	+6.769e+03	+0.729
302.400	+1.339e+03	+5.988e+03	+4.959e+03	+0.817
302.600	+1.292e+03	+5.595e+03	+9.066e+03	+0.812
302.800	+2.843e+03	+5.755e+03	+7.527e+03	+0.669
303.000	+1.662e+03	+6.759e+03	+8.192e+03	+0.803
303.200	+2.648e+03	+5.126e+03	+7.190e+03	+0.659
303.400	+1.193e+03	+6.480e+03	+8.496e+03	+0.845
303.600	+2.109e+03	+5.335e+03	+8.525e+03	+0.717
303.800	+2.564e+03	+4.282e+03	+6.914e+03	+0.625
304.000	+2.649e+03	+5.342e+03	+6.417e+03	+0.668
304.200	+1.598e+03	+4.982e+03	+9.805e+03	+0.757
304.400	+2.622e+03	+6.105e+03	+6.601e+03	+0.700
304.600	+1.561e+03	+5.204e+03	+5.651e+03	+0.769
304.800	+1.472e+03	+6.502e+03	+7.907e+03	+0.815
305.000	+3.188e+03	+4.710e+03	+7.826e+03	+0.596
305.200	+9.236e+02	+6.478e+03	+6.523e+03	+0.875
305.400	+1.943e+03	+4.655e+03	+6.210e+03	+0.706
305.600	+1.067e+03	+4.449e+03	+6.447e+03	+0.807
305.800	+1.094e+03	+6.717e+03	+7.170e+03	+0.860
306.000	+1.976e+03	+5.456e+03	+5.835e+03	+0.734
306.200	+2.407e+03	+5.980e+03	+8.144e+03	+0.713
306.400	+1.649e+03	+8.056e+03	+6.264e+03	+0.830
306.600	+1.380e+03	+4.169e+03	+7.593e+03	+0.751
306.800	+1.647e+03	+5.787e+03	+6.773e+03	+0.778
307.000	+2.374e+03	+4.469e+03	+8.141e+03	+0.653
307.200	+3.257e+03	+5.801e+03	+7.721e+03	+0.640
307.400	+2.082e+03	+5.485e+03	+8.895e+03	+0.725
307.600	+9.762e+02	+4.887e+03	+6.579e+03	+0.834
307.800	+1.066e+03	+5.211e+03	+7.358e+03	+0.830
308.000	+6.802e+02	+4.792e+03	+7.874e+03	+0.876
308.200	+1.358e+03	+5.364e+03	+6.404e+03	+0.798
308.400	+3.116e+03	+5.712e+03	+7.985e+03	+0.647
308.600	+2.338e+03	+4.619e+03	+6.308e+03	+0.664
308.800	+2.142e+03	+5.760e+03	+8.136e+03	+0.729
309.000	+1.118e+03	+4.659e+03	+7.967e+03	+0.806
309.200	+2.753e+03	+6.074e+03	+6.736e+03	+0.688
309.400	+4.129e+02	+4.728e+03	+6.581e+03	+0.920
309.600	+1.812e+03	+6.609e+03	+6.460e+03	+0.785
309.800	+2.799e+03	+4.779e+03	+6.288e+03	+0.631
310.000	+5.979e+02	+4.981e+03	+6.217e+03	+0.893
310.200	+3.209e+03	+3.770e+03	+7.003e+03	+0.540
310.400	+3.038e+03	+4.344e+03	+7.724e+03	+0.588
310.600	+2.341e+03	+4.964e+03	+8.929e+03	+0.680
310.800	+1.096e+03	+5.010e+03	+6.578e+03	+0.821
311.000	+2.376e+03	+5.611e+03	+7.962e+03	+0.703
311.200	+2.666e+03	+5.806e+03	+7.035e+03	+0.685
311.400	+1.897e+03	+5.979e+03	+8.718e+03	+0.759
311.600	+1.387e+03	+4.981e+03	+5.346e+03	+0.782
311.800	+2.473e+03	+5.484e+03	+6.746e+03	+0.689
312.000	+1.104e+03	+6.671e+03	+7.239e+03	+0.858
312.200	+1.635e+03	+5.476e+03	+6.189e+03	+0.770
312.400	+2.311e+03	+6.266e+03	+6.307e+03	+0.731
312.600	+1.332e+03	+5.405e+03	+8.308e+03	+0.802
312.800	+1.041e+03	+5.363e+03	+6.695e+03	+0.837
313.000	+2.883e+03	+4.550e+03	+7.907e+03	+0.612
313.200	+7.526e+03	+1.841e+03	+7.278e+03	+0.197
313.400	+4.903e+03	+4.906e+02	+7.583e+03	+0.091
313.600	+4.753e+03	+3.024e+03	+7.031e+03	+0.389
313.800	+6.128e+03	+6.708e+02	+7.980e+03	+0.099
314.000	+6.290e+03	+1.583e+03	+6.546e+03	+0.201
314.200	+5.008e+03	+2.079e+03	+6.756e+03	+0.293
314.400	+5.716e+03	+1.586e+03	+9.325e+03	+0.217
314.600	+5.114e+03	+1.577e+03	+7.319e+03	+0.236
314.800	+6.628e+03	+1.165e+03	+6.350e+03	+0.150
315.000	+6.235e+03	+2.007e+03	+5.696e+03	+0.244
315.200	+5.897e+03	+1.293e+03	+7.036e+03	+0.180
315.400	+5.964e+03	+5.002e+02	+7.739e+03	+0.077
315.600	+6.507e+03	+1.949e+03	+7.062e+03	+0.231
315.800	+5.676e+03	+1.227e+03	+9.079e+03	+0.178
316.000	+6.339e+03	+2.162e+03	+7.795e+03	+0.254
316.200	+5.393e+03	+9.701e+02	+5.947e+03	+0.152
316.400	+7.527e+03	+1.655e+03	+7.344e+03	+0.180
316.600	+6.260e+03	+1.954e+03	+7.391e+03	+0.238
316.800	+7.069e+03	+9.789e+02	+7.127e+03	+0.122
317.000	+7.645e+03	+1.729e+03	+7.922e+03	+0.184
317.200	+4.738e+03	+1.437e+03	+6.372e+03	+0.233
317.400	+5.609e+03	+1.574e+03	+7.397e+03	+0.219
317.600	+5.034e+03	+1.053e+03	+4.885e+03	+0.173
317.800	+7.170e+03	+1.445e+03	+7.598e+03	+0.168
318.000	+5.816e+03	+1.850e+03	+8.660e+03	+0.241
318.200	+4.585e+03	+3.078e+03	+6.214e+03	+0.402
318.400	+5.972e+03	+2.015e+03	+6.383e+03	+0.252
318.600	+5.178e+03	+9.906e+02	+8.948e+03	+0.161
318.800	+4.688e+03	+1.832e+03	+8.310e+03	+0.281
319.000	+6.903e+03	+1.229e+03	+6.304e+03	+0.151
319.200	+6.996e+03	+1.102e+03	+6.984e+03	+0.136
319.400	+5.766e+03	+9.924e+02	+9.881e+03	+0.147
319.600	+6.247e+03	+1.320e+03	+7.756e+03	+0.174
319.800	+6.250e+03	-3.065e+02	+9.550e+03	-0.052
320.000	+6.854e+03	+1.717e+03	+7.894e+03	+0.200
320.200	+7.952e+03	+1.401e+03	+6.641e+03	+0.150
320.400	+5.453e+03	+1.674e+03	+6.367e+03	+0.235
320.600	+6.051e+03	+1.440e+03	+8.256e+03	+0.192
320.800	+7.165e+03	+1.980e+03	+1.028e+04	+0.217
321.000	+6.101e+03	+9.118e+02	+6.258e+03	+0.130
321.200	+6.417e+03	+2.297e+03	+6.005e+03	+0.264
321.400	+6.711e+03	+1.314e+03	+8.068e+03	+0.164
321.600	+7.297e+03	+3.999e+02	+5.785e+03	+0.052
321.800	+5.703e+03	+2.438e+03	+8.790e+03	+0.299
322.000	+5.844e+03	+1.955e+03	+5.788e+03	+0.251
322.200	+6.770e+03	+1.855e+03	+5.994e+03	+0.215
322.400	+5.855e+03	+1.860e+03	+7.008e+03	+0.241
322.600	+6.257e+03	+2.869e+03	+7.578e+03	+0.314
322.800	+5.455e+03	+1.275e+03	+7.028e+03	+0.189
323.000	+7.270e+03	+2.513e+03	+8.544e+03	+0.257
323.200	+7.355e+03	+1.067e+03	+8.942e+03	+0.127
323.400	+5.954e+03	+2.011e+02	+7.693e+03	+0.033
323.600	+4.469e+03	+1.083e+03	+8.605e+03	+0.195
323.800	+4.796e+03	+9.032e+02	+8.075e+03	+0.158
324.000	+6.172e+03	+1.162e+03	+7.917e+03	+0.158
324.200	+6.845e+03	+2.164e+03	+8.170e+03	+0.240
324.400	+6.630e+03	+1.687e+03	+7.056e+03	+0.203
324.600	+6.695e+03	+1.774e+03	+7.005e+03	+0.209
324.800	+6.402e+03	+2.172e+03	+7.429e+03	+0.253
325.000	+5.474e+03	+5.628e+02	+5.175e+03	+0.093
325.200	+5.654e+03	+1.058e+02	+8.301e+03	+0.018
325.400	+5.805e+03	+2.269e+03	+8.284e+03	+0.281
325.600	+6.781e+03	+2.529e+03	+8.212e+03	+0.272
325.800	+6.359e+03	+1.249e+03	+8.779e+03	+0.164
326.000	+6.671e+03	+1.394e+03	+7.127e+03	+0.173
326.200	+7.108e+03	+7.746e+02	+5.952e+03	+0.098
326.400	+6.133e+03	+1.375e+03	+8.314e+03	+0.183
326.600	+6.029e+03	+1.982e+03	+7.569e+03	+0.247
326.800	+5.391e+03	+7.718e+02	+5.938e+03	+0.125
327.000	+4.465e+03	+1.307e+03	+8.276e+03	+0.226
327.200	+6.961e+03	+2.083e+03	+7.226e+03	+0.230
327.400	+6.605e+03	+6.829e+02	+7.426e+03	+0.094
327.600	+5.802e+03	+1.214e+03	+5.426e+03	+0.173
327.800	+5.619e+03	+1.408e+03	+7.839e+03	+0.200
328.000	+7.032e+03	+1.875e+03	+7.506e+03	+0.210
328.200	+6.082e+03	+1.934e+03	+7.634e+03	+0.241
328.400	+6.455e+03	+1.826e+03	+8.621e+03	+0.220
328.600	+4.453e+03	+1.371e+03	+7.369e+03	+0.235
328.800	+7.374e+03	+9.501e+02	+9.662e+03	+0.114
329.000	+3.624e+03	+1.047e+03	+9.255e+03	+0.224
329.200	+5.877e+03	+2.305e+03	+7.370e+03	+0.282
329.400	+7.372e+03	+1.577e+03	+6.221e+03	+0.176
329.600	+6.619e+03	+9.241e+02	+7.146e+03	+0.122
329.800	+6.425e+03	+1.910e+03	+5.095e+03	+0.229
330.000	+6.595e+03	+7.360e+02	+8.315e+03	+0.100
330.200	+5.507e+03	+1.934e+03	+9.245e+03	+0.260
330.400	+6.290e+03	+1.378e+03	+8.714e+03	+0.180
330.600	+5.556e+03	+8.541e+02	+7.239e+03	+0.133
330.800	+7.114e+03	+1.830e+03	+9.327e+03	+0.205
331.000	+6.556e+03	+1.758e+03	+7.590e+03	+0.211
331.200	+6.471e+03	+1.059e+03	+6.684e+03	+0.141
331.400	+7.504e+03	+2.228e+03	+5.630e+03	+0.229
331.600	+6.145e+03	+1.537e+03	+5.725e+03	+0.200
331.800	+5.340e+03	+1.027e+03	+6.470e+03	+0.161
332.000	+5.626e+03	+2.241e+03	+7.849e+03	+0.285
332.200	+4.926e+03	+2.614e+03	+5.922e+03	+0.347
332.400	+7.468e+03	+2.913e+03	+8.054e+03	+0.281
332.600	+6.619e+03	+8.081e+02	+5.999e+03	+0.109
332.800	+7.810e+03	+1.642e+03	+7.602e+03	+0.174
333.000	+6.378e+03	+8.987e+02	+9.689e+03	+0.124
333.200	+3.958e+03	+1.334e+03	+9.399e+03	+0.252
333.400	+5.972e+03	+1.937e+03	+6.442e+03	+0.245
333.600	+6.271e+03	+1.853e+03	+8.867e+03	+0.228
333.800	+4.411e+03	+2.755e+03	+7.683e+03	+0.384
334.000	+1.848e+03	+4.975e+03	+7.576e+03	+0.729
334.200	+2.170e+03	+5.078e+03	+8.161e+03	+0.701
334.400	+2.079e+03	+5.293e+03	+8.037e+03	+0.718
334.600	+1.842e+03	+5.330e+03	+6.883e+03	+0.743
334.800	+1.526e+03	+6.620e+03	+7.418e+03	+0.813
335.000	+1.588e+03	+6.108e+03	+7.743e+03	+0.794
335.200	+2.352e+03	+7.211e+03	+8.570e+03	+0.754
335.400	+2.602e+03	+6.974e+03	+5.414e+03	+0.728
335.600	+2.108e+03	+6.799e+03	+7.513e+03	+0.763
335.800	+1.011e+03	+6.500e+03	+7.280e+03	+0.865
336.000	+2.143e+03	+5.053e+03	+7.507e+03	+0.702
336.200	+1.848e+03	+3.974e+03	+5.954e+03	+0.683
336.400	+2.119e+03	+4.859e+03	+8.114e+03	+0.696
336.600	+2.322e+03	+6.385e+03	+7.844e+03	+0.733
336.800	+3.488e+03	+4.868e+03	+5.804e+03	+0.583
337.000	+2.723e+03	+5.813e+03	+6.684e+03	+0.681
337.200	+3.151e+02	+5.632e+03	+8.878e+03	+0.947
337.400	+2.152e+03	+4.612e+03	+8.443e+03	+0.682
337.600	+3.235e+03	+5.672e+03	+7.591e+03	+0.637
337.800	+1.426e+03	+5.877e+03	+7.929e+03	+0.805
338.000	+1.948e+03	+7.159e+03	+7.296e+03	+0.786
338.200	+3.071e+03	+5.711e+03	+7.565e+03	+0.650
338.400	+2.260e+03	+5.922e+03	+6.182e+03	+0.724
338.600	+1.872e+03	+3.636e+03	+5.335e+03	+0.660
338.800	+3.414e+03	+3.830e+03	+8.092e+03	+0.529
339.000	+5.019e+03	-2.206e+02	+7.407e+03	-0.046
339.200	+5.824e+03	+8.583e+02	+6.843e+03	+0.128
339.400	+6.867e+03	+9.029e+02	+8.287e+03	+0.116
339.600	+5.989e+03	+9.968e+02	+6.902e+03	+0.143
339.800	+5.544e+03	+1.119e+03	+7.516e+03	+0.168
340.000	+5.843e+03	+1.573e+03	+5.619e+03	+0.212
340.200	+7.528e+03	+2.017e+03	+6.135e+03	+0.211
340.400	+4.490e+03	+8.827e+02	+7.031e+03	+0.164
340.600	+6.644e+03	+1.696e+03	+5.034e+03	+0.203
340.800	+6.023e+03	+1.327e+03	+6.572e+03	+0.181
341.000	+5.335e+03	+2.001e+03	+8.780e+03	+0.273
341.200	+4.814e+03	+3.831e+03	+7.791e+03	+0.443
341.400	+2.613e+03	+5.949e+03	+6.809e+03	+0.695
341.600	+1.596e+03	+5.273e+03	+9.418e+03	+0.768
341.800	+2.969e+03	+6.964e+03	+8.775e+03	+0.701
342.000	+2.211e+03	+5.712e+03	+8.464e+03	+0.721
342.200	+2.630e+03	+5.157e+03	+9.558e+03	+0.662
342.400	+2.947e+03	+4.728e+03	+8.097e+03	+0.616
342.600	+3.305e+03	+4.711e+03	+8.999e+03	+0.588
342.800	+1.522e+03	+6.375e+03	+8.293e+03	+0.807
343.000	+1.973e+03	+5.587e+03	+5.352e+03	+0.739
343.200	+1.519e+03	+5.901e+03	+7.400e+03	+0.795
343.400	+1.634e+03	+5.597e+03	+5.606e+03	+0.774
343.600	+2.272e+03	+4.825e+03	+7.072e+03	+0.680
343.800	+3.131e+03	+6.078e+03	+8.379e+03	+0.660
344.000	+3.289e+03	+6.251e+03	+6.218e+03	+0.655
344.200	+1.797e+03	+5.484e+03	+8.415e+03	+0.753
344.400	+1.909e+03	+6.259e+03	+8.601e+03	+0.766
344.600	+9.818e+02	+4.911e+03	+9.170e+03	+0.833
344.800	+2.103e+03	+5.734e+03	+6.652e+03	+0.732
345.000	+7.788e+02	+6.286e+03	+7.516e+03	+0.890
345.200	+2.053e+03	+6.267e+03	+8.031e+03	+0.753
345.400	+1.334e+03	+4.750e+03	+7.697e+03	+0.781
345.600	+2.734e+03	+5.028e+03	+4.073e+03	+0.648
345.800	+2.133e+03	+6.432e+03	+6.771e+03	+0.751
346.000	+2.686e+03	+4.330e+03	+5.864e+03	+0.617
346.200	+1.184e+03	+5.928e+03	+8.870e+03	+0.834
346.400	+8.031e+02	+4.870e+03	+7.087e+03	+0.858
346.600	+1.578e+03	+4.631e+03	+6.941e+03	+0.746
346.800	+2.944e+02	+5.421e+03	+5.038e+03	+0.948
347.000	+3.269e+03	+5.803e+03	+8.319e+03	+0.640
347.200	+2.131e+03	+3.895e+03	+8.260e+03	+0.646
347.400	+2.375e+03	+5.980e+03	+9.099e+03	+0.716
347.600	+2.799e+03	+6.341e+03	+7.308e+03	+0.694
347.800	+1.859e+03	+5.696e+03	+8.966e+03	+0.754
348.000	+1.089e+03	+6.064e+03	+8.667e+03	+0.848
348.200	+1.494e+03	+5.085e+03	+6.102e+03	+0.773
348.400	+1.574e+03	+5.437e+03	+6.600e+03	+0.775
348.600	+2.249e+03	+6.245e+03	+7.091e+03	+0.735
348.800	+2.272e+03	+5.073e+03	+7.179e+03	+0.691
349.000	+2.575e+03	+4.130e+03	+8.071e+03	+0.616
349.200	+3.203e+03	+5.212e+03	+6.875e+03	+0.619
349.400	+1.028e+03	+6.463e+03	+7.120e+03	+0.863
349.600	+1.671e+03	+4.492e+03	+9.006e+03	+0.729
349.800	+1.136e+03	+5.803e+03	+5.357e+03	+0.836
350.000	+1.478e+03	+5.367e+03	+7.789e+03	+0.784
350.200	+1.371e+03	+5.999e+03	+6.294e+03	+0.814
350.400	+1.648e+03	+5.385e+03	+8.172e+03	+0.766
350.600	+1.571e+03	+4.624e+03	+6.900e+03	+0.746
350.800	+2.449e+03	+6.238e+03	+8.164e+03	+0.718
351.000	+2.711e+03	+5.851e+03	+8.235e+03	+0.683
351.200	+9.041e+02	+6.031e+03	+7.301e+03	+0.870
351.400	+2.234e+03	+4.184e+03	+8.162e+03	+0.652
351.600	+2.645e+03	+6.678e+03	+8.267e+03	+0.716
351.800	+1.245e+03	+7.299e+03	+8.476e+03	+0.854
352.000	+2.726e+03	+5.195e+03	+9.499e+03	+0.656
352.200	+1.827e+03	+3.991e+03	+6.857e+03	+0.686
352.400	+1.273e+03	+5.052e+03	+7.594e+03	+0.799
352.600	+1.185e+03	+5.260e+03	+8.210e+03	+0.816
352.800	+2.000e+03	+5.191e+03	+6.278e+03	+0.722
353.000	+1.190e+03	+6.147e+03	+8.890e+03	+0.838
353.200	+2.163e+03	+5.196e+03	+6.897e+03	+0.706
353.400	+2.817e+03	+5.610e+03	+8.936e+03	+0.666
353.600	+1.508e+03	+4.517e+03	+8.505e+03	+0.750
353.800	+2.428e+03	+5.940e+03	+6.119e+03	+0.710
354.000	+1.216e+03	+6.367e+03	+6.557e+03	+0.840
354.200	+2.646e+03	+6.040e+03	+8.341e+03	+0.695
354.400	+1.345e+03	+5.377e+03	+8.560e+03	+0.800
354.600	+2.593e+03	+5.816e+03	+7.953e+03	+0.692
354.800	+1.469e+03	+6.285e+03	+6.848e+03	+0.811
355.000	+1.629e+03	+5.646e+03	+8.405e+03	+0.776
355.200	+3.337e+03	+5.938e+03	+7.882e+03	+0.640
355.400	+7.961e+02	+5.564e+03	+6.912e+03	+0.875
355.600	+1.926e+03	+6.731e+03	+6.446e+03	+0.777
355.800	+2.408e+03	+7.430e+03	+7.198e+03	+0.755
356.000	+1.715e+03	+7.495e+03	+7.990e+03	+0.814
356.200	+1.437e+03	+4.709e+03	+8.220e+03	+0.766
356.400	+1.413e+03	+5.595e+03	+7.976e+03	+0.798
356.600	+2.560e+03	+5.246e+03	+5.887e+03	+0.672
356.800	+1.845e+03	+6.187e+03	+7.405e+03	+0.770
357.000	+1.819e+03	+3.442e+03	+8.523e+03	+0.654
357.200	+1.724e+03	+4.274e+03	+6.225e+03	+0.713
357.400	+2.769e+03	+4.574e+03	+6.698e+03	+0.623
357.600	+1.633e+03	+5.941e+03	+7.742e+03	+0.784
357.800	+1.751e+03	+4.995e+03	+7.640e+03	+0.740
358.000	+7.091e+02	+6.846e+03	+7.164e+03	+0.906
358.200	+3.684e+03	+5.901e+03	+7.570e+03	+0.616
358.400	+2.859e+03	+4.632e+03	+7.337e+03	+0.618
358.600	+2.508e+03	+5.461e+03	+8.914e+03	+0.685
358.800	+2.580e+03	+7.819e+03	+6.784e+03	+0.752
359.000	+1.663e+03	+3.981e+03	+7.915e+03	+0.705
359.200	+1.995e+03	+4.113e+03	+5.958e+03	+0.673
359.400	+3.053e+03	+3.879e+03	+8.982e+03	+0.560
359.600	+1.774e+03	+6.826e+03	+8.810e+03	+0.794
359.800	+3.027e+03	+5.527e+03	+5.572e+03	+0.646
360.000	+1.484e+03	+4.152e+03	+5.864e+03	+0.737
360.200	+2.000e+03	+6.690e+03	+6.293e+03	+0.770
360.400	+2.833e+03	+5.549e+03	+8.044e+03	+0.662
360.600	+1.899e+03	+6.040e+03	+8.619e+03	+0.761
360.800	+2.217e+03	+5.129e+03	+7.159e+03	+0.698
361.000	+3.042e+03	+3.019e+03	+6.030e+03	+0.498
361.200	+1.691e+03	+6.451e+03	+5.462e+03	+0.792
361.400	+1.325e+03	+7.094e+03	+5.929e+03	+0.843
361.600	+9.174e+02	+5.381e+03	+7.595e+03	+0.854
361.800	+2.067e+03	+6.380e+03	+6.362e+03	+0.755
362.000	+2.240e+03	+5.469e+03	+8.619e+03	+0.709
362.200	+2.209e+03	+6.756e+03	+5.962e+03	+0.754
362.400	+8.224e+02	+4.335e+03	+6.989e+03	+0.841
362.600	+4.524e+03	+3.152e+03	+7.220e+03	+0.411
362.800	+4.407e+03	+2.052e+03	+8.785e+03	+0.318
363.000	+7.535e+03	+2.176e+03	+9.468e+03	+0.224
363.200	+4.853e+03	+1.874e+03	+7.552e+03	+0.279
363.400	+5.726e+03	+1.768e+03	+8.780e+03	+0.236
363.600	+6.440e+03	+2.059e+03	+7.317e+03	+0.242
363.800	+8.276e+03	+1.546e+03	+9.056e+03	+0.157
364.000	+5.139e+03	+1.353e+03	+8.873e+03	+0.208
364.200	+6.905e+03	+1.300e+03	+8.394e+03	+0.158
364.400	+5.383e+03	+1.794e+03	+7.435e+03	+0.250
364.600	+6.033e+03	+5.209e+02	+8.890e+03	+0.079
364.800	+6.558e+03	+2.266e+03	+7.427e+03	+0.257
365.000	+6.518e+03	+1.402e+03	+7.923e+03	+0.177
365.200	+6.326e+03	+1.075e+03	+6.771e+03	+0.145
365.400	+5.775e+03	+1.450e+03	+4.706e+03	+0.201
365.600	+5.857e+03	+1.999e+03	+5.975e+03	+0.254
365.800	+5.676e+03	+2.310e+03	+9.432e+03	+0.289
366.000	+3.104e+03	+4.557e+03	+8.632e+03	+0.595
366.200	+1.691e+03	+4.724e+03	+7.576e+03	+0.736
366.400	+1.908e+03	+4.407e+03	+8.058e+03	+0.698
366.600	+2.020e+03	+6.005e+03	+6.999e+03	+0.748
366.800	+3.018e+03	+4.698e+03	+7.511e+03	+0.609
367.000	+2.412e+03	+6.852e+03	+7.652e+03	+0.740
367.200	+1.868e+03	+5.168e+03	+6.432e+03	+0.735
367.400	+2.318e+03	+6.918e+03	+8.229e+03	+0.749
367.600	+1.932e+03	+5.656e+03	+6.756e+03	+0.745
367.800	+1.177e+03	+5.082e+03	+8.601e+03	+0.812
368.000	+4.275e+03	+1.703e+03	+5.477e+03	+0.285
368.200	+5.509e+03	+8.920e+02	+9.420e+03	+0.139
368.400	+5.389e+03	+1.726e+03	+6.818e+03	+0.243
368.600	+4.003e+03	+1.264e+03	+6.308e+03	+0.240
368.800	+4.564e+03	+2.838e+03	+8.683e+03	+0.383
369.000	+1.704e+03	+4.154e+03	+9.797e+03	+0.709
369.200	+9.584e+02	+5.566e+03	+4.991e+03	+0.853
369.400	+4.961e+02	+4.730e+03	+8.664e+03	+0.905
369.600	+1.487e+03	+4.115e+03	+6.930e+03	+0.734
369.800	+1.705e+03	+5.838e+03	+8.271e+03	+0.774
370.000	+1.342e+03	+6.975e+03	+6.758e+03	+0.839
370.200	+2.086e+03	+4.010e+03	+7.938e+03	+0.658
370.400	+1.986e+03	+4.481e+03	+8.627e+03	+0.693
370.600	+2.014e+03	+5.009e+03	+8.588e+03	+0.713
370.800	+9.987e+02	+4.121e+03	+9.224e+03	+0.805
371.000	+1.178e+03	+5.255e+03	+8.888e+03	+0.817
371.200	+2.508e+03	+4.481e+03	+6.781e+03	+0.641
371.400	+1.381e+03	+5.141e+03	+6.072e+03	+0.788
371.600	+1.777e+03	+4.405e+03	+7.322e+03	+0.713
371.800	+1.139e+03	+7.307e+03	+8.272e+03	+0.865
372.000	+2.115e+03	+5.789e+03	+8.114e+03	+0.732
372.200	+8.308e+02	+5.498e+03	+7.820e+03	+0.869
372.400	+2.513e+03	+5.282e+03	+7.956e+03	+0.678
372.600	+1.641e+03	+5.011e+03	+8.461e+03	+0.753
372.800	+2.005e+03	+5.359e+03	+7.524e+03	+0.728
373.000	+1.714e+03	+4.739e+03	+6.828e+03	+0.734
373.200	+1.393e+03	+6.537e+03	+8.777e+03	+0.824
373.400	+1.672e+03	+3.280e+03	+9.734e+03	+0.662
373.600	+2.845e+03	+3.870e+03	+7.381e+03	+0.576
373.800	+1.826e+03	+6.377e+03	+7.248e+03	+0.777
374.000	+2.132e+03	+7.672e+03	+6.563e+03	+0.782
374.200	+2.133e+03	+4.867e+03	+7.927e+03	+0.695
374.400	+3.062e+03	+5.081e+03	+6.126e+03	+0.624
374.600	+2.233e+03	+5.519e+03	+6.952e+03	+0.712
374.800	+1.584e+03	+5.375e+03	+6.185e+03	+0.772
375.000	+1.487e+03	+5.901e+03	+7.142e+03	+0.799
375.200	+2.882e+03	+5.480e+03	+7.630e+03	+0.655
375.400	+2.938e+03	+4.491e+03	+7.638e+03	+0.605
375.600	+2.896e+03	+5.202e+03	+9.161e+03	+0.642
375.800	+1.978e+03	+6.861e+03	+7.047e+03	+0.776
376.000	+2.048e+03	+6.375e+03	+6.610e+03	+0.757
376.200	+2.649e+03	+5.844e+03	+7.499e+03	+0.688
376.400	+1.546e+03	+5.624e+03	+7.171e+03	+0.784
376.600	+2.109e+03	+4.072e+03	+7.575e+03	+0.659
376.800	+2.582e+03	+4.028e+03	+8.421e+03	+0.609
377.000	+5.990e+03	+1.290e+03	+8.203e+03	+0.177
377.200	+6.143e+03	+1.052e+03	+9.010e+03	+0.146
377.400	+6.144e+03	+1.640e+03	+7.431e+03	+0.211
377.600	+5.463e+03	+1.637e+03	+7.788e+03	+0.231
377.800	+7.602e+03	+2.339e+03	+7.386e+03	+0.235
378.000	+5.033e+03	+9.218e+02	+7.292e+03	+0.155
378.200	+5.725e+03	+1.052e+03	+5.551e+03	+0.155
378.400	+3.788e+03	+8.539e+02	+7.718e+03	+0.184
378.600	+5.747e+03	+1.790e+03	+9.121e+03	+0.237
378.800	+6.551e+03	+1.770e+03	+8.932e+03	+0.213
379.000	+5.706e+03	+1.676e+03	+8.699e+03	+0.227
379.200	+4.959e+03	+2.485e+03	+8.121e+03	+0.334
379.400	+7.364e+03	+6.616e+02	+6.913e+03	+0.082
379.600	+6.228e+03	+2.149e+03	+8.668e+03	+0.257
379.800	+4.779e+03	+6.953e+02	+6.819e+03	+0.127
380.000	+5.567e+03	+2.147e+03	+8.215e+03	+0.278
380.200	+6.145e+03	+1.339e+03	+9.262e+03	+0.179
380.400	+5.645e+03	+1.389e+03	+9.081e+03	+0.197
380.600	+7.011e+03	+2.145e+03	+7.928e+03	+0.234
380.800	+3.787e+03	+3.536e+03	+6.442e+03	+0.483
381.000	+1.772e+03	+6.674e+03	+7.891e+03	+0.790
381.200	+1.148e+03	+6.148e+03	+8.350e+03	+0.843
381.400	+4.387e+03	+2.959e+03	+7.127e+03	+0.403
381.600	+4.400e+03	+3.167e+03	+9.192e+03	+0.418
381.800	+2.998e+03	+4.824e+03	+7.440e+03	+0.617
382.000	+2.485e+03	+5.545e+03	+6.887e+03	+0.691
382.200	+2.611e+03	+4.501e+03	+5.457e+03	+0.633
382.400	+3.458e+03	+4.850e+03	+9.479e+03	+0.584
382.600	+1.680e+03	+5.588e+03	+5.876e+03	+0.769
382.800	+1.197e+03	+5.723e+03	+6.582e+03	+0.827
383.000	+1.313e+03	+6.735e+03	+7.339e+03	+0.837
383.200	+1.461e+03	+5.322e+03	+8.743e+03	+0.785
383.400	+1.964e+03	+6.325e+03	+6.075e+03	+0.763
383.600	+2.090e+03	+7.162e+03	+1.028e+04	+0.774
383.800	+1.606e+03	+5.130e+03	+6.062e+03	+0.762
384.000	+2.790e+03	+5.249e+03	+7.083e+03	+0.653
384.200	+2.969e+03	+5.124e+03	+7.776e+03	+0.633
384.400	+2.349e+03	+4.639e+03	+7.512e+03	+0.664
384.600	+8.854e+02	+3.685e+03	+8.310e+03	+0.806
384.800	+2.885e+03	+6.166e+03	+7.618e+03	+0.681
385.000	+2.862e+03	+6.299e+03	+6.470e+03	+0.688
385.200	+8.525e+02	+5.779e+03	+6.090e+03	+0.871
385.400	+1.045e+03	+5.297e+03	+7.315e+03	+0.835
385.600	+1.876e+03	+5.134e+03	+6.166e+03	+0.732
385.800	+1.442e+03	+6.481e+03	+7.921e+03	+0.818
386.000	+1.489e+03	+5.624e+03	+7.312e+03	+0.791
386.200	+2.012e+03	+5.826e+03	+8.298e+03	+0.743
386.400	+1.790e+03	+4.966e+03	+6.933e+03	+0.735
386.600	+3.529e+03	+4.947e+03	+7.842e+03	+0.584
386.800	+2.427e+03	+3.595e+03	+8.356e+03	+0.597
387.000	+2.608e+03	+5.737e+03	+8.311e+03	+0.688
387.200	+1.232e+03	+4.863e+03	+6.508e+03	+0.798
387.400	+2.310e+03	+6.189e+03	+8.272e+03	+0.728
387.600	+2.674e+03	+5.303e+03	+6.957e+03	+0.665
387.800	+1.240e+03	+5.195e+03	+6.955e+03	+0.807
388.000	+2.246e+03	+6.063e+03	+6.633e+03	+0.730
388.200	+2.338e+03	+5.373e+03	+7.289e+03	+0.697
388.400	+2.338e+03	+5.658e+03	+9.286e+03	+0.708
388.600	+2.384e+03	+6.498e+03	+7.991e+03	+0.732
388.800	+3.376e+03	+5.593e+03	+8.745e+03	+0.624
389.000	+1.778e+03	+5.934e+03	+9.325e+03	+0.769
389.200	+2.884e+03	+5.404e+03	+7.108e+03	+0.652
389.400	+3.019e+03	+5.602e+03	+6.669e+03	+0.650
389.600	+1.929e+03	+5.599e+03	+7.993e+03	+0.744
389.800	+1.074e+03	+6.434e+03	+8.008e+03	+0.857
390.000	+4.866e+03	+9.223e+02	+6.497e+03	+0.159
390.200	+5.095e+03	+4.344e+02	+8.270e+03	+0.079
390.400	+5.998e+03	+1.708e+03	+7.376e+03	+0.222
390.600	+5.745e+03	+3.937e+02	+4.902e+03	+0.064
390.800	+7.387e+03	+1.516e+03	+6.985e+03	+0.170
391.000	+6.071e+03	+1.099e+03	+6.313e+03	+0.153
391.200	+6.107e+03	+3.845e+02	+1.010e+04	+0.059
391.400	+7.786e+03	+3.704e+02	+6.814e+03	+0.045
391.600	+5.511e+03	+2.409e+03	+8.688e+03	+0.304
391.800	+8.112e+03	+1.017e+03	+6.361e+03	+0.111
392.000	+4.775e+03	+1.596e+03	+8.066e+03	+0.251
392.200	+6.614e+03	+1.277e+03	+8.013e+03	+0.162
392.400	+5.857e+03	+9.644e+02	+6.002e+03	+0.141
392.600	+5.253e+03	+2.570e+03	+7.011e+03	+0.329
392.800	+4.795e+03	+1.699e+03	+6.943e+03	+0.262
393.000	+5.872e+03	+9.614e+02	+7.053e+03	+0.141
393.200	+5.786e+03	+1.613e+03	+6.929e+03	+0.218
393.400	+8.299e+03	+2.194e+03	+7.343e+03	+0.209
393.600	+5.915e+03	+1.846e+03	+8.350e+03	+0.238
393.800	+6.434e+03	+2.397e+03	+7.056e+03	+0.271
394.000	+6.412e+03	+9.684e+02	+1.060e+04	+0.131
394.200	+6.549e+03	+2.360e+03	+8.803e+03	+0.265
394.400	+5.381e+03	+2.211e+03	+6.490e+03	+0.291
394.600	+5.403e+03	+1.331e+03	+6.955e+03	+0.198
394.800	+5.621e+03	+6.395e+02	+7.017e+03	+0.102
395.000	+4.968e+03	+1.826e+03	+8.300e+03	+0.269
395.200	+7.012e+03	+2.392e+03	+7.715e+03	+0.254
395.400	+6.997e+03	+1.699e+03	+7.708e+03	+0.195
395.600	+6.937e+03	+1.359e+03	+7.716e+03	+0.164
395.800	+5.085e+03	+1.612e+03	+7.780e+03	+0.241
396.000	+6.509e+03	+2.146e+03	+8.963e+03	+0.248
396.200	+7.301e+03	+1.940e+03	+6.675e+03	+0.210
396.400	+6.324e+03	+1.762e+03	+7.065e+03	+0.218
396.600	+5.851e+03	+2.800e+02	+7.037e+03	+0.046
396.800	+5.236e+03	+2.174e+03	+6.980e+03	+0.293
397.000	+5.261e+03	+1.217e+03	+9.215e+03	+0.188
397.200	+6.361e+03	+1.454e+02	+7.917e+03	+0.022
397.400	+4.136e+03	+2.083e+03	+8.045e+03	+0.335
397.600	+6.169e+03	+8.190e+02	+8.404e+03	+0.117
397.800	+6.784e+03	+5.318e+02	+7.672e+03	+0.073
398.000	+5.270e+03	+8.759e+02	+7.211e+03	+0.143
398.200	+7.184e+03	-2.754e+01	+1.033e+04	-0.004
398.400	+6.181e+03	+2.345e+03	+7.673e+03	+0.275
398.600	+8.062e+03	-1.660e+02	+8.888e+03	-0.021
398.800	+6.758e+03	+1.930e+03	+8.097e+03	+0.222
399.000	+9.254e+02	+5.590e+03	+7.428e+03	+0.858
399.200	+2.288e+03	+6.184e+03	+8.408e+03	+0.730
399.400	+2.769e+03	+6.059e+03	+6.753e+03	+0.686
399.600	+1.014e+03	+4.478e+03	+5.840e+03	+0.815
