%t (s)	Idd (a.u.)	Ida (a.u.)	Iaa (a.u.)	FRET E
0.000	+6.368e+03	+1.578e+03	+6.013e+03	+0.199
0.200	+6.515e+03	+9.973e+02	+7.175e+03	+0.133
0.400	+6.269e+03	+1.619e+03	+8.522e+03	+0.205
0.600	+7.059e+03	+1.021e+03	+8.951e+03	+0.126
0.800	+3.948e+03	+1.432e+03	+7.585e+03	+0.266
1.000	+4.459e+03	+1.681e+03	+9.603e+03	+0.274
1.200	+5.941e+03	+1.457e+03	+7.803e+03	+0.197
1.400	+5.514e+03	+2.036e+03	+7.284e+03	+0.270
1.600	+3.973e+03	+1.151e+03	+6.614e+03	+0.225
1.800	+7.981e+03	+2.556e+02	+8.186e+03	+0.031
2.000	+5.447e+03	+3.420e+02	+7.177e+03	+0.059
2.200	+5.967e+03	+1.496e+03	+7.101e+03	+0.200
2.400	+4.100e+03	+2.169e+03	+9.350e+03	+0.346
2.600	+5.316e+03	+1.695e+03	+7.135e+03	+0.242
2.800	+4.975e+03	+2.272e+03	+7.969e+03	+0.314
3.000	+4.990e+03	+6.428e+02	+8.561e+03	+0.114
3.200	+5.222e+03	+1.223e+03	+8.295e+03	+0.190
3.400	+6.760e+03	+1.035e+03	+6.207e+03	+0.133
3.600	+5.213e+03	+1.024e+03	+8.877e+03	+0.164
3.800	+6.216e+03	+8.386e+02	+7.554e+03	+0.119
4.000	+7.089e+03	+1.206e+03	+6.482e+03	+0.145
4.200	+6.924e+03	+5.759e+02	+8.929e+03	+0.077
4.400	+5.252e+03	+2.364e+03	+7.369e+03	+0.310
4.600	+5.993e+03	+1.524e+03	+7.558e+03	+0.203
4.800	+6.148e+03	-6.225e+02	+8.644e+03	-0.113
5.000	+1.810e+03	+6.366e+03	+7.949e+03	+0.779
5.200	+1.682e+03	+6.253e+03	+6.838e+03	+0.788
5.400	+3.059e+03	+5.056e+03	+8.414e+03	+0.623
5.600	+4.960e+03	+1.670e+03	+9.562e+03	+0.252
5.800	+5.057e+03	+3.006e+03	+7.743e+03	+0.373
6.000	+5.885e+03	+1.445e+03	+7.723e+03	+0.197
6.200	+2.589e+03	+6.123e+03	+6.908e+03	+0.703
6.400	+1.903e+03	+5.933e+03	+7.270e+03	+0.757
6.600	+1.773e+03	+3.880e+03	+8.105e+03	+0.686
6.800	+5.199e+03	+2.896e+03	+9.463e+03	+0.358
7.000	+7.977e+03	+7.671e+02	+7.577e+03	+0.088
7.200	+4.946e+03	+1.981e+03	+8.480e+03	+0.286
7.400	+2.402e+03	+5.989e+03	+8.042e+03	+0.714
7.600	+1.568e+03	+5.658e+03	+8.069e+03	+0.783
7.800	+1.922e+03	+5.796e+03	+7.473e+03	+0.751
8.000	+2.264e+03	+6.184e+03	+9.626e+03	+0.732
8.200	+1.687e+03	+5.737e+03	+7.099e+03	+0.773
8.400	+1.376e+03	+6.109e+03	+6.244e+03	+0.816
8.600	+2.517e+03	+6.524e+03	+9.064e+03	+0.722
8.800	+1.539e+03	+4.250e+03	+8.869e+03	+0.734
9.000	+2.731e+03	+5.483e+03	+7.339e+03	+0.667
9.200	+3.485e+03	+5.833e+03	+6.076e+03	+0.626
9.400	+2.309e+03	+5.749e+03	+7.359e+03	+0.713
9.600	+1.189e+03	+5.146e+03	+6.873e+03	+0.812
9.800	+1.522e+03	+4.796e+03	+8.320e+03	+0.759
10.000	+2.525e+03	+5.253e+03	+7.258e+03	+0.675
10.200	+2.216e+03	+5.443e+03	+9.210e+03	+0.711
10.400	+1.014e+03	+4.575e+03	+7.244e+03	+0.819
10.600	+2.230e+03	+6.185e+03	+9.316e+03	+0.735
10.800	+1.662e+03	+5.603e+03	+7.937e+03	+0.771
11.000	+2.496e+03	+6.155e+03	+7.507e+03	+0.711
11.200	+1.935e+03	+3.751e+03	+8.050e+03	+0.660
11.400	+3.803e+03	+2.660e+03	+6.519e+03	+0.412
11.600	+8.325e+03	+2.580e+02	+7.029e+03	+0.030
11.800	+5.618e+03	+2.208e+03	+8.120e+03	+0.282
12.000	+2.746e+03	+6.765e+03	+7.722e+03	+0.711
12.200	+2.225e+03	+3.544e+03	+7.433e+03	+0.614
12.400	+1.856e+03	+4.128e+03	+9.324e+03	+0.690
12.600	+1.087e+03	+5.962e+03	+7.520e+03	+0.846
12.800	+9.836e+02	+5.878e+03	+7.164e+03	+0.857
13.000	+3.492e+03	+4.458e+03	+5.783e+03	+0.561
13.200	+2.138e+03	+6.383e+03	+7.659e+03	+0.749
13.400	+2.158e+03	+7.139e+03	+7.502e+03	+0.768
13.600	+2.951e+03	+6.941e+03	+7.128e+03	+0.702
13.800	+1.621e+03	+5.759e+03	+8.692e+03	+0.780
14.000	+1.302e+03	+4.852e+03	+8.138e+03	+0.788
14.200	+2.026e+03	+6.549e+03	+7.654e+03	+0.764
14.400	+2.159e+03	+7.202e+03	+7.798e+03	+0.769
14.600	+1.993e+03	+5.233e+03	+8.327e+03	+0.724
14.800	+2.372e+03	+5.089e+03	+8.463e+03	+0.682
15.000	+3.508e+03	+5.263e+03	+8.514e+03	+0.600
15.200	+1.804e+03	+3.024e+03	+6.803e+03	+0.626
15.400	+2.309e+03	+4.681e+03	+6.033e+03	+0.670
15.600	+2.184e+03	+6.385e+03	+7.680e+03	+0.745
15.800	+1.882e+03	+4.475e+03	+8.066e+03	+0.704
16.000	+1.681e+03	+5.570e+03	+7.403e+03	+0.768
16.200	+5.794e+02	+4.236e+03	+8.489e+03	+0.880
16.400	+1.958e+03	+5.359e+03	+6.860e+03	+0.732
16.600	+2.237e+03	+5.167e+03	+6.925e+03	+0.698
16.800	+2.839e+03	+5.055e+03	+9.677e+03	+0.640
17.000	+3.755e+03	+4.077e+03	+6.434e+03	+0.521
17.200	+5.719e+03	+6.416e+02	+6.952e+03	+0.101
17.400	+4.298e+03	+2.097e+03	+8.761e+03	+0.328
17.600	+2.822e+03	+5.941e+03	+6.422e+03	+0.678
17.800	+3.420e+03	+4.153e+03	+6.514e+03	+0.548
18.000	+8.884e+02	+3.500e+03	+8.964e+03	+0.798
18.200	+1.172e+03	+5.915e+03	+7.426e+03	+0.835
18.400	+1.470e+03	+5.199e+03	+7.339e+03	+0.780
18.600	+2.495e+03	+4.098e+03	+6.364e+03	+0.622
18.800	+2.468e+03	+6.303e+03	+5.136e+03	+0.719
19.000	+2.613e+03	+4.490e+03	+6.932e+03	+0.632
19.200	+3.030e+03	+5.566e+03	+8.311e+03	+0.647
19.400	+2.847e+03	+6.476e+03	+7.602e+03	+0.695
19.600	+1.615e+03	+6.478e+03	+7.816e+03	+0.800
19.800	+1.574e+03	+5.046e+03	+6.386e+03	+0.762
20.000	+1.301e+03	+7.124e+03	+6.630e+03	+0.846
20.200	+2.217e+03	+3.969e+03	+6.048e+03	+0.642
20.400	+1.641e+03	+5.692e+03	+8.053e+03	+0.776
20.600	+2.118e+03	+4.338e+03	+7.049e+03	+0.672
20.800	+2.732e+03	+5.177e+03	+6.692e+03	+0.655
21.000	+2.786e+03	+5.842e+03	+6.772e+03	+0.677
21.200	+2.630e+03	+5.463e+03	+6.835e+03	+0.675
21.400	+9.759e+02	+4.590e+03	+7.855e+03	+0.825
21.600	+1.701e+03	+5.137e+03	+6.356e+03	+0.751
21.800	+1.632e+03	+7.102e+03	+6.543e+03	+0.813
22.000	+2.471e+03	+4.307e+03	+8.906e+03	+0.635
22.200	+1.328e+03	+4.663e+03	+6.438e+03	+0.778
22.400	+2.632e+03	+6.012e+03	+7.915e+03	+0.696
22.600	+2.888e+03	+6.186e+03	+9.216e+03	+0.682
22.800	+3.180e+03	+4.079e+03	+7.137e+03	+0.562
23.000	+2.655e+03	+4.382e+03	+7.201e+03	+0.623
23.200	+1.293e+03	+5.574e+03	+8.521e+03	+0.812
23.400	+1.169e+03	+4.107e+03	+6.230e+03	+0.778
23.600	+3.115e+03	+5.459e+03	+8.916e+03	+0.637
23.800	+1.763e+03	+6.007e+03	+5.349e+03	+0.773
24.000	+2.342e+03	+5.522e+03	+4.922e+03	+0.702
24.200	+9.351e+02	+6.257e+03	+7.311e+03	+0.870
24.400	+3.002e+03	+6.067e+03	+8.530e+03	+0.669
24.600	+3.006e+03	+6.773e+03	+7.324e+03	+0.693
24.800	+3.259e+03	+7.906e+03	+6.832e+03	+0.708
25.000	+2.410e+03	+4.830e+03	+8.458e+03	+0.667
25.200	+2.106e+03	+6.149e+03	+6.945e+03	+0.745
25.400	+1.539e+03	+5.662e+03	+9.798e+03	+0.786
25.600	+3.021e+03	+5.900e+03	+6.248e+03	+0.661
25.800	+9.645e+02	+4.961e+03	+5.074e+03	+0.837
26.000	+8.921e+02	+5.965e+03	+8.091e+03	+0.870
26.200	+1.662e+03	+4.799e+03	+7.509e+03	+0.743
26.400	+3.304e+02	+4.996e+03	+7.723e+03	+0.938
26.600	+1.056e+03	+4.636e+03	+6.108e+03	+0.814
26.800	+1.374e+03	+5.487e+03	+6.427e+03	+0.800
27.000	+2.361e+03	+5.532e+03	+8.192e+03	+0.701
27.200	+2.572e+03	+5.251e+03	+7.388e+03	+0.671
27.400	+2.584e+03	+5.767e+03	+9.379e+03	+0.691
27.600	+1.788e+03	+5.139e+03	+7.038e+03	+0.742
27.800	+2.499e+03	+6.320e+03	+5.557e+03	+0.717
28.000	+1.901e+03	+7.155e+03	+6.539e+03	+0.790
28.200	+1.597e+03	+5.317e+03	+7.878e+03	+0.769
28.400	+2.319e+03	+6.546e+03	+7.678e+03	+0.738
28.600	+1.380e+03	+4.668e+03	+7.201e+03	+0.772
28.800	+1.934e+03	+3.277e+03	+6.857e+03	+0.629
29.000	+2.374e+03	+6.224e+03	+9.429e+03	+0.724
29.200	+2.047e+03	+4.392e+03	+7.052e+03	+0.682
29.400	+1.793e+03	+5.665e+03	+6.869e+03	+0.760
29.600	+1.593e+03	+4.861e+03	+6.661e+03	+0.753
29.800	+1.982e+03	+4.349e+03	+6.718e+03	+0.687
30.000	+1.853e+03	+6.038e+03	+6.901e+03	+0.765
30.200	+3.507e+03	+5.816e+03	+5.562e+03	+0.624
30.400	+2.166e+02	+6.383e+03	+8.381e+03	+0.967
30.600	+3.618e+03	+6.625e+03	+6.382e+03	+0.647
30.800	+2.147e+03	+5.125e+03	+8.444e+03	+0.705
31.000	+2.659e+03	+6.059e+03	+8.127e+03	+0.695
31.200	+1.629e+03	+4.343e+03	+7.145e+03	+0.727
31.400	+3.359e+03	+5.861e+03	+8.170e+03	+0.636
31.600	+1.177e+03	+4.854e+03	+8.938e+03	+0.805
31.800	+1.435e+03	+6.386e+03	+9.579e+03	+0.817
32.000	+9.328e+02	+6.361e+03	+8.451e+03	+0.872
32.200	+2.622e+03	+5.616e+03	+6.264e+03	+0.682
32.400	+2.033e+03	+6.242e+03	+8.034e+03	+0.754
32.600	+5.294e+02	+7.161e+03	+4.348e+03	+0.931
32.800	+9.821e+02	+5.463e+03	+7.954e+03	+0.848
33.000	+2.906e+03	+5.351e+03	+7.670e+03	+0.648
33.200	+3.722e+03	+5.140e+03	+7.615e+03	+0.580
33.400	+7.191e+03	+1.460e+03	+9.043e+03	+0.169
33.600	+7.023e+03	+1.351e+03	+9.612e+03	+0.161
33.800	+5.093e+03	+1.287e+03	+7.690e+03	+0.202
34.000	+6.587e+03	+5.631e+02	+7.438e+03	+0.079
34.200	+7.184e+03	+1.313e+03	+6.599e+03	+0.155
34.400	+5.826e+03	+4.774e+02	+8.647e+03	+0.076
34.600	+5.771e+03	+8.157e+02	+7.689e+03	+0.124
34.800	+6.803e+03	+2.392e+03	+6.684e+03	+0.260
35.000	+4.242e+03	+1.669e+03	+7.925e+03	+0.282
35.200	+5.399e+03	+9.243e+02	+8.381e+03	+0.146
35.400	+6.405e+03	+1.610e+03	+7.268e+03	+0.201
35.600	+6.107e+03	+1.169e+03	+9.294e+03	+0.161
35.800	+6.316e+03	+2.203e+03	+7.043e+03	+0.259
36.000	+5.776e+03	+3.633e+01	+7.067e+03	+0.006
36.200	+5.068e+03	+8.140e+02	+8.837e+03	+0.138
36.400	+6.340e+03	+7.654e+02	+6.975e+03	+0.108
36.600	+6.160e+03	+1.714e+03	+7.351e+03	+0.218
36.800	+7.074e+03	+2.169e+03	+7.067e+03	+0.235
37.000	+6.556e+03	+6.516e+02	+8.671e+03	+0.090
37.200	+4.441e+03	+3.993e+02	+7.532e+03	+0.083
37.400	+6.691e+03	+1.765e+03	+7.293e+03	+0.209
37.600	+5.637e+03	+1.036e+03	+6.486e+03	+0.155
37.800	+4.988e+03	+1.861e+03	+8.191e+03	+0.272
38.000	+4.894e+03	+2.202e+03	+8.409e+03	+0.310
38.200	+2.328e+03	+4.770e+03	+7.457e+03	+0.672
38.400	+1.909e+03	+5.223e+03	+6.448e+03	+0.732
38.600	+1.463e+03	+5.109e+03	+8.443e+03	+0.777
38.800	+2.502e+03	+6.010e+03	+7.433e+03	+0.706
39.000	+1.092e+03	+6.166e+03	+6.414e+03	+0.849
39.200	+1.692e+03	+5.128e+03	+7.816e+03	+0.752
39.400	+1.358e+03	+5.139e+03	+6.653e+03	+0.791
39.600	+1.644e+03	+6.412e+03	+7.315e+03	+0.796
39.800	+4.994e+03	+3.144e+03	+8.508e+03	+0.386
40.000	+6.459e+03	+1.391e+03	+6.724e+03	+0.177
40.200	+5.982e+03	+1.950e+03	+7.691e+03	+0.246
40.400	+6.460e+03	+1.672e+03	+9.717e+03	+0.206
40.600	+5.022e+03	+1.661e+03	+7.651e+03	+0.249
40.800	+5.383e+03	+1.610e+03	+6.934e+03	+0.230
41.000	+6.070e+03	+9.307e+02	+7.529e+03	+0.133
41.200	+5.119e+03	+2.885e+03	+6.346e+03	+0.360
41.400	+1.404e+03	+7.121e+03	+7.727e+03	+0.835
41.600	+1.567e+03	+4.632e+03	+8.924e+03	+0.747
41.800	+1.441e+03	+5.593e+03	+6.523e+03	+0.795
42.000	+1.739e+03	+5.014e+03	+6.731e+03	+0.742
42.200	+1.899e+03	+3.919e+03	+5.719e+03	+0.674
42.400	+1.798e+03	+5.879e+03	+7.407e+03	+0.766
42.600	+1.831e+03	+5.338e+03	+6.480e+03	+0.745
42.800	+2.833e+03	+4.246e+03	+6.315e+03	+0.600
43.000	+9.803e+02	+6.647e+03	+7.603e+03	+0.871
43.200	+2.872e+03	+5.558e+03	+8.229e+03	+0.659
43.400	+1.883e+03	+5.389e+03	+7.661e+03	+0.741
43.600	+1.891e+03	+4.818e+03	+8.488e+03	+0.718
43.800	+2.319e+03	+6.812e+03	+7.796e+03	+0.746
44.000	+2.776e+03	+2.933e+03	+6.091e+03	+0.514
44.200	+2.434e+03	+5.945e+03	+8.158e+03	+0.709
44.400	+1.499e+03	+5.961e+03	+8.170e+03	+0.799
44.600	+2.689e+03	+5.398e+03	+8.094e+03	+0.667
44.800	+8.466e+02	+5.532e+03	+6.044e+03	+0.867
45.000	+2.053e+03	+4.571e+03	+8.321e+03	+0.690
45.200	+2.281e+03	+4.070e+03	+6.813e+03	+0.641
45.400	+3.241e+03	+6.331e+03	+7.453e+03	+0.661
45.600	+8.555e+02	+5.788e+03	+6.973e+03	+0.871
45.800	+7.591e+02	+6.597e+03	+7.070e+03	+0.897
46.000	+2.100e+03	+5.412e+03	+6.085e+03	+0.720
46.200	+3.367e+03	+5.602e+03	+7.146e+03	+0.625
46.400	+2.464e+03	+5.285e+03	+8.211e+03	+0.682
46.600	+1.105e+03	+6.172e+03	+8.938e+03	+0.848
46.800	+3.001e+03	+5.759e+03	+7.790e+03	+0.657
47.000	+5.141e+02	+5.331e+03	+8.262e+03	+0.912
47.200	+1.829e+03	+6.795e+03	+5.702e+03	+0.788
47.400	+2.301e+03	+6.702e+03	+5.145e+03	+0.744
47.600	+1.717e+03	+6.064e+03	+6.199e+03	+0.779
47.800	+2.747e+03	+6.244e+03	+8.990e+03	+0.694
48.000	+2.571e+03	+3.898e+03	+7.681e+03	+0.603
48.200	+1.419e+03	+4.970e+03	+7.227e+03	+0.778
48.400	+1.618e+03	+4.352e+03	+7.442e+03	+0.729
48.600	+1.242e+03	+3.932e+03	+8.324e+03	+0.760
48.800	+3.080e+03	+6.013e+03	+8.537e+03	+0.661
49.000	+2.914e+03	+5.063e+03	+6.749e+03	+0.635
49.200	+1.049e+03	+7.073e+03	+8.315e+03	+0.871
49.400	+7.869e+02	+3.844e+03	+7.088e+03	+0.830
49.600	+1.604e+03	+6.285e+03	+6.360e+03	+0.797
49.800	+1.452e+03	+5.307e+03	+6.977e+03	+0.785
50.000	+3.688e+03	+5.450e+03	+6.206e+03	+0.596
50.200	+1.170e+03	+4.668e+03	+7.472e+03	+0.800
50.400	+3.316e+03	+5.890e+03	+6.669e+03	+0.640
50.600	+1.375e+03	+5.443e+03	+7.991e+03	+0.798
50.800	+1.817e+03	+5.547e+03	+7.043e+03	+0.753
51.000	+3.555e+03	+4.542e+03	+6.624e+03	+0.561
51.200	+3.774e+03	+5.625e+03	+7.400e+03	+0.598
51.400	+2.572e+03	+6.204e+03	+6.442e+03	+0.707
51.600	+2.656e+03	+5.805e+03	+6.829e+03	+0.686
51.800	+1.432e+03	+4.133e+03	+7.355e+03	+0.743
52.000	+2.321e+03	+6.634e+03	+8.513e+03	+0.741
52.200	+2.735e+03	+4.713e+03	+7.264e+03	+0.633
52.400	+2.503e+03	+6.339e+03	+8.900e+03	+0.717
52.600	+2.204e+03	+5.529e+03	+7.545e+03	+0.715
52.800	+2.152e+03	+5.322e+03	+7.069e+03	+0.712
53.000	+1.538e+03	+5.903e+03	+8.669e+03	+0.793
53.200	+2.342e+03	+6.326e+03	+6.641e+03	+0.730
53.400	+3.982e+03	+7.161e+03	+6.958e+03	+0.643
53.600	+1.798e+03	+5.299e+03	+5.859e+03	+0.747
53.800	+2.561e+03	+7.190e+03	+8.419e+03	+0.737
54.000	+1.700e+03	+3.603e+03	+8.080e+03	+0.679
54.200	+2.094e+03	+6.381e+03	+7.134e+03	+0.753
54.400	+1.531e+03	+5.853e+03	+9.171e+03	+0.793
54.600	+1.472e+03	+6.455e+03	+9.453e+03	+0.814
54.800	+1.693e+03	+5.911e+03	+7.815e+03	+0.777
55.000	+2.960e+03	+5.054e+03	+9.096e+03	+0.631
55.200	+2.941e+03	+4.390e+03	+7.324e+03	+0.599
55.400	+2.622e+03	+5.195e+03	+8.764e+03	+0.665
55.600	+1.314e+03	+5.405e+03	+8.699e+03	+0.804
55.800	+2.318e+03	+5.047e+03	+6.908e+03	+0.685
56.000	+3.847e+02	+6.416e+03	+5.125e+03	+0.943
56.200	+9.378e+02	+5.620e+03	+7.335e+03	+0.857
56.400	+1.799e+03	+5.699e+03	+9.669e+03	+0.760
56.600	+9.619e+02	+5.795e+03	+8.871e+03	+0.858
56.800	+1.652e+03	+6.335e+03	+8.756e+03	+0.793
57.000	+2.437e+03	+4.398e+03	+7.395e+03	+0.643
57.200	+1.726e+03	+4.898e+03	+6.801e+03	+0.739
57.400	+2.549e+03	+5.975e+03	+6.877e+03	+0.701
57.600	+2.513e+03	+6.003e+03	+7.704e+03	+0.705
57.800	+1.742e+03	+5.659e+03	+7.350e+03	+0.765
58.000	+3.802e+03	+3.665e+03	+6.879e+03	+0.491
58.200	+5.656e+03	+1.480e+03	+6.965e+03	+0.207
58.400	+6.056e+03	+1.272e+03	+7.464e+03	+0.174
58.600	+6.494e+03	+1.403e+03	+5.807e+03	+0.178
58.800	+5.362e+03	+1.753e+03	+7.213e+03	+0.246
59.000	+5.309e+03	+1.382e+03	+7.190e+03	+0.206
59.200	+5.773e+03	+1.468e+03	+9.424e+03	+0.203
59.400	+5.675e+03	+1.181e+03	+6.131e+03	+0.172
59.600	+6.387e+03	+9.901e+02	+7.118e+03	+0.134
59.800	+6.965e+03	+2.020e+03	+6.410e+03	+0.225
60.000	+6.875e+03	+9.958e+02	+7.668e+03	+0.127
60.200	+6.260e+03	+9.637e+02	+6.032e+03	+0.133
60.400	+6.735e+03	+2.068e+03	+6.887e+03	+0.235
60.600	+6.036e+03	+5.340e+02	+6.016e+03	+0.081
60.800	+5.004e+03	+1.966e+03	+8.963e+03	+0.282
61.000	+2.088e+03	+5.216e+03	+5.677e+03	+0.714
61.200	+1.533e+03	+6.541e+03	+7.058e+03	+0.810
61.400	+9.955e+02	+4.661e+03	+8.981e+03	+0.824
61.600	+9.406e+02	+6.370e+03	+8.197e+03	+0.871
61.800	+3.643e+03	+2.657e+03	+5.938e+03	+0.422
62.000	+6.105e+03	+1.495e+03	+9.543e+03	+0.197
62.200	+6.661e+03	+1.323e+03	+4.558e+03	+0.166
62.400	+5.702e+03	-1.740e+00	+6.293e+03	-0.000
62.600	+5.694e+03	+2.026e+03	+6.178e+03	+0.262
62.800	+4.697e+03	+2.183e+03	+8.665e+03	+0.317
63.000	+4.805e+03	+1.100e+03	+6.082e+03	+0.186
63.200	+5.523e+03	+9.260e+02	+8.248e+03	+0.144
63.400	+4.347e+03	+2.394e+03	+7.992e+03	+0.355
63.600	+3.998e+03	+2.039e+03	+6.767e+03	+0.338
63.800	+6.222e+03	+1.336e+02	+8.950e+03	+0.021
64.000	+6.445e+03	+1.549e+03	+9.690e+03	+0.194
64.200	+6.557e+03	+1.164e+03	+7.289e+03	+0.151
64.400	+6.606e+03	+1.117e+03	+7.994e+03	+0.145
64.600	+6.516e+03	+1.852e+03	+6.968e+03	+0.221
64.800	+3.849e+03	+3.596e+03	+8.522e+03	+0.483
65.000	+1.371e+03	+4.456e+03	+6.726e+03	+0.765
65.200	+1.884e+03	+7.453e+03	+8.275e+03	+0.798
65.400	+1.516e+03	+5.156e+03	+6.810e+03	+0.773
65.600	+2.670e+03	+7.451e+03	+8.032e+03	+0.736
65.800	+2.936e+03	+4.855e+03	+8.318e+03	+0.623
66.000	+3.422e+03	+3.321e+03	+6.892e+03	+0.493
66.200	+6.680e+03	+2.408e+03	+5.779e+03	+0.265
66.400	+6.848e+03	+1.363e+03	+7.452e+03	+0.166
66.600	+5.310e+03	+7.538e+02	+9.273e+03	+0.124
66.800	+5.793e+03	+1.078e+03	+8.117e+03	+0.157
67.000	+5.470e+03	+3.216e+02	+6.601e+03	+0.056
67.200	+5.917e+03	+1.006e+03	+7.629e+03	+0.145
67.400	+4.878e+03	+2.362e+03	+8.278e+03	+0.326
67.600	+5.653e+03	+1.027e+03	+9.233e+03	+0.154
67.800	+6.802e+03	+1.231e+03	+6.095e+03	+0.153
68.000	+5.968e+03	+2.013e+03	+8.399e+03	+0.252
68.200	+7.026e+03	+2.069e+03	+6.561e+03	+0.227
68.400	+6.418e+03	+7.943e+02	+5.484e+03	+0.110
68.600	+6.636e+03	+1.536e+03	+8.066e+03	+0.188
68.800	+5.148e+03	+1.780e+03	+8.024e+03	+0.257
69.000	+6.199e+03	+1.103e+03	+7.139e+03	+0.151
69.200	+4.883e+03	+2.135e+03	+9.559e+03	+0.304
69.400	+4.750e+03	+6.016e+02	+8.837e+03	+0.112
69.600	+4.629e+03	+4.211e+03	+8.019e+03	+0.476
69.800	+2.602e+03	+4.223e+03	+7.248e+03	+0.619
70.000	+2.278e+03	+6.099e+03	+5.718e+03	+0.728
70.200	+8.507e+03	+1.817e+03	+7.969e+03	+0.176
70.400	+6.428e+03	+1.852e+03	+6.437e+03	+0.224
70.600	+6.335e+03	+1.883e+03	+7.441e+03	+0.229
70.800	+6.309e+03	+6.597e+02	+7.420e+03	+0.095
71.000	+5.761e+03	+1.045e+03	+7.273e+03	+0.154
71.200	+6.179e+03	+2.628e+03	+8.404e+03	+0.298
71.400	+6.013e+03	+1.796e+03	+8.632e+03	+0.230
71.600	+5.731e+03	+9.623e+02	+8.282e+03	+0.144
71.800	+6.146e+03	+1.150e+03	+8.256e+03	+0.158
72.000	+6.315e+03	+1.107e+03	+7.882e+03	+0.149
72.200	+5.744e+03	+6.550e+02	+6.571e+03	+0.102
72.400	+5.095e+03	+1.260e+03	+8.179e+03	+0.198
72.600	+6.465e+03	+1.431e+03	+8.336e+03	+0.181
72.800	+5.536e+03	+2.863e+03	+6.339e+03	+0.341
73.000	+1.787e+03	+6.062e+03	+9.038e+03	+0.772
73.200	+2.253e+03	+6.926e+03	+8.638e+03	+0.755
73.400	+2.907e+03	+3.803e+03	+6.601e+03	+0.567
73.600	+1.244e+03	+5.403e+03	+5.063e+03	+0.813
73.800	+1.358e+03	+4.934e+03	+6.071e+03	+0.784
74.000	+7.317e+02	+5.227e+03	+8.441e+03	+0.877
74.200	+1.808e+03	+4.897e+03	+4.761e+03	+0.730
74.400	+2.084e+03	+6.185e+03	+7.031e+03	+0.748
74.600	+1.371e+03	+6.112e+03	+7.190e+03	+0.817
74.800	+3.380e+03	+4.048e+03	+6.268e+03	+0.545
75.000	+2.020e+03	+7.080e+03	+7.880e+03	+0.778
75.200	+2.516e+03	+5.604e+03	+6.531e+03	+0.690
75.400	+2.775e+03	+6.365e+03	+8.090e+03	+0.696
75.600	+1.374e+03	+4.839e+03	+6.393e+03	+0.779
75.800	+5.632e+01	+5.365e+03	+7.786e+03	+0.990
76.000	+5.149e+03	+1.644e+03	+7.966e+03	+0.242
76.200	+7.834e+03	+6.631e+02	+7.447e+03	+0.078
76.400	+6.079e+03	+2.974e+01	+7.382e+03	+0.005
76.600	+5.710e+03	+9.735e+02	+8.583e+03	+0.146
76.800	+7.371e+03	+1.261e+03	+7.635e+03	+0.146
77.000	+5.005e+03	+1.185e+03	+7.474e+03	+0.191
77.200	+6.672e+03	+9.851e+02	+7.600e+03	+0.129
77.400	+6.634e+03	+1.267e+03	+8.390e+03	+0.160
77.600	+6.435e+03	+4.383e+02	+8.511e+03	+0.064
77.800	+6.390e+03	+1.471e+03	+7.512e+03	+0.187
78.000	+4.500e+03	+1.392e+03	+8.758e+03	+0.236
78.200	+5.336e+03	+1.091e+03	+5.531e+03	+0.170
78.400	+5.840e+03	+1.330e+03	+8.522e+03	+0.185
78.600	+7.108e+03	+1.158e+03	+9.498e+03	+0.140
78.800	+6.401e+03	+1.231e+03	+7.576e+03	+0.161
79.000	+6.544e+03	+1.162e+03	+7.179e+03	+0.151
79.200	+6.072e+03	+2.339e+03	+7.872e+03	+0.278
79.400	+6.232e+03	+2.412e+03	+7.801e+03	+0.279
79.600	+6.158e+03	+1.456e+03	+8.607e+03	+0.191
79.800	+6.388e+03	+1.703e+03	+6.137e+03	+0.210
80.000	+6.272e+03	+2.046e+03	+7.130e+03	+0.246
80.200	+7.250e+03	+1.851e+03	+7.605e+03	+0.203
80.400	+5.167e+03	+2.697e+03	+7.792e+03	+0.343
80.600	+5.497e+03	+2.088e+03	+8.328e+03	+0.275
80.800	+6.909e+03	+1.101e+03	+6.906e+03	+0.137
81.000	+6.561e+03	+5.051e+02	+7.687e+03	+0.071
81.200	+6.623e+03	+3.165e+03	+7.634e+03	+0.323
81.400	+5.442e+03	+2.457e+03	+7.570e+03	+0.311
81.600	+6.760e+03	+2.737e+02	+9.063e+03	+0.039
81.800	+5.711e+03	+1.785e+03	+7.639e+03	+0.238
82.000	+5.529e+03	+1.791e+03	+6.537e+03	+0.245
82.200	+6.436e+03	+2.409e+03	+5.408e+03	+0.272
82.400	+3.474e+03	+3.652e+03	+6.168e+03	+0.512
82.600	+1.776e+03	+6.557e+03	+6.741e+03	+0.787
82.800	+1.785e+03	+5.667e+03	+8.114e+03	+0.761
83.000	+1.645e+03	+6.136e+03	+9.089e+03	+0.789
83.200	+6.213e+02	+5.184e+03	+4.973e+03	+0.893
83.400	+9.254e+02	+4.206e+03	+8.594e+03	+0.820
83.600	+1.629e+03	+4.933e+03	+7.877e+03	+0.752
83.800	+3.489e+03	+6.294e+03	+8.016e+03	+0.643
84.000	+5.014e+03	+1.644e+03	+8.224e+03	+0.247
84.200	+4.198e+03	+3.633e+03	+7.038e+03	+0.464
84.400	+1.444e+03	+4.577e+03	+7.737e+03	+0.760
84.600	+1.383e+03	+6.263e+03	+7.734e+03	+0.819
84.800	+1.096e+03	+6.997e+03	+7.328e+03	+0.865
85.000	+1.464e+03	+5.974e+03	+7.655e+03	+0.803
85.200	+1.071e+03	+5.334e+03	+5.970e+03	+0.833
85.400	+2.471e+03	+4.797e+03	+5.888e+03	+0.660
85.600	+3.430e+03	+5.504e+03	+7.561e+03	+0.616
85.800	+2.870e+03	+4.923e+03	+6.672e+03	+0.632
86.000	+3.081e+03	+5.708e+03	+7.412e+03	+0.649
86.200	+5.559e+02	+5.772e+03	+8.968e+03	+0.912
86.400	+1.620e+03	+5.661e+03	+6.612e+03	+0.777
86.600	+6.618e+02	+6.735e+03	+8.636e+03	+0.911
86.800	+5.755e+02	+4.324e+03	+8.157e+03	+0.883
87.000	+3.356e+03	+4.688e+03	+6.682e+03	+0.583
87.200	+1.924e+03	+4.875e+03	+7.102e+03	+0.717
87.400	+2.638e+03	+5.066e+03	+8.308e+03	+0.658
87.600	+2.258e+03	+5.249e+03	+4.930e+03	+0.699
87.800	+3.275e+03	+5.149e+03	+8.665e+03	+0.611
88.000	+1.219e+03	+5.906e+03	+6.061e+03	+0.829
88.200	+9.284e+02	+5.428e+03	+5.980e+03	+0.854
88.400	+2.362e+03	+5.918e+03	+8.596e+03	+0.715
88.600	+2.480e+03	+6.151e+03	+8.298e+03	+0.713
88.800	+1.838e+03	+6.693e+03	+9.557e+03	+0.785
89.000	+1.718e+03	+5.246e+03	+9.767e+03	+0.753
89.200	+1.676e+03	+5.224e+03	+8.575e+03	+0.757
89.400	+1.445e+03	+5.234e+03	+6.409e+03	+0.784
89.600	+1.548e+03	+6.341e+03	+6.434e+03	+0.804
89.800	+2.012e+03	+5.038e+03	+5.767e+03	+0.715
90.000	+1.494e+03	+6.722e+03	+7.413e+03	+0.818
90.200	+1.388e+03	+6.758e+03	+7.559e+03	+0.830
90.400	+1.773e+03	+5.474e+03	+6.945e+03	+0.755
90.600	+1.196e+03	+6.052e+03	+7.462e+03	+0.835
90.800	+2.539e+03	+5.246e+03	+6.845e+03	+0.674
91.000	+2.977e+03	+5.600e+03	+5.193e+03	+0.653
91.200	+1.424e+03	+6.743e+03	+8.097e+03	+0.826
91.400	+1.373e+03	+6.184e+03	+7.841e+03	+0.818
91.600	+1.734e+03	+4.765e+03	+7.395e+03	+0.733
91.800	+1.580e+03	+4.339e+03	+8.828e+03	+0.733
92.000	+2.240e+03	+4.730e+03	+7.441e+03	+0.679
92.200	+1.071e+03	+5.346e+03	+5.745e+03	+0.833
92.400	+3.257e+03	+6.701e+03	+7.184e+03	+0.673
92.600	+2.189e+03	+4.851e+03	+8.198e+03	+0.689
92.800	+1.870e+03	+4.362e+03	+7.910e+03	+0.700
93.000	+8.919e+02	+5.316e+03	+9.034e+03	+0.856
93.200	+2.849e+03	+6.971e+03	+9.751e+03	+0.710
93.400	+2.196e+03	+5.830e+03	+7.290e+03	+0.726
93.600	+2.819e+03	+5.988e+03	+6.584e+03	+0.680
93.800	+1.215e+03	+5.429e+03	+7.168e+03	+0.817
94.000	+2.954e+03	+6.278e+03	+8.077e+03	+0.680
94.200	+2.056e+03	+7.728e+03	+7.071e+03	+0.790
94.400	+2.772e+03	+4.799e+03	+9.436e+03	+0.634
94.600	+1.125e+03	+6.394e+03	+8.868e+03	+0.850
94.800	+3.228e+03	+6.819e+03	+8.814e+03	+0.679
95.000	+1.313e+03	+6.344e+03	+7.276e+03	+0.829
95.200	+2.720e+03	+5.697e+03	+9.440e+03	+0.677
95.400	+2.756e+03	+5.467e+03	+5.532e+03	+0.665
95.600	+2.734e+03	+5.175e+03	+6.210e+03	+0.654
95.800	+2.156e+03	+4.306e+03	+5.724e+03	+0.666
96.000	+1.463e+03	+5.296e+03	+8.465e+03	+0.784
96.200	+2.088e+03	+5.384e+03	+7.127e+03	+0.721
96.400	+1.519e+03	+6.805e+03	+8.205e+03	+0.818
96.600	+1.521e+03	+5.753e+03	+7.687e+03	+0.791
96.800	+4.347e+03	+3.437e+03	+7.660e+03	+0.442
97.000	+6.578e+03	+7.115e+02	+7.276e+03	+0.098
97.200	+7.807e+03	+1.503e+03	+5.883e+03	+0.161
97.400	+5.282e+03	+2.245e+03	+7.284e+03	+0.298
97.600	+7.496e+03	+9.234e+02	+6.704e+03	+0.110
97.800	+6.050e+03	+1.600e+03	+7.546e+03	+0.209
98.000	+5.776e+03	+5.734e+02	+6.411e+03	+0.090
98.200	+7.039e+03	+1.383e+03	+4.781e+03	+0.164
98.400	+6.183e+03	+2.272e+03	+7.440e+03	+0.269
98.600	+4.278e+03	+1.667e+03	+7.925e+03	+0.280
98.800	+6.541e+03	+2.353e+03	+6.425e+03	+0.265
99.000	+6.859e+03	+1.848e+03	+9.608e+03	+0.212
99.200	+6.009e+03	+1.728e+03	+7.160e+03	+0.223
99.400	+4.601e+03	+2.344e+03	+7.791e+03	+0.337
99.600	+1.986e+03	+5.101e+03	+8.254e+03	+0.720
99.800	+3.319e+03	+4.085e+03	+9.126e+03	+0.552
100.000	+1.599e+03	+4.298e+03	+8.443e+03	+0.729
100.200	+2.761e+03	+3.368e+03	+6.088e+03	+0.549
100.400	+4.872e+03	+2.129e+02	+8.490e+03	+0.042
100.600	+7.340e+03	+1.626e+03	+8.139e+03	+0.181
100.800	+1.965e+03	+5.578e+03	+7.319e+03	+0.739
101.000	+1.703e+03	+5.899e+03	+7.054e+03	+0.776
101.200	+2.656e+03	+6.441e+03	+7.965e+03	+0.708
101.400	+2.402e+03	+5.234e+03	+6.560e+03	+0.685
101.600	+6.727e+02	+6.721e+03	+7.635e+03	+0.909
101.800	+2.803e+03	+4.811e+03	+8.568e+03	+0.632
102.000	+1.814e+03	+5.825e+03	+5.476e+03	+0.763
102.200	+2.528e+03	+6.188e+03	+8.656e+03	+0.710
102.400	+2.139e+03	+6.028e+03	+9.420e+03	+0.738
102.600	+3.200e+03	+4.987e+03	+8.020e+03	+0.609
102.800	+1.705e+03	+6.048e+03	+7.070e+03	+0.780
103.000	+2.414e+03	+5.419e+03	+8.732e+03	+0.692
103.200	+6.688e+03	+1.603e+03	+9.901e+03	+0.193
103.400	+6.044e+03	+9.794e+02	+5.962e+03	+0.139
103.600	+5.472e+03	+1.811e+03	+6.346e+03	+0.249
103.800	+5.063e+03	+1.519e+03	+7.615e+03	+0.231
104.000	+6.560e+03	+1.276e+03	+8.557e+03	+0.163
104.200	+4.800e+03	-2.268e+02	+7.418e+03	-0.050
104.400	+5.641e+03	+1.035e+03	+6.028e+03	+0.155
104.600	+6.544e+03	+1.419e+03	+7.803e+03	+0.178
104.800	+7.040e+03	+1.611e+03	+7.926e+03	+0.186
105.000	+6.022e+03	+1.372e+03	+6.738e+03	+0.186
105.200	+6.371e+03	+1.489e+03	+6.428e+03	+0.189
105.400	+6.235e+03	+1.342e+03	+8.395e+03	+0.177
105.600	+4.827e+03	+1.558e+03	+6.773e+03	+0.244
105.800	+6.150e+03	+1.630e+03	+9.193e+03	+0.209
106.000	+6.541e+03	+3.588e+02	+8.833e+03	+0.052
106.200	+7.418e+03	+3.949e+02	+8.077e+03	+0.051
106.400	+4.892e+03	+1.450e+03	+6.112e+03	+0.229
106.600	+7.070e+03	+1.386e+03	+6.367e+03	+0.164
106.800	+5.568e+03	+7.174e+02	+7.586e+03	+0.114
107.000	+6.013e+03	+1.016e+03	+7.515e+03	+0.145
107.200	+4.339e+03	+1.567e+03	+7.312e+03	+0.265
107.400	+7.104e+03	+1.839e+03	+8.210e+03	+0.206
107.600	+4.751e+03	+2.131e+03	+8.927e+03	+0.310
107.800	+4.693e+03	+2.278e+03	+7.043e+03	+0.327
108.000	+6.504e+03	+1.372e+03	+8.472e+03	+0.174
108.200	+6.080e+03	+2.978e+02	+5.881e+03	+0.047
108.400	+5.094e+03	+2.316e+03	+9.281e+03	+0.312
108.600	+5.032e+03	+1.450e+03	+9.356e+03	+0.224
108.800	+6.262e+03	+2.077e+03	+7.341e+03	+0.249
109.000	+5.156e+03	+2.200e+03	+7.866e+03	+0.299
109.200	+5.859e+03	+1.101e+03	+7.326e+03	+0.158
109.400	+5.735e+03	+2.750e+03	+7.175e+03	+0.324
109.600	+1.736e+03	+4.649e+03	+9.148e+03	+0.728
109.800	+1.370e+03	+5.527e+03	+8.234e+03	+0.801
110.000	+2.989e+03	+4.756e+03	+6.177e+03	+0.614
110.200	+2.527e+03	+6.216e+03	+7.921e+03	+0.711
110.400	+2.067e+03	+5.770e+03	+7.636e+03	+0.736
110.600	+9.607e+02	+4.301e+03	+7.409e+03	+0.817
110.800	+2.561e+03	+4.827e+03	+8.536e+03	+0.653
111.000	+1.293e+03	+4.303e+03	+9.004e+03	+0.769
111.200	+2.732e+03	+4.738e+03	+1.042e+04	+0.634
111.400	+1.152e+03	+5.978e+03	+8.368e+03	+0.838
111.600	+4.015e+03	+3.891e+03	+8.053e+03	+0.492
111.800	+4.818e+03	+6.343e+02	+6.376e+03	+0.116
112.000	+5.388e+03	+6.286e+02	+6.099e+03	+0.104
112.200	+4.215e+03	+2.610e+03	+6.918e+03	+0.382
112.400	+5.715e+03	+1.856e+03	+6.762e+03	+0.245
112.600	+6.004e+03	+1.858e+03	+5.679e+03	+0.236
112.800	+6.021e+03	+3.884e+02	+7.554e+03	+0.061
113.000	+6.889e+03	+2.127e+03	+6.309e+03	+0.236
113.200	+6.206e+03	+1.785e+03	+6.607e+03	+0.223
113.400	+5.670e+03	+1.155e+03	+6.202e+03	+0.169
113.600	+6.296e+03	+2.139e+03	+7.612e+03	+0.254
113.800	+6.058e+03	+1.294e+03	+7.067e+03	+0.176
114.000	+6.201e+03	+1.570e+03	+7.463e+03	+0.202
114.200	+5.337e+03	+1.814e+03	+7.524e+03	+0.254
114.400	+7.434e+03	+1.979e+03	+7.837e+03	+0.210
114.600	+7.068e+03	+1.385e+03	+6.877e+03	+0.164
114.800	+6.019e+03	+1.385e+03	+6.766e+03	+0.187
115.000	+5.390e+03	+9.537e+02	+6.218e+03	+0.150
115.200	+5.399e+03	+2.121e+03	+7.298e+03	+0.282
115.400	+6.576e+03	+1.000e+03	+6.538e+03	+0.132
115.600	+5.498e+03	+2.108e+03	+8.537e+03	+0.277
115.800	+3.943e+03	+8.566e+02	+5.835e+03	+0.178
116.000	+6.065e+03	+1.100e+03	+8.017e+03	+0.154
116.200	+7.089e+03	+1.327e+03	+6.292e+03	+0.158
116.400	+6.672e+03	+1.830e+03	+7.429e+03	+0.215
116.600	+7.670e+03	+1.316e+03	+9.239e+03	+0.146
116.800	+5.478e+03	+4.722e+02	+7.713e+03	+0.079
117.000	+6.248e+03	+1.559e+03	+6.462e+03	+0.200
117.200	+7.179e+03	+1.485e+03	+6.540e+03	+0.171
117.400	+7.493e+03	+1.123e+03	+7.855e+03	+0.130
117.600	+7.676e+03	+2.039e+03	+7.610e+03	+0.210
117.800	+7.198e+03	+1.233e+03	+7.309e+03	+0.146
118.000	+6.811e+03	+1.065e+03	+8.262e+03	+0.135
118.200	+6.405e+03	+1.096e+03	+8.017e+03	+0.146
118.400	+6.729e+03	+2.220e+03	+7.736e+03	+0.248
118.600	+6.372e+03	+1.909e+03	+9.208e+03	+0.231
118.800	+7.047e+03	+2.444e+03	+6.468e+03	+0.257
119.000	+4.884e+03	+1.193e+03	+7.384e+03	+0.196
119.200	+5.216e+03	+1.837e+03	+6.742e+03	+0.260
119.400	+5.913e+03	+1.995e+03	+7.503e+03	+0.252
119.600	+5.743e+03	+1.696e+03	+8.077e+03	+0.228
119.800	+3.691e+03	+2.572e+03	+5.552e+03	+0.411
120.000	+5.460e+03	+2.313e+03	+9.522e+03	+0.298
120.200	+4.521e+03	+2.869e+03	+5.511e+03	+0.388
120.400	+5.905e+03	+1.343e+03	+8.324e+03	+0.185
120.600	+6.614e+03	+1.627e+03	+7.307e+03	+0.197
120.800	+6.595e+03	+2.591e+03	+6.654e+03	+0.282
121.000	+6.388e+03	+1.924e+03	+9.265e+03	+0.231
121.200	+6.033e+03	+4.192e+02	+7.259e+03	+0.065
121.400	+6.136e+03	+6.537e+02	+8.017e+03	+0.096
121.600	+5.510e+03	+1.456e+03	+7.134e+03	+0.209
121.800	+5.563e+03	+1.692e+03	+8.157e+03	+0.233
122.000	+6.235e+03	+1.660e+03	+7.239e+03	+0.210
122.200	+6.395e+03	+1.344e+03	+8.114e+03	+0.174
122.400	+5.389e+03	+1.342e+03	+5.509e+03	+0.199
122.600	+7.332e+03	+1.564e+03	+6.783e+03	+0.176
122.800	+4.572e+03	+1.311e+03	+9.460e+03	+0.223
123.000	+7.527e+03	+1.702e+03	+7.651e+03	+0.184
123.200	+7.112e+03	+1.750e+03	+5.998e+03	+0.197
123.400	+4.722e+03	+1.801e+03	+7.678e+03	+0.276
123.600	+6.182e+03	+2.118e+03	+6.605e+03	+0.255
123.800	+6.995e+03	+9.551e+01	+8.554e+03	+0.013
124.000	+5.726e+03	-5.776e+01	+8.204e+03	-0.010
124.200	+5.870e+03	+2.024e+03	+7.242e+03	+0.256
124.400	+5.864e+03	+2.425e+03	+7.973e+03	+0.293
124.600	+4.839e+03	+1.577e+03	+8.680e+03	+0.246
124.800	+6.255e+03	+1.079e+03	+6.370e+03	+0.147
125.000	+6.623e+03	+2.425e+03	+7.392e+03	+0.268
125.200	+5.470e+03	+1.879e+03	+6.450e+03	+0.256
125.400	+4.836e+03	+1.884e+03	+7.791e+03	+0.280
125.600	+5.068e+03	+2.155e+03	+8.990e+03	+0.298
125.800	+5.756e+03	+2.175e+03	+6.329e+03	+0.274
126.000	+5.848e+03	+1.913e+03	+8.951e+03	+0.247
126.200	+6.499e+03	+1.579e+03	+8.697e+03	+0.195
126.400	+4.847e+03	+2.621e+03	+8.347e+03	+0.351
126.600	+3.464e+03	+8.676e+02	+6.944e+03	+0.200
126.800	+4.641e+03	+1.823e+03	+9.679e+03	+0.282
127.000	+6.462e+03	+1.739e+03	+7.495e+03	+0.212
127.200	+5.358e+03	+2.567e+03	+7.994e+03	+0.324
127.400	+8.391e+03	+1.224e+03	+8.198e+03	+0.127
127.600	+5.685e+03	+1.086e+03	+6.678e+03	+0.160
127.800	+5.622e+03	+1.393e+03	+8.371e+03	+0.199
128.000	+6.527e+03	+2.161e+03	+8.380e+03	+0.249
128.200	+5.243e+03	+4.758e+02	+7.028e+03	+0.083
128.400	+6.213e+03	+7.398e+02	+8.126e+03	+0.106
128.600	+5.593e+03	+8.402e+02	+7.593e+03	+0.131
128.800	+6.812e+03	+1.092e+03	+6.984e+03	+0.138
129.000	+7.100e+03	+1.075e+03	+6.963e+03	+0.132
129.200	+6.028e+03	+1.099e+03	+6.760e+03	+0.154
129.400	+5.193e+03	+1.795e+03	+7.947e+03	+0.257
129.600	+4.767e+03	+2.449e+03	+1.004e+04	+0.339
129.800	+5.709e+03	+1.893e+03	+8.326e+03	+0.249
130.000	+3.944e+03	+3.054e+03	+6.788e+03	+0.436
130.200	+2.402e+03	+6.057e+03	+7.126e+03	+0.716
130.400	+1.812e+03	+5.446e+03	+6.293e+03	+0.750
130.600	+2.552e+03	+3.912e+03	+4.884e+03	+0.605
130.800	+1.815e+03	+7.543e+03	+7.444e+03	+0.806
131.000	+1.682e+03	+5.046e+03	+8.104e+03	+0.750
131.200	+1.164e+03	+6.479e+03	+7.879e+03	+0.848
131.400	+1.342e+03	+5.174e+03	+5.461e+03	+0.794
131.600	+2.551e+03	+5.437e+03	+5.679e+03	+0.681
131.800	+1.613e+03	+5.550e+03	+9.535e+03	+0.775
132.000	+1.438e+03	+7.418e+03	+6.476e+03	+0.838
132.200	+1.447e+03	+5.024e+03	+8.946e+03	+0.776
132.400	+2.488e+03	+4.985e+03	+7.259e+03	+0.667
132.600	+2.458e+03	+5.735e+03	+7.563e+03	+0.700
132.800	+1.298e+03	+5.119e+03	+7.350e+03	+0.798
133.000	+2.055e+03	+4.634e+03	+6.241e+03	+0.693
133.200	+1.461e+03	+5.835e+03	+6.142e+03	+0.800
133.400	+2.100e+03	+5.382e+03	+6.552e+03	+0.719
133.600	+3.484e+03	+6.268e+03	+7.820e+03	+0.643
133.800	+2.306e+03	+6.022e+03	+6.699e+03	+0.723
134.000	+2.455e+03	+4.838e+03	+8.870e+03	+0.663
134.200	+1.427e+03	+5.503e+03	+6.449e+03	+0.794
134.400	+1.669e+03	+6.515e+03	+7.571e+03	+0.796
134.600	+1.469e+03	+4.607e+03	+9.426e+03	+0.758
134.800	+3.183e+03	+4.658e+03	+7.529e+03	+0.594
135.000	+2.633e+03	+5.327e+03	+6.694e+03	+0.669
135.200	+2.232e+03	+5.181e+03	+7.686e+03	+0.699
135.400	+9.205e+02	+4.426e+03	+8.990e+03	+0.828
135.600	+1.647e+03	+6.133e+03	+8.444e+03	+0.788
135.800	+1.577e+03	+5.385e+03	+6.738e+03	+0.774
136.000	+6.635e+02	+6.214e+03	+7.718e+03	+0.904
136.200	+1.226e+03	+6.051e+03	+7.803e+03	+0.832
136.400	+6.518e+03	+3.066e+03	+7.321e+03	+0.320
136.600	+6.073e+03	+1.544e+03	+8.058e+03	+0.203
136.800	+5.591e+03	+1.017e+03	+7.125e+03	+0.154
137.000	+6.051e+03	+1.980e+03	+6.767e+03	+0.247
137.200	+5.849e+03	+4.313e+02	+6.054e+03	+0.069
137.400	+2.873e+03	+4.358e+03	+8.630e+03	+0.603
137.600	+2.176e+03	+5.632e+03	+7.261e+03	+0.721
137.800	+7.670e+02	+5.257e+03	+5.972e+03	+0.873
138.000	+2.044e+03	+5.677e+03	+7.606e+03	+0.735
138.200	+1.050e+03	+5.793e+03	+7.166e+03	+0.847
138.400	+2.836e+03	+6.365e+03	+7.171e+03	+0.692
138.600	+1.229e+03	+6.311e+03	+8.209e+03	+0.837
138.800	+2.600e+03	+5.466e+03	+7.188e+03	+0.678
139.000	+2.486e+03	+5.058e+03	+7.640e+03	+0.670
139.200	+1.367e+03	+5.567e+03	+6.984e+03	+0.803
139.400	+1.386e+03	+6.661e+03	+7.994e+03	+0.828
139.600	+3.955e+03	+3.759e+03	+8.301e+03	+0.487
139.800	+5.835e+03	+1.181e+03	+5.491e+03	+0.168
140.000	+6.210e+03	+1.021e+03	+8.478e+03	+0.141
140.200	+6.401e+03	+1.559e+03	+6.280e+03	+0.196
140.400	+6.306e+03	+1.116e+03	+7.468e+03	+0.150
140.600	+6.214e+03	+2.068e+03	+8.043e+03	+0.250
140.800	+5.809e+03	+6.667e+02	+7.116e+03	+0.103
141.000	+3.308e+03	+1.552e+03	+6.153e+03	+0.319
141.200	+7.564e+03	+8.831e+02	+7.252e+03	+0.105
141.400	+5.986e+03	+1.735e+03	+7.111e+03	+0.225
141.600	+5.886e+03	+1.211e+03	+7.065e+03	+0.171
141.800	+6.373e+03	+1.575e+03	+5.932e+03	+0.198
142.000	+5.326e+03	+1.901e+03	+7.631e+03	+0.263
142.200	+6.941e+03	+1.779e+03	+7.679e+03	+0.204
142.400	+6.893e+03	+1.527e+03	+7.486e+03	+0.181
142.600	+5.503e+03	+1.408e+03	+7.252e+03	+0.204
142.800	+6.995e+03	+1.829e+03	+7.517e+03	+0.207
143.000	+6.829e+03	+1.666e+03	+7.452e+03	+0.196
143.200	+6.986e+03	+1.729e+03	+8.395e+03	+0.198
143.400	+8.047e+03	+2.233e+03	+8.728e+03	+0.217
143.600	+5.550e+03	+1.960e+03	+7.525e+03	+0.261
143.800	+6.939e+03	+1.050e+03	+7.137e+03	+0.131
144.000	+5.640e+03	+1.539e+03	+8.071e+03	+0.214
144.200	+7.177e+03	+1.038e+03	+7.467e+03	+0.126
144.400	+4.272e+03	+3.701e+03	+6.264e+03	+0.464
144.600	+1.101e+03	+4.553e+03	+8.082e+03	+0.805
144.800	+2.752e+03	+6.485e+03	+8.890e+03	+0.702
145.000	+2.265e+03	+3.492e+03	+8.508e+03	+0.607
145.200	+2.159e+03	+5.028e+03	+6.689e+03	+0.700
145.400	+1.198e+03	+6.397e+03	+5.851e+03	+0.842
145.600	+2.534e+03	+5.463e+03	+6.476e+03	+0.683
145.800	+2.046e+03	+4.777e+03	+7.132e+03	+0.700
146.000	+2.769e+03	+4.313e+03	+6.251e+03	+0.609
146.200	+1.168e+03	+6.157e+03	+7.369e+03	+0.841
146.400	+2.910e+03	+4.241e+03	+6.813e+03	+0.593
146.600	+2.950e+03	+6.110e+03	+6.617e+03	+0.674
146.800	+1.416e+03	+4.786e+03	+7.819e+03	+0.772
147.000	-5.231e+01	+6.690e+03	+6.391e+03	+1.008
147.200	+2.711e+03	+5.477e+03	+6.931e+03	+0.669
147.400	+5.590e+02	+4.617e+03	+6.580e+03	+0.892
147.600	+3.002e+03	+5.921e+03	+6.892e+03	+0.664
147.800	+1.806e+03	+5.452e+03	+5.648e+03	+0.751
148.000	+2.388e+03	+4.691e+03	+6.749e+03	+0.663
148.200	+2.411e+03	+6.407e+03	+8.420e+03	+0.727
148.400	+2.434e+03	+6.112e+03	+4.981e+03	+0.715
148.600	+2.326e+03	+5.996e+03	+8.659e+03	+0.721
148.800	+3.588e+03	+3.592e+03	+7.941e+03	+0.500
149.000	+6.000e+03	+1.724e+03	+9.003e+03	+0.223
149.200	+6.404e+03	+1.314e+03	+8.453e+03	+0.170
149.400	+5.809e+03	+1.199e+03	+6.644e+03	+0.171
149.600	+5.971e+03	+1.507e+03	+5.489e+03	+0.202
149.800	+8.245e+03	+2.017e+03	+8.364e+03	+0.197
150.000	+6.157e+03	+2.768e+03	+6.000e+03	+0.310
150.200	+6.182e+03	+1.279e+03	+7.950e+03	+0.171
150.400	+5.393e+03	+1.846e+03	+7.781e+03	+0.255
150.600	+8.157e+03	+1.120e+03	+7.765e+03	+0.121
150.800	+5.044e+03	+1.732e+03	+7.831e+03	+0.256
151.000	+5.878e+03	+8.360e+02	+8.374e+03	+0.125
151.200	+6.240e+03	+1.181e+03	+7.455e+03	+0.159
151.400	+6.188e+03	+5.628e+02	+6.231e+03	+0.083
151.600	+5.352e+03	+9.077e+01	+6.886e+03	+0.017
151.800	+4.855e+03	+2.629e+03	+7.351e+03	+0.351
152.000	+2.000e+03	+6.739e+03	+7.636e+03	+0.771
152.200	+2.610e+03	+7.166e+03	+8.088e+03	+0.733
152.400	+2.587e+03	+4.620e+03	+7.558e+03	+0.641
152.600	+2.527e+03	+2.061e+03	+7.090e+03	+0.449
152.800	+1.618e+03	+5.217e+03	+7.911e+03	+0.763
153.000	+2.142e+03	+5.915e+03	+9.383e+03	+0.734
153.200	+1.893e+03	+4.989e+03	+7.857e+03	+0.725
153.400	+1.529e+03	+4.431e+03	+7.705e+03	+0.743
153.600	+2.378e+03	+5.794e+03	+6.851e+03	+0.709
153.800	+1.619e+03	+5.897e+03	+7.799e+03	+0.785
154.000	+2.064e+03	+5.682e+03	+7.047e+03	+0.733
154.200	+1.594e+03	+5.083e+03	+6.945e+03	+0.761
154.400	+2.279e+03	+5.535e+03	+8.464e+03	+0.708
154.600	+3.061e+03	+4.890e+03	+7.559e+03	+0.615
154.800	+2.677e+03	+6.111e+03	+8.105e+03	+0.695
155.000	+2.416e+03	+5.595e+03	+6.543e+03	+0.698
155.200	+1.882e+03	+5.294e+03	+8.499e+03	+0.738
155.400	+1.689e+03	+6.199e+03	+6.754e+03	+0.786
155.600	+2.405e+03	+6.859e+03	+8.154e+03	+0.740
155.800	+1.577e+03	+4.576e+03	+6.574e+03	+0.744
156.000	+2.126e+03	+6.848e+03	+7.400e+03	+0.763
156.200	+1.373e+03	+6.615e+03	+7.526e+03	+0.828
156.400	+1.759e+03	+4.404e+03	+7.773e+03	+0.715
156.600	+2.296e+03	+4.125e+03	+7.241e+03	+0.642
156.800	+1.249e+03	+4.847e+03	+7.414e+03	+0.795
157.000	+2.678e+03	+5.136e+03	+8.639e+03	+0.657
157.200	+1.493e+03	+5.961e+03	+6.856e+03	+0.800
157.400	+2.063e+03	+5.497e+03	+8.402e+03	+0.727
157.600	+5.056e+03	+1.515e+03	+8.526e+03	+0.231
157.800	+5.946e+03	+1.933e+03	+7.213e+03	+0.245
158.000	+5.784e+03	+1.342e+03	+7.823e+03	+0.188
158.200	+6.383e+03	+1.612e+03	+9.457e+03	+0.202
158.400	+6.368e+03	+5.452e+02	+7.301e+03	+0.079
158.600	+6.560e+03	+1.445e+03	+6.786e+03	+0.180
158.800	+5.674e+03	+2.005e+03	+7.462e+03	+0.261
159.000	+5.390e+03	+2.189e+03	+8.075e+03	+0.289
159.200	+5.414e+03	+1.977e+03	+8.474e+03	+0.267
159.400	+6.885e+03	+1.543e+03	+7.618e+03	+0.183
159.600	+8.293e+03	+1.482e+03	+5.525e+03	+0.152
159.800	+6.594e+03	+1.554e+03	+6.542e+03	+0.191
160.000	+6.273e+03	+1.005e+02	+6.452e+03	+0.016
160.200	+6.123e+03	+2.330e+03	+6.996e+03	+0.276
160.400	+6.002e+03	+1.040e+03	+6.150e+03	+0.148
160.600	+7.116e+03	+1.278e+03	+1.057e+04	+0.152
160.800	+5.650e+03	+2.063e+03	+7.412e+03	+0.267
161.000	+5.791e+03	+1.416e+03	+5.984e+03	+0.197
161.200	+6.344e+03	+8.013e+02	+6.999e+03	+0.112
161.400	+6.818e+03	+2.222e+03	+7.044e+03	+0.246
161.600	+4.778e+03	+1.897e+03	+6.813e+03	+0.284
161.800	+5.153e+03	+2.470e+03	+7.622e+03	+0.324
162.000	+5.061e+03	+1.746e+03	+6.019e+03	+0.257
162.200	+4.609e+03	+6.501e+02	+7.875e+03	+0.124
162.400	+4.983e+03	+1.112e+03	+8.609e+03	+0.182
162.600	+5.561e+03	+9.904e+02	+9.741e+03	+0.151
162.800	+6.860e+03	+1.742e+03	+7.750e+03	+0.203
163.000	+5.073e+03	+2.349e+03	+6.195e+03	+0.317
163.200	+4.928e+03	+1.314e+03	+8.724e+03	+0.210
163.400	+7.460e+03	+9.717e+02	+5.194e+03	+0.115
163.600	+5.301e+03	+1.603e+03	+6.348e+03	+0.232
163.800	+6.892e+03	+1.410e+03	+7.652e+03	+0.170
164.000	+6.089e+03	+2.618e+03	+7.780e+03	+0.301
164.200	+1.529e+03	+4.714e+03	+8.820e+03	+0.755
164.400	+1.009e+03	+3.888e+03	+7.045e+03	+0.794
164.600	+2.723e+03	+5.713e+03	+8.374e+03	+0.677
164.800	+1.829e+03	+5.622e+03	+7.314e+03	+0.755
165.000	+1.899e+03	+5.145e+03	+9.185e+03	+0.730
165.200	+2.253e+03	+5.624e+03	+7.642e+03	+0.714
165.400	+2.643e+03	+4.593e+03	+7.740e+03	+0.635
165.600	+2.531e+03	+5.838e+03	+6.067e+03	+0.698
165.800	+2.276e+03	+5.852e+03	+5.507e+03	+0.720
166.000	+2.587e+03	+5.848e+03	+7.502e+03	+0.693
166.200	+1.375e+03	+6.357e+03	+6.952e+03	+0.822
166.400	+1.161e+03	+5.189e+03	+7.819e+03	+0.817
166.600	+2.635e+03	+3.754e+03	+7.987e+03	+0.588
166.800	+2.235e+03	+5.282e+03	+8.164e+03	+0.703
167.000	+2.388e+03	+4.581e+03	+8.009e+03	+0.657
167.200	+2.384e+03	+5.334e+03	+9.313e+03	+0.691
167.400	+6.184e+02	+5.235e+03	+6.383e+03	+0.894
167.600	+1.931e+03	+7.458e+03	+8.377e+03	+0.794
167.800	+1.283e+03	+5.127e+03	+6.238e+03	+0.800
168.000	+1.846e+03	+7.928e+03	+7.988e+03	+0.811
168.200	+1.893e+03	+5.401e+03	+9.467e+03	+0.740
168.400	+1.473e+03	+3.828e+03	+8.231e+03	+0.722
168.600	+2.193e+03	+5.566e+03	+7.161e+03	+0.717
168.800	+1.934e+03	+5.963e+03	+6.258e+03	+0.755
169.000	+1.505e+03	+4.888e+03	+9.948e+03	+0.765
169.200	+2.549e+03	+5.782e+03	+8.914e+03	+0.694
169.400	+2.219e+03	+4.560e+03	+6.589e+03	+0.673
169.600	+3.082e+03	+5.242e+03	+7.507e+03	+0.630
169.800	+1.112e+03	+6.853e+03	+7.728e+03	+0.860
170.000	+1.496e+03	+5.636e+03	+8.332e+03	+0.790
170.200	+1.253e+03	+5.932e+03	+8.285e+03	+0.826
170.400	+1.394e+03	+5.437e+03	+8.137e+03	+0.796
170.600	+2.160e+03	+4.431e+03	+7.375e+03	+0.672
170.800	+1.854e+03	+5.005e+03	+9.005e+03	+0.730
171.000	+1.571e+03	+4.921e+03	+7.772e+03	+0.758
171.200	+2.400e+03	+4.244e+03	+5.362e+03	+0.639
171.400	+1.811e+03	+6.629e+03	+7.996e+03	+0.785
171.600	+1.562e+03	+4.485e+03	+7.706e+03	+0.742
171.800	+2.037e+03	+6.954e+03	+1.041e+04	+0.773
172.000	+1.025e+03	+4.145e+03	+6.987e+03	+0.802
172.200	+1.586e+03	+5.391e+03	+7.024e+03	+0.773
172.400	+1.962e+03	+5.172e+03	+5.460e+03	+0.725
172.600	+1.853e+03	+4.527e+03	+7.320e+03	+0.710
172.800	+1.972e+03	+5.771e+03	+5.946e+03	+0.745
173.000	+1.661e+03	+6.549e+03	+9.342e+03	+0.798
173.200	+4.225e+03	+3.096e+03	+6.720e+03	+0.423
173.400	+7.385e+03	+1.609e+03	+7.919e+03	+0.179
173.600	+4.386e+03	+1.295e+03	+6.767e+03	+0.228
173.800	+5.093e+03	+2.588e+03	+7.120e+03	+0.337
174.000	+6.101e+03	+7.241e+02	+6.346e+03	+0.106
174.200	+5.814e+03	+2.363e+03	+8.219e+03	+0.289
174.400	+6.204e+03	+1.452e+03	+7.862e+03	+0.190
174.600	+6.211e+03	+1.587e+03	+8.338e+03	+0.204
174.800	+6.103e+03	+7.880e+02	+8.026e+03	+0.114
175.000	+6.291e+03	+2.251e+03	+8.149e+03	+0.264
175.200	+7.528e+03	+1.918e+03	+8.324e+03	+0.203
175.400	+4.826e+03	+1.564e+03	+1.155e+04	+0.245
175.600	+8.269e+03	+2.199e+03	+7.517e+03	+0.210
175.800	+3.958e+03	+1.857e+03	+8.849e+03	+0.319
176.000	+6.429e+03	+5.027e+02	+7.500e+03	+0.073
176.200	+5.998e+03	+2.221e+03	+7.466e+03	+0.270
176.400	+5.385e+03	+2.219e+03	+8.713e+03	+0.292
176.600	+5.081e+03	+1.372e+03	+8.535e+03	+0.213
176.800	+4.903e+03	+7.417e+02	+7.638e+03	+0.131
177.000	+6.468e+03	+1.983e+03	+8.620e+03	+0.235
177.200	+6.704e+03	+1.171e+03	+8.110e+03	+0.149
177.400	+6.887e+03	+7.875e+02	+8.027e+03	+0.103
177.600	+6.075e+03	+9.116e+02	+7.085e+03	+0.130
177.800	+6.030e+03	+1.061e+03	+6.429e+03	+0.150
178.000	+5.572e+03	+3.262e+03	+7.451e+03	+0.369
178.200	+2.080e+03	+4.387e+03	+7.061e+03	+0.678
178.400	+1.974e+03	+5.333e+03	+7.363e+03	+0.730
178.600	+1.806e+03	+4.794e+03	+4.758e+03	+0.726
178.800	+1.495e+03	+7.583e+03	+7.232e+03	+0.835
179.000	+2.712e+03	+7.257e+03	+7.204e+03	+0.728
179.200	+2.381e+03	+4.815e+03	+8.969e+03	+0.669
179.400	+2.534e+03	+5.157e+03	+6.739e+03	+0.670
179.600	+1.575e+03	+5.377e+03	+5.330e+03	+0.773
179.800	+9.526e+02	+5.783e+03	+8.593e+03	+0.859
180.000	+1.703e+03	+6.247e+03	+7.479e+03	+0.786
180.200	+2.112e+03	+4.797e+03	+7.569e+03	+0.694
180.400	+1.891e+03	+5.074e+03	+8.885e+03	+0.728
180.600	+2.969e+03	+4.706e+03	+9.396e+03	+0.613
180.800	+3.081e+03	+4.418e+03	+6.596e+03	+0.589
181.000	+7.396e+03	+1.648e+03	+6.493e+03	+0.182
181.200	+5.975e+03	+1.997e+03	+6.733e+03	+0.250
181.400	+6.427e+03	+1.606e+03	+7.025e+03	+0.200
181.600	+6.442e+03	+1.562e+03	+5.610e+03	+0.195
181.800	+4.594e+03	+1.824e+03	+7.555e+03	+0.284
182.000	+6.558e+03	+1.457e+03	+6.875e+03	+0.182
182.200	+6.756e+03	+5.090e+02	+6.866e+03	+0.070
182.400	+1.260e+03	+5.246e+03	+5.890e+03	+0.806
182.600	+1.236e+03	+5.765e+03	+7.482e+03	+0.823
182.800	+1.309e+03	+5.748e+03	+6.063e+03	+0.815
183.000	+2.879e+03	+5.404e+03	+8.433e+03	+0.652
183.200	+1.755e+03	+5.365e+03	+8.005e+03	+0.754
183.400	+1.782e+03	+5.363e+03	+7.737e+03	+0.751
183.600	+2.904e+03	+5.695e+03	+7.077e+03	+0.662
183.800	+1.820e+03	+5.567e+03	+6.989e+03	+0.754
184.000	+1.548e+03	+6.526e+03	+7.139e+03	+0.808
184.200	+1.487e+03	+5.271e+03	+5.790e+03	+0.780
184.400	+2.642e+03	+6.829e+03	+8.819e+03	+0.721
184.600	+2.454e+03	+5.317e+03	+8.028e+03	+0.684
184.800	+1.234e+03	+4.539e+03	+6.441e+03	+0.786
185.000	+2.292e+03	+6.659e+03	+8.072e+03	+0.744
185.200	+1.351e+03	+7.395e+03	+7.445e+03	+0.846
185.400	+2.050e+03	+6.732e+03	+7.623e+03	+0.767
185.600	+2.433e+03	+5.585e+03	+5.598e+03	+0.697
185.800	+1.813e+03	+5.353e+03	+6.881e+03	+0.747
186.000	+2.040e+03	+4.507e+03	+1.083e+04	+0.688
186.200	+2.971e+03	+4.869e+03	+7.037e+03	+0.621
186.400	+2.457e+03	+6.336e+03	+5.862e+03	+0.721
186.600	+1.203e+03	+5.706e+03	+7.928e+03	+0.826
186.800	+1.792e+03	+4.832e+03	+8.336e+03	+0.729
187.000	+2.032e+03	+5.277e+03	+9.195e+03	+0.722
187.200	-3.466e+01	+5.845e+03	+6.809e+03	+1.006
187.400	+2.670e+03	+7.672e+03	+6.833e+03	+0.742
187.600	+1.905e+03	+3.624e+03	+8.716e+03	+0.655
187.800	+2.665e+03	+5.804e+03	+8.105e+03	+0.685
188.000	+2.005e+03	+4.667e+03	+6.064e+03	+0.700
188.200	+1.205e+03	+6.726e+03	+7.683e+03	+0.848
188.400	+2.903e+03	+5.728e+03	+5.935e+03	+0.664
188.600	+4.851e+03	+3.695e+03	+8.122e+03	+0.432
188.800	+6.082e+03	+1.519e+03	+7.068e+03	+0.200
189.000	+5.419e+03	+6.304e+02	+8.767e+03	+0.104
189.200	+4.590e+03	+1.502e+03	+7.040e+03	+0.246
189.400	+4.980e+03	+1.510e+03	+7.712e+03	+0.233
189.600	+7.421e+03	+2.057e+03	+9.070e+03	+0.217
189.800	+4.949e+03	+1.686e+03	+7.368e+03	+0.254
190.000	+6.297e+03	+1.828e+03	+8.220e+03	+0.225
190.200	+5.782e+03	+9.521e+01	+5.778e+03	+0.016
190.400	+6.864e+03	+5.710e+02	+6.100e+03	+0.077
190.600	+6.085e+03	+2.204e+03	+7.704e+03	+0.266
190.800	+6.920e+03	+1.851e+03	+7.023e+03	+0.211
191.000	+3.772e+03	+1.740e+03	+7.068e+03	+0.316
191.200	+5.908e+03	+1.555e+03	+5.879e+03	+0.208
191.400	+5.178e+03	+9.427e+02	+7.505e+03	+0.154
191.600	+6.911e+03	+7.043e+02	+6.611e+03	+0.092
191.800	+5.329e+03	+4.145e+02	+8.145e+03	+0.072
192.000	+5.026e+03	+1.320e+03	+7.568e+03	+0.208
192.200	+6.432e+03	+1.756e+03	+7.070e+03	+0.214
192.400	+5.566e+03	+2.239e+03	+7.088e+03	+0.287
192.600	+6.076e+03	+1.840e+03	+6.842e+03	+0.232
192.800	+3.824e+03	+3.552e+03	+6.840e+03	+0.482
193.000	+2.645e+03	+5.711e+03	+7.437e+03	+0.683
193.200	+2.340e+03	+5.698e+03	+7.533e+03	+0.709
193.400	+2.404e+03	+4.829e+03	+8.215e+03	+0.668
193.600	+2.366e+03	+5.487e+03	+6.735e+03	+0.699
193.800	+2.501e+03	+4.954e+03	+4.739e+03	+0.665
194.000	+2.140e+03	+6.236e+03	+7.943e+03	+0.745
194.200	+1.313e+03	+6.069e+03	+5.525e+03	+0.822
194.400	+1.309e+03	+5.154e+03	+5.975e+03	+0.797
194.600	+2.287e+03	+5.071e+03	+7.416e+03	+0.689
194.800	+3.121e+03	+5.362e+03	+9.102e+03	+0.632
195.000	+3.262e+03	+4.690e+03	+8.559e+03	+0.590
195.200	+2.236e+03	+6.166e+03	+5.202e+03	+0.734
195.400	+1.726e+03	+5.260e+03	+6.588e+03	+0.753
195.600	+2.413e+03	+6.304e+03	+9.779e+03	+0.723
195.800	+2.340e+03	+4.239e+03	+6.272e+03	+0.644
196.000	+3.200e+03	+5.348e+03	+6.677e+03	+0.626
196.200	+2.271e+03	+5.568e+03	+8.391e+03	+0.710
196.400	+2.093e+03	+5.985e+03	+6.232e+03	+0.741
196.600	+1.916e+03	+6.658e+03	+9.085e+03	+0.777
196.800	+2.283e+03	+6.239e+03	+7.190e+03	+0.732
197.000	+2.462e+03	+4.967e+03	+9.390e+03	+0.669
197.200	+1.791e+03	+5.421e+03	+9.131e+03	+0.752
197.400	+2.428e+03	+5.185e+03	+6.012e+03	+0.681
197.600	+1.376e+03	+3.216e+03	+8.074e+03	+0.700
197.800	+9.372e+02	+6.725e+03	+6.737e+03	+0.878
198.000	+2.828e+03	+5.842e+03	+9.294e+03	+0.674
198.200	+2.706e+03	+5.619e+03	+8.754e+03	+0.675
198.400	+2.300e+03	+6.155e+03	+8.597e+03	+0.728
198.600	+1.956e+03	+6.524e+03	+8.822e+03	+0.769
198.800	+1.946e+03	+6.006e+03	+8.110e+03	+0.755
199.000	+2.669e+03	+4.584e+03	+6.834e+03	+0.632
199.200	+2.837e+03	+5.068e+03	+5.530e+03	+0.641
199.400	+1.552e+03	+5.529e+03	+1.026e+04	+0.781
199.600	+2.431e+03	+4.939e+03	+8.154e+03	+0.670
199.800	+2.247e+03	+4.721e+03	+5.466e+03	+0.678
200.000	+1.864e+03	+3.741e+03	+7.829e+03	+0.667
200.200	+2.821e+03	+4.971e+03	+9.528e+03	+0.638
200.400	+3.658e+03	+5.032e+03	+6.727e+03	+0.579
200.600	+1.279e+03	+7.224e+03	+8.283e+03	+0.850
200.800	+1.913e+03	+4.750e+03	+9.861e+03	+0.713
201.000	+2.367e+03	+5.721e+03	+8.900e+03	+0.707
201.200	+2.879e+03	+6.652e+03	+8.331e+03	+0.698
201.400	+1.713e+03	+6.236e+03	+7.880e+03	+0.784
201.600	+2.614e+03	+6.632e+03	+6.648e+03	+0.717
201.800	+1.117e+03	+7.203e+03	+8.103e+03	+0.866
202.000	+1.354e+03	+2.637e+03	+7.963e+03	+0.661
202.200	+2.190e+03	+6.026e+03	+9.461e+03	+0.733
202.400	+1.045e+01	+6.048e+03	+6.837e+03	+0.998
202.600	+2.185e+03	+6.329e+03	+7.259e+03	+0.743
202.800	+8.044e+02	+5.870e+03	+5.137e+03	+0.879
203.000	+2.380e+03	+5.158e+03	+9.506e+03	+0.684
203.200	+2.547e+03	+4.686e+03	+9.081e+03	+0.648
203.400	+1.904e+03	+4.810e+03	+1.080e+04	+0.716
203.600	+1.203e+03	+5.741e+03	+7.173e+03	+0.827
203.800	+3.769e+03	+5.032e+03	+6.386e+03	+0.572
204.000	+1.407e+03	+5.706e+03	+6.348e+03	+0.802
204.200	+2.082e+03	+6.810e+03	+9.312e+03	+0.766
204.400	+3.535e+03	+3.310e+03	+6.305e+03	+0.484
204.600	+5.877e+03	+1.756e+03	+6.353e+03	+0.230
204.800	+7.832e+03	+1.152e+03	+7.695e+03	+0.128
205.000	+5.388e+03	+1.589e+03	+7.679e+03	+0.228
205.200	+4.274e+03	+2.880e+02	+8.891e+03	+0.063
205.400	+5.059e+03	+1.058e+03	+7.619e+03	+0.173
205.600	+7.388e+03	+1.013e+03	+8.074e+03	+0.121
205.800	+4.540e+03	+9.447e+02	+7.256e+03	+0.172
206.000	+6.258e+03	+1.241e+03	+7.454e+03	+0.165
206.200	+5.352e+03	+1.346e+03	+8.099e+03	+0.201
206.400	+5.706e+03	+1.634e+03	+6.503e+03	+0.223
206.600	+4.873e+03	+2.301e+03	+6.510e+03	+0.321
206.800	+5.340e+03	+1.609e+03	+7.714e+03	+0.232
207.000	+6.915e+03	+1.939e+03	+6.404e+03	+0.219
207.200	+6.472e+03	+6.386e+02	+7.699e+03	+0.090
207.400	+6.552e+03	+7.825e+02	+7.262e+03	+0.107
207.600	+6.747e+03	+1.078e+03	+7.859e+03	+0.138
207.800	+5.449e+03	+1.464e+03	+7.458e+03	+0.212
208.000	+7.700e+03	+1.575e+03	+9.338e+03	+0.170
208.200	+4.909e+03	+2.289e+03	+6.934e+03	+0.318
208.400	+5.219e+03	+1.226e+03	+6.250e+03	+0.190
208.600	+6.391e+03	+1.680e+03	+8.109e+03	+0.208
208.800	+5.802e+03	+5.371e+01	+7.110e+03	+0.009
209.000	+7.509e+03	+2.000e+03	+8.472e+03	+0.210
209.200	+4.771e+03	+2.146e+03	+7.437e+03	+0.310
209.400	+5.397e+03	+2.914e+03	+9.531e+03	+0.351
209.600	+5.892e+03	+1.078e+03	+8.181e+03	+0.155
209.800	+7.341e+03	+2.096e+03	+8.691e+03	+0.222
210.000	+6.149e+03	+1.000e+03	+7.486e+03	+0.140
210.200	+6.375e+03	+1.754e+03	+7.875e+03	+0.216
210.400	+6.582e+03	+2.506e+03	+8.342e+03	+0.276
210.600	+4.289e+03	+3.534e+03	+7.767e+03	+0.452
210.800	+2.975e+03	+5.451e+03	+6.943e+03	+0.647
211.000	+1.991e+03	+5.467e+03	+7.084e+03	+0.733
211.200	+1.302e+03	+5.569e+03	+8.024e+03	+0.810
211.400	+1.732e+03	+4.999e+03	+6.146e+03	+0.743
211.600	+1.001e+03	+7.080e+03	+8.483e+03	+0.876
211.800	+1.140e+03	+5.186e+03	+7.548e+03	+0.820
212.000	+1.963e+03	+4.177e+03	+8.075e+03	+0.680
212.200	+1.593e+03	+6.506e+03	+6.571e+03	+0.803
212.400	+2.569e+03	+4.654e+03	+7.968e+03	+0.644
212.600	+2.339e+03	+6.361e+03	+6.879e+03	+0.731
212.800	+1.052e+03	+5.400e+03	+6.944e+03	+0.837
213.000	+3.294e+03	+6.450e+03	+7.076e+03	+0.662
213.200	+2.025e+03	+4.372e+03	+7.899e+03	+0.683
213.400	+2.321e+03	+5.401e+03	+7.015e+03	+0.699
213.600	+1.430e+03	+4.687e+03	+7.233e+03	+0.766
213.800	+2.476e+03	+4.974e+03	+5.466e+03	+0.668
214.000	+3.041e+03	+5.785e+03	+8.624e+03	+0.655
214.200	+1.639e+03	+6.168e+03	+6.286e+03	+0.790
214.400	+2.069e+03	+7.596e+03	+7.895e+03	+0.786
214.600	+2.943e+03	+4.255e+03	+7.482e+03	+0.591
214.800	+1.675e+03	+5.209e+03	+6.833e+03	+0.757
215.000	+1.572e+03	+5.855e+03	+6.203e+03	+0.788
215.200	+1.274e+03	+6.327e+03	+6.598e+03	+0.832
215.400	+8.420e+02	+6.188e+03	+7.277e+03	+0.880
215.600	+2.728e+03	+5.056e+03	+6.574e+03	+0.650
215.800	+4.024e+01	+4.262e+03	+5.960e+03	+0.991
216.000	+2.337e+03	+5.337e+03	+8.239e+03	+0.695
216.200	+2.541e+03	+6.567e+03	+7.030e+03	+0.721
216.400	+2.254e+03	+5.808e+03	+5.674e+03	+0.720
216.600	+9.773e+02	+7.564e+03	+7.494e+03	+0.886
216.800	+1.126e+03	+4.821e+03	+8.212e+03	+0.811
217.000	+1.634e+03	+4.456e+03	+8.765e+03	+0.732
217.200	+1.423e+03	+6.238e+03	+8.693e+03	+0.814
217.400	+1.419e+03	+5.021e+03	+8.970e+03	+0.780
217.600	+2.716e+03	+5.227e+03	+8.872e+03	+0.658
217.800	+1.550e+03	+5.893e+03	+7.676e+03	+0.792
218.000	+1.709e+03	+5.754e+03	+7.749e+03	+0.771
218.200	+1.959e+03	+5.660e+03	+8.836e+03	+0.743
218.400	+2.456e+03	+5.399e+03	+9.423e+03	+0.687
218.600	+3.038e+03	+6.731e+03	+8.613e+03	+0.689
218.800	+2.248e+03	+6.557e+03	+8.869e+03	+0.745
219.000	+2.885e+03	+5.513e+03	+8.326e+03	+0.656
219.200	+4.820e+03	+2.739e+03	+8.950e+03	+0.362
219.400	+5.952e+03	+1.331e+03	+8.197e+03	+0.183
219.600	+5.389e+03	+1.518e+03	+6.718e+03	+0.220
219.800	+6.976e+03	+2.092e+03	+8.449e+03	+0.231
220.000	+4.616e+03	+4.409e+02	+8.035e+03	+0.087
220.200	+2.709e+03	+4.441e+03	+8.595e+03	+0.621
220.400	+1.017e+03	+5.063e+03	+7.169e+03	+0.833
220.600	+1.448e+03	+6.440e+03	+7.808e+03	+0.816
220.800	+2.445e+03	+5.194e+03	+7.461e+03	+0.680
221.000	+2.258e+03	+5.655e+03	+8.078e+03	+0.715
221.200	+2.313e+03	+6.158e+03	+9.395e+03	+0.727
221.400	+1.202e+03	+5.294e+03	+8.482e+03	+0.815
221.600	+2.375e+03	+4.574e+03	+7.166e+03	+0.658
221.800	+1.894e+03	+6.461e+03	+7.662e+03	+0.773
222.000	+1.742e+03	+7.342e+03	+7.722e+03	+0.808
222.200	+2.307e+03	+5.784e+03	+7.325e+03	+0.715
222.400	+2.200e+03	+6.875e+03	+6.454e+03	+0.758
222.600	+1.610e+03	+5.279e+03	+6.472e+03	+0.766
222.800	+2.020e+03	+5.156e+03	+5.955e+03	+0.718
223.000	+2.378e+03	+4.953e+03	+7.882e+03	+0.676
223.200	+2.040e+03	+7.028e+03	+6.898e+03	+0.775
223.400	+1.409e+03	+4.782e+03	+6.759e+03	+0.772
223.600	+2.702e+03	+5.035e+03	+6.885e+03	+0.651
223.800	+1.823e+03	+4.754e+03	+8.479e+03	+0.723
224.000	+1.782e+03	+5.834e+03	+8.737e+03	+0.766
224.200	+1.633e+03	+6.637e+03	+6.015e+03	+0.803
224.400	+9.467e+02	+5.238e+03	+6.761e+03	+0.847
224.600	+2.299e+03	+3.035e+03	+5.883e+03	+0.569
224.800	+2.134e+03	+6.982e+03	+6.410e+03	+0.766
225.000	+1.353e+03	+5.668e+03	+9.516e+03	+0.807
225.200	+1.847e+03	+6.136e+03	+7.027e+03	+0.769
225.400	+2.893e+03	+6.832e+03	+7.009e+03	+0.703
225.600	+2.480e+03	+5.635e+03	+8.359e+03	+0.694
225.800	+1.055e+03	+5.709e+03	+7.593e+03	+0.844
226.000	+1.392e+03	+5.810e+03	+5.165e+03	+0.807
226.200	+2.701e+03	+4.716e+03	+6.427e+03	+0.636
226.400	+1.130e+03	+6.167e+03	+6.309e+03	+0.845
226.600	+1.545e+03	+4.873e+03	+8.074e+03	+0.759
226.800	+2.413e+03	+5.243e+03	+7.657e+03	+0.685
227.000	+2.473e+03	+6.350e+03	+6.809e+03	+0.720
227.200	+1.270e+03	+5.764e+03	+5.831e+03	+0.819
227.400	+1.811e+03	+6.093e+03	+5.358e+03	+0.771
227.600	+1.351e+03	+5.206e+03	+6.606e+03	+0.794
227.800	+2.478e+03	+5.295e+03	+7.381e+03	+0.681
228.000	+2.552e+03	+4.383e+03	+5.865e+03	+0.632
228.200	+2.592e+03	+5.858e+03	+9.208e+03	+0.693
228.400	+1.606e+03	+4.776e+03	+7.317e+03	+0.748
228.600	+2.190e+03	+6.025e+03	+8.031e+03	+0.733
228.800	+5.910e+02	+4.200e+03	+7.760e+03	+0.877
229.000	+1.819e+03	+6.108e+03	+7.778e+03	+0.771
229.200	+2.195e+03	+5.697e+03	+7.471e+03	+0.722
229.400	+1.382e+03	+6.222e+03	+5.600e+03	+0.818
229.600	+1.866e+03	+5.313e+03	+7.821e+03	+0.740
229.800	+4.549e+03	+4.091e+03	+8.491e+03	+0.473
230.000	+7.250e+03	+1.382e+03	+8.867e+03	+0.160
230.200	+5.236e+03	+6.106e+02	+8.037e+03	+0.104
230.400	+6.075e+03	+2.093e+03	+7.418e+03	+0.256
230.600	+5.129e+03	+6.357e+02	+7.496e+03	+0.110
230.800	+6.421e+03	+1.859e+03	+8.085e+03	+0.225
231.000	+4.390e+03	+1.705e+03	+7.957e+03	+0.280
231.200	+6.033e+03	+1.800e+03	+6.149e+03	+0.230
231.400	+5.540e+03	+1.005e+03	+1.064e+04	+0.154
231.600	+5.810e+03	+9.365e+02	+9.496e+03	+0.139
231.800	+5.031e+03	+1.456e+03	+8.006e+03	+0.224
232.000	+6.315e+03	+1.273e+02	+8.708e+03	+0.020
232.200	+4.224e+03	+3.029e+03	+7.121e+03	+0.418
232.400	+2.531e+03	+5.835e+03	+6.239e+03	+0.698
232.600	+1.879e+03	+4.942e+03	+3.945e+03	+0.725
232.800	+1.976e+03	+4.403e+03	+7.182e+03	+0.690
233.000	+3.646e+03	+5.802e+03	+6.438e+03	+0.614
233.200	+1.991e+03	+5.966e+03	+7.792e+03	+0.750
233.400	+1.758e+03	+5.412e+03	+6.097e+03	+0.755
233.600	+2.999e+03	+6.148e+03	+7.538e+03	+0.672
233.800	+1.522e+03	+6.500e+03	+7.422e+03	+0.810
234.000	+1.863e+03	+4.574e+03	+5.528e+03	+0.711
234.200	+2.233e+03	+4.608e+03	+7.733e+03	+0.674
234.400	+2.679e+03	+5.488e+03	+7.140e+03	+0.672
234.600	+2.205e+03	+6.690e+03	+6.326e+03	+0.752
234.800	+1.581e+03	+5.079e+03	+7.474e+03	+0.763
235.000	+2.289e+03	+5.942e+03	+7.536e+03	+0.722
235.200	+2.554e+03	+5.895e+03	+7.711e+03	+0.698
235.400	+2.120e+03	+6.292e+03	+7.848e+03	+0.748
235.600	+1.436e+03	+4.753e+03	+7.020e+03	+0.768
235.800	+2.107e+02	+5.993e+03	+8.529e+03	+0.966
236.000	+2.187e+03	+5.134e+03	+6.971e+03	+0.701
236.200	+1.877e+03	+7.269e+03	+7.776e+03	+0.795
236.400	+9.219e+02	+4.540e+03	+9.366e+03	+0.831
236.600	+2.154e+03	+4.763e+03	+8.262e+03	+0.689
236.800	+1.738e+03	+4.699e+03	+6.900e+03	+0.730
237.000	+1.539e+03	+3.874e+03	+7.031e+03	+0.716
237.200	+1.523e+03	+5.453e+03	+8.008e+03	+0.782
237.400	+2.840e+03	+5.350e+03	+8.258e+03	+0.653
237.600	+1.939e+03	+5.863e+03	+6.805e+03	+0.751
237.800	+2.417e+03	+4.992e+03	+6.351e+03	+0.674
238.000	+2.771e+03	+4.039e+03	+7.125e+03	+0.593
238.200	+1.375e+03	+5.282e+03	+7.362e+03	+0.793
238.400	+1.434e+03	+4.256e+03	+8.221e+03	+0.748
238.600	+3.869e+03	+3.030e+03	+8.480e+03	+0.439
238.800	+6.053e+03	+2.050e+03	+6.236e+03	+0.253
239.000	+6.970e+03	+2.086e+03	+7.005e+03	+0.230
239.200	+5.324e+03	+2.317e+03	+8.551e+03	+0.303
239.400	+6.557e+03	+1.832e+03	+6.491e+03	+0.218
239.600	+6.073e+03	+2.461e+03	+6.004e+03	+0.288
239.800	+5.790e+03	+1.973e+03	+7.573e+03	+0.254
240.000	+7.417e+03	+7.044e+02	+5.443e+03	+0.087
240.200	+5.929e+03	+5.203e+02	+8.025e+03	+0.081
240.400	+5.010e+03	+1.837e+03	+8.148e+03	+0.268
240.600	+6.237e+03	+2.647e+03	+8.004e+03	+0.298
240.800	+7.269e+03	+2.265e+03	+7.363e+03	+0.238
241.000	+5.974e+03	+2.656e+03	+8.349e+03	+0.308
241.200	+5.596e+03	+7.437e+02	+7.055e+03	+0.117
241.400	+6.177e+03	+3.012e+02	+5.304e+03	+0.046
241.600	+6.959e+03	+1.282e+03	+8.935e+03	+0.156
241.800	+5.351e+03	+9.519e+02	+8.310e+03	+0.151
242.000	+5.592e+03	+9.303e+02	+6.225e+03	+0.143
242.200	+8.533e+03	+1.920e+01	+6.733e+03	+0.002
242.400	+5.991e+03	+1.699e+03	+7.221e+03	+0.221
242.600	+4.535e+03	+1.803e+03	+4.988e+03	+0.285
242.800	+5.415e+03	+2.014e+03	+8.789e+03	+0.271
243.000	+6.564e+03	+1.694e+03	+7.793e+03	+0.205
243.200	+6.400e+03	+2.052e+03	+7.598e+03	+0.243
243.400	+4.907e+03	+1.882e+03	+8.106e+03	+0.277
243.600	+4.801e+03	+2.332e+03	+1.030e+04	+0.327
243.800	+4.556e+03	+1.368e+03	+7.625e+03	+0.231
244.000	+5.794e+03	+7.837e+02	+9.101e+03	+0.119
244.200	+5.645e+03	+1.036e+03	+7.085e+03	+0.155
244.400	+3.374e+03	+2.064e+03	+7.799e+03	+0.380
244.600	+1.721e+03	+6.120e+03	+6.884e+03	+0.781
244.800	+2.746e+03	+5.369e+03	+7.632e+03	+0.662
245.000	+1.685e+03	+5.932e+03	+7.737e+03	+0.779
245.200	+2.077e+03	+3.903e+03	+4.944e+03	+0.653
245.400	+2.181e+03	+4.806e+03	+8.722e+03	+0.688
245.600	+1.792e+03	+5.363e+03	+6.974e+03	+0.750
245.800	+2.742e+03	+7.432e+03	+8.903e+03	+0.730
246.000	+2.719e+03	+5.231e+03	+8.733e+03	+0.658
246.200	+1.788e+03	+5.135e+03	+7.667e+03	+0.742
246.400	+1.732e+03	+5.132e+03	+7.222e+03	+0.748
246.600	+2.243e+03	+4.557e+03	+8.516e+03	+0.670
246.800	+1.598e+03	+5.462e+03	+7.275e+03	+0.774
247.000	+8.921e+02	+3.132e+03	+6.558e+03	+0.778
247.200	+1.820e+03	+4.684e+03	+9.030e+03	+0.720
247.400	+2.441e+03	+5.655e+03	+5.250e+03	+0.698
247.600	+1.503e+03	+6.250e+03	+8.424e+03	+0.806
247.800	+1.553e+03	+5.407e+03	+8.455e+03	+0.777
248.000	+1.284e+03	+5.083e+03	+7.959e+03	+0.798
248.200	+2.350e+03	+4.418e+03	+6.470e+03	+0.653
248.400	+1.300e+03	+6.322e+03	+5.270e+03	+0.829
248.600	+1.048e+03	+4.623e+03	+6.159e+03	+0.815
248.800	+1.945e+03	+5.604e+03	+8.419e+03	+0.742
249.000	+3.744e+03	+5.022e+03	+6.609e+03	+0.573
249.200	+2.917e+03	+5.217e+03	+9.499e+03	+0.641
249.400	+2.476e+03	+6.332e+03	+7.909e+03	+0.719
249.600	+1.844e+03	+5.352e+03	+6.913e+03	+0.744
249.800	+2.035e+03	+4.130e+03	+7.581e+03	+0.670
250.000	+2.535e+03	+7.285e+03	+6.174e+03	+0.742
250.200	+1.758e+03	+5.366e+03	+5.063e+03	+0.753
250.400	+2.131e+03	+5.840e+03	+8.568e+03	+0.733
250.600	+2.221e+03	+5.785e+03	+9.234e+03	+0.723
250.800	+1.055e+03	+4.805e+03	+8.461e+03	+0.820
251.000	+2.241e+03	+6.975e+03	+7.914e+03	+0.757
251.200	+1.967e+03	+7.237e+03	+6.890e+03	+0.786
251.400	+2.647e+03	+5.579e+03	+5.613e+03	+0.678
251.600	+1.947e+03	+5.389e+03	+8.595e+03	+0.735
251.800	+8.107e+02	+7.116e+03	+8.121e+03	+0.898
252.000	+1.806e+03	+4.823e+03	+7.011e+03	+0.728
252.200	+2.322e+03	+4.809e+03	+7.712e+03	+0.674
252.400	+1.396e+03	+6.480e+03	+8.223e+03	+0.823
252.600	+1.446e+03	+5.330e+03	+8.790e+03	+0.787
252.800	+2.791e+03	+5.903e+03	+6.425e+03	+0.679
253.000	+8.932e+02	+6.648e+03	+7.554e+03	+0.882
253.200	+1.629e+03	+6.251e+03	+8.870e+03	+0.793
253.400	+1.784e+03	+5.928e+03	+9.236e+03	+0.769
253.600	+9.094e+02	+6.169e+03	+6.101e+03	+0.872
253.800	+2.263e+03	+7.874e+03	+6.371e+03	+0.777
254.000	+1.720e+03	+5.322e+03	+5.673e+03	+0.756
254.200	+1.714e+03	+5.096e+03	+9.301e+03	+0.748
254.400	+1.976e+03	+5.276e+03	+8.044e+03	+0.728
254.600	+3.090e+03	+6.687e+03	+8.283e+03	+0.684
254.800	+1.730e+03	+5.658e+03	+8.257e+03	+0.766
255.000	+2.974e+03	+4.547e+03	+7.150e+03	+0.605
255.200	+5.144e+03	+1.617e+03	+6.744e+03	+0.239
255.400	+7.056e+03	+2.234e+03	+7.887e+03	+0.240
255.600	+6.162e+03	+1.577e+03	+8.875e+03	+0.204
255.800	+5.440e+03	+2.217e+03	+5.879e+03	+0.290
256.000	+6.597e+03	+1.531e+03	+7.618e+03	+0.188
256.200	+5.569e+03	+1.061e+03	+7.072e+03	+0.160
256.400	+5.330e+03	+1.720e+03	+9.129e+03	+0.244
256.600	+5.659e+03	+1.787e+03	+7.957e+03	+0.240
256.800	+7.078e+03	+7.076e+02	+7.069e+03	+0.091
257.000	+6.352e+03	+1.519e+03	+7.737e+03	+0.193
257.200	+5.693e+03	+1.971e+03	+5.835e+03	+0.257
257.400	+6.570e+03	+1.966e+03	+6.781e+03	+0.230
257.600	+6.259e+03	+8.173e+02	+7.622e+03	+0.115
257.800	+5.764e+03	+3.000e+03	+9.192e+03	+0.342
258.000	+2.740e+03	+6.529e+03	+6.089e+03	+0.704
258.200	+1.451e+03	+3.860e+03	+7.305e+03	+0.727
258.400	+1.592e+03	+6.004e+03	+6.359e+03	+0.790
258.600	+1.778e+03	+4.513e+03	+6.295e+03	+0.717
258.800	+2.828e+03	+4.809e+03	+6.539e+03	+0.630
259.000	+1.622e+03	+4.666e+03	+7.964e+03	+0.742
259.200	+2.699e+03	+5.200e+03	+7.717e+03	+0.658
259.400	+1.804e+03	+5.753e+03	+7.035e+03	+0.761
259.600	+2.442e+03	+5.397e+03	+6.401e+03	+0.689
259.800	+2.608e+03	+5.252e+03	+7.755e+03	+0.668
260.000	+1.589e+03	+5.539e+03	+9.875e+03	+0.777
260.200	+1.955e+03	+5.212e+03	+7.678e+03	+0.727
260.400	+1.018e+03	+5.781e+03	+6.539e+03	+0.850
260.600	+2.652e+03	+5.662e+03	+7.425e+03	+0.681
260.800	+2.127e+03	+5.560e+03	+7.644e+03	+0.723
261.000	+2.577e+03	+5.758e+03	+7.204e+03	+0.691
261.200	+1.900e+03	+4.826e+03	+7.176e+03	+0.717
261.400	+1.892e+03	+5.502e+03	+5.772e+03	+0.744
261.600	+2.886e+03	+6.157e+03	+1.009e+04	+0.681
261.800	+1.324e+03	+5.621e+03	+6.851e+03	+0.809
262.000	+1.279e+03	+5.664e+03	+6.795e+03	+0.816
262.200	+1.664e+03	+4.269e+03	+5.947e+03	+0.720
262.400	+1.970e+03	+5.512e+03	+9.113e+03	+0.737
262.600	+3.125e+03	+4.855e+03	+9.963e+03	+0.608
262.800	+2.031e+03	+6.273e+03	+8.771e+03	+0.755
263.000	+2.981e+03	+6.646e+03	+6.414e+03	+0.690
263.200	+2.141e+03	+6.665e+03	+7.326e+03	+0.757
263.400	+2.503e+03	+4.588e+03	+6.036e+03	+0.647
263.600	+1.603e+03	+5.600e+03	+7.930e+03	+0.777
263.800	+2.872e+03	+4.878e+03	+8.131e+03	+0.629
264.000	+5.262e+03	+3.661e+02	+7.201e+03	+0.065
264.200	+5.393e+03	+3.421e+03	+6.618e+03	+0.388
264.400	+2.750e+03	+3.685e+03	+7.967e+03	+0.573
264.600	+1.893e+03	+6.138e+03	+5.146e+03	+0.764
264.800	+1.212e+03	+6.330e+03	+9.440e+03	+0.839
265.000	+1.254e+03	+5.887e+03	+5.368e+03	+0.824
265.200	+1.624e+03	+6.934e+03	+7.755e+03	+0.810
265.400	+2.455e+03	+5.856e+03	+6.976e+03	+0.705
265.600	+1.514e+03	+5.003e+03	+7.432e+03	+0.768
265.800	+1.065e+03	+4.560e+03	+6.267e+03	+0.811
266.000	+2.300e+03	+5.354e+03	+6.877e+03	+0.699
266.200	+1.729e+03	+5.191e+03	+7.444e+03	+0.750
266.400	+2.452e+03	+4.674e+03	+7.417e+03	+0.656
266.600	+1.688e+03	+5.193e+03	+8.544e+03	+0.755
266.800	+1.521e+03	+5.271e+03	+8.184e+03	+0.776
267.000	+1.421e+03	+4.682e+03	+6.449e+03	+0.767
267.200	+2.179e+03	+4.544e+03	+8.456e+03	+0.676
267.400	+1.880e+03	+5.719e+03	+8.782e+03	+0.753
267.600	+1.874e+03	+4.840e+03	+9.408e+03	+0.721
267.800	+2.673e+03	+5.027e+03	+7.190e+03	+0.653
268.000	+1.141e+03	+6.408e+03	+6.279e+03	+0.849
268.200	+1.764e+03	+6.030e+03	+7.839e+03	+0.774
268.400	+1.687e+03	+5.524e+03	+7.879e+03	+0.766
268.600	+2.851e+03	+5.212e+03	+5.754e+03	+0.646
268.800	+2.477e+03	+5.961e+03	+7.934e+03	+0.706
269.000	+1.485e+03	+6.259e+03	+7.399e+03	+0.808
269.200	+2.498e+03	+5.142e+03	+6.036e+03	+0.673
269.400	+1.270e+03	+3.951e+03	+8.358e+03	+0.757
269.600	+3.298e+03	+4.661e+03	+6.609e+03	+0.586
269.800	+2.529e+03	+5.510e+03	+6.705e+03	+0.685
270.000	+2.109e+03	+7.124e+03	+9.912e+03	+0.772
270.200	+6.136e+03	+2.119e+03	+9.278e+03	+0.257
270.400	+6.350e+03	+2.493e+03	+6.256e+03	+0.282
270.600	+6.237e+03	+2.112e+03	+7.230e+03	+0.253
270.800	+4.529e+03	+2.074e+03	+7.119e+03	+0.314
271.000	+6.234e+03	+9.727e+02	+8.701e+03	+0.135
271.200	+6.263e+03	+1.604e+03	+7.529e+03	+0.204
271.400	+6.705e+03	+1.165e+03	+6.665e+03	+0.148
271.600	+6.285e+03	+1.563e+03	+8.213e+03	+0.199
271.800	+6.672e+03	+1.177e+03	+1.006e+04	+0.150
272.000	+6.743e+03	+1.895e+03	+7.026e+03	+0.219
272.200	+5.508e+03	+2.815e+03	+5.998e+03	+0.338
272.400	+5.973e+03	+1.400e+03	+9.119e+03	+0.190
272.600	+7.480e+03	+7.334e+02	+6.909e+03	+0.089
272.800	+6.850e+03	+1.012e+03	+9.655e+03	+0.129
273.000	+5.999e+03	+1.559e+03	+7.593e+03	+0.206
273.200	+3.956e+03	+3.641e+03	+6.709e+03	+0.479
273.400	+1.726e+03	+4.348e+03	+8.232e+03	+0.716
273.600	+1.573e+03	+4.571e+03	+6.323e+03	+0.744
273.800	+2.358e+03	+5.128e+03	+8.608e+03	+0.685
274.000	+1.798e+03	+3.824e+03	+6.454e+03	+0.680
274.200	+1.209e+03	+5.225e+03	+7.805e+03	+0.812
274.400	+1.241e+03	+3.828e+03	+7.880e+03	+0.755
274.600	+2.393e+03	+6.460e+03	+7.631e+03	+0.730
274.800	+1.189e+03	+5.704e+03	+6.470e+03	+0.828
275.000	+1.562e+03	+4.305e+03	+7.922e+03	+0.734
275.200	+1.431e+03	+6.621e+03	+7.546e+03	+0.822
275.400	+1.621e+03	+5.350e+03	+7.447e+03	+0.767
275.600	+1.143e+03	+6.264e+03	+5.313e+03	+0.846
275.800	+2.666e+02	+7.058e+03	+9.380e+03	+0.964
276.000	+3.209e+03	+5.533e+03	+7.723e+03	+0.633
276.200	+2.224e+03	+5.437e+03	+9.315e+03	+0.710
276.400	+1.471e+03	+5.540e+03	+5.374e+03	+0.790
276.600	+1.942e+03	+7.247e+03	+8.273e+03	+0.789
276.800	+2.186e+03	+5.329e+03	+7.425e+03	+0.709
277.000	+8.312e+02	+6.547e+03	+6.987e+03	+0.887
277.200	+2.827e+03	+4.608e+03	+6.295e+03	+0.620
277.400	+2.662e+03	+7.168e+03	+7.692e+03	+0.729
277.600	+1.819e+03	+3.882e+03	+7.065e+03	+0.681
277.800	+1.999e+03	+5.581e+03	+8.292e+03	+0.736
278.000	+2.005e+03	+6.118e+03	+8.814e+03	+0.753
278.200	+1.972e+03	+6.019e+03	+6.775e+03	+0.753
278.400	+1.636e+03	+5.960e+03	+9.134e+03	+0.785
278.600	+1.691e+03	+5.968e+03	+6.602e+03	+0.779
278.800	+1.892e+03	+4.917e+03	+6.637e+03	+0.722
