%t (s)	Idd (a.u.)	Ida (a.u.)	Iaa (a.u.)	FRET E
0.000	+1.275e+03	+6.835e+03	+5.254e+03	+0.843
0.200	+2.326e+03	+5.874e+03	+7.018e+03	+0.716
0.400	+2.402e+03	+5.387e+03	+8.054e+03	+0.692
0.600	+2.256e+03	+4.734e+03	+8.841e+03	+0.677
0.800	+2.421e+03	+6.004e+03	+7.211e+03	+0.713
1.000	+1.918e+03	+5.582e+03	+6.743e+03	+0.744
1.200	+2.340e+03	+5.076e+03	+7.279e+03	+0.684
1.400	+1.258e+03	+5.808e+03	+6.452e+03	+0.822
1.600	+2.857e+03	+4.370e+03	+7.718e+03	+0.605
1.800	+1.955e+03	+5.596e+03	+6.267e+03	+0.741
2.000	+3.042e+03	+7.124e+03	+7.819e+03	+0.701
2.200	+2.468e+03	+5.695e+03	+9.382e+03	+0.698
2.400	+1.611e+03	+3.003e+03	+6.733e+03	+0.651
2.600	+2.567e+03	+4.616e+03	+7.911e+03	+0.643
2.800	+1.954e+03	+7.416e+03	+6.834e+03	+0.791
3.000	+1.768e+03	+5.293e+03	+8.454e+03	+0.750
3.200	+1.806e+03	+4.290e+03	+9.082e+03	+0.704
3.400	+1.954e+03	+6.148e+03	+6.760e+03	+0.759
3.600	+1.970e+03	+6.700e+03	+8.435e+03	+0.773
3.800	+1.018e+03	+4.820e+03	+6.681e+03	+0.826
4.000	+2.262e+03	+4.498e+03	+7.481e+03	+0.665
4.200	+2.736e+03	+7.399e+03	+9.789e+03	+0.730
4.400	+4.762e+03	+4.206e+03	+7.004e+03	+0.469
4.600	+6.350e+03	+1.946e+03	+6.846e+03	+0.235
4.800	+4.965e+03	+2.664e+03	+8.673e+03	+0.349
5.000	+6.637e+03	+7.332e+02	+5.240e+03	+0.099
5.200	+5.432e+03	+2.232e+03	+8.620e+03	+0.291
5.400	+4.917e+03	+2.643e+03	+6.549e+03	+0.350
5.600	+1.829e+03	+5.471e+03	+7.079e+03	+0.749
5.800	+2.544e+03	+4.700e+03	+8.078e+03	+0.649
6.000	+5.342e+03	+3.248e+03	+7.817e+03	+0.378
6.200	+5.892e+03	+1.998e+03	+8.635e+03	+0.253
6.400	+7.048e+03	+1.715e+03	+7.238e+03	+0.196
6.600	+6.129e+03	+4.974e+02	+8.388e+03	+0.075
6.800	+5.976e+03	+1.923e+03	+6.726e+03	+0.243
7.000	+5.860e+03	+2.816e+03	+7.705e+03	+0.325
7.200	+5.844e+02	+6.708e+03	+6.185e+03	+0.920
7.400	+3.624e+03	+4.672e+03	+6.390e+03	+0.563
7.600	+1.071e+03	+5.693e+03	+8.120e+03	+0.842
7.800	+1.181e+03	+4.921e+03	+6.833e+03	+0.807
8.000	+1.750e+03	+4.760e+03	+9.129e+03	+0.731
8.200	+2.285e+03	+5.067e+03	+6.167e+03	+0.689
8.400	+3.225e+03	+5.379e+03	+7.180e+03	+0.625
8.600	+2.992e+03	+3.870e+03	+7.775e+03	+0.564
8.800	+7.577e+03	+2.839e+03	+8.860e+03	+0.273
9.000	+4.049e+03	+2.391e+03	+8.474e+03	+0.371
9.200	+7.561e+03	+9.603e+02	+9.013e+03	+0.113
9.400	+4.965e+03	+1.662e+03	+6.118e+03	+0.251
9.600	+4.704e+03	+2.028e+03	+7.836e+03	+0.301
9.800	+6.903e+03	+2.103e+03	+7.156e+03	+0.233
10.000	+6.030e+03	+1.688e+03	+7.139e+03	+0.219
10.200	+4.247e+03	+1.636e+03	+5.513e+03	+0.278
10.400	+4.608e+03	+1.625e+03	+7.889e+03	+0.261
10.600	+5.486e+03	+2.231e+03	+7.329e+03	+0.289
10.800	+6.168e+03	+9.633e+01	+7.332e+03	+0.015
11.000	+5.278e+03	+1.201e+03	+6.857e+03	+0.185
11.200	+7.416e+03	+1.534e+03	+7.978e+03	+0.171
11.400	+7.380e+03	+1.779e+03	+7.155e+03	+0.194
11.600	+5.250e+03	+1.677e+03	+6.655e+03	+0.242
11.800	+5.080e+03	+1.875e+02	+9.118e+03	+0.036
12.000	+6.378e+03	+1.393e+03	+8.672e+03	+0.179
12.200	+5.383e+03	+2.668e+03	+8.229e+03	+0.331
12.400	+4.327e+03	+1.261e+03	+8.885e+03	+0.226
12.600	+7.040e+03	+9.662e+02	+7.275e+03	+0.121
12.800	+6.361e+03	+8.093e+02	+7.596e+03	+0.113
13.000	+5.423e+03	+1.245e+03	+8.792e+03	+0.187
13.200	+6.893e+03	+1.142e+03	+6.984e+03	+0.142
13.400	+5.958e+03	+1.130e+03	+6.170e+03	+0.159
13.600	+5.613e+03	+1.708e+03	+7.537e+03	+0.233
13.800	+5.930e+03	+1.810e+03	+7.932e+03	+0.234
14.000	+6.293e+03	+1.697e+03	+7.871e+03	+0.212
14.200	+7.339e+03	+1.616e+03	+7.763e+03	+0.180
14.400	+6.430e+03	+1.182e+03	+7.460e+03	+0.155
14.600	+6.504e+03	+2.342e+03	+7.857e+03	+0.265
14.800	+6.065e+03	+1.714e+03	+6.864e+03	+0.220
15.000	+5.553e+03	+1.153e+03	+7.921e+03	+0.172
15.200	+5.961e+03	+6.230e+02	+5.503e+03	+0.095
15.400	+6.350e+03	+1.229e+03	+6.177e+03	+0.162
15.600	+5.220e+03	+1.357e+03	+6.610e+03	+0.206
15.800	+6.123e+03	+1.383e+03	+8.792e+03	+0.184
16.000	+7.210e+03	+1.019e+03	+4.933e+03	+0.124
16.200	+4.510e+03	+2.479e+02	+7.462e+03	+0.052
16.400	+6.636e+03	+1.430e+03	+9.336e+03	+0.177
16.600	+4.204e+03	+2.775e+03	+7.202e+03	+0.398
16.800	+3.130e+03	+5.519e+03	+6.591e+03	+0.638
17.000	+2.227e+03	+5.719e+03	+7.763e+03	+0.720
17.200	+3.667e+02	+5.493e+03	+7.158e+03	+0.937
17.400	+2.170e+03	+5.307e+03	+8.735e+03	+0.710
17.600	+1.773e+03	+4.715e+03	+5.891e+03	+0.727
17.800	+1.613e+03	+6.245e+03	+6.071e+03	+0.795
18.000	+1.425e+03	+4.136e+03	+5.165e+03	+0.744
18.200	+1.230e+03	+6.287e+03	+6.154e+03	+0.836
18.400	+2.556e+03	+6.101e+03	+6.446e+03	+0.705
18.600	+1.084e+03	+6.205e+03	+6.836e+03	+0.851
18.800	+2.127e+03	+5.614e+03	+6.592e+03	+0.725
19.000	+1.228e+03	+4.923e+03	+6.646e+03	+0.800
19.200	+2.490e+03	+5.628e+03	+6.148e+03	+0.693
19.400	+2.467e+03	+6.401e+03	+8.461e+03	+0.722
19.600	+2.029e+03	+6.414e+03	+8.328e+03	+0.760
19.800	+1.963e+03	+5.764e+03	+6.454e+03	+0.746
20.000	+1.739e+03	+6.350e+03	+7.427e+03	+0.785
20.200	+8.606e+02	+6.184e+03	+7.118e+03	+0.878
20.400	+2.395e+03	+5.429e+03	+7.066e+03	+0.694
20.600	+1.567e+03	+5.120e+03	+7.984e+03	+0.766
20.800	+1.893e+03	+5.651e+03	+5.831e+03	+0.749
21.000	+1.864e+03	+5.626e+03	+8.137e+03	+0.751
21.200	+5.507e+02	+5.960e+03	+8.513e+03	+0.915
21.400	+5.884e+02	+6.199e+03	+6.071e+03	+0.913
21.600	+1.169e+03	+4.118e+03	+8.339e+03	+0.779
21.800	+2.624e+03	+4.944e+03	+7.461e+03	+0.653
22.000	+3.160e+03	+5.310e+03	+9.134e+03	+0.627
22.200	+7.913e+02	+5.486e+03	+8.074e+03	+0.874
22.400	+1.232e+03	+6.620e+03	+8.811e+03	+0.843
22.600	+1.622e+03	+4.586e+03	+8.661e+03	+0.739
22.800	+2.371e+03	+5.410e+03	+5.162e+03	+0.695
23.000	+3.570e+03	+3.112e+03	+6.792e+03	+0.466
23.200	+6.605e+03	+2.260e+03	+8.234e+03	+0.255
23.400	+5.359e+03	+1.293e+03	+7.573e+03	+0.194
23.600	+7.282e+03	+1.897e+03	+9.270e+03	+0.207
23.800	+5.416e+03	+6.314e+02	+8.185e+03	+0.104
24.000	+5.408e+03	+1.649e+03	+7.798e+03	+0.234
24.200	+6.265e+03	+1.234e+03	+8.103e+03	+0.165
24.400	+6.434e+03	+7.321e+02	+8.263e+03	+0.102
24.600	+4.997e+03	+1.697e+03	+3.815e+03	+0.253
24.800	+7.443e+03	+2.353e+03	+7.779e+03	+0.240
25.000	+6.700e+03	+1.110e+03	+6.792e+03	+0.142
25.200	+6.751e+03	+2.749e+03	+9.088e+03	+0.289
25.400	+6.257e+03	+1.693e+03	+7.500e+03	+0.213
25.600	+5.803e+03	+4.550e+02	+5.087e+03	+0.073
25.800	+5.260e+03	+2.019e+03	+7.052e+03	+0.277
26.000	+6.342e+03	+1.210e+03	+6.411e+03	+0.160
26.200	+6.871e+03	+1.009e+03	+7.943e+03	+0.128
26.400	+5.693e+03	+1.361e+03	+7.169e+03	+0.193
26.600	+6.570e+03	+1.255e+03	+8.478e+03	+0.160
26.800	+7.235e+03	+1.828e+03	+7.500e+03	+0.202
27.000	+5.517e+03	+1.063e+03	+7.412e+03	+0.162
27.200	+6.344e+03	+1.739e+03	+6.321e+03	+0.215
27.400	+5.220e+03	+2.161e+03	+6.364e+03	+0.293
27.600	+6.521e+03	+1.740e+03	+7.623e+03	+0.211
27.800	+4.847e+03	+1.156e+03	+7.275e+03	+0.193
28.000	+6.029e+03	+2.474e+03	+5.411e+03	+0.291
28.200	+7.471e+03	+1.729e+03	+6.318e+03	+0.188
28.400	+5.660e+03	+5.184e+02	+6.431e+03	+0.084
28.600	+5.911e+03	+1.527e+03	+6.818e+03	+0.205
28.800	+6.281e+03	+1.634e+03	+8.106e+03	+0.206
29.000	+4.991e+03	+1.235e+03	+8.360e+03	+0.198
29.200	+5.474e+03	+1.866e+03	+7.614e+03	+0.254
29.400	+5.671e+03	+6.023e+02	+5.697e+03	+0.096
29.600	+6.427e+03	+1.382e+03	+9.188e+03	+0.177
29.800	+5.294e+03	+1.069e+03	+7.012e+03	+0.168
30.000	+7.157e+03	+1.791e+03	+7.213e+03	+0.200
30.200	+5.426e+03	+1.294e+03	+6.803e+03	+0.193
30.400	+6.350e+03	+1.083e+03	+8.258e+03	+0.146
30.600	+6.199e+03	+1.187e+03	+6.855e+03	+0.161
30.800	+6.340e+03	+1.020e+03	+5.880e+03	+0.139
31.000	+6.998e+03	+1.570e+03	+7.815e+03	+0.183
31.200	+4.664e+03	+2.775e+03	+7.239e+03	+0.373
31.400	+4.884e+03	+3.586e+03	+8.440e+03	+0.423
31.600	+6.962e+03	+1.295e+03	+6.242e+03	+0.157
31.800	+4.790e+03	+1.537e+03	+7.120e+03	+0.243
32.000	+7.790e+03	+7.467e+02	+8.568e+03	+0.087
32.200	+5.569e+03	+2.325e+03	+8.497e+03	+0.295
32.400	+5.709e+03	+1.218e+03	+5.903e+03	+0.176
32.600	+4.798e+03	+2.420e+03	+6.958e+03	+0.335
32.800	+5.320e+03	+1.468e+03	+6.404e+03	+0.216
33.000	+6.344e+03	+1.190e+03	+6.957e+03	+0.158
33.200	+5.437e+03	+2.388e+03	+7.560e+03	+0.305
33.400	+6.733e+03	+1.371e+03	+6.400e+03	+0.169
33.600	+5.616e+03	+2.415e+03	+6.809e+03	+0.301
33.800	+5.466e+03	+2.243e+03	+7.577e+03	+0.291
34.000	+6.657e+03	+7.864e+02	+8.392e+03	+0.106
34.200	+5.691e+03	+1.048e+03	+8.906e+03	+0.155
34.400	+7.549e+03	+6.565e+02	+8.411e+03	+0.080
34.600	+5.924e+03	+2.604e+03	+6.431e+03	+0.305
34.800	+4.790e+03	+1.124e+03	+1.030e+04	+0.190
35.000	+5.346e+03	+1.677e+03	+7.059e+03	+0.239
35.200	+5.184e+03	+1.841e+03	+7.567e+03	+0.262
35.400	+5.600e+03	+2.146e+03	+7.304e+03	+0.277
35.600	+3.300e+03	+6.225e+03	+8.482e+03	+0.654
35.800	+8.810e+02	+4.653e+03	+8.688e+03	+0.841
36.000	+2.117e+03	+5.155e+03	+9.868e+03	+0.709
36.200	+1.575e+03	+5.744e+03	+7.137e+03	+0.785
36.400	+2.240e+03	+5.765e+03	+8.963e+03	+0.720
36.600	+2.229e+03	+5.930e+03	+7.526e+03	+0.727
36.800	+2.136e+03	+6.043e+03	+7.124e+03	+0.739
37.000	+1.253e+03	+6.769e+03	+6.832e+03	+0.844
37.200	+3.567e+03	+3.184e+03	+7.794e+03	+0.472
37.400	+1.078e+03	+4.044e+03	+7.145e+03	+0.789
37.600	+1.418e+03	+6.150e+03	+5.046e+03	+0.813
37.800	+1.325e+03	+5.620e+03	+7.769e+03	+0.809
38.000	+5.579e+02	+6.043e+03	+7.423e+03	+0.915
38.200	+1.360e+03	+6.244e+03	+7.448e+03	+0.821
38.400	+2.450e+03	+4.653e+03	+6.414e+03	+0.655
38.600	+1.330e+03	+4.406e+03	+8.530e+03	+0.768
38.800	+1.334e+03	+5.004e+03	+6.765e+03	+0.790
39.000	+1.731e+03	+4.910e+03	+6.822e+03	+0.739
39.200	+2.384e+03	+4.815e+03	+8.323e+03	+0.669
39.400	+5.953e+03	+1.340e+03	+6.690e+03	+0.184
39.600	+6.500e+03	+1.223e+03	+6.700e+03	+0.158
39.800	+4.694e+03	+3.506e+03	+7.399e+03	+0.428
40.000	+8.281e+02	+5.763e+03	+8.506e+03	+0.874
40.200	+5.512e+02	+5.806e+03	+7.041e+03	+0.913
40.400	+1.840e+03	+7.427e+03	+7.699e+03	+0.801
40.600	+2.949e+03	+4.501e+03	+6.213e+03	+0.604
40.800	+3.900e+03	+5.662e+03	+8.942e+03	+0.592
41.000	+2.094e+03	+5.801e+03	+7.424e+03	+0.735
41.200	+1.430e+03	+3.640e+03	+7.564e+03	+0.718
41.400	+1.504e+03	+5.181e+03	+7.000e+03	+0.775
41.600	+3.123e+03	+5.835e+03	+6.439e+03	+0.651
41.800	+4.007e+03	+3.782e+03	+7.890e+03	+0.486
42.000	+6.886e+03	+1.428e+03	+7.901e+03	+0.172
42.200	+4.549e+03	+1.932e+03	+7.841e+03	+0.298
42.400	+5.876e+03	+1.734e+03	+7.938e+03	+0.228
42.600	+7.130e+03	+6.491e+02	+6.094e+03	+0.083
42.800	+4.627e+03	+1.634e+03	+7.714e+03	+0.261
43.000	+6.291e+03	+1.484e+03	+5.654e+03	+0.191
43.200	+6.815e+03	+1.390e+03	+8.539e+03	+0.169
43.400	+6.347e+03	+6.956e+02	+7.502e+03	+0.099
43.600	+6.988e+03	+1.824e+03	+7.339e+03	+0.207
43.800	+4.338e+03	+3.840e+03	+8.068e+03	+0.470
44.000	+3.324e+03	+5.240e+03	+8.774e+03	+0.612
44.200	+1.652e+03	+4.432e+03	+6.675e+03	+0.728
44.400	+1.240e+03	+6.030e+03	+8.624e+03	+0.829
44.600	+2.207e+03	+6.631e+03	+8.180e+03	+0.750
44.800	+2.534e+03	+5.133e+03	+7.205e+03	+0.670
45.000	+1.563e+03	+6.014e+03	+8.224e+03	+0.794
45.200	+2.583e+03	+5.902e+03	+7.752e+03	+0.696
45.400	+7.662e+02	+4.499e+03	+5.824e+03	+0.854
45.600	+1.195e+03	+6.364e+03	+6.566e+03	+0.842
45.800	+1.255e+03	+3.838e+03	+7.772e+03	+0.754
46.000	+2.993e+03	+5.379e+03	+5.700e+03	+0.643
46.200	+1.977e+03	+6.290e+03	+8.909e+03	+0.761
46.400	+1.650e+03	+4.922e+03	+6.820e+03	+0.749
46.600	+1.052e+03	+6.044e+03	+5.734e+03	+0.852
46.800	+3.653e+03	+5.033e+03	+6.230e+03	+0.579
47.000	+7.928e+02	+3.595e+03	+6.925e+03	+0.819
47.200	+2.003e+03	+5.040e+03	+4.555e+03	+0.716
47.400	+1.654e+03	+4.124e+03	+5.512e+03	+0.714
47.600	+9.112e+02	+4.195e+03	+7.801e+03	+0.822
47.800	+1.726e+03	+5.938e+03	+7.460e+03	+0.775
48.000	+1.661e+03	+5.602e+03	+9.375e+03	+0.771
48.200	+2.917e+03	+4.897e+03	+7.804e+03	+0.627
48.400	+1.545e+03	+4.686e+03	+6.612e+03	+0.752
48.600	+1.783e+03	+6.089e+03	+7.249e+03	+0.774
48.800	+2.117e+03	+6.324e+03	+8.227e+03	+0.749
49.000	+1.760e+03	+5.484e+03	+6.587e+03	+0.757
49.200	+2.433e+03	+6.647e+03	+1.027e+04	+0.732
49.400	+1.700e+03	+5.052e+03	+6.457e+03	+0.748
49.600	+2.172e+03	+5.841e+03	+8.396e+03	+0.729
49.800	+2.548e+03	+5.123e+03	+6.879e+03	+0.668
50.000	+2.086e+03	+8.057e+03	+7.770e+03	+0.794
50.200	+1.891e+03	+5.211e+03	+6.316e+03	+0.734
50.400	+1.515e+03	+4.605e+03	+6.493e+03	+0.752
50.600	+2.703e+03	+5.260e+03	+7.584e+03	+0.661
50.800	+1.416e+03	+4.059e+03	+6.208e+03	+0.741
51.000	+4.522e+03	+4.586e+03	+6.971e+03	+0.504
51.200	+1.998e+03	+5.041e+03	+6.164e+03	+0.716
51.400	+1.462e+03	+5.025e+03	+8.474e+03	+0.775
51.600	+4.307e+03	+5.552e+03	+7.998e+03	+0.563
51.800	+2.837e+03	+5.130e+03	+6.382e+03	+0.644
52.000	+3.195e+03	+5.111e+03	+7.000e+03	+0.615
52.200	+2.117e+03	+5.519e+03	+6.575e+03	+0.723
52.400	+7.823e+02	+7.334e+03	+7.476e+03	+0.904
52.600	+1.012e+03	+5.406e+03	+6.611e+03	+0.842
52.800	+2.738e+03	+4.626e+03	+6.816e+03	+0.628
53.000	+1.839e+03	+5.318e+03	+6.716e+03	+0.743
53.200	+9.729e+02	+6.140e+03	+7.513e+03	+0.863
53.400	+2.854e+03	+6.126e+03	+7.634e+03	+0.682
53.600	+2.795e+03	+5.632e+03	+8.284e+03	+0.668
53.800	+2.605e+03	+5.356e+03	+6.967e+03	+0.673
54.000	-5.099e+01	+7.108e+03	+7.053e+03	+1.007
54.200	+1.402e+03	+7.144e+03	+6.718e+03	+0.836
54.400	+1.907e+03	+4.783e+03	+5.903e+03	+0.715
54.600	+1.786e+03	+5.524e+03	+6.345e+03	+0.756
54.800	+1.687e+03	+6.027e+03	+8.132e+03	+0.781
55.000	+1.777e+03	+5.554e+03	+8.654e+03	+0.758
55.200	+1.466e+03	+6.705e+03	+6.353e+03	+0.821
55.400	+2.131e+03	+4.369e+03	+6.822e+03	+0.672
55.600	+1.560e+03	+6.016e+03	+7.824e+03	+0.794
55.800	+1.608e+03	+5.509e+03	+7.214e+03	+0.774
56.000	+2.021e+03	+5.403e+03	+7.039e+03	+0.728
56.200	+1.734e+03	+6.749e+03	+7.276e+03	+0.796
56.400	+2.175e+03	+6.799e+03	+6.467e+03	+0.758
56.600	+1.794e+03	+5.857e+03	+7.479e+03	+0.765
56.800	+2.309e+03	+5.932e+03	+7.332e+03	+0.720
57.000	+1.380e+03	+7.445e+03	+5.971e+03	+0.844
57.200	+1.466e+03	+4.675e+03	+6.882e+03	+0.761
57.400	+1.354e+03	+4.001e+03	+6.330e+03	+0.747
57.600	+1.402e+03	+7.096e+03	+8.490e+03	+0.835
57.800	+2.144e+03	+6.489e+03	+6.804e+03	+0.752
58.000	+2.295e+03	+5.403e+03	+7.641e+03	+0.702
58.200	+2.692e+03	+5.850e+03	+6.397e+03	+0.685
58.400	+2.313e+03	+4.832e+03	+6.312e+03	+0.676
58.600	+2.457e+03	+6.737e+03	+6.106e+03	+0.733
58.800	+1.826e+03	+6.238e+03	+5.981e+03	+0.774
59.000	+1.197e+03	+5.143e+03	+8.291e+03	+0.811
59.200	+2.155e+03	+7.910e+03	+5.611e+03	+0.786
59.400	+1.621e+03	+6.307e+03	+7.567e+03	+0.796
59.600	+1.469e+03	+5.408e+03	+8.265e+03	+0.786
59.800	+2.384e+03	+4.334e+03	+7.780e+03	+0.645
60.000	+4.228e+03	+4.549e+03	+6.857e+03	+0.518
60.200	+4.292e+03	+1.289e+03	+7.385e+03	+0.231
60.400	+2.314e+03	+5.528e+03	+7.633e+03	+0.705
60.600	+1.462e+03	+4.790e+03	+7.668e+03	+0.766
60.800	+1.624e+03	+6.436e+03	+5.904e+03	+0.799
61.000	+2.926e+03	+6.026e+03	+7.152e+03	+0.673
61.200	+2.036e+03	+4.738e+03	+8.646e+03	+0.699
61.400	+2.049e+03	+5.067e+03	+9.429e+03	+0.712
61.600	+1.975e+03	+6.946e+03	+8.742e+03	+0.779
61.800	+1.931e+03	+4.520e+03	+7.539e+03	+0.701
62.000	+2.470e+03	+5.351e+03	+8.206e+03	+0.684
62.200	+1.277e+03	+6.926e+03	+7.649e+03	+0.844
62.400	+2.170e+03	+5.925e+03	+7.424e+03	+0.732
62.600	+2.359e+03	+5.495e+03	+8.249e+03	+0.700
62.800	+1.353e+03	+7.229e+03	+7.198e+03	+0.842
63.000	+2.517e+03	+7.119e+03	+6.992e+03	+0.739
63.200	+1.246e+03	+4.442e+03	+8.714e+03	+0.781
63.400	+2.404e+03	+6.717e+03	+7.308e+03	+0.736
63.600	+3.301e+03	+5.135e+03	+6.737e+03	+0.609
63.800	+2.382e+03	+6.742e+03	+6.997e+03	+0.739
64.000	+1.050e+03	+6.230e+03	+8.134e+03	+0.856
64.200	+1.731e+03	+4.003e+03	+6.639e+03	+0.698
64.400	+1.797e+03	+6.319e+03	+7.218e+03	+0.779
64.600	+2.135e+03	+5.607e+03	+6.931e+03	+0.724
64.800	+2.164e+03	+4.368e+03	+6.809e+03	+0.669
65.000	+2.568e+03	+5.079e+03	+7.563e+03	+0.664
65.200	+1.086e+03	+5.022e+03	+7.650e+03	+0.822
65.400	+3.340e+02	+4.708e+03	+9.515e+03	+0.934
65.600	+1.554e+03	+6.059e+03	+6.944e+03	+0.796
65.800	+4.201e+03	+5.170e+03	+8.302e+03	+0.552
66.000	+2.132e+03	+3.243e+03	+6.417e+03	+0.603
66.200	+2.547e+03	+5.572e+03	+9.264e+03	+0.686
66.400	+3.335e+03	+5.697e+03	+5.249e+03	+0.631
66.600	+1.278e+03	+4.830e+03	+6.555e+03	+0.791
66.800	+2.169e+03	+5.899e+03	+6.948e+03	+0.731
67.000	+1.789e+03	+3.912e+03	+6.463e+03	+0.686
67.200	+1.381e+03	+5.145e+03	+7.638e+03	+0.788
67.400	+2.306e+03	+6.199e+03	+7.493e+03	+0.729
67.600	+3.179e+03	+5.295e+03	+7.645e+03	+0.625
67.800	+2.039e+03	+4.608e+03	+4.786e+03	+0.693
68.000	+1.914e+03	+6.164e+03	+7.299e+03	+0.763
68.200	+1.250e+03	+5.805e+03	+7.289e+03	+0.823
68.400	+2.287e+03	+4.648e+03	+8.301e+03	+0.670
68.600	+2.419e+03	+6.439e+03	+8.153e+03	+0.727
68.800	+2.915e+03	+5.240e+03	+7.158e+03	+0.643
69.000	+3.956e+03	+3.979e+03	+8.318e+03	+0.501
69.200	+5.898e+03	+1.097e+03	+8.592e+03	+0.157
69.400	+5.118e+03	+2.031e+03	+8.679e+03	+0.284
69.600	+4.803e+03	+8.071e+02	+7.538e+03	+0.144
69.800	+4.987e+03	+1.369e+03	+8.254e+03	+0.215
70.000	+6.908e+03	+2.927e+03	+7.397e+03	+0.298
70.200	+6.428e+03	+1.355e+03	+8.788e+03	+0.174
70.400	+5.146e+03	+2.432e+02	+9.461e+03	+0.045
70.600	+6.126e+03	+2.048e+03	+7.727e+03	+0.251
70.800	+5.791e+03	+1.479e+03	+8.273e+03	+0.203
71.000	+7.314e+03	+1.759e+03	+8.021e+03	+0.194
71.200	+6.784e+03	+5.221e+01	+7.026e+03	+0.008
71.400	+5.842e+03	+1.223e+03	+8.980e+03	+0.173
71.600	+7.439e+03	+1.416e+03	+6.650e+03	+0.160
71.800	+5.203e+03	+2.380e+03	+8.391e+03	+0.314
72.000	+5.265e+03	+1.495e+03	+7.219e+03	+0.221
72.200	+6.604e+03	+1.883e+03	+5.156e+03	+0.222
72.400	+5.418e+03	+2.107e+03	+6.837e+03	+0.280
72.600	+6.634e+03	+1.425e+03	+6.605e+03	+0.177
72.800	+6.691e+03	+1.523e+03	+6.502e+03	+0.185
73.000	+6.279e+03	+9.907e+02	+6.285e+03	+0.136
73.200	+5.152e+03	+1.658e+03	+9.395e+03	+0.244
73.400	+5.580e+03	+8.827e+02	+8.718e+03	+0.137
73.600	+7.698e+03	+1.375e+03	+6.261e+03	+0.152
73.800	+7.190e+03	+1.564e+03	+6.625e+03	+0.179
74.000	+4.545e+03	+9.878e+02	+8.709e+03	+0.179
74.200	+5.655e+03	+1.215e+03	+7.217e+03	+0.177
74.400	+4.073e+03	+7.579e+02	+6.917e+03	+0.157
74.600	+6.098e+03	+1.433e+03	+7.236e+03	+0.190
74.800	+6.152e+03	-2.532e+02	+1.093e+04	-0.043
75.000	+7.782e+03	+1.553e+03	+7.653e+03	+0.166
75.200	+5.856e+03	+2.599e+03	+7.864e+03	+0.307
75.400	+6.380e+03	+1.601e+03	+8.968e+03	+0.201
75.600	+6.581e+03	+4.022e+02	+7.201e+03	+0.058
75.800	+6.326e+03	+1.401e+03	+7.254e+03	+0.181
76.000	+7.429e+03	+1.333e+03	+7.846e+03	+0.152
76.200	+5.063e+03	+1.757e+03	+7.337e+03	+0.258
76.400	+6.214e+03	+1.540e+03	+7.461e+03	+0.199
76.600	+6.520e+03	+8.454e+02	+7.357e+03	+0.115
76.800	+5.551e+03	+2.361e+03	+8.803e+03	+0.298
77.000	+2.159e+03	+6.318e+03	+8.062e+03	+0.745
77.200	+2.275e+03	+7.671e+03	+7.570e+03	+0.771
77.400	+2.927e+03	+5.873e+03	+7.821e+03	+0.667
77.600	+1.462e+03	+4.993e+03	+7.706e+03	+0.774
77.800	+1.771e+03	+5.506e+03	+8.857e+03	+0.757
78.000	+1.444e+03	+5.681e+03	+6.572e+03	+0.797
78.200	+2.013e+03	+6.110e+03	+7.092e+03	+0.752
78.400	+3.150e+03	+6.485e+03	+7.104e+03	+0.673
78.600	+2.279e+03	+5.539e+03	+7.979e+03	+0.708
78.800	+3.604e+03	+6.700e+03	+7.405e+03	+0.650
79.000	+2.707e+03	+6.465e+03	+7.517e+03	+0.705
79.200	+2.934e+03	+5.257e+03	+8.695e+03	+0.642
79.400	+1.656e+03	+4.579e+03	+7.797e+03	+0.734
79.600	+1.986e+03	+5.134e+03	+8.967e+03	+0.721
79.800	+2.857e+03	+6.298e+03	+6.889e+03	+0.688
80.000	+2.638e+03	+5.980e+03	+7.413e+03	+0.694
80.200	+4.103e+02	+5.106e+03	+1.046e+04	+0.926
80.400	+1.866e+03	+5.317e+03	+6.896e+03	+0.740
80.600	+2.697e+03	+5.563e+03	+8.479e+03	+0.673
80.800	+2.494e+03	+5.987e+03	+9.716e+03	+0.706
81.000	+1.127e+03	+5.262e+03	+7.208e+03	+0.824
81.200	+1.290e+03	+5.442e+03	+8.873e+03	+0.808
81.400	+1.823e+03	+5.094e+03	+7.744e+03	+0.736
81.600	+1.685e+03	+6.388e+03	+9.121e+03	+0.791
81.800	+1.892e+03	+4.561e+03	+9.285e+03	+0.707
82.000	+1.997e+03	+5.146e+03	+6.537e+03	+0.720
82.200	+2.549e+03	+5.776e+03	+6.882e+03	+0.694
82.400	+1.483e+03	+4.737e+03	+5.228e+03	+0.762
82.600	+1.284e+03	+6.273e+03	+8.271e+03	+0.830
82.800	+1.950e+03	+4.637e+03	+7.862e+03	+0.704
83.000	+2.747e+03	+5.074e+03	+6.917e+03	+0.649
83.200	+2.469e+03	+5.351e+03	+5.004e+03	+0.684
83.400	+2.082e+03	+6.255e+03	+7.581e+03	+0.750
83.600	+2.457e+03	+3.844e+03	+6.775e+03	+0.610
83.800	+2.680e+03	+5.235e+03	+7.885e+03	+0.661
84.000	+2.484e+03	+6.530e+03	+7.942e+03	+0.724
84.200	+1.332e+03	+4.763e+03	+6.962e+03	+0.781
84.400	+2.837e+03	+5.097e+03	+7.570e+03	+0.642
84.600	+2.654e+03	+4.376e+03	+7.326e+03	+0.623
84.800	+2.300e+03	+5.080e+03	+8.908e+03	+0.688
85.000	+1.823e+03	+5.472e+03	+8.243e+03	+0.750
85.200	+2.624e+03	+5.212e+03	+8.522e+03	+0.665
85.400	+1.885e+03	+6.954e+03	+7.178e+03	+0.787
85.600	+2.763e+03	+6.601e+03	+8.292e+03	+0.705
85.800	+2.117e+03	+4.829e+03	+6.784e+03	+0.695
86.000	+1.567e+03	+4.229e+03	+6.719e+03	+0.730
86.200	+1.960e+03	+5.010e+03	+8.006e+03	+0.719
86.400	+2.325e+03	+5.896e+03	+8.310e+03	+0.717
86.600	+2.475e+03	+6.300e+03	+8.145e+03	+0.718
86.800	+2.364e+03	+5.400e+03	+6.854e+03	+0.695
87.000	+7.673e+02	+5.341e+03	+5.754e+03	+0.874
87.200	+2.332e+03	+5.916e+03	+8.468e+03	+0.717
87.400	+1.708e+03	+6.020e+03	+7.584e+03	+0.779
87.600	+3.412e+03	+4.626e+03	+9.974e+03	+0.576
87.800	+2.341e+03	+6.587e+03	+6.694e+03	+0.738
88.000	+2.001e+03	+5.547e+03	+7.083e+03	+0.735
88.200	+2.522e+03	+6.488e+03	+5.698e+03	+0.720
88.400	+2.203e+03	+6.269e+03	+6.736e+03	+0.740
88.600	+2.121e+03	+5.888e+03	+7.166e+03	+0.735
88.800	+1.620e+03	+3.564e+03	+9.875e+03	+0.688
89.000	+2.407e+03	+5.022e+03	+8.225e+03	+0.676
89.200	+1.542e+03	+6.511e+03	+8.299e+03	+0.809
89.400	+2.701e+03	+7.571e+03	+8.602e+03	+0.737
89.600	+1.622e+03	+4.643e+03	+7.932e+03	+0.741
89.800	+5.752e+02	+5.307e+03	+7.815e+03	+0.902
90.000	+1.290e+03	+5.961e+03	+6.613e+03	+0.822
90.200	+3.046e+03	+5.188e+03	+9.364e+03	+0.630
90.400	+1.280e+03	+4.210e+03	+7.297e+03	+0.767
90.600	+2.210e+03	+5.813e+03	+6.696e+03	+0.725
90.800	+2.428e+03	+5.502e+03	+6.092e+03	+0.694
91.000	+3.368e+03	+5.799e+03	+7.075e+03	+0.633
91.200	+1.521e+03	+5.470e+03	+7.957e+03	+0.782
91.400	+2.520e+03	+5.215e+03	+6.449e+03	+0.674
91.600	+2.411e+03	+4.514e+03	+7.079e+03	+0.652
91.800	+1.831e+03	+4.537e+03	+7.375e+03	+0.712
92.000	+2.069e+03	+5.271e+03	+6.610e+03	+0.718
92.200	+1.019e+03	+6.045e+03	+6.921e+03	+0.856
92.400	+3.056e+03	+6.180e+03	+6.675e+03	+0.669
92.600	+3.549e+02	+4.591e+03	+7.759e+03	+0.928
92.800	+3.586e+03	+6.646e+03	+7.744e+03	+0.650
93.000	+1.729e+03	+6.113e+03	+8.829e+03	+0.779
93.200	+2.000e+03	+5.422e+03	+7.995e+03	+0.731
93.400	+1.273e+03	+5.108e+03	+7.695e+03	+0.800
93.600	+3.110e+03	+5.718e+03	+6.578e+03	+0.648
93.800	+1.819e+03	+4.579e+03	+6.223e+03	+0.716
94.000	+1.848e+03	+5.345e+03	+7.637e+03	+0.743
94.200	+2.364e+03	+4.655e+03	+7.707e+03	+0.663
94.400	+3.085e+03	+5.917e+03	+7.938e+03	+0.657
94.600	+2.549e+03	+5.563e+03	+7.012e+03	+0.686
94.800	+1.445e+03	+6.071e+03	+7.901e+03	+0.808
95.000	+2.148e+03	+5.194e+03	+8.051e+03	+0.707
95.200	+4.595e+02	+6.579e+03	+8.791e+03	+0.935
95.400	+1.596e+03	+6.311e+03	+4.242e+03	+0.798
95.600	+2.989e+03	+4.629e+03	+8.269e+03	+0.608
95.800	+6.866e+03	+1.940e+03	+6.265e+03	+0.220
96.000	+5.483e+03	+1.928e+03	+8.774e+03	+0.260
96.200	+6.000e+03	+1.204e+03	+7.492e+03	+0.167
96.400	+5.249e+03	+1.346e+03	+6.659e+03	+0.204
96.600	+5.901e+03	+1.597e+03	+7.732e+03	+0.213
96.800	+5.907e+03	+3.876e+02	+7.518e+03	+0.062
97.000	+6.219e+03	+9.542e+02	+6.329e+03	+0.133
97.200	+6.562e+03	+1.095e+03	+6.897e+03	+0.143
97.400	+6.163e+03	+1.847e+03	+8.332e+03	+0.231
97.600	+4.210e+03	+3.026e+03	+8.551e+03	+0.418
97.800	+6.753e+03	+5.999e+02	+7.204e+03	+0.082
98.000	+6.949e+03	+1.670e+03	+8.310e+03	+0.194
98.200	+3.938e+03	+1.755e+03	+9.829e+03	+0.308
98.400	+4.730e+03	+1.562e+03	+7.733e+03	+0.248
98.600	+5.778e+03	+1.396e+03	+9.627e+03	+0.195
98.800	+5.923e+03	+8.764e+02	+7.581e+03	+0.129
99.000	+7.067e+03	+1.947e+03	+4.512e+03	+0.216
99.200	+6.455e+03	+9.873e+02	+6.244e+03	+0.133
99.400	+6.368e+03	+7.824e+02	+6.843e+03	+0.109
99.600	+5.822e+03	+2.430e+03	+5.638e+03	+0.294
99.800	+5.047e+03	+1.124e+03	+7.607e+03	+0.182
100.000	+4.809e+03	+2.233e+03	+8.499e+03	+0.317
100.200	+6.251e+03	+1.271e+03	+6.218e+03	+0.169
100.400	+1.842e+03	+3.297e+03	+8.706e+03	+0.642
100.600	+3.783e+03	+3.612e+03	+7.968e+03	+0.488
100.800	+7.641e+03	+7.524e+02	+8.235e+03	+0.090
101.000	+7.070e+03	+1.175e+03	+8.106e+03	+0.143
101.200	+5.294e+03	+2.137e+03	+7.651e+03	+0.288
101.400	+6.486e+03	+2.842e+03	+7.321e+03	+0.305
101.600	+5.024e+03	+8.314e+02	+5.721e+03	+0.142
101.800	+5.162e+03	+1.840e+03	+9.022e+03	+0.263
102.000	+5.177e+03	+8.909e+02	+6.304e+03	+0.147
102.200	+4.834e+03	+1.672e+03	+7.803e+03	+0.257
102.400	+5.239e+03	+2.451e+03	+7.132e+03	+0.319
102.600	+5.216e+03	+1.923e+03	+7.286e+03	+0.269
102.800	+4.261e+03	+4.085e+03	+7.822e+03	+0.489
103.000	+1.425e+03	+5.630e+03	+9.026e+03	+0.798
103.200	+1.300e+03	+5.231e+03	+7.446e+03	+0.801
103.400	+1.814e+03	+4.167e+03	+7.179e+03	+0.697
103.600	+2.558e+03	+3.345e+03	+8.561e+03	+0.567
103.800	+1.218e+03	+5.383e+03	+7.094e+03	+0.815
104.000	+1.819e+03	+6.195e+03	+6.998e+03	+0.773
104.200	+9.919e+02	+6.192e+03	+8.655e+03	+0.862
104.400	+2.131e+03	+4.610e+03	+7.579e+03	+0.684
104.600	+1.431e+03	+4.621e+03	+8.763e+03	+0.764
104.800	+1.999e+03	+5.797e+03	+6.567e+03	+0.744
105.000	+2.620e+03	+6.773e+03	+6.009e+03	+0.721
105.200	+1.684e+03	+6.107e+03	+7.393e+03	+0.784
105.400	+1.312e+03	+6.934e+03	+7.798e+03	+0.841
105.600	+2.102e+03	+4.451e+03	+7.030e+03	+0.679
105.800	+2.610e+03	+6.653e+03	+8.031e+03	+0.718
106.000	+2.213e+03	+4.438e+03	+5.672e+03	+0.667
106.200	+2.939e+03	+4.772e+03	+7.261e+03	+0.619
106.400	+1.998e+03	+5.271e+03	+7.866e+03	+0.725
106.600	+2.191e+03	+6.474e+03	+6.234e+03	+0.747
106.800	+2.558e+03	+5.652e+03	+7.554e+03	+0.688
107.000	+2.161e+03	+4.628e+03	+8.119e+03	+0.682
107.200	+1.746e+03	+7.067e+03	+6.635e+03	+0.802
107.400	+2.459e+03	+5.247e+03	+6.812e+03	+0.681
107.600	+2.102e+03	+5.167e+03	+7.226e+03	+0.711
107.800	+4.290e+03	+3.752e+03	+7.530e+03	+0.467
108.000	+7.737e+03	+1.313e+03	+9.544e+03	+0.145
108.200	+6.117e+03	+1.967e+03	+9.350e+03	+0.243
108.400	+2.816e+03	+4.211e+03	+6.002e+03	+0.599
108.600	+1.945e+03	+5.789e+03	+9.403e+03	+0.749
108.800	+2.005e+03	+5.598e+03	+6.647e+03	+0.736
109.000	+1.653e+03	+5.305e+03	+7.010e+03	+0.762
109.200	+2.483e+03	+5.093e+03	+7.601e+03	+0.672
109.400	+1.739e+03	+5.268e+03	+9.239e+03	+0.752
109.600	+2.422e+03	+5.711e+03	+8.736e+03	+0.702
109.800	+1.618e+03	+3.716e+03	+8.690e+03	+0.697
110.000	+2.963e+03	+4.870e+03	+6.538e+03	+0.622
110.200	+2.336e+03	+6.300e+03	+7.723e+03	+0.730
110.400	+1.730e+03	+5.191e+03	+9.439e+03	+0.750
110.600	+2.904e+03	+6.018e+03	+7.231e+03	+0.675
110.800	+1.789e+03	+6.214e+03	+8.965e+03	+0.776
111.000	+2.626e+03	+6.020e+03	+7.119e+03	+0.696
111.200	+9.028e+02	+5.395e+03	+8.277e+03	+0.857
111.400	+2.562e+03	+5.828e+03	+8.397e+03	+0.695
111.600	+2.628e+03	+4.951e+03	+5.345e+03	+0.653
111.800	+6.710e+02	+6.693e+03	+8.010e+03	+0.909
112.000	+3.589e+03	+6.254e+03	+7.304e+03	+0.635
112.200	+2.582e+03	+5.142e+03	+6.928e+03	+0.666
112.400	+7.641e+03	+1.302e+03	+7.435e+03	+0.146
112.600	+7.232e+03	+2.209e+03	+7.416e+03	+0.234
112.800	+6.120e+03	+1.425e+03	+6.820e+03	+0.189
113.000	+4.880e+03	+2.697e+03	+7.872e+03	+0.356
113.200	+4.816e+03	+2.556e+03	+8.395e+03	+0.347
113.400	+5.705e+03	+1.649e+03	+8.149e+03	+0.224
113.600	+3.067e+03	+5.187e+03	+8.412e+03	+0.628
113.800	+2.351e+03	+5.209e+03	+9.254e+03	+0.689
114.000	+2.628e+03	+5.141e+03	+7.496e+03	+0.662
114.200	+1.962e+03	+5.241e+03	+7.365e+03	+0.728
114.400	+3.214e+03	+5.742e+03	+6.721e+03	+0.641
114.600	+2.330e+03	+5.756e+03	+1.010e+04	+0.712
114.800	+1.719e+03	+7.533e+03	+5.856e+03	+0.814
115.000	+2.876e+03	+4.932e+03	+8.557e+03	+0.632
115.200	+2.043e+03	+5.059e+03	+4.493e+03	+0.712
115.400	+7.008e+02	+5.558e+03	+6.801e+03	+0.888
115.600	+3.370e+03	+6.291e+03	+7.722e+03	+0.651
115.800	+2.007e+03	+5.381e+03	+6.638e+03	+0.728
116.000	+2.907e+03	+5.292e+03	+6.687e+03	+0.645
116.200	+1.683e+03	+6.295e+03	+6.556e+03	+0.789
116.400	+2.359e+03	+6.055e+03	+7.465e+03	+0.720
116.600	+2.102e+03	+5.167e+03	+8.264e+03	+0.711
116.800	+1.709e+03	+5.941e+03	+8.812e+03	+0.777
117.000	+1.227e+03	+4.585e+03	+8.504e+03	+0.789
117.200	+2.360e+03	+7.339e+03	+9.368e+03	+0.757
117.400	+2.375e+03	+5.363e+03	+7.214e+03	+0.693
117.600	+2.012e+03	+5.444e+03	+7.702e+03	+0.730
117.800	+1.731e+03	+6.974e+03	+7.670e+03	+0.801
118.000	+3.636e+03	+5.523e+03	+7.705e+03	+0.603
118.200	+1.120e+03	+6.267e+03	+7.166e+03	+0.848
118.400	+2.241e+03	+6.923e+03	+6.977e+03	+0.755
118.600	+2.795e+03	+5.415e+03	+6.233e+03	+0.660
118.800	+2.024e+03	+6.219e+03	+7.621e+03	+0.754
119.000	+1.670e+03	+6.633e+03	+7.900e+03	+0.799
119.200	+3.813e+03	+4.161e+03	+8.372e+03	+0.522
119.400	+7.625e+03	+1.524e+03	+7.654e+03	+0.167
119.600	+5.613e+03	+1.101e+03	+7.450e+03	+0.164
119.800	+7.582e+03	+1.574e+03	+8.524e+03	+0.172
120.000	+4.496e+03	+4.178e+02	+5.534e+03	+0.085
120.200	+6.095e+03	+1.396e+03	+6.675e+03	+0.186
120.400	+7.237e+03	+2.823e+03	+7.475e+03	+0.281
120.600	+6.455e+03	+1.345e+03	+8.972e+03	+0.172
120.800	+5.488e+03	+8.976e+02	+6.777e+03	+0.141
121.000	+6.872e+03	+2.452e+03	+8.487e+03	+0.263
121.200	+5.863e+03	+9.532e+02	+8.851e+03	+0.140
121.400	+4.538e+03	+6.472e+02	+8.329e+03	+0.125
121.600	+6.284e+03	+1.826e+03	+7.564e+03	+0.225
121.800	+5.717e+03	+1.846e+03	+7.804e+03	+0.244
122.000	+3.970e+03	+1.373e+03	+7.501e+03	+0.257
122.200	+6.697e+03	+1.887e+03	+8.258e+03	+0.220
122.400	+6.005e+03	+8.283e+02	+6.444e+03	+0.121
122.600	+5.857e+03	+8.458e+02	+4.788e+03	+0.126
122.800	+5.895e+03	+9.561e+02	+8.162e+03	+0.140
123.000	+6.596e+03	+1.300e+03	+6.580e+03	+0.165
123.200	+6.331e+03	+1.156e+03	+7.453e+03	+0.154
123.400	+5.857e+03	+1.850e+03	+7.906e+03	+0.240
123.600	+5.387e+03	+3.045e+03	+6.891e+03	+0.361
123.800	+3.204e+03	+5.745e+03	+8.231e+03	+0.642
124.000	+1.881e+03	+5.517e+03	+7.920e+03	+0.746
124.200	+3.520e+03	+3.172e+03	+8.281e+03	+0.474
124.400	+5.268e+03	+1.494e+03	+7.141e+03	+0.221
124.600	+6.716e+03	+2.191e+03	+7.446e+03	+0.246
124.800	+5.623e+03	+8.016e+02	+8.329e+03	+0.125
125.000	+7.766e+03	+1.754e+03	+7.143e+03	+0.184
125.200	+5.227e+03	+1.364e+03	+6.827e+03	+0.207
125.400	+6.257e+03	+1.824e+03	+8.248e+03	+0.226
125.600	+4.480e+03	+1.555e+03	+7.546e+03	+0.258
125.800	+6.111e+03	+1.502e+03	+6.854e+03	+0.197
126.000	+4.710e+03	+1.288e+03	+6.044e+03	+0.215
126.200	+6.703e+03	+1.297e+03	+6.943e+03	+0.162
126.400	+7.366e+03	+4.329e+02	+7.264e+03	+0.056
126.600	+6.218e+03	+1.332e+03	+6.923e+03	+0.176
126.800	+5.880e+03	+2.888e+03	+6.640e+03	+0.329
127.000	+6.651e+03	+8.448e+02	+7.878e+03	+0.113
127.200	+6.038e+03	+2.061e+03	+6.430e+03	+0.255
127.400	+6.683e+03	+1.372e+03	+7.450e+03	+0.170
127.600	+6.571e+03	+2.203e+03	+5.942e+03	+0.251
127.800	+5.810e+03	+7.226e+02	+8.230e+03	+0.111
128.000	+4.602e+03	+1.924e+03	+7.088e+03	+0.295
128.200	+5.344e+03	+1.619e+03	+8.241e+03	+0.233
128.400	+6.741e+03	+1.049e+03	+7.673e+03	+0.135
128.600	+6.804e+03	+1.864e+03	+7.532e+03	+0.215
128.800	+5.144e+03	+1.167e+03	+7.580e+03	+0.185
129.000	+7.028e+03	+2.331e+03	+9.159e+03	+0.249
129.200	+5.675e+03	+1.531e+03	+7.721e+03	+0.213
129.400	+6.892e+03	+1.173e+03	+6.764e+03	+0.145
129.600	+5.245e+03	+7.953e+02	+7.834e+03	+0.132
129.800	+6.487e+03	+1.298e+03	+7.443e+03	+0.167
130.000	+5.950e+03	+1.219e+03	+8.478e+03	+0.170
130.200	+5.483e+03	+2.308e+03	+8.452e+03	+0.296
130.400	+6.383e+03	+2.069e+03	+7.966e+03	+0.245
130.600	+4.375e+03	+2.440e+03	+8.703e+03	+0.358
130.800	+6.669e+03	+1.131e+03	+7.727e+03	+0.145
131.000	+7.283e+03	+5.553e+01	+6.918e+03	+0.008
131.200	+6.741e+03	+1.491e+03	+9.346e+03	+0.181
131.400	+2.714e+03	+4.540e+03	+7.712e+03	+0.626
131.600	+2.293e+03	+5.019e+03	+8.848e+03	+0.686
131.800	+1.770e+03	+4.649e+03	+6.923e+03	+0.724
132.000	+1.967e+03	+7.467e+03	+6.820e+03	+0.792
132.200	+1.462e+03	+6.210e+03	+8.632e+03	+0.809
132.400	+1.597e+03	+5.303e+03	+6.328e+03	+0.769
132.600	+2.308e+03	+4.283e+03	+7.808e+03	+0.650
132.800	+1.836e+03	+5.216e+03	+8.133e+03	+0.740
133.000	+2.784e+03	+6.059e+03	+6.936e+03	+0.685
133.200	+1.478e+03	+6.240e+03	+7.598e+03	+0.809
133.400	+1.847e+03	+3.767e+03	+6.432e+03	+0.671
133.600	+1.108e+03	+6.268e+03	+7.966e+03	+0.850
133.800	+2.397e+03	+5.073e+03	+8.654e+03	+0.679
134.000	+2.317e+03	+6.276e+03	+5.569e+03	+0.730
134.200	+1.530e+03	+5.131e+03	+6.458e+03	+0.770
134.400	+2.500e+03	+4.253e+03	+6.357e+03	+0.630
134.600	+2.138e+03	+4.528e+03	+7.522e+03	+0.679
134.800	+1.651e+03	+4.315e+03	+6.851e+03	+0.723
135.000	+2.434e+03	+5.866e+03	+8.439e+03	+0.707
135.200	+2.066e+03	+6.966e+03	+7.397e+03	+0.771
135.400	+8.156e+02	+5.591e+03	+5.271e+03	+0.873
135.600	+3.144e+03	+5.971e+03	+5.431e+03	+0.655
135.800	+1.509e+03	+6.144e+03	+6.945e+03	+0.803
136.000	+6.658e+02	+6.839e+03	+6.058e+03	+0.911
136.200	+3.059e+03	+6.234e+03	+7.311e+03	+0.671
136.400	+8.236e+02	+4.942e+03	+8.720e+03	+0.857
136.600	+1.676e+03	+6.009e+03	+6.188e+03	+0.782
136.800	+1.326e+03	+4.711e+03	+6.334e+03	+0.780
137.000	+3.098e+03	+5.035e+03	+7.494e+03	+0.619
137.200	+2.599e+03	+6.488e+03	+7.931e+03	+0.714
137.400	+1.371e+03	+5.216e+03	+8.511e+03	+0.792
137.600	+2.387e+03	+5.454e+03	+9.929e+03	+0.696
137.800	+1.802e+03	+4.216e+03	+7.765e+03	+0.701
138.000	+2.780e+03	+5.635e+03	+7.319e+03	+0.670
138.200	+2.255e+03	+4.824e+03	+6.126e+03	+0.681
138.400	+2.629e+03	+5.037e+03	+9.017e+03	+0.657
138.600	+2.332e+03	+6.011e+03	+8.548e+03	+0.720
138.800	+1.140e+03	+4.939e+03	+7.857e+03	+0.812
139.000	+2.841e+03	+5.282e+03	+6.524e+03	+0.650
139.200	+9.346e+02	+5.335e+03	+7.387e+03	+0.851
139.400	+1.813e+03	+5.694e+03	+6.099e+03	+0.758
139.600	+1.344e+03	+5.686e+03	+5.558e+03	+0.809
139.800	+1.775e+03	+6.227e+03	+8.217e+03	+0.778
140.000	+1.166e+03	+5.770e+03	+5.766e+03	+0.832
140.200	+1.155e+03	+5.367e+03	+8.649e+03	+0.823
140.400	+1.608e+03	+5.729e+03	+9.381e+03	+0.781
140.600	+1.597e+03	+5.436e+03	+6.602e+03	+0.773
140.800	+3.356e+03	+6.428e+03	+7.858e+03	+0.657
141.000	+2.541e+03	+5.338e+03	+7.135e+03	+0.678
141.200	+3.241e+03	+5.873e+03	+7.127e+03	+0.644
141.400	+1.495e+03	+5.705e+03	+7.552e+03	+0.792
141.600	+2.055e+03	+5.775e+03	+6.400e+03	+0.738
141.800	+1.293e+03	+4.481e+03	+7.645e+03	+0.776
142.000	+1.847e+03	+5.802e+03	+7.067e+03	+0.759
142.200	+3.458e+03	+5.600e+03	+6.776e+03	+0.618
142.400	+3.222e+03	+5.722e+03	+8.352e+03	+0.640
142.600	+2.304e+03	+5.787e+03	+7.255e+03	+0.715
142.800	+1.422e+03	+4.505e+03	+9.211e+03	+0.760
143.000	+1.229e+03	+5.561e+03	+6.688e+03	+0.819
143.200	+1.759e+03	+6.655e+03	+7.137e+03	+0.791
143.400	+2.097e+03	+6.382e+03	+8.970e+03	+0.753
143.600	+1.632e+03	+6.494e+03	+8.258e+03	+0.799
143.800	+2.486e+03	+6.030e+03	+7.709e+03	+0.708
144.000	+2.024e+03	+6.451e+03	+7.477e+03	+0.761
144.200	+2.176e+03	+7.127e+03	+7.562e+03	+0.766
144.400	+2.862e+03	+4.525e+03	+6.835e+03	+0.613
144.600	+2.090e+03	+4.112e+03	+5.324e+03	+0.663
144.800	+2.845e+03	+5.011e+03	+5.716e+03	+0.638
145.000	+1.200e+03	+4.630e+03	+6.467e+03	+0.794
145.200	+2.338e+03	+4.282e+03	+6.944e+03	+0.647
145.400	+1.848e+03	+5.776e+03	+7.355e+03	+0.758
145.600	+2.624e+03	+5.939e+03	+8.907e+03	+0.694
145.800	+2.018e+03	+6.127e+03	+8.527e+03	+0.752
146.000	+2.028e+03	+4.848e+03	+8.729e+03	+0.705
146.200	+1.519e+03	+3.957e+03	+7.030e+03	+0.723
146.400	+2.935e+03	+7.190e+03	+7.247e+03	+0.710
146.600	+2.673e+03	+5.823e+03	+7.846e+03	+0.685
146.800	+2.251e+03	+4.680e+03	+5.918e+03	+0.675
147.000	+2.037e+03	+5.313e+03	+6.763e+03	+0.723
147.200	+2.300e+03	+6.832e+03	+6.546e+03	+0.748
147.400	+1.994e+03	+4.038e+03	+6.914e+03	+0.669
147.600	+2.898e+02	+6.661e+03	+6.125e+03	+0.958
147.800	+2.974e+03	+4.641e+03	+7.709e+03	+0.609
148.000	+7.087e+03	+1.275e+03	+8.874e+03	+0.152
148.200	+5.000e+03	+2.206e+03	+9.568e+03	+0.306
148.400	+5.456e+03	+1.215e+03	+7.454e+03	+0.182
148.600	+6.373e+03	+2.483e+03	+7.965e+03	+0.280
148.800	+5.045e+03	+2.728e+03	+8.118e+03	+0.351
149.000	+5.563e+03	+1.774e+03	+6.154e+03	+0.242
149.200	+7.865e+03	+1.929e+03	+7.021e+03	+0.197
149.400	+8.843e+03	+2.215e+03	+7.482e+03	+0.200
149.600	+6.475e+03	+1.189e+03	+7.388e+03	+0.155
149.800	+5.856e+03	+1.387e+03	+7.576e+03	+0.191
150.000	+5.191e+03	+1.292e+03	+7.226e+03	+0.199
150.200	+5.627e+03	+1.174e+03	+6.904e+03	+0.173
150.400	+6.683e+03	+4.902e+02	+7.903e+03	+0.068
150.600	+5.371e+03	+1.161e+03	+7.702e+03	+0.178
150.800	+6.399e+03	+9.263e+02	+7.165e+03	+0.126
151.000	+4.759e+03	+1.642e+03	+7.218e+03	+0.257
151.200	+6.021e+03	+8.342e+02	+6.587e+03	+0.122
151.400	+6.815e+03	+1.751e+03	+9.249e+03	+0.204
151.600	+6.901e+03	+1.938e+03	+7.953e+03	+0.219
151.800	+5.724e+03	+2.178e+03	+7.012e+03	+0.276
152.000	+4.703e+03	+1.372e+03	+7.044e+03	+0.226
152.200	+5.495e+03	+7.593e+02	+7.807e+03	+0.121
152.400	+4.121e+03	+2.861e+03	+7.062e+03	+0.410
152.600	+1.326e+03	+4.433e+03	+8.254e+03	+0.770
152.800	+1.512e+03	+7.164e+03	+7.052e+03	+0.826
153.000	+2.589e+03	+3.998e+03	+9.217e+03	+0.607
153.200	+3.736e+02	+6.588e+03	+7.741e+03	+0.946
153.400	+2.263e+03	+5.185e+03	+8.456e+03	+0.696
153.600	+7.316e+02	+5.023e+03	+9.216e+03	+0.873
153.800	+2.071e+03	+5.558e+03	+7.788e+03	+0.729
154.000	+1.913e+03	+4.656e+03	+8.314e+03	+0.709
154.200	+2.779e+03	+6.690e+03	+7.119e+03	+0.707
154.400	+1.841e+03	+5.085e+03	+7.251e+03	+0.734
154.600	+2.545e+03	+6.563e+03	+4.247e+03	+0.721
154.800	+1.246e+03	+6.028e+03	+5.830e+03	+0.829
155.000	+2.569e+03	+5.946e+03	+5.846e+03	+0.698
155.200	+1.872e+03	+5.934e+03	+5.907e+03	+0.760
155.400	+2.032e+03	+6.362e+03	+9.144e+03	+0.758
155.600	+1.834e+03	+6.064e+03	+9.091e+03	+0.768
155.800	+2.348e+03	+4.672e+03	+8.238e+03	+0.666
156.000	+2.585e+03	+6.221e+03	+9.429e+03	+0.706
156.200	+1.602e+03	+4.076e+03	+7.343e+03	+0.718
156.400	+2.510e+03	+5.449e+03	+6.600e+03	+0.685
156.600	+1.484e+03	+5.399e+03	+8.358e+03	+0.784
156.800	+4.450e+03	+2.146e+03	+7.837e+03	+0.325
157.000	+5.614e+03	+9.908e+02	+8.378e+03	+0.150
157.200	+6.456e+03	+1.250e+03	+7.715e+03	+0.162
157.400	+5.245e+03	+1.507e+03	+9.447e+03	+0.223
157.600	+5.991e+03	+1.514e+03	+7.084e+03	+0.202
157.800	+6.056e+03	+1.967e+03	+8.170e+03	+0.245
158.000	+4.975e+03	+1.656e+03	+6.652e+03	+0.250
158.200	+6.409e+03	+1.386e+03	+8.176e+03	+0.178
158.400	+4.350e+03	+6.759e+02	+8.302e+03	+0.134
158.600	+5.829e+03	+2.177e+02	+5.715e+03	+0.036
158.800	+5.433e+03	+1.716e+03	+7.604e+03	+0.240
159.000	+5.007e+03	+1.993e+03	+7.084e+03	+0.285
159.200	+6.131e+03	+2.506e+03	+6.097e+03	+0.290
159.400	+5.527e+03	+1.510e+03	+6.876e+03	+0.215
159.600	+5.872e+03	+9.746e+02	+6.454e+03	+0.142
159.800	+6.438e+03	+9.132e+02	+7.134e+03	+0.124
160.000	+4.523e+03	+1.847e+03	+7.210e+03	+0.290
160.200	+3.609e+03	+4.029e+03	+6.665e+03	+0.527
160.400	+1.546e+03	+6.413e+03	+6.317e+03	+0.806
160.600	+5.712e+02	+4.417e+03	+9.088e+03	+0.885
160.800	+2.029e+03	+6.070e+03	+7.114e+03	+0.749
161.000	+1.509e+03	+6.274e+03	+7.497e+03	+0.806
161.200	+2.012e+03	+4.541e+03	+6.535e+03	+0.693
161.400	+3.159e+03	+5.897e+03	+8.768e+03	+0.651
161.600	+2.441e+03	+5.825e+03	+7.331e+03	+0.705
161.800	+3.065e+03	+7.190e+03	+8.097e+03	+0.701
162.000	+2.314e+03	+5.099e+03	+8.510e+03	+0.688
162.200	+2.504e+03	+4.908e+03	+8.239e+03	+0.662
162.400	+1.519e+03	+5.812e+03	+6.487e+03	+0.793
162.600	+2.234e+03	+4.442e+03	+9.232e+03	+0.665
162.800	+2.006e+03	+5.989e+03	+6.559e+03	+0.749
163.000	+1.990e+03	+6.671e+03	+6.052e+03	+0.770
163.200	+2.207e+03	+4.142e+03	+5.788e+03	+0.652
163.400	+1.779e+03	+4.202e+03	+5.629e+03	+0.703
163.600	+2.477e+03	+5.577e+03	+7.252e+03	+0.692
163.800	+9.978e+02	+5.371e+03	+9.099e+03	+0.843
164.000	+4.609e+03	+1.707e+03	+7.680e+03	+0.270
164.200	+5.787e+03	+7.498e+02	+7.252e+03	+0.115
164.400	+5.846e+03	+5.454e+02	+7.024e+03	+0.085
164.600	+6.838e+03	+2.269e+03	+8.217e+03	+0.249
164.800	+7.596e+03	+1.619e+03	+9.298e+03	+0.176
165.000	+5.952e+03	+1.693e+03	+7.087e+03	+0.221
165.200	+5.474e+03	+9.230e+02	+6.703e+03	+0.144
165.400	+4.859e+03	+9.050e+02	+7.245e+03	+0.157
165.600	+4.994e+03	+1.202e+03	+7.855e+03	+0.194
165.800	+5.960e+03	+6.736e+02	+6.476e+03	+0.102
166.000	+4.763e+03	+1.227e+03	+8.291e+03	+0.205
166.200	+7.512e+03	+1.388e+03	+8.146e+03	+0.156
166.400	+6.546e+03	+1.757e+03	+8.772e+03	+0.212
166.600	+6.103e+03	+2.050e+03	+9.744e+03	+0.251
166.800	+6.326e+03	+2.064e+03	+8.318e+03	+0.246
167.000	+6.132e+03	+2.142e+03	+6.288e+03	+0.259
167.200	+5.262e+03	+1.435e+03	+8.086e+03	+0.214
167.400	+7.244e+03	+1.364e+03	+5.343e+03	+0.158
167.600	+6.798e+03	+2.244e+03	+9.124e+03	+0.248
167.800	+4.294e+03	+3.803e+03	+7.277e+03	+0.470
168.000	+1.392e+03	+5.700e+03	+8.800e+03	+0.804
168.200	+1.798e+03	+5.470e+03	+6.604e+03	+0.753
168.400	+2.135e+03	+3.588e+03	+8.610e+03	+0.627
168.600	+3.139e+03	+7.105e+03	+8.216e+03	+0.694
168.800	+2.414e+03	+5.993e+03	+6.949e+03	+0.713
169.000	+2.539e+03	+4.802e+03	+5.768e+03	+0.654
169.200	+1.414e+03	+5.932e+03	+7.900e+03	+0.808
169.400	+1.907e+03	+5.443e+03	+8.273e+03	+0.741
169.600	+1.233e+03	+5.343e+03	+1.043e+04	+0.812
169.800	+2.132e+03	+5.286e+03	+6.848e+03	+0.713
170.000	+2.010e+03	+4.788e+03	+8.150e+03	+0.704
170.200	+9.410e+02	+6.665e+03	+8.806e+03	+0.876
170.400	+1.372e+03	+4.627e+03	+8.721e+03	+0.771
170.600	+2.408e+03	+6.463e+03	+8.065e+03	+0.729
170.800	+2.161e+03	+3.590e+03	+7.532e+03	+0.624
171.000	+9.787e+02	+5.088e+03	+6.626e+03	+0.839
171.200	+2.410e+03	+5.412e+03	+7.511e+03	+0.692
171.400	+3.506e+03	+6.105e+03	+6.860e+03	+0.635
171.600	+1.712e+03	+6.652e+03	+8.546e+03	+0.795
171.800	+2.451e+03	+5.956e+03	+7.260e+03	+0.708
172.000	+2.833e+03	+6.025e+03	+8.064e+03	+0.680
172.200	+2.909e+03	+5.362e+03	+6.492e+03	+0.648
172.400	+1.677e+03	+5.690e+03	+8.073e+03	+0.772
172.600	+2.403e+03	+5.232e+03	+6.276e+03	+0.685
172.800	+2.760e+03	+7.645e+03	+6.495e+03	+0.735
173.000	+2.509e+03	+6.667e+03	+7.644e+03	+0.727
173.200	+1.699e+03	+5.684e+03	+8.656e+03	+0.770
173.400	+1.831e+03	+6.752e+03	+7.824e+03	+0.787
173.600	+1.397e+03	+5.645e+03	+6.452e+03	+0.802
173.800	+1.029e+03	+4.826e+03	+6.128e+03	+0.824
174.000	+1.669e+03	+4.736e+03	+6.902e+03	+0.739
174.200	+1.003e+03	+5.501e+03	+7.620e+03	+0.846
174.400	+1.788e+03	+6.337e+03	+7.761e+03	+0.780
174.600	+2.694e+03	+7.055e+03	+9.667e+03	+0.724
174.800	+2.376e+03	+5.725e+03	+7.914e+03	+0.707
175.000	+1.736e+03	+4.242e+03	+6.173e+03	+0.710
175.200	+2.883e+03	+5.680e+03	+9.137e+03	+0.663
175.400	+2.523e+03	+4.942e+03	+6.341e+03	+0.662
175.600	+1.821e+03	+5.293e+03	+1.057e+04	+0.744
