%dwell times of state 4 (s)
0.045205
1.915231
0.905705
12.529823
45.049446
5.116686
0.357744
10.520999
3.707589
14.898030
7.896191
4.913077
25.336167
4.712113
2.891295
0.496500
3.870796
6.660902
15.191819
9.091240
12.767069
7.571797
3.496047
9.115633
26.766865
9.654067
19.215431
9.462736
5.111855
0.346775
4.848564
32.121724
0.141009
9.555852
5.769061
0.229288
41.215751
13.322508
11.800112
7.809059
10.991628
9.156187
19.397198
4.854922
9.765880
2.237590
17.623355
12.110230
1.726488
0.593251
7.709059
17.888839
