%t (s)	Idd (a.u.)	Ida (a.u.)	Iaa (a.u.)	FRET E
0.000	+2.895e+03	+3.728e+02	+6.591e+03	+0.114
0.200	+3.735e+03	+7.919e+02	+6.936e+03	+0.175
0.400	+2.073e+03	+1.138e+02	+4.770e+03	+0.052
0.600	+3.398e+03	+7.282e+02	+5.701e+03	+0.176
0.800	+4.811e+03	+9.194e+02	+6.483e+03	+0.160
1.000	+3.194e+03	+2.165e+03	+6.033e+03	+0.404
1.200	+3.812e+03	+1.472e+03	+5.773e+03	+0.279
1.400	+4.270e+03	+5.286e+02	+6.822e+03	+0.110
1.600	+4.103e+03	+1.111e+03	+7.246e+03	+0.213
1.800	+3.494e+03	+1.737e+02	+4.420e+03	+0.047
2.000	+4.537e+03	-5.671e+02	+6.862e+03	-0.143
2.200	+4.412e+03	-1.406e+02	+5.767e+03	-0.033
2.400	+4.512e+03	+1.177e+03	+3.385e+03	+0.207
2.600	+4.800e+03	+1.140e+03	+6.506e+03	+0.192
2.800	+4.194e+03	+4.057e+02	+7.631e+03	+0.088
3.000	+4.154e+03	+1.059e+03	+5.901e+03	+0.203
3.200	+4.446e+03	+8.224e+02	+5.776e+03	+0.156
3.400	+4.589e+03	+9.437e+02	+5.394e+03	+0.171
3.600	+4.640e+03	+5.301e+02	+7.436e+03	+0.103
3.800	+4.659e+03	+1.571e+03	+4.682e+03	+0.252
4.000	+4.588e+03	-3.824e+02	+3.841e+03	-0.091
4.200	+4.050e+03	+1.453e+03	+5.996e+03	+0.264
4.400	+2.826e+03	+2.501e+03	+3.661e+03	+0.470
4.600	+4.409e+03	+2.813e+02	+5.986e+03	+0.060
4.800	+4.167e+03	+1.441e+03	+7.122e+03	+0.257
5.000	+3.379e+03	+1.764e+03	+4.257e+03	+0.343
5.200	+4.830e+03	+1.159e+02	+5.353e+03	+0.023
5.400	+2.812e+03	+1.964e+03	+4.080e+03	+0.411
5.600	+5.085e+03	+1.424e+03	+5.093e+03	+0.219
5.800	+3.896e+03	+1.780e+03	+5.355e+03	+0.314
6.000	+2.556e+03	+5.891e+02	+6.160e+03	+0.187
6.200	+4.623e+03	+1.994e+03	+5.249e+03	+0.301
6.400	+5.377e+03	+2.000e+03	+6.913e+03	+0.271
6.600	+4.719e+03	+8.386e+02	+7.540e+03	+0.151
6.800	+3.074e+03	+2.008e+03	+5.019e+03	+0.395
7.000	+5.491e+03	+7.185e+02	+5.940e+03	+0.116
7.200	+2.986e+03	+1.616e+03	+4.618e+03	+0.351
7.400	+4.471e+03	+1.212e+03	+5.099e+03	+0.213
7.600	+3.798e+03	+1.506e+03	+5.715e+03	+0.284
7.800	+4.003e+03	+2.973e+02	+6.526e+03	+0.069
8.000	+5.033e+03	-4.745e+02	+6.385e+03	-0.104
8.200	+5.187e+03	+1.205e+03	+6.170e+03	+0.189
8.400	+3.492e+03	+1.665e+03	+6.505e+03	+0.323
8.600	+4.335e+03	+6.590e+02	+7.165e+03	+0.132
8.800	+2.099e+03	+1.874e+03	+6.582e+03	+0.472
9.000	+4.369e+03	+5.052e+01	+6.835e+03	+0.011
9.200	+4.682e+03	+1.546e+03	+5.794e+03	+0.248
9.400	+3.399e+03	+4.994e+02	+2.956e+03	+0.128
9.600	+5.310e+03	+1.088e+03	+5.439e+03	+0.170
9.800	+4.348e+03	+1.217e+03	+6.599e+03	+0.219
10.000	+3.181e+03	+2.397e+03	+6.330e+03	+0.430
10.200	+4.499e+03	+6.573e+02	+7.185e+03	+0.127
10.400	+4.242e+03	+3.018e+03	+6.146e+03	+0.416
10.600	+2.153e+03	+2.043e+03	+5.755e+03	+0.487
10.800	+4.884e+03	+1.401e+03	+6.437e+03	+0.223
11.000	+4.301e+03	+1.839e+03	+6.862e+03	+0.299
11.200	+4.432e+03	+9.767e+02	+5.056e+03	+0.181
11.400	+3.489e+03	+1.495e+03	+6.905e+03	+0.300
11.600	+3.517e+03	+4.098e+02	+5.683e+03	+0.104
11.800	+3.529e+03	-1.603e+02	+5.347e+03	-0.048
12.000	+4.905e+03	+7.991e+01	+4.225e+03	+0.016
12.200	+2.640e+03	+1.804e+03	+6.916e+03	+0.406
12.400	+3.997e+03	+8.788e+02	+5.069e+03	+0.180
12.600	+3.148e+03	+1.811e+03	+5.344e+03	+0.365
12.800	+5.214e+03	+1.777e+03	+5.279e+03	+0.254
13.000	+3.272e+03	+6.048e+02	+5.799e+03	+0.156
13.200	+2.427e+03	-2.217e+02	+5.128e+03	-0.101
13.400	+4.912e+03	+1.718e+03	+5.661e+03	+0.259
13.600	+5.079e+03	-2.659e+02	+6.059e+03	-0.055
13.800	+2.921e+03	-4.139e+02	+2.751e+03	-0.165
14.000	+4.073e+03	+6.870e+02	+5.639e+03	+0.144
14.200	+4.910e+03	+8.291e+02	+3.760e+03	+0.144
14.400	+4.572e+03	+1.087e+03	+4.224e+03	+0.192
14.600	+4.796e+03	+7.882e+02	+3.530e+03	+0.141
14.800	+4.242e+03	+1.281e+03	+4.722e+03	+0.232
15.000	+3.892e+03	+1.476e+03	+6.657e+03	+0.275
15.200	+5.584e+03	+1.042e+03	+6.024e+03	+0.157
15.400	+1.665e+03	+3.578e+03	+5.493e+03	+0.682
15.600	+2.716e+03	+3.782e+03	+6.648e+03	+0.582
15.800	+1.011e+03	+6.135e+03	+5.747e+03	+0.858
16.000	+2.589e+03	+4.485e+03	+4.133e+03	+0.634
16.200	+1.325e+03	+4.197e+03	+6.419e+03	+0.760
16.400	+1.245e+03	+4.124e+03	+5.051e+03	+0.768
16.600	+4.473e+02	+3.916e+03	+6.612e+03	+0.897
16.800	+1.311e+03	+3.220e+03	+7.310e+03	+0.711
17.000	+2.435e+03	+4.514e+03	+7.469e+03	+0.650
17.200	+7.039e+02	+6.044e+03	+7.462e+03	+0.896
17.400	+2.354e+03	+4.372e+03	+5.571e+03	+0.650
17.600	+1.902e+03	+4.884e+03	+4.355e+03	+0.720
17.800	+1.052e+03	+4.164e+03	+7.760e+03	+0.798
18.000	+1.110e+03	+4.803e+03	+4.952e+03	+0.812
18.200	+1.677e+02	+4.697e+03	+6.108e+03	+0.966
18.400	+2.141e+03	+4.479e+03	+4.471e+03	+0.677
18.600	+1.653e+03	+4.801e+03	+6.691e+03	+0.744
18.800	+2.151e+03	+5.484e+03	+5.370e+03	+0.718
19.000	+2.156e+03	+4.345e+03	+5.729e+03	+0.668
19.200	+9.810e+02	+4.706e+03	+2.766e+03	+0.827
19.400	+1.227e+03	+3.956e+03	+4.520e+03	+0.763
19.600	+1.070e+03	+5.643e+03	+4.650e+03	+0.841
19.800	+8.351e+02	+4.985e+03	+6.931e+03	+0.857
20.000	+4.837e+02	+4.615e+03	+5.977e+03	+0.905
20.200	+1.752e+03	+3.179e+03	+7.605e+03	+0.645
20.400	+6.580e+01	+5.622e+03	+5.187e+03	+0.988
20.600	+1.423e+03	+4.426e+03	+5.075e+03	+0.757
20.800	+2.584e+03	+4.434e+03	+5.927e+03	+0.632
21.000	+2.234e+03	+4.087e+03	+6.543e+03	+0.647
21.200	+1.768e+03	+5.481e+03	+4.335e+03	+0.756
21.400	+9.258e+02	+4.926e+03	+6.465e+03	+0.842
21.600	+1.033e+03	+4.991e+03	+3.902e+03	+0.829
21.800	+1.023e+03	+5.443e+03	+3.331e+03	+0.842
22.000	+1.909e+03	+4.015e+03	+5.474e+03	+0.678
22.200	+2.919e+03	+3.055e+03	+5.306e+03	+0.511
22.400	+1.771e+03	+4.182e+03	+5.714e+03	+0.703
22.600	+1.278e+03	+5.256e+03	+7.103e+03	+0.804
22.800	+3.061e+03	+5.904e+03	+7.428e+03	+0.659
23.000	+5.887e+01	+4.109e+03	+5.864e+03	+0.986
23.200	+9.642e+02	+4.852e+03	+6.428e+03	+0.834
23.400	+9.123e+02	+4.130e+03	+5.536e+03	+0.819
23.600	+6.226e+02	+4.481e+03	+5.074e+03	+0.878
23.800	+3.009e+03	+1.012e+03	+4.995e+03	+0.252
24.000	+3.576e+03	+1.334e+03	+6.201e+03	+0.272
24.200	+1.858e+03	+3.251e+03	+4.300e+03	+0.636
24.400	+2.680e+03	+5.665e+03	+6.088e+03	+0.679
24.600	+1.551e+03	+5.453e+03	+6.978e+03	+0.779
24.800	+2.513e+03	+5.177e+03	+6.931e+03	+0.673
25.000	+1.031e+03	+3.091e+03	+3.696e+03	+0.750
25.200	+2.976e+03	+5.359e+03	+6.056e+03	+0.643
25.400	+1.203e+03	+3.677e+03	+6.470e+03	+0.753
25.600	+1.944e+03	+4.800e+03	+6.366e+03	+0.712
25.800	+1.116e+03	+5.932e+03	+4.733e+03	+0.842
26.000	+1.070e+03	+5.553e+03	+5.242e+03	+0.838
26.200	+3.836e+03	+7.520e+02	+4.609e+03	+0.164
26.400	+3.824e+03	+6.939e+02	+4.720e+03	+0.154
26.600	+3.699e+03	+1.595e+03	+6.052e+03	+0.301
26.800	+5.450e+03	+1.329e+03	+4.719e+03	+0.196
27.000	+4.357e+03	+6.996e+02	+4.918e+03	+0.138
27.200	+3.973e+03	+1.066e+03	+5.282e+03	+0.212
27.400	+5.291e+03	+1.437e+03	+6.772e+03	+0.214
27.600	+3.992e+03	-1.518e+02	+6.887e+03	-0.040
27.800	+3.967e+03	+1.349e+03	+4.880e+03	+0.254
28.000	+4.091e+03	+1.856e+03	+4.013e+03	+0.312
28.200	+5.513e+03	+1.068e+03	+7.036e+03	+0.162
28.400	+5.086e+03	+1.042e+03	+5.592e+03	+0.170
