%t (s)	Idd (a.u.)	Ida (a.u.)	Iaa (a.u.)	FRET E
0.000	+4.219e+03	-2.053e+02	+4.944e+03	-0.051
0.200	+3.825e+03	+2.407e+03	+2.802e+03	+0.386
0.400	+4.693e+03	+1.826e+03	+4.339e+03	+0.280
0.600	+4.854e+03	+6.627e+02	+5.681e+03	+0.120
0.800	+4.027e+03	+7.341e+02	+3.954e+03	+0.154
1.000	+4.463e+03	+1.729e+02	+5.511e+03	+0.037
1.200	+3.154e+03	+2.755e+02	+5.829e+03	+0.080
1.400	+4.557e+03	+6.279e+02	+4.950e+03	+0.121
1.600	+5.290e+03	+6.603e+02	+5.387e+03	+0.111
1.800	+4.001e+03	+1.314e+03	+3.377e+03	+0.247
2.000	+4.245e+03	+7.235e+02	+4.401e+03	+0.146
2.200	+4.708e+03	+1.131e+03	+3.759e+03	+0.194
2.400	+3.156e+03	+5.552e+02	+4.606e+03	+0.150
2.600	+5.224e+03	-2.058e+02	+4.338e+03	-0.041
2.800	+5.312e+03	+5.023e+01	+2.834e+03	+0.009
3.000	+4.214e+03	+5.747e+02	+2.456e+03	+0.120
3.200	+4.690e+03	+5.807e+02	+5.478e+03	+0.110
3.400	+4.439e+03	+1.387e+03	+2.826e+03	+0.238
3.600	+3.624e+03	+2.301e+03	+5.457e+03	+0.388
3.800	+3.428e+03	+9.251e+01	+3.693e+03	+0.026
4.000	+3.579e+03	+1.283e+03	+4.190e+03	+0.264
4.200	+5.474e+03	+1.983e+03	+5.507e+03	+0.266
4.400	+3.770e+03	+6.842e+02	+4.907e+03	+0.154
4.600	+4.597e+03	+1.213e+03	+4.663e+03	+0.209
4.800	+3.415e+03	-3.794e+02	+5.742e+03	-0.125
5.000	+4.553e+03	+6.452e+02	+4.721e+03	+0.124
5.200	+4.375e+03	-6.017e+02	+5.133e+03	-0.159
5.400	+4.322e+03	-5.594e+02	+5.032e+03	-0.149
5.600	+5.380e+03	+1.438e+03	+5.332e+03	+0.211
5.800	+3.000e+03	+4.086e+02	+3.387e+03	+0.120
6.000	+5.906e+03	+1.374e+03	+4.814e+03	+0.189
6.200	+2.443e+03	+4.050e+02	+4.478e+03	+0.142
6.400	+5.123e+03	+9.405e+02	+3.495e+03	+0.155
6.600	+3.980e+03	+1.035e+02	+6.038e+03	+0.025
6.800	+3.653e+03	+1.581e+03	+5.498e+03	+0.302
7.000	+5.081e+03	+9.893e+01	+4.222e+03	+0.019
7.200	+4.064e+03	+1.985e+03	+4.917e+03	+0.328
7.400	+4.853e+03	+2.232e+02	+5.664e+03	+0.044
7.600	+4.191e+03	+5.091e+02	+4.184e+03	+0.108
7.800	+3.017e+03	+2.129e+02	+4.388e+03	+0.066
8.000	+3.898e+03	+1.199e+03	+5.322e+03	+0.235
8.200	+4.754e+03	+2.674e+02	+5.729e+03	+0.053
8.400	+5.054e+03	+9.091e+02	+5.568e+03	+0.152
8.600	+4.780e+03	+3.007e+02	+4.812e+03	+0.059
8.800	+4.181e+03	+2.477e+03	+6.262e+03	+0.372
9.000	+2.886e+03	+1.210e+03	+5.876e+03	+0.295
9.200	+1.902e+03	+1.159e+03	+6.136e+03	+0.379
9.400	+4.214e+03	+1.363e+03	+3.885e+03	+0.244
9.600	+4.789e+03	+1.264e+02	+4.533e+03	+0.026
9.800	+4.607e+03	+2.190e+02	+5.197e+03	+0.045
10.000	+4.840e+03	+1.013e+03	+5.192e+03	+0.173
10.200	+3.433e+03	+9.007e+02	+6.035e+03	+0.208
10.400	+3.575e+03	+9.198e+02	+2.963e+03	+0.205
10.600	+3.720e+03	+2.168e+03	+4.073e+03	+0.368
10.800	+2.819e+03	-2.406e+01	+4.303e+03	-0.009
11.000	+3.457e+03	-1.809e+02	+3.453e+03	-0.055
11.200	+3.897e+03	+1.144e+03	+4.646e+03	+0.227
11.400	+3.535e+03	+6.086e+02	+4.451e+03	+0.147
11.600	+2.834e+03	+1.904e+03	+5.862e+03	+0.402
11.800	+2.608e+03	+1.012e+03	+3.933e+03	+0.280
12.000	+5.622e+03	+7.271e+02	+5.406e+03	+0.115
12.200	+4.907e+03	+6.072e+02	+4.903e+03	+0.110
12.400	+4.639e+03	+1.716e+02	+3.305e+03	+0.036
12.600	+4.869e+03	+1.564e+03	+3.252e+03	+0.243
12.800	+4.047e+03	-3.419e+02	+4.898e+03	-0.092
13.000	+3.708e+03	+5.949e+02	+4.831e+03	+0.138
13.200	+5.529e+03	+5.053e+02	+4.268e+03	+0.084
13.400	+4.450e+03	+1.151e+03	+5.696e+03	+0.205
13.600	+4.356e+03	+1.222e+03	+4.896e+03	+0.219
13.800	+2.836e+03	+1.073e+03	+5.297e+03	+0.274
14.000	+4.316e+03	+1.627e+02	+3.024e+03	+0.036
14.200	+4.300e+03	+1.853e+03	+4.027e+03	+0.301
14.400	+3.831e+03	+7.947e+02	+3.801e+03	+0.172
14.600	+3.896e+03	+3.674e+02	+4.691e+03	+0.086
14.800	+5.110e+03	+1.554e+03	+5.787e+03	+0.233
15.000	+4.649e+03	+1.727e+02	+5.840e+03	+0.036
15.200	+3.373e+03	+1.818e+03	+6.710e+03	+0.350
15.400	+3.818e+03	-6.318e+02	+3.794e+03	-0.198
15.600	+3.896e+03	+7.689e+02	+7.215e+03	+0.165
15.800	+4.316e+03	+9.143e+01	+3.998e+03	+0.021
16.000	+2.752e+03	+1.097e+02	+3.723e+03	+0.038
16.200	+2.777e+03	+1.216e+03	+6.991e+03	+0.305
16.400	+4.545e+03	+1.785e+03	+3.410e+03	+0.282
16.600	+3.300e+03	-4.367e+01	+5.687e+03	-0.013
16.800	+4.397e+03	-3.716e+02	+4.974e+03	-0.092
17.000	+5.253e+03	-7.624e+01	+5.989e+03	-0.015
17.200	+4.860e+03	+2.975e+02	+3.319e+03	+0.058
17.400	+4.229e+03	+1.939e+02	+4.816e+03	+0.044
17.600	+5.342e+03	+5.525e+02	+4.262e+03	+0.094
17.800	+4.208e+03	+1.022e+03	+3.388e+03	+0.195
18.000	+3.440e+03	+1.743e+03	+4.380e+03	+0.336
18.200	+4.142e+03	+7.410e+02	+4.650e+03	+0.152
18.400	+4.010e+03	+1.335e+03	+4.288e+03	+0.250
18.600	+3.826e+03	+6.349e+02	+4.349e+03	+0.142
18.800	+4.343e+03	+5.416e+02	+6.584e+03	+0.111
19.000	+4.586e+03	+1.778e+02	+5.516e+03	+0.037
19.200	+5.521e+03	-7.801e+02	+4.040e+03	-0.165
19.400	+2.713e+03	+4.509e+02	+5.373e+03	+0.143
19.600	+2.764e+03	+1.258e+03	+4.037e+03	+0.313
19.800	+4.289e+03	+1.799e+02	+5.749e+03	+0.040
20.000	+4.777e+03	+6.283e+02	+5.117e+03	+0.116
20.200	+5.136e+03	+1.153e+03	+3.373e+03	+0.183
20.400	+3.487e+03	+1.099e+03	+4.285e+03	+0.240
20.600	+3.914e+03	-3.312e+02	+5.876e+03	-0.092
20.800	+4.279e+03	+6.057e+02	+3.450e+03	+0.124
21.000	+2.794e+03	+3.334e+02	+3.610e+03	+0.107
21.200	+3.793e+03	+3.039e+02	+4.957e+03	+0.074
21.400	+3.135e+03	+1.083e+01	+6.432e+03	+0.003
21.600	+2.433e+03	+1.246e+03	+3.965e+03	+0.339
21.800	+3.702e+03	+6.953e+02	+2.278e+03	+0.158
22.000	+5.404e+03	-2.693e+02	+3.768e+03	-0.052
22.200	+4.343e+03	-4.117e+02	+5.074e+03	-0.105
22.400	+4.552e+03	+4.109e+02	+3.605e+03	+0.083
22.600	+4.824e+03	+9.276e+02	+4.337e+03	+0.161
22.800	+3.395e+03	+6.058e+02	+6.554e+03	+0.151
23.000	+5.205e+03	+1.150e+03	+3.439e+03	+0.181
23.200	+4.276e+03	+8.913e+01	+5.291e+03	+0.020
23.400	+3.891e+03	+1.226e+03	+4.637e+03	+0.240
23.600	+4.692e+03	-3.546e+02	+4.380e+03	-0.082
23.800	+4.282e+03	+1.387e+03	+4.560e+03	+0.245
24.000	+3.556e+03	+8.388e+02	+5.497e+03	+0.191
24.200	+5.285e+03	+1.284e+03	+2.893e+03	+0.196
24.400	+3.667e+03	+7.529e+02	+2.640e+03	+0.170
24.600	+4.453e+03	-2.958e+02	+4.789e+03	-0.071
24.800	+4.544e+03	+1.201e+03	+5.207e+03	+0.209
25.000	+4.861e+03	+4.233e+02	+4.797e+03	+0.080
25.200	+4.137e+03	+1.035e+03	+4.879e+03	+0.200
25.400	+4.094e+03	+2.213e+02	+4.897e+03	+0.051
25.600	+4.290e+03	+1.055e+03	+6.796e+03	+0.197
25.800	+3.842e+03	+1.022e+03	+4.112e+03	+0.210
26.000	+3.116e+03	+3.464e+02	+3.830e+03	+0.100
26.200	+4.207e+03	+1.087e+03	+3.430e+03	+0.205
26.400	+4.181e+03	+1.421e+03	+4.929e+03	+0.254
26.600	+3.359e+03	+8.367e+02	+3.505e+03	+0.199
26.800	+4.570e+03	-2.822e+02	+2.155e+03	-0.066
27.000	+4.694e+03	-9.110e+02	+4.970e+03	-0.241
27.200	+4.393e+03	-1.543e+02	+3.849e+03	-0.036
27.400	+5.315e+03	+8.723e+02	+5.342e+03	+0.141
27.600	+4.550e+03	+1.410e+03	+4.643e+03	+0.237
27.800	+5.356e+03	+1.447e+03	+3.848e+03	+0.213
28.000	+4.354e+03	+1.335e+02	+4.855e+03	+0.030
28.200	+4.507e+03	-8.404e+01	+2.871e+03	-0.019
28.400	+4.936e+03	+1.450e+03	+5.548e+03	+0.227
28.600	+3.688e+03	+1.246e+03	+4.366e+03	+0.253
28.800	+4.040e+03	+1.237e+03	+4.599e+03	+0.234
29.000	+5.840e+03	+5.715e+02	+6.150e+03	+0.089
29.200	+4.307e+03	+2.853e+02	+4.753e+03	+0.062
29.400	+4.081e+03	+1.419e+03	+5.246e+03	+0.258
29.600	+4.318e+03	+5.681e+02	+5.144e+03	+0.116
29.800	+4.543e+03	+2.124e+03	+3.224e+03	+0.319
30.000	+3.705e+03	+2.670e+02	+3.673e+03	+0.067
30.200	+4.069e+03	+4.485e+02	+3.985e+03	+0.099
30.400	+3.835e+03	+9.261e+02	+6.526e+03	+0.194
30.600	+3.693e+03	-5.521e+02	+5.897e+03	-0.176
30.800	+4.320e+03	+1.048e+03	+4.288e+03	+0.195
31.000	+5.468e+03	+4.227e+02	+5.423e+03	+0.072
31.200	+5.034e+03	+1.026e+03	+4.449e+03	+0.169
31.400	+3.897e+03	+3.799e+01	+5.112e+03	+0.010
31.600	+4.568e+03	+4.146e+02	+4.071e+03	+0.083
31.800	+3.570e+03	+1.521e+03	+4.251e+03	+0.299
32.000	+3.517e+03	+1.545e+02	+5.218e+03	+0.042
32.200	+2.688e+03	+6.709e+02	+3.067e+03	+0.200
32.400	+3.095e+03	+3.249e+02	+5.533e+03	+0.095
32.600	+4.387e+03	+1.279e+03	+7.139e+03	+0.226
32.800	+3.463e+03	+4.082e+02	+5.774e+03	+0.105
33.000	+4.403e+03	+6.183e+02	+5.130e+03	+0.123
33.200	+4.600e+03	+3.066e+02	+4.068e+03	+0.062
33.400	+3.824e+03	+3.591e+02	+3.734e+03	+0.086
33.600	+3.246e+03	+8.091e+02	+5.006e+03	+0.200
33.800	+5.239e+03	+6.413e+02	+4.685e+03	+0.109
34.000	+4.894e+03	+8.929e+02	+4.173e+03	+0.154
34.200	+4.619e+03	-4.366e+02	+3.300e+03	-0.104
34.400	+3.752e+03	+4.022e+02	+4.016e+03	+0.097
34.600	+4.680e+03	+1.050e+03	+3.575e+03	+0.183
34.800	+4.196e+03	-2.333e+02	+5.801e+03	-0.059
35.000	+4.405e+03	+1.049e+03	+3.578e+03	+0.192
35.200	+5.219e+03	+1.361e+03	+4.224e+03	+0.207
35.400	+4.953e+03	+1.080e+03	+5.668e+03	+0.179
35.600	+5.910e+03	-2.219e+02	+3.044e+03	-0.039
35.800	+4.559e+03	+5.846e+02	+4.908e+03	+0.114
36.000	+5.087e+03	+1.589e+03	+4.858e+03	+0.238
36.200	+3.442e+03	+9.084e+02	+5.944e+03	+0.209
36.400	+4.080e+03	+3.249e+02	+4.485e+03	+0.074
36.600	+4.946e+03	+1.725e+03	+6.555e+03	+0.259
36.800	+3.073e+03	+1.235e+03	+3.019e+03	+0.287
37.000	+4.322e+03	+9.349e+02	+4.112e+03	+0.178
37.200	+4.660e+03	+7.775e+02	+3.818e+03	+0.143
37.400	+3.379e+03	+1.159e+03	+4.634e+03	+0.255
37.600	+5.104e+03	+1.626e+03	+5.170e+03	+0.242
37.800	+4.074e+03	+7.219e+02	+4.145e+03	+0.151
38.000	+3.390e+03	+1.014e+03	+5.534e+03	+0.230
38.200	+4.901e+03	+1.681e+03	+3.838e+03	+0.255
38.400	+3.012e+03	+1.307e+03	+3.411e+03	+0.303
38.600	+3.008e+03	-2.912e+02	+6.243e+03	-0.107
38.800	+3.703e+03	+1.401e+03	+5.372e+03	+0.274
39.000	+3.960e+03	+1.359e+03	+3.834e+03	+0.255
39.200	+4.295e+03	+1.576e+03	+2.982e+03	+0.268
39.400	+4.875e+03	+1.009e+02	+3.833e+03	+0.020
39.600	+2.647e+03	+1.198e+03	+6.448e+03	+0.312
39.800	+4.577e+03	+8.304e+02	+4.637e+03	+0.154
40.000	+3.343e+03	+9.726e+02	+4.564e+03	+0.225
40.200	+4.422e+03	+1.120e+03	+4.061e+03	+0.202
40.400	+4.506e+03	+5.976e+02	+3.737e+03	+0.117
40.600	+4.199e+03	+8.481e+02	+4.804e+03	+0.168
40.800	+4.394e+03	-7.599e+01	+5.731e+03	-0.018
41.000	+5.646e+03	+3.707e+02	+5.499e+03	+0.062
41.200	+3.259e+03	-2.911e+02	+4.961e+03	-0.098
41.400	+3.124e+03	+7.467e+02	+4.342e+03	+0.193
41.600	+5.823e+03	+1.020e+03	+5.666e+03	+0.149
41.800	+4.492e+03	+6.181e+02	+4.297e+03	+0.121
42.000	+6.024e+03	+4.752e+02	+4.043e+03	+0.073
42.200	+4.658e+03	+7.455e+01	+2.517e+03	+0.016
42.400	+5.568e+03	+1.192e+03	+5.488e+03	+0.176
42.600	+5.169e+03	+1.470e+03	+4.068e+03	+0.221
42.800	+3.451e+03	+9.475e+02	+3.666e+03	+0.215
43.000	+4.495e+03	+6.562e+02	+5.363e+03	+0.127
43.200	+5.199e+03	+3.931e+02	+4.344e+03	+0.070
43.400	+3.894e+03	+8.804e+02	+3.866e+03	+0.184
43.600	+6.088e+03	+3.330e+02	+2.505e+03	+0.052
43.800	+4.873e+03	+1.448e+03	+5.420e+03	+0.229
44.000	+4.960e+03	+6.853e+02	+3.587e+03	+0.121
44.200	+3.616e+03	+1.098e+03	+4.395e+03	+0.233
44.400	+4.144e+03	+5.312e+02	+6.007e+03	+0.114
44.600	+3.467e+03	-9.364e+01	+5.608e+03	-0.028
44.800	+3.335e+03	+3.240e+02	+4.788e+03	+0.089
45.000	+4.691e+03	-6.894e+02	+4.569e+03	-0.172
45.200	+3.612e+03	+3.429e+02	+5.031e+03	+0.087
45.400	+5.473e+03	+3.000e+02	+6.391e+03	+0.052
45.600	+3.877e+03	+7.806e+02	+5.085e+03	+0.168
45.800	+4.188e+03	+3.944e+02	+4.763e+03	+0.086
46.000	+2.335e+03	+5.118e+02	+4.098e+03	+0.180
46.200	+3.801e+03	-1.735e+02	+5.099e+03	-0.048
46.400	+4.671e+03	+7.879e+02	+3.602e+03	+0.144
46.600	+5.681e+03	-1.734e+02	+5.817e+03	-0.031
46.800	+3.910e+03	+7.206e+02	+3.945e+03	+0.156
47.000	+4.440e+03	+1.916e+01	+4.823e+03	+0.004
47.200	+4.168e+03	+1.057e+03	+4.225e+03	+0.202
47.400	+5.123e+03	+6.164e+02	+3.966e+03	+0.107
47.600	+3.509e+03	-2.680e+02	+3.421e+03	-0.083
47.800	+3.535e+03	+4.209e+02	+3.844e+03	+0.106
48.000	+3.771e+03	+1.327e+03	+6.298e+03	+0.260
48.200	+3.829e+03	+1.373e+03	+3.995e+03	+0.264
48.400	+3.758e+03	+4.411e+02	+4.478e+03	+0.105
48.600	+4.216e+03	+5.040e+02	+3.513e+03	+0.107
48.800	+4.502e+03	+1.477e+03	+4.096e+03	+0.247
49.000	+4.277e+03	-3.014e+01	+4.240e+03	-0.007
49.200	+3.476e+03	+1.803e+03	+5.628e+03	+0.342
49.400	+4.953e+03	+3.762e+02	+3.687e+03	+0.071
49.600	+4.569e+03	-5.793e+02	+6.083e+03	-0.145
49.800	+4.171e+03	-2.677e+02	+3.635e+03	-0.069
50.000	+4.004e+03	+4.162e+02	+6.643e+03	+0.094
50.200	+3.653e+03	-1.300e+01	+3.820e+03	-0.004
50.400	+3.053e+03	+9.325e+02	+3.926e+03	+0.234
50.600	+4.356e+03	+1.022e+03	+4.851e+03	+0.190
50.800	+4.093e+03	+3.565e+02	+5.453e+03	+0.080
51.000	+3.525e+03	+1.512e+03	+4.825e+03	+0.300
51.200	+4.175e+03	+1.193e+03	+3.109e+03	+0.222
51.400	+5.502e+03	+3.680e+02	+3.356e+03	+0.063
51.600	+5.186e+03	+1.126e+03	+4.932e+03	+0.178
51.800	+3.372e+03	+1.641e+03	+5.820e+03	+0.327
52.000	+3.834e+03	+3.285e+02	+5.823e+03	+0.079
52.200	+5.867e+03	-1.087e+03	+5.286e+03	-0.227
52.400	+3.563e+03	-4.215e+02	+2.908e+03	-0.134
52.600	+3.676e+03	+1.208e+03	+4.528e+03	+0.247
52.800	+3.815e+03	+9.101e+02	+3.475e+03	+0.193
53.000	+5.312e+03	-8.193e+01	+3.865e+03	-0.016
53.200	+3.653e+03	+4.652e+02	+5.905e+03	+0.113
53.400	+2.842e+03	+9.055e+02	+4.819e+03	+0.242
53.600	+4.166e+03	+8.582e+02	+6.050e+03	+0.171
53.800	+4.243e+03	+1.487e+03	+4.052e+03	+0.259
54.000	+3.119e+03	+3.391e+02	+4.987e+03	+0.098
54.200	+3.929e+03	+5.967e+02	+5.202e+03	+0.132
54.400	+4.401e+03	-5.431e+02	+4.582e+03	-0.141
54.600	+5.046e+03	-6.009e+02	+3.417e+03	-0.135
54.800	+5.014e+03	+3.727e+02	+3.984e+03	+0.069
55.000	+4.596e+03	+7.604e+02	+4.459e+03	+0.142
55.200	+5.092e+03	+1.107e+03	+4.304e+03	+0.179
55.400	+4.347e+03	+3.416e+02	+3.552e+03	+0.073
55.600	+3.402e+03	+5.670e+02	+4.493e+03	+0.143
55.800	+4.410e+03	-2.531e+02	+5.838e+03	-0.061
56.000	+3.200e+03	+1.006e+03	+3.892e+03	+0.239
56.200	+4.631e+03	+1.248e+03	+5.651e+03	+0.212
56.400	+4.317e+03	+5.049e+02	+3.620e+03	+0.105
56.600	+4.363e+03	+1.434e+03	+2.163e+03	+0.247
56.800	+5.602e+03	+1.473e+03	+5.033e+03	+0.208
57.000	+5.543e+03	-4.604e+02	+4.505e+03	-0.091
57.200	+4.948e+03	+7.798e+02	+3.324e+03	+0.136
57.400	+3.455e+03	+7.812e+02	+4.743e+03	+0.184
57.600	+4.023e+03	+2.337e+02	+4.690e+03	+0.055
57.800	+5.071e+03	+8.001e+02	+3.787e+03	+0.136
58.000	+4.522e+03	+1.110e+03	+2.993e+03	+0.197
58.200	+2.727e+03	+4.072e+02	+4.127e+03	+0.130
58.400	+3.092e+03	+1.241e+03	+5.202e+03	+0.286
58.600	+3.808e+03	+7.486e+02	+3.987e+03	+0.164
58.800	+4.686e+03	+9.801e+02	+6.000e+03	+0.173
59.000	+4.632e+03	+1.453e+03	+3.372e+03	+0.239
59.200	+4.376e+03	+9.996e+02	+3.772e+03	+0.186
59.400	+3.234e+03	+1.285e+03	+5.046e+03	+0.284
59.600	+2.677e+03	+1.101e+03	+5.963e+03	+0.291
59.800	+4.405e+03	-2.794e+02	+4.679e+03	-0.068
60.000	+3.528e+03	+1.810e+03	+4.924e+03	+0.339
60.200	+3.273e+03	+1.845e+02	+3.306e+03	+0.053
60.400	+4.194e+03	+1.127e+03	+4.837e+03	+0.212
60.600	+4.613e+03	+1.267e+03	+5.472e+03	+0.216
60.800	+4.710e+03	+1.719e+03	+4.812e+03	+0.267
61.000	+3.109e+03	+1.233e+03	+3.567e+03	+0.284
61.200	+4.325e+03	+3.209e+02	+5.920e+03	+0.069
61.400	+3.790e+03	+5.374e+02	+4.323e+03	+0.124
61.600	+4.962e+03	+9.005e+02	+6.182e+03	+0.154
61.800	+4.293e+03	+9.839e+02	+5.210e+03	+0.186
62.000	+3.894e+03	+1.119e+03	+4.589e+03	+0.223
62.200	+3.408e+03	-3.609e+02	+4.818e+03	-0.118
62.400	+4.051e+03	+7.274e+02	+2.129e+03	+0.152
62.600	+3.493e+03	+4.311e+02	+5.183e+03	+0.110
62.800	+5.158e+03	+6.622e+02	+3.466e+03	+0.114
63.000	+4.182e+03	+8.915e+02	+5.756e+03	+0.176
63.200	+2.456e+03	+1.318e+03	+3.836e+03	+0.349
63.400	+4.235e+03	+4.047e+02	+3.397e+03	+0.087
63.600	+5.099e+03	+2.884e+02	+5.073e+03	+0.054
63.800	+3.968e+03	+1.089e+03	+3.763e+03	+0.215
64.000	+3.653e+03	-3.176e+02	+6.047e+03	-0.095
64.200	+2.833e+03	+1.221e+03	+4.942e+03	+0.301
64.400	+3.156e+03	+1.003e+03	+3.519e+03	+0.241
64.600	+4.358e+03	-1.536e+02	+5.391e+03	-0.037
64.800	+2.997e+03	-1.466e+02	+4.358e+03	-0.051
65.000	+3.242e+03	+8.061e+02	+4.912e+03	+0.199
65.200	+6.929e+03	+1.189e+03	+4.418e+03	+0.147
65.400	+3.526e+03	+3.455e+02	+5.580e+03	+0.089
65.600	+4.332e+03	+1.224e+03	+4.056e+03	+0.220
65.800	+3.870e+03	+9.047e+02	+4.265e+03	+0.189
66.000	+4.569e+03	+1.327e+03	+3.804e+03	+0.225
66.200	+4.762e+03	+1.324e+03	+4.598e+03	+0.217
66.400	+4.848e+03	+1.243e+03	+3.307e+03	+0.204
66.600	+3.068e+03	+1.168e+02	+3.571e+03	+0.037
66.800	+3.828e+03	+7.672e+02	+5.715e+03	+0.167
67.000	+4.960e+03	+4.922e+02	+4.948e+03	+0.090
67.200	+2.656e+03	+4.165e+02	+3.873e+03	+0.136
67.400	+5.927e+03	+3.024e+02	+6.947e+03	+0.049
67.600	+3.223e+03	+1.315e+03	+5.231e+03	+0.290
67.800	+4.554e+03	+6.115e+02	+5.317e+03	+0.118
68.000	+4.773e+03	+6.200e+02	+4.994e+03	+0.115
68.200	+3.326e+03	+1.360e+02	+2.093e+03	+0.039
68.400	+3.573e+03	+8.752e+02	+2.902e+03	+0.197
68.600	+4.594e+03	+6.037e+02	+3.397e+03	+0.116
68.800	+4.986e+03	+5.774e+02	+4.803e+03	+0.104
69.000	+4.006e+03	+1.270e+03	+3.618e+03	+0.241
69.200	+3.423e+03	+5.285e+02	+4.622e+03	+0.134
69.400	+4.866e+03	+1.785e+03	+3.844e+03	+0.268
69.600	+3.929e+03	-3.672e+02	+4.112e+03	-0.103
69.800	+6.051e+03	+1.038e+03	+4.465e+03	+0.146
70.000	+3.799e+03	+1.162e+03	+3.580e+03	+0.234
70.200	+3.175e+03	+3.376e+02	+5.258e+03	+0.096
70.400	+5.278e+03	+9.978e+02	+4.283e+03	+0.159
70.600	+4.788e+03	+1.301e+03	+5.164e+03	+0.214
70.800	+3.233e+03	+7.275e+02	+3.095e+03	+0.184
71.000	+4.310e+03	+3.704e+02	+4.682e+03	+0.079
71.200	+4.537e+03	+1.177e+02	+5.449e+03	+0.025
71.400	+5.751e+03	-8.152e+02	+3.537e+03	-0.165
71.600	+2.883e+03	+1.588e+03	+2.891e+03	+0.355
71.800	+3.235e+03	+1.426e+03	+4.652e+03	+0.306
72.000	+3.570e+03	+1.427e+03	+4.474e+03	+0.286
72.200	+4.824e+03	+1.313e+03	+4.543e+03	+0.214
72.400	+3.713e+03	+1.527e+03	+6.014e+03	+0.291
72.600	+4.100e+03	+7.086e+02	+1.599e+03	+0.147
72.800	+2.750e+03	+1.285e+03	+3.868e+03	+0.318
73.000	+3.956e+03	+7.844e+02	+5.543e+03	+0.165
73.200	+4.100e+03	-3.549e+02	+6.179e+03	-0.095
73.400	+5.712e+03	+8.580e+02	+5.536e+03	+0.131
73.600	+4.826e+03	+4.647e+02	+5.341e+03	+0.088
73.800	+4.292e+03	+5.078e+02	+5.500e+03	+0.106
74.000	+4.261e+03	+9.344e+02	+5.171e+03	+0.180
74.200	+4.393e+03	+4.900e+02	+4.997e+03	+0.100
74.400	+5.453e+03	-2.268e+02	+4.657e+03	-0.043
74.600	+4.129e+03	+4.395e+01	+4.895e+03	+0.011
74.800	+4.131e+03	+5.162e+02	+3.835e+03	+0.111
75.000	+4.247e+03	+6.763e+02	+5.455e+03	+0.137
75.200	+4.250e+03	+5.857e+02	+4.664e+03	+0.121
75.400	+3.902e+03	-5.739e+02	+6.438e+03	-0.172
75.600	+4.673e+03	+9.413e+02	+5.970e+03	+0.168
75.800	+3.452e+03	+5.416e+02	+5.039e+03	+0.136
76.000	+3.889e+03	+4.223e+00	+5.439e+03	+0.001
76.200	+3.973e+03	+1.199e+03	+2.732e+03	+0.232
76.400	+3.005e+03	+6.230e+02	+5.362e+03	+0.172
76.600	+3.884e+03	+2.674e+03	+4.466e+03	+0.408
76.800	+4.420e+03	+7.753e+02	+5.192e+03	+0.149
77.000	+4.258e+03	+1.276e+03	+4.931e+03	+0.231
77.200	+4.702e+03	+5.622e+02	+4.386e+03	+0.107
77.400	+3.860e+03	+1.166e+03	+5.251e+03	+0.232
77.600	+4.827e+03	+5.547e+02	+6.278e+03	+0.103
77.800	+4.004e+03	+7.829e+02	+4.703e+03	+0.164
78.000	+4.835e+03	+1.000e+02	+4.712e+03	+0.020
78.200	+2.130e+03	+4.880e+02	+4.808e+03	+0.186
78.400	+4.742e+03	+3.269e+02	+3.906e+03	+0.064
78.600	+3.930e+03	+9.247e+02	+6.233e+03	+0.190
78.800	+3.335e+03	+1.122e+03	+4.568e+03	+0.252
79.000	+4.278e+03	+4.210e+02	+4.969e+03	+0.090
79.200	+3.970e+03	+1.979e+03	+3.527e+03	+0.333
79.400	+3.854e+03	-4.641e+02	+4.884e+03	-0.137
79.600	+3.187e+03	+3.670e+02	+4.227e+03	+0.103
79.800	+2.674e+03	+1.697e+02	+5.209e+03	+0.060
80.000	+4.291e+03	+2.550e+02	+6.424e+03	+0.056
80.200	+4.414e+03	+1.160e+03	+4.740e+03	+0.208
80.400	+4.580e+03	+3.018e+02	+3.738e+03	+0.062
80.600	+5.183e+03	+1.196e+03	+5.584e+03	+0.188
80.800	+4.387e+03	-5.927e+01	+3.643e+03	-0.014
81.000	+3.491e+03	+2.256e+02	+3.926e+03	+0.061
81.200	+3.849e+03	+1.622e+03	+4.708e+03	+0.296
81.400	+4.135e+03	+3.324e+02	+6.259e+03	+0.074
81.600	+4.991e+03	+6.565e+02	+2.503e+03	+0.116
81.800	+5.595e+03	+7.379e+02	+4.440e+03	+0.117
82.000	+2.812e+03	+5.989e+02	+4.951e+03	+0.176
82.200	+4.788e+03	+2.466e+02	+4.884e+03	+0.049
82.400	+3.566e+03	-1.808e+02	+4.666e+03	-0.053
82.600	+5.455e+03	-8.267e+01	+4.927e+03	-0.015
82.800	+5.972e+03	+3.696e+02	+3.579e+03	+0.058
83.000	+4.295e+03	+7.260e+02	+5.109e+03	+0.145
83.200	+4.547e+03	+3.601e+02	+5.839e+03	+0.073
83.400	+4.748e+03	-2.855e+02	+5.253e+03	-0.064
83.600	+3.864e+03	+7.065e+02	+5.011e+03	+0.155
83.800	+4.775e+03	+1.567e+02	+5.546e+03	+0.032
84.000	+3.896e+03	+6.372e+02	+5.241e+03	+0.141
84.200	+4.365e+03	+4.225e+02	+5.141e+03	+0.088
84.400	+4.411e+03	+3.472e+02	+5.723e+03	+0.073
84.600	+5.031e+03	+5.742e+02	+5.212e+03	+0.102
84.800	+4.079e+03	+9.957e+01	+5.427e+03	+0.024
85.000	+2.333e+03	+7.360e+02	+5.939e+03	+0.240
85.200	+3.540e+03	-3.593e+02	+4.051e+03	-0.113
85.400	+4.037e+03	+3.365e+02	+5.034e+03	+0.077
85.600	+4.504e+03	+1.342e+03	+3.712e+03	+0.230
85.800	+2.640e+03	+6.802e+01	+4.448e+03	+0.025
86.000	+4.865e+03	+3.052e+02	+4.517e+03	+0.059
86.200	+4.354e+03	+6.647e+01	+4.138e+03	+0.015
86.400	+4.362e+03	-3.461e+02	+3.461e+03	-0.086
86.600	+3.932e+03	+1.561e+03	+3.920e+03	+0.284
86.800	+5.101e+03	+1.377e+03	+3.798e+03	+0.213
87.000	+4.435e+03	+3.858e+02	+6.954e+03	+0.080
87.200	+5.653e+03	+4.073e+02	+4.726e+03	+0.067
87.400	+3.588e+03	+1.374e+03	+5.460e+03	+0.277
87.600	+4.590e+03	+7.483e+02	+6.320e+03	+0.140
87.800	+1.981e+03	+7.245e+02	+3.067e+03	+0.268
88.000	+5.263e+03	+5.782e+02	+5.693e+03	+0.099
88.200	+4.820e+03	+1.910e+03	+7.379e+03	+0.284
88.400	+4.088e+03	+9.575e+02	+2.488e+03	+0.190
88.600	+4.822e+03	+2.651e+02	+4.812e+03	+0.052
88.800	+3.865e+03	+4.609e+02	+2.997e+03	+0.107
89.000	+4.133e+03	+9.017e+01	+6.207e+03	+0.021
89.200	+3.909e+03	-1.808e+02	+5.424e+03	-0.048
89.400	+2.486e+03	+2.571e+02	+5.647e+03	+0.094
89.600	+3.379e+03	+7.959e+02	+4.102e+03	+0.191
89.800	+1.938e+03	+1.210e+03	+4.668e+03	+0.384
90.000	+3.662e+03	+6.028e+02	+2.110e+03	+0.141
90.200	+4.456e+03	+1.525e+03	+5.870e+03	+0.255
90.400	+5.582e+03	+1.321e+02	+3.266e+03	+0.023
90.600	+4.683e+03	+1.774e+02	+3.527e+03	+0.036
90.800	+5.020e+03	+6.375e+02	+4.562e+03	+0.113
91.000	+4.996e+03	+9.164e+02	+3.747e+03	+0.155
91.200	+2.533e+03	+6.326e+02	+4.151e+03	+0.200
91.400	+3.682e+03	+1.672e+03	+3.326e+03	+0.312
91.600	+3.393e+03	+9.838e+02	+3.538e+03	+0.225
91.800	+3.597e+03	-1.356e+02	+7.428e+03	-0.039
92.000	+5.073e+03	-4.270e+02	+2.683e+03	-0.092
92.200	+5.277e+03	+8.076e+02	+6.703e+03	+0.133
92.400	+5.263e+03	+3.853e+02	+3.849e+03	+0.068
92.600	+3.664e+03	+1.162e+03	+5.599e+03	+0.241
92.800	+4.680e+03	+7.565e+02	+3.614e+03	+0.139
93.000	+3.158e+03	+1.652e+03	+5.744e+03	+0.343
93.200	+4.036e+03	+1.762e+03	+4.537e+03	+0.304
93.400	+2.401e+03	+6.770e+02	+6.620e+03	+0.220
93.600	+4.541e+03	+1.098e+03	+5.962e+03	+0.195
93.800	+3.020e+03	+1.179e+03	+5.258e+03	+0.281
94.000	+4.636e+03	-3.383e+02	+5.527e+03	-0.079
94.200	+3.045e+03	-2.342e+02	+3.448e+03	-0.083
94.400	+2.342e+03	+9.523e+02	+4.067e+03	+0.289
94.600	+4.301e+03	+8.089e+02	+6.114e+03	+0.158
94.800	+4.522e+03	+8.931e+02	+5.059e+03	+0.165
95.000	+4.385e+03	+1.464e+03	+5.020e+03	+0.250
95.200	+4.798e+03	+5.561e+02	+4.458e+03	+0.104
95.400	+5.354e+03	+6.082e+02	+5.740e+03	+0.102
95.600	+3.979e+03	+4.738e+02	+4.337e+03	+0.106
95.800	+5.856e+03	+7.251e+02	+3.970e+03	+0.110
96.000	+4.753e+03	+9.215e+02	+3.607e+03	+0.162
96.200	+3.645e+03	+5.192e+02	+5.092e+03	+0.125
96.400	+4.629e+03	+1.529e+02	+3.488e+03	+0.032
96.600	+2.536e+03	-1.500e+03	+4.059e+03	-1.448
96.800	+4.934e+03	+3.807e+02	+5.709e+03	+0.072
97.000	+3.175e+03	+7.351e+02	+4.298e+03	+0.188
97.200	+3.083e+03	-1.267e+02	+4.932e+03	-0.043
97.400	+3.367e+03	+1.004e+03	+2.871e+03	+0.230
97.600	+4.552e+03	+4.850e+02	+5.882e+03	+0.096
97.800	+5.126e+03	+9.389e+02	+4.010e+03	+0.155
98.000	+4.879e+03	+9.042e+01	+3.292e+03	+0.018
98.200	+6.521e+03	+1.374e+03	+4.828e+03	+0.174
98.400	+4.114e+03	+2.491e+02	+3.761e+03	+0.057
98.600	+4.189e+03	+1.376e+03	+5.510e+03	+0.247
98.800	+3.640e+03	+6.142e+02	+3.699e+03	+0.144
99.000	+4.323e+03	+4.722e+02	+3.939e+03	+0.098
99.200	+3.582e+03	-8.138e+01	+4.280e+03	-0.023
99.400	+4.437e+03	-1.981e+01	+3.239e+03	-0.004
99.600	+2.755e+03	+1.671e+03	+6.738e+03	+0.377
99.800	+5.497e+03	+3.978e+01	+5.118e+03	+0.007
100.000	+3.066e+03	+1.640e+03	+5.615e+03	+0.349
100.200	+4.656e+03	+1.244e+03	+5.204e+03	+0.211
100.400	+3.954e+03	+9.370e+02	+4.786e+03	+0.192
100.600	+4.927e+03	+1.041e+03	+3.583e+03	+0.174
100.800	+4.474e+03	+3.746e+02	+5.646e+03	+0.077
101.000	+6.002e+03	+1.274e+03	+3.039e+03	+0.175
101.200	+4.695e+03	+2.173e+03	+3.962e+03	+0.316
101.400	+5.636e+03	+5.397e+02	+4.285e+03	+0.087
101.600	+5.275e+03	+1.115e+03	+6.232e+03	+0.174
101.800	+3.121e+03	+1.252e+03	+4.816e+03	+0.286
102.000	+4.012e+03	+4.567e+02	+4.643e+03	+0.102
102.200	+4.799e+03	+6.821e+02	+5.588e+03	+0.124
102.400	+4.860e+03	+8.864e+02	+5.627e+03	+0.154
102.600	+3.881e+03	+1.594e+03	+5.529e+03	+0.291
102.800	+2.970e+03	+6.287e+02	+3.855e+03	+0.175
103.000	+5.565e+03	+1.311e+03	+4.246e+03	+0.191
103.200	+3.741e+03	+7.468e+00	+4.758e+03	+0.002
103.400	+5.573e+03	-1.096e+02	+3.940e+03	-0.020
103.600	+4.655e+03	-2.626e+02	+3.247e+03	-0.060
103.800	+3.824e+03	-1.652e+02	+4.383e+03	-0.045
104.000	+4.768e+03	+3.425e+02	+3.915e+03	+0.067
104.200	+4.042e+03	+3.286e+02	+3.990e+03	+0.075
104.400	+4.686e+03	+8.063e+02	+3.310e+03	+0.147
104.600	+2.444e+03	+9.444e+02	+3.968e+03	+0.279
104.800	+4.307e+03	+8.164e+02	+4.603e+03	+0.159
105.000	+6.367e+03	+9.521e+02	+4.532e+03	+0.130
105.200	+3.730e+03	-3.498e+02	+4.656e+03	-0.103
105.400	+4.308e+03	+1.246e+03	+3.592e+03	+0.224
105.600	+3.435e+03	-5.753e+01	+4.390e+03	-0.017
105.800	+2.700e+03	+8.278e+02	+5.265e+03	+0.235
106.000	+3.932e+03	+4.151e+02	+3.819e+03	+0.096
106.200	+2.936e+03	+7.300e+02	+6.955e+03	+0.199
106.400	+1.888e+03	+2.371e+02	+4.942e+03	+0.112
106.600	+4.817e+03	+4.656e+02	+3.330e+03	+0.088
106.800	+3.190e+03	+1.004e+03	+5.737e+03	+0.239
107.000	+3.287e+03	+1.293e+03	+4.071e+03	+0.282
107.200	+6.022e+03	+4.269e+02	+4.988e+03	+0.066
107.400	+4.141e+03	+5.132e+02	+3.839e+03	+0.110
107.600	+3.783e+03	+1.314e+03	+4.091e+03	+0.258
107.800	+4.400e+03	+5.351e+02	+2.814e+03	+0.108
108.000	+5.057e+03	+1.128e+03	+4.452e+03	+0.182
108.200	+4.467e+03	+1.024e+03	+3.343e+03	+0.187
108.400	+4.272e+03	+1.310e+03	+5.760e+03	+0.235
108.600	+5.901e+03	+1.216e+03	+5.457e+03	+0.171
108.800	+4.087e+03	+1.323e+03	+6.189e+03	+0.245
109.000	+4.824e+03	-2.444e+02	+6.923e+03	-0.053
109.200	+3.217e+03	+2.339e+02	+4.503e+03	+0.068
109.400	+3.026e+03	+1.349e+03	+5.048e+03	+0.308
109.600	+4.837e+03	-1.040e+02	+5.008e+03	-0.022
109.800	+3.869e+03	+1.140e+03	+4.935e+03	+0.228
110.000	+4.629e+03	+9.967e+02	+5.150e+03	+0.177
110.200	+5.030e+03	+8.450e+02	+3.706e+03	+0.144
110.400	+3.638e+03	+1.196e+01	+4.904e+03	+0.003
110.600	+4.673e+03	+9.563e+02	+6.793e+03	+0.170
110.800	+4.503e+03	+1.939e+03	+3.767e+03	+0.301
111.000	+4.107e+03	+7.449e+02	+7.106e+03	+0.154
111.200	+3.910e+03	+1.780e+02	+4.475e+03	+0.044
111.400	+3.776e+03	+4.865e+02	+5.952e+03	+0.114
111.600	+4.860e+03	+5.192e+02	+5.047e+03	+0.097
111.800	+4.461e+03	-1.166e+02	+4.184e+03	-0.027
112.000	+4.831e+03	+1.376e+03	+1.694e+03	+0.222
112.200	+4.679e+03	+1.074e+03	+3.432e+03	+0.187
112.400	+4.456e+03	+2.185e+03	+5.430e+03	+0.329
112.600	+4.957e+03	+5.970e+02	+3.181e+03	+0.107
112.800	+3.165e+03	+8.695e+02	+5.223e+03	+0.216
113.000	+4.802e+03	+1.114e+03	+4.639e+03	+0.188
113.200	+4.889e+03	+1.103e+03	+5.262e+03	+0.184
113.400	+3.426e+03	+8.884e+02	+5.076e+03	+0.206
113.600	+3.826e+03	+6.553e+02	+6.071e+03	+0.146
113.800	+5.228e+03	+1.414e+03	+4.775e+03	+0.213
114.000	+4.384e+03	+7.415e+02	+3.223e+03	+0.145
114.200	+5.060e+03	+1.281e+03	+3.692e+03	+0.202
114.400	+3.084e+03	+6.515e+02	+4.407e+03	+0.174
114.600	+4.529e+03	+2.324e+03	+6.813e+03	+0.339
114.800	+3.061e+03	+5.896e+02	+7.957e+03	+0.162
115.000	+3.178e+03	+1.484e+03	+5.968e+03	+0.318
115.200	+2.888e+03	+1.443e+03	+5.500e+03	+0.333
115.400	+3.753e+03	+3.880e+02	+3.756e+03	+0.094
115.600	+3.576e+03	+1.138e+03	+4.806e+03	+0.241
115.800	+4.148e+03	+1.285e+03	+5.354e+03	+0.237
116.000	+2.891e+03	+1.143e+03	+3.877e+03	+0.283
116.200	+4.307e+03	+7.762e+02	+3.956e+03	+0.153
116.400	+2.875e+03	+1.225e+03	+3.380e+03	+0.299
116.600	+3.390e+03	+5.147e+02	+3.672e+03	+0.132
116.800	+3.145e+03	+2.949e+02	+7.351e+02	+0.086
117.000	+4.041e+03	+1.009e+03	+4.159e+03	+0.200
117.200	+5.169e+03	+5.339e+02	+4.856e+03	+0.094
117.400	+3.388e+03	+3.223e+02	+3.828e+03	+0.087
117.600	+5.257e+03	+3.637e+02	+4.694e+03	+0.065
117.800	+4.391e+03	+1.559e+03	+2.882e+03	+0.262
118.000	+3.311e+03	+3.886e+02	+4.299e+03	+0.105
118.200	+4.406e+03	+1.457e+03	+5.357e+03	+0.249
118.400	+4.041e+03	+1.204e+03	+4.667e+03	+0.230
118.600	+3.800e+03	+5.306e+02	+5.920e+03	+0.123
118.800	+3.410e+03	+2.772e+02	+6.999e+03	+0.075
119.000	+3.689e+03	-3.194e+01	+3.426e+03	-0.009
119.200	+1.714e+03	+6.728e+02	+4.176e+03	+0.282
119.400	+3.874e+03	+6.034e+02	+2.914e+03	+0.135
119.600	+3.405e+03	+7.920e+02	+3.783e+03	+0.189
119.800	+4.083e+03	-6.646e+02	+4.512e+03	-0.194
120.000	+3.794e+03	+2.613e+02	+6.645e+03	+0.064
120.200	+5.907e+03	+1.310e+03	+3.623e+03	+0.182
120.400	+4.038e+03	+4.067e+02	+5.174e+03	+0.092
120.600	+5.942e+03	+9.320e+02	+4.574e+03	+0.136
120.800	+3.141e+03	-2.253e+01	+5.985e+03	-0.007
121.000	+3.909e+03	+1.985e+03	+4.238e+03	+0.337
121.200	+3.837e+03	+7.517e+02	+3.794e+03	+0.164
121.400	+4.201e+03	+1.176e+03	+3.847e+03	+0.219
121.600	+4.321e+03	-8.968e+01	+5.846e+03	-0.021
121.800	+3.856e+03	+6.929e+02	+6.039e+03	+0.152
122.000	+4.656e+03	+1.591e+03	+5.317e+03	+0.255
122.200	+4.562e+03	+1.857e+02	+6.885e+03	+0.039
122.400	+4.011e+03	+1.878e+03	+4.755e+03	+0.319
122.600	+4.150e+03	+8.468e+02	+3.149e+03	+0.169
122.800	+3.643e+03	+5.894e+01	+5.321e+03	+0.016
123.000	+3.389e+03	+7.091e+02	+3.269e+03	+0.173
123.200	+3.467e+03	+8.042e+02	+5.920e+03	+0.188
123.400	+6.350e+03	+1.331e+03	+5.461e+03	+0.173
123.600	+2.975e+03	+1.723e+03	+4.382e+03	+0.367
123.800	+4.581e+03	+1.413e+03	+2.645e+03	+0.236
124.000	+4.429e+03	+1.690e+03	+3.591e+03	+0.276
124.200	+4.808e+03	+7.976e+02	+3.800e+03	+0.142
124.400	+4.285e+03	+5.746e+02	+3.875e+03	+0.118
124.600	+4.782e+03	+4.891e+02	+2.247e+03	+0.093
124.800	+3.848e+03	+3.958e+02	+6.672e+03	+0.093
125.000	+4.608e+03	+9.002e+02	+3.822e+03	+0.163
125.200	+4.993e+03	+5.782e+02	+6.038e+03	+0.104
125.400	+4.213e+03	+1.021e+03	+3.564e+03	+0.195
125.600	+5.770e+03	+1.461e+03	+4.469e+03	+0.202
125.800	+4.402e+03	-3.914e+02	+3.227e+03	-0.098
126.000	+4.340e+03	+1.595e+03	+2.349e+03	+0.269
126.200	+4.534e+03	-1.988e+02	+4.584e+03	-0.046
126.400	+4.218e+03	+7.316e+02	+3.049e+03	+0.148
126.600	+3.582e+03	+1.004e+03	+5.126e+03	+0.219
126.800	+4.484e+03	+5.578e+02	+5.296e+03	+0.111
127.000	+5.345e+03	-2.687e+02	+4.866e+03	-0.053
127.200	+4.514e+03	+6.155e+02	+3.669e+03	+0.120
127.400	+4.182e+03	+1.261e+02	+5.444e+03	+0.029
127.600	+5.020e+03	+1.004e+03	+3.671e+03	+0.167
127.800	+3.769e+03	+8.169e+01	+5.991e+03	+0.021
128.000	+3.716e+03	+8.838e+02	+5.094e+03	+0.192
128.200	+3.539e+03	+1.060e+03	+4.132e+03	+0.230
128.400	+3.132e+03	+6.388e+02	+5.128e+03	+0.169
128.600	+2.307e+03	+1.429e+02	+4.708e+03	+0.058
128.800	+3.372e+03	+9.103e+01	+3.219e+03	+0.026
129.000	+4.787e+03	+8.249e+02	+2.426e+03	+0.147
129.200	+3.518e+03	-2.832e+02	+3.591e+03	-0.088
129.400	+4.776e+03	+1.042e+03	+4.282e+03	+0.179
129.600	+5.139e+03	+9.479e+02	+4.154e+03	+0.156
129.800	+4.004e+03	+7.697e+02	+4.575e+03	+0.161
130.000	+4.459e+03	+1.485e+02	+4.539e+03	+0.032
130.200	+4.288e+03	-2.507e+02	+4.020e+03	-0.062
130.400	+4.825e+03	+8.046e+02	+3.295e+03	+0.143
130.600	+5.314e+03	-1.101e+02	+3.934e+03	-0.021
130.800	+4.980e+03	+1.662e+03	+4.528e+03	+0.250
131.000	+4.240e+03	+8.469e+02	+6.339e+03	+0.167
131.200	+4.027e+03	+1.205e+03	+4.199e+03	+0.230
131.400	+3.347e+03	+1.301e+03	+3.872e+03	+0.280
131.600	+3.116e+03	+3.457e+02	+7.141e+03	+0.100
131.800	+2.222e+03	+4.057e+02	+6.086e+03	+0.154
132.000	+4.106e+03	+1.448e+03	+6.509e+03	+0.261
132.200	+4.694e+03	+1.223e+03	+3.652e+03	+0.207
132.400	+5.269e+03	+1.369e+03	+5.428e+03	+0.206
132.600	+4.651e+03	-4.659e+02	+4.901e+03	-0.111
132.800	+4.856e+03	+1.316e+03	+4.631e+03	+0.213
133.000	+3.570e+03	+1.141e+03	+5.788e+03	+0.242
133.200	+4.441e+03	+1.617e+03	+5.016e+03	+0.267
133.400	+3.611e+03	+9.379e+02	+3.836e+03	+0.206
133.600	+3.506e+03	+9.061e+02	+4.469e+03	+0.205
133.800	+4.179e+03	+1.360e+03	+4.357e+03	+0.246
134.000	+5.658e+03	+6.580e+02	+3.005e+03	+0.104
134.200	+3.766e+03	+1.041e+02	+5.120e+03	+0.027
134.400	+6.046e+03	+7.326e+02	+3.214e+03	+0.108
134.600	+4.005e+03	+8.463e+02	+6.473e+03	+0.174
134.800	+3.468e+03	+3.833e+02	+4.829e+03	+0.100
135.000	+5.340e+03	+2.438e+03	+3.352e+03	+0.313
135.200	+4.526e+03	+2.877e+02	+2.615e+03	+0.060
135.400	+4.576e+03	+3.578e+02	+4.108e+03	+0.073
135.600	+3.074e+03	+2.353e+02	+5.778e+03	+0.071
135.800	+4.107e+03	+4.137e+02	+4.073e+03	+0.092
136.000	+2.940e+03	+2.277e+02	+4.145e+03	+0.072
136.200	+3.610e+03	+1.653e+02	+3.637e+03	+0.044
136.400	+4.594e+03	+8.348e+01	+6.923e+03	+0.018
136.600	+3.219e+03	+6.239e+02	+5.592e+03	+0.162
136.800	+4.929e+03	+7.328e+02	+4.825e+03	+0.129
137.000	+5.044e+03	-4.680e+02	+5.877e+03	-0.102
137.200	+4.372e+03	-7.191e+02	+1.763e+03	-0.197
137.400	+5.040e+03	+5.972e+02	+5.325e+03	+0.106
137.600	+5.445e+03	+3.588e+02	+3.940e+03	+0.062
137.800	+4.476e+03	+4.745e+02	+6.193e+03	+0.096
138.000	+4.291e+03	-2.163e+02	+4.647e+03	-0.053
138.200	+4.078e+03	+4.315e+02	+4.888e+03	+0.096
138.400	+4.442e+03	+1.106e+03	+5.191e+03	+0.199
138.600	+3.782e+03	+3.210e+02	+3.710e+03	+0.078
138.800	+4.193e+03	-6.792e+02	+2.274e+03	-0.193
139.000	+4.131e+03	+6.128e+02	+6.354e+03	+0.129
139.200	+5.094e+03	+6.774e+02	+3.082e+03	+0.117
139.400	+3.808e+03	+5.373e+02	+5.931e+03	+0.124
139.600	+4.819e+03	+8.174e+02	+5.948e+03	+0.145
139.800	+4.727e+03	+1.330e+03	+4.151e+03	+0.220
140.000	+3.607e+03	+1.245e+03	+4.360e+03	+0.257
140.200	+4.706e+03	+1.043e+03	+6.132e+03	+0.181
140.400	+3.963e+03	+1.606e+03	+4.389e+03	+0.288
140.600	+2.747e+03	+7.793e+02	+4.566e+03	+0.221
140.800	+3.329e+03	+2.075e+02	+3.695e+03	+0.059
141.000	+4.242e+03	+4.699e+02	+3.562e+03	+0.100
141.200	+3.742e+03	+6.754e+02	+5.264e+03	+0.153
141.400	+3.973e+03	+8.771e+01	+4.468e+03	+0.022
141.600	+4.132e+03	+1.429e+03	+5.318e+03	+0.257
141.800	+4.205e+03	+5.005e+02	+5.333e+03	+0.106
142.000	+2.511e+03	+8.497e+02	+5.265e+03	+0.253
142.200	+2.678e+03	+2.610e+01	+7.496e+03	+0.010
142.400	+5.375e+03	+2.708e+02	+5.518e+03	+0.048
142.600	+4.145e+03	+9.685e+02	+6.195e+03	+0.189
142.800	+5.641e+03	+1.209e+03	+5.685e+03	+0.176
143.000	+5.318e+03	+4.768e+02	+5.465e+03	+0.082
143.200	+1.927e+03	+6.278e+01	+5.595e+03	+0.032
143.400	+5.135e+03	+1.764e+02	+5.337e+03	+0.033
143.600	+3.956e+03	+5.381e+02	+5.000e+03	+0.120
143.800	+5.194e+03	+1.110e+03	+5.474e+03	+0.176
144.000	+2.960e+03	+9.397e+02	+4.783e+03	+0.241
144.200	+4.248e+03	-3.539e+02	+7.855e+03	-0.091
144.400	+4.422e+03	+6.507e+02	+3.665e+03	+0.128
144.600	+3.954e+03	+7.595e+02	+4.336e+03	+0.161
144.800	+2.691e+03	+1.520e+03	+3.505e+03	+0.361
145.000	+4.334e+03	+7.481e+01	+3.600e+03	+0.017
145.200	+4.698e+03	+6.972e+02	+3.440e+03	+0.129
145.400	+2.678e+03	-1.379e+02	+4.526e+03	-0.054
145.600	+5.029e+03	+1.299e+03	+2.741e+03	+0.205
145.800	+6.213e+03	+1.046e+02	+3.677e+03	+0.017
146.000	+5.292e+03	+8.260e+02	+4.878e+03	+0.135
146.200	+4.205e+03	-2.530e+02	+6.105e+03	-0.064
146.400	+3.325e+03	+2.209e+02	+4.347e+03	+0.062
146.600	+3.212e+03	-1.970e+02	+3.127e+03	-0.065
146.800	+2.818e+03	-1.430e+02	+4.074e+03	-0.053
147.000	+3.567e+03	+9.500e+02	+6.161e+03	+0.210
147.200	+5.601e+03	+1.129e+03	+4.113e+03	+0.168
147.400	+3.063e+03	+7.518e+02	+4.435e+03	+0.197
147.600	+5.059e+03	+8.044e+02	+4.110e+03	+0.137
147.800	+5.781e+03	+1.097e+03	+3.229e+03	+0.159
148.000	+2.326e+03	+4.549e+02	+4.255e+03	+0.164
148.200	+3.914e+03	+4.686e+02	+4.890e+03	+0.107
148.400	+4.905e+03	+1.132e+03	+3.233e+03	+0.188
148.600	+4.222e+03	+6.288e+02	+4.759e+03	+0.130
148.800	+5.074e+03	+8.970e+02	+4.144e+03	+0.150
149.000	+4.016e+03	+2.986e+02	+4.985e+03	+0.069
149.200	+3.792e+03	+6.533e+02	+4.795e+03	+0.147
149.400	+3.547e+03	+1.077e+03	+4.006e+03	+0.233
149.600	+4.344e+03	-1.292e+02	+6.987e+03	-0.031
149.800	+2.112e+03	+1.005e+03	+5.873e+03	+0.322
150.000	+2.121e+03	+1.263e+03	+3.033e+03	+0.373
150.200	+4.215e+03	+9.289e+02	+4.655e+03	+0.181
150.400	+4.183e+03	+1.412e+03	+5.905e+03	+0.252
150.600	+3.021e+03	+5.675e+02	+2.879e+03	+0.158
150.800	+4.174e+03	+4.533e+02	+4.288e+03	+0.098
151.000	+2.129e+03	+3.653e+02	+7.497e+03	+0.146
151.200	+4.680e+03	-2.306e+01	+5.511e+03	-0.005
151.400	+5.193e+03	+7.386e+01	+5.244e+03	+0.014
151.600	+4.949e+03	+5.106e+02	+4.420e+03	+0.094
151.800	+3.606e+03	+7.703e+02	+4.374e+03	+0.176
152.000	+3.989e+03	+9.152e+02	+6.044e+03	+0.187
152.200	+2.596e+03	+8.203e+02	+2.976e+03	+0.240
152.400	+4.162e+03	+3.677e+02	+4.463e+03	+0.081
152.600	+3.020e+03	+1.301e+03	+2.380e+03	+0.301
152.800	+2.766e+03	+1.133e+03	+4.112e+03	+0.290
153.000	+4.887e+03	+4.517e+02	+3.993e+03	+0.085
153.200	+2.965e+03	+4.237e+02	+5.945e+03	+0.125
153.400	+5.203e+03	+4.447e+02	+3.331e+03	+0.079
153.600	+3.640e+03	-1.349e+02	+5.268e+03	-0.038
153.800	+4.335e+03	-6.273e+02	+4.051e+03	-0.169
154.000	+3.422e+03	+4.507e+02	+4.650e+03	+0.116
154.200	+4.548e+03	+6.434e+02	+5.791e+03	+0.124
154.400	+4.660e+03	+1.589e+03	+4.916e+03	+0.254
154.600	+4.188e+03	+2.155e+02	+3.942e+03	+0.049
154.800	+4.654e+03	+5.859e+02	+5.494e+03	+0.112
155.000	+4.410e+03	+9.193e+02	+7.399e+03	+0.172
155.200	+3.874e+03	+9.671e+02	+5.599e+03	+0.200
155.400	+5.434e+03	+4.976e+02	+1.966e+03	+0.084
155.600	+4.175e+03	+9.424e+02	+4.654e+03	+0.184
