%t (s)	Idd (a.u.)	Ida (a.u.)	Iaa (a.u.)	FRET E
0.000	+5.348e+03	-1.359e+02	+8.850e+03	-0.026
0.200	+5.517e+03	+2.245e+03	+7.883e+03	+0.289
0.400	+5.867e+03	+1.064e+03	+6.371e+03	+0.154
0.600	+3.294e+03	+2.211e+03	+6.504e+03	+0.402
0.800	+5.099e+03	+1.460e+03	+5.615e+03	+0.223
1.000	+4.072e+03	+3.495e+02	+3.929e+03	+0.079
1.200	+7.812e+03	-1.364e+02	+8.104e+03	-0.018
1.400	+6.034e+03	+7.522e+02	+6.898e+03	+0.111
1.600	+6.210e+03	+6.618e+02	+6.496e+03	+0.096
1.800	+5.531e+03	+2.548e+03	+8.174e+03	+0.315
2.000	+4.191e+03	+1.261e+03	+8.515e+03	+0.231
2.200	+5.168e+03	+4.034e+02	+7.054e+03	+0.072
2.400	+5.467e+03	+3.164e+03	+7.936e+03	+0.367
2.600	+5.396e+03	-2.293e+02	+6.995e+03	-0.044
2.800	+5.737e+03	+2.461e+03	+4.826e+03	+0.300
3.000	+6.591e+03	+6.612e+02	+6.953e+03	+0.091
3.200	+5.496e+03	+7.088e+02	+7.426e+03	+0.114
3.400	+3.737e+03	+7.328e+02	+7.116e+03	+0.164
3.600	+3.739e+03	+7.218e+02	+1.016e+04	+0.162
3.800	+4.467e+03	+1.564e+03	+4.885e+03	+0.259
4.000	+7.237e+03	-1.769e+02	+7.893e+03	-0.025
4.200	+4.438e+03	+2.629e+03	+7.387e+03	+0.372
4.400	+6.137e+03	+1.095e+02	+7.892e+03	+0.018
4.600	+3.012e+03	+1.738e+03	+8.128e+03	+0.366
4.800	+5.860e+03	+1.045e+03	+5.876e+03	+0.151
5.000	+4.429e+03	-3.435e+02	+7.555e+03	-0.084
5.200	+5.668e+03	+1.001e+03	+6.346e+03	+0.150
5.400	+7.782e+03	+1.951e+03	+9.540e+03	+0.200
5.600	+4.755e+03	+6.932e+02	+6.193e+03	+0.127
5.800	+7.442e+03	+2.997e+02	+8.350e+03	+0.039
6.000	+4.863e+03	+8.769e+01	+4.614e+03	+0.018
6.200	+3.742e+03	+1.374e+03	+8.580e+03	+0.269
6.400	+3.133e+03	+1.300e+02	+7.197e+03	+0.040
6.600	+3.417e+03	+7.169e+02	+7.839e+03	+0.173
6.800	+3.781e+03	+2.082e+03	+6.863e+03	+0.355
7.000	+5.494e+03	+5.112e+02	+9.226e+03	+0.085
7.200	+4.951e+03	+1.293e+02	+6.463e+03	+0.025
7.400	+4.324e+03	+1.384e+03	+7.013e+03	+0.242
7.600	+5.654e+03	+5.071e+02	+6.693e+03	+0.082
7.800	+4.156e+03	+1.736e+03	+6.256e+03	+0.295
8.000	+5.859e+03	+2.378e+03	+4.874e+03	+0.289
8.200	+1.380e+03	+1.237e+03	+3.943e+03	+0.473
8.400	+4.154e+03	+2.143e+03	+6.109e+03	+0.340
8.600	+7.159e+03	-6.969e+02	+5.023e+03	-0.108
8.800	+6.602e+03	+1.913e+03	+6.597e+03	+0.225
9.000	+5.435e+03	+1.678e+03	+7.136e+03	+0.236
9.200	+6.051e+03	+3.461e+03	+8.354e+03	+0.364
9.400	+4.616e+03	+2.491e+03	+4.456e+03	+0.351
9.600	+6.376e+03	+5.688e+02	+9.206e+03	+0.082
9.800	+5.202e+03	+2.155e+03	+6.177e+03	+0.293
10.000	+6.516e+03	+1.218e+02	+9.377e+03	+0.018
10.200	+5.102e+03	-2.521e+02	+7.858e+03	-0.052
10.400	+5.355e+03	+1.118e+03	+6.482e+03	+0.173
10.600	+4.855e+03	+1.224e+03	+7.616e+03	+0.201
10.800	+7.141e+03	+2.925e+03	+8.156e+03	+0.291
11.000	+4.417e+03	+2.945e+03	+8.330e+03	+0.400
11.200	+6.119e+03	+6.397e+02	+4.051e+03	+0.095
11.400	+4.507e+03	+1.531e+03	+6.187e+03	+0.254
11.600	+7.458e+03	+1.750e+02	+5.765e+03	+0.023
11.800	+5.425e+03	+7.882e+02	+6.997e+03	+0.127
12.000	+5.853e+03	-2.710e+02	+6.544e+03	-0.049
12.200	+7.294e+03	+9.211e+02	+7.023e+03	+0.112
12.400	+4.135e+03	+1.293e+03	+6.925e+03	+0.238
12.600	+6.417e+03	+1.926e+03	+7.240e+03	+0.231
12.800	+4.400e+03	+1.917e+03	+6.352e+03	+0.303
13.000	+7.449e+03	-3.930e+02	+7.430e+03	-0.056
13.200	+6.576e+03	+7.729e+02	+8.027e+03	+0.105
13.400	+5.269e+03	+1.552e+03	+4.929e+03	+0.228
13.600	+4.665e+03	+1.237e+03	+6.510e+03	+0.210
13.800	+6.753e+03	+1.194e+03	+6.889e+03	+0.150
14.000	+4.749e+03	+2.202e+03	+6.182e+03	+0.317
14.200	+4.073e+03	+1.360e+03	+7.069e+03	+0.250
14.400	+7.521e+03	+1.049e+03	+6.101e+03	+0.122
14.600	+4.908e+03	+1.589e+03	+5.797e+03	+0.245
14.800	+4.516e+03	+2.163e+03	+4.783e+03	+0.324
15.000	+5.565e+03	+1.148e+03	+6.075e+03	+0.171
15.200	+4.762e+03	+1.988e+03	+6.487e+03	+0.294
15.400	+4.904e+03	+3.497e+01	+5.873e+03	+0.007
15.600	+6.956e+03	+3.547e+02	+5.488e+03	+0.049
15.800	+5.902e+03	+2.305e+03	+4.638e+03	+0.281
16.000	+5.803e+03	+1.570e+03	+9.847e+03	+0.213
16.200	+4.785e+03	+2.764e+03	+8.030e+03	+0.366
16.400	+5.872e+03	+1.086e+03	+7.129e+03	+0.156
16.600	+8.045e+03	+1.400e+03	+9.148e+03	+0.148
16.800	+4.805e+03	+1.740e+03	+7.506e+03	+0.266
17.000	+6.433e+03	+2.738e+03	+8.816e+03	+0.299
17.200	+6.459e+03	+2.828e+03	+4.655e+03	+0.305
17.400	+5.056e+03	+5.063e+02	+7.298e+03	+0.091
17.600	+7.789e+03	+1.024e+03	+9.400e+03	+0.116
17.800	+7.312e+03	+3.002e+01	+7.207e+03	+0.004
18.000	+2.901e+03	+6.880e+02	+7.543e+03	+0.192
18.200	+4.874e+03	+1.350e+03	+3.301e+03	+0.217
18.400	+6.669e+03	+2.245e+03	+8.873e+03	+0.252
18.600	+5.574e+03	+1.347e+03	+9.916e+03	+0.195
18.800	+6.348e+03	+1.330e+02	+4.763e+03	+0.021
19.000	+5.861e+03	+6.597e+02	+8.481e+03	+0.101
