%t (s)	Idd (a.u.)	Ida (a.u.)	Iaa (a.u.)	FRET E
0.000	+5.005e+03	+1.942e+03	+5.347e+03	+0.280
0.200	+2.330e+03	+7.174e+02	+5.283e+03	+0.235
0.400	+3.452e+03	+6.775e+02	+5.380e+03	+0.164
0.600	+3.862e+03	+9.122e+02	+4.105e+03	+0.191
0.800	+4.608e+03	+1.092e+03	+4.998e+03	+0.192
1.000	+4.730e+03	+2.103e+03	+6.389e+03	+0.308
1.200	+5.255e+03	+1.107e+03	+5.832e+03	+0.174
1.400	+5.762e+03	+5.934e+02	+5.947e+03	+0.093
1.600	+3.033e+03	+9.650e+02	+5.699e+03	+0.241
1.800	+4.428e+03	+5.403e+02	+4.166e+03	+0.109
2.000	+6.271e+03	+1.570e+03	+2.794e+03	+0.200
2.200	+4.912e+03	+5.350e+02	+5.244e+03	+0.098
2.400	+5.429e+03	-4.524e+02	+3.782e+03	-0.091
2.600	+4.649e+03	+8.884e+02	+6.800e+03	+0.160
2.800	+3.506e+03	+1.782e+03	+5.246e+03	+0.337
3.000	+4.816e+03	+1.016e+03	+4.674e+03	+0.174
3.200	+3.749e+03	+5.266e+02	+6.637e+03	+0.123
3.400	+2.593e+03	+1.730e+03	+6.596e+03	+0.400
3.600	+5.836e+03	+2.953e+02	+6.325e+03	+0.048
3.800	+4.288e+03	+9.099e+02	+5.010e+03	+0.175
4.000	+4.757e+03	+8.618e+02	+4.151e+03	+0.153
4.200	+4.251e+03	+4.822e+02	+4.878e+03	+0.102
4.400	+4.930e+03	+2.252e+03	+6.404e+03	+0.314
4.600	+4.855e+03	+4.717e+02	+4.624e+03	+0.089
4.800	+3.432e+03	+6.931e+02	+5.453e+03	+0.168
5.000	+4.497e+03	+3.025e+02	+7.604e+03	+0.063
5.200	+4.551e+03	+3.717e+02	+6.545e+03	+0.076
5.400	+3.179e+03	+1.573e+02	+7.948e+03	+0.047
5.600	+1.966e+03	+8.102e+02	+3.627e+03	+0.292
5.800	+4.575e+03	+3.987e+02	+3.692e+03	+0.080
6.000	+5.590e+03	+6.719e+02	+5.154e+03	+0.107
6.200	+4.860e+03	+1.476e+03	+6.482e+03	+0.233
6.400	+4.527e+03	+8.909e+02	+6.454e+03	+0.164
6.600	+5.032e+03	-1.335e+02	+7.871e+03	-0.027
6.800	+2.567e+03	+1.022e+03	+5.184e+03	+0.285
7.000	+5.230e+03	+1.860e+03	+3.629e+03	+0.262
7.200	+4.919e+03	+9.484e+02	+4.198e+03	+0.162
7.400	+4.095e+03	+6.663e+02	+4.798e+03	+0.140
7.600	+3.775e+03	+6.927e+02	+5.864e+03	+0.155
7.800	+4.641e+03	+4.154e+02	+5.048e+03	+0.082
8.000	+3.760e+03	+1.326e+03	+5.688e+03	+0.261
8.200	+4.501e+03	+2.551e+03	+7.939e+03	+0.362
8.400	+3.604e+03	+7.995e+02	+5.594e+03	+0.182
8.600	+2.465e+03	+9.922e+02	+4.870e+03	+0.287
8.800	+4.595e+03	+1.333e+03	+4.104e+03	+0.225
9.000	+5.360e+03	+7.898e+02	+5.135e+03	+0.128
9.200	+4.939e+03	+5.479e+02	+4.132e+03	+0.100
9.400	+5.394e+03	+1.121e+03	+5.878e+03	+0.172
9.600	+4.796e+03	+1.607e+03	+7.276e+03	+0.251
9.800	+4.297e+03	+4.531e+02	+4.029e+03	+0.095
10.000	+4.317e+03	-1.058e+02	+3.443e+03	-0.025
10.200	+3.704e+03	+9.344e+02	+6.318e+03	+0.201
10.400	+3.700e+03	+1.012e+03	+7.028e+03	+0.215
10.600	+4.740e+03	+7.218e+02	+5.711e+03	+0.132
10.800	+3.956e+03	+3.639e+02	+6.516e+03	+0.084
11.000	+5.306e+03	+1.712e+03	+3.766e+03	+0.244
11.200	+3.750e+03	+2.295e+02	+5.778e+03	+0.058
11.400	+4.518e+03	+1.943e+03	+4.509e+03	+0.301
11.600	+5.185e+03	+1.350e+03	+5.245e+03	+0.207
11.800	+4.736e+03	+1.222e+03	+6.138e+03	+0.205
12.000	+3.859e+03	-7.994e+01	+5.007e+03	-0.021
12.200	+4.430e+03	+2.004e+03	+7.114e+03	+0.312
12.400	+4.931e+03	+1.200e+03	+4.763e+03	+0.196
12.600	+5.846e+03	+5.934e+02	+3.307e+03	+0.092
12.800	+4.073e+03	-2.338e+02	+5.763e+03	-0.061
13.000	+4.162e+03	-1.020e+02	+5.383e+03	-0.025
13.200	+3.738e+03	+3.845e+02	+3.916e+03	+0.093
13.400	+5.039e+03	+1.134e+03	+5.202e+03	+0.184
13.600	+4.105e+03	+1.588e+02	+5.878e+03	+0.037
13.800	+4.477e+03	+1.650e+01	+5.539e+03	+0.004
14.000	+4.683e+03	+6.446e+02	+6.685e+03	+0.121
14.200	+3.292e+03	+3.320e+02	+6.688e+03	+0.092
14.400	+5.158e+03	+1.498e+03	+5.369e+03	+0.225
14.600	+3.873e+03	+1.075e+03	+7.320e+03	+0.217
14.800	+3.968e+03	+1.591e+03	+4.792e+03	+0.286
15.000	+5.946e+03	+6.676e+02	+5.835e+03	+0.101
15.200	+2.650e+03	+9.962e+02	+5.228e+03	+0.273
15.400	+4.265e+03	-1.926e+02	+5.645e+03	-0.047
15.600	+2.952e+03	+1.458e+03	+7.416e+03	+0.331
15.800	+4.662e+03	+6.344e+02	+4.369e+03	+0.120
16.000	+4.069e+03	+1.317e+03	+3.166e+03	+0.245
16.200	+4.912e+03	+1.296e+03	+5.451e+03	+0.209
16.400	+4.165e+03	+1.582e+02	+5.105e+03	+0.037
16.600	+4.562e+03	+1.764e+03	+4.760e+03	+0.279
16.800	+5.650e+03	+1.034e+03	+7.013e+03	+0.155
17.000	+4.479e+03	+1.033e+03	+5.226e+03	+0.187
17.200	+3.967e+03	+6.457e+02	+4.370e+03	+0.140
17.400	+3.031e+03	+9.553e+02	+7.420e+03	+0.240
17.600	+5.454e+03	+2.457e+02	+3.993e+03	+0.043
17.800	+5.568e+03	+9.021e+02	+4.953e+03	+0.139
18.000	+4.685e+03	+1.208e+03	+5.361e+03	+0.205
18.200	+6.972e+03	+6.807e+02	+5.946e+03	+0.089
18.400	+2.979e+03	+8.445e+01	+4.653e+03	+0.028
18.600	+4.809e+03	+1.944e+03	+6.665e+03	+0.288
18.800	+4.857e+03	+9.336e+02	+5.883e+03	+0.161
19.000	+3.048e+03	+2.196e+03	+4.680e+03	+0.419
19.200	+5.470e+03	+1.069e+03	+4.133e+03	+0.163
19.400	+4.874e+03	+5.406e+02	+6.113e+03	+0.100
19.600	+4.976e+03	+1.147e+02	+6.177e+03	+0.023
19.800	+4.318e+03	+3.534e+02	+5.428e+03	+0.076
20.000	+4.982e+03	+1.511e+03	+6.400e+03	+0.233
20.200	+4.470e+03	+1.630e+03	+6.299e+03	+0.267
20.400	+2.930e+03	+1.359e+03	+6.019e+03	+0.317
20.600	+4.441e+03	+2.045e+03	+6.241e+03	+0.315
20.800	+3.354e+03	+1.174e+03	+4.655e+03	+0.259
21.000	+5.019e+03	+1.182e+03	+4.848e+03	+0.191
21.200	+3.451e+03	+1.510e+03	+6.667e+03	+0.304
21.400	+4.222e+03	+1.303e+03	+5.787e+03	+0.236
21.600	+3.898e+03	+8.991e+02	+5.706e+03	+0.187
21.800	+3.582e+03	+1.221e+02	+8.398e+03	+0.033
22.000	+4.880e+03	+1.164e+03	+3.162e+03	+0.193
22.200	+3.006e+03	+7.745e+02	+4.910e+03	+0.205
22.400	+5.024e+03	+2.383e+03	+4.970e+03	+0.322
22.600	+3.396e+03	+1.351e+02	+6.998e+03	+0.038
22.800	+5.048e+03	+1.995e+03	+5.978e+03	+0.283
23.000	+5.273e+03	+1.350e+03	+5.537e+03	+0.204
23.200	+4.091e+03	+9.396e+02	+5.966e+03	+0.187
23.400	+4.722e+03	+1.645e+03	+7.013e+03	+0.258
23.600	+4.805e+03	+1.476e+03	+6.286e+03	+0.235
23.800	+5.305e+03	+6.613e+01	+6.566e+03	+0.012
24.000	+4.345e+03	-1.145e+02	+3.769e+03	-0.027
24.200	+6.273e+03	+5.802e+02	+5.863e+03	+0.085
24.400	+4.943e+03	+1.158e+03	+4.677e+03	+0.190
24.600	+5.629e+03	+8.913e+02	+5.332e+03	+0.137
24.800	+4.337e+03	+1.492e+03	+5.089e+03	+0.256
25.000	+5.221e+03	+8.984e+02	+6.000e+03	+0.147
25.200	+4.209e+03	+3.990e+02	+5.003e+03	+0.087
25.400	+2.801e+03	+1.182e+03	+4.441e+03	+0.297
25.600	+4.439e+03	+8.299e+02	+7.350e+03	+0.158
25.800	+3.482e+03	+5.756e+02	+2.606e+03	+0.142
26.000	+2.751e+03	+3.015e+01	+5.696e+03	+0.011
26.200	+3.939e+03	+1.583e+03	+5.833e+03	+0.287
26.400	+4.940e+03	+7.717e+02	+3.602e+03	+0.135
26.600	+3.607e+03	+5.279e+02	+5.736e+03	+0.128
26.800	+4.604e+03	+5.385e+02	+5.374e+03	+0.105
27.000	+4.818e+03	+1.300e+03	+5.535e+03	+0.212
27.200	+5.066e+03	+1.455e+03	+4.824e+03	+0.223
27.400	+4.032e+03	+1.664e+02	+5.032e+03	+0.040
27.600	+2.675e+03	+1.526e+03	+6.071e+03	+0.363
27.800	+3.601e+03	+8.894e+02	+5.327e+03	+0.198
28.000	+3.858e+03	+5.460e+02	+5.813e+03	+0.124
28.200	+3.106e+03	+9.788e+02	+2.915e+03	+0.240
28.400	+4.341e+03	+1.174e+03	+6.705e+03	+0.213
28.600	+5.133e+03	+5.660e+02	+5.629e+03	+0.099
28.800	+5.916e+03	+2.213e+03	+5.111e+03	+0.272
29.000	+4.321e+03	+1.207e+03	+5.417e+03	+0.218
29.200	+4.271e+03	+1.062e+03	+5.294e+03	+0.199
29.400	+4.344e+03	+1.461e+03	+5.392e+03	+0.252
29.600	+3.976e+03	+4.854e+02	+6.188e+03	+0.109
29.800	+3.323e+03	+1.960e+03	+6.594e+03	+0.371
30.000	+3.818e+03	+6.628e+02	+5.906e+03	+0.148
30.200	+4.379e+03	+4.853e+02	+8.062e+03	+0.100
30.400	+4.348e+03	+9.380e+02	+6.151e+03	+0.177
30.600	+4.478e+03	+1.426e+03	+4.080e+03	+0.242
30.800	+4.428e+03	+3.806e+02	+6.739e+03	+0.079
31.000	+5.051e+03	+1.470e+03	+3.385e+03	+0.225
31.200	+2.543e+03	+1.147e+03	+6.036e+03	+0.311
31.400	+4.998e+03	+1.497e+03	+4.859e+03	+0.230
31.600	+3.585e+03	-5.109e+02	+7.424e+03	-0.166
31.800	+4.815e+03	+7.484e+02	+5.894e+03	+0.135
32.000	+3.749e+03	+1.055e+00	+6.581e+03	+0.000
32.200	+3.892e+03	+2.812e+02	+5.404e+03	+0.067
32.400	+5.938e+03	+1.564e+03	+4.022e+03	+0.208
32.600	+5.029e+03	-4.484e+02	+4.441e+03	-0.098
32.800	+4.239e+03	+2.377e+03	+4.099e+03	+0.359
33.000	+2.984e+03	+7.986e+02	+3.018e+03	+0.211
33.200	+4.353e+03	-1.253e+02	+6.438e+03	-0.030
33.400	+5.209e+03	+1.172e+03	+4.601e+03	+0.184
33.600	+3.876e+03	+1.220e+03	+5.684e+03	+0.239
33.800	+3.539e+03	+1.896e+03	+7.754e+03	+0.349
34.000	+6.268e+03	+5.036e+02	+5.588e+03	+0.074
34.200	+3.944e+03	+1.015e+03	+6.107e+03	+0.205
34.400	+4.200e+03	+5.359e+01	+4.603e+03	+0.013
34.600	+3.343e+03	+1.390e+03	+5.905e+03	+0.294
34.800	+5.076e+03	+1.176e+03	+4.621e+03	+0.188
35.000	+6.670e+03	+1.273e+03	+4.350e+03	+0.160
35.200	+4.562e+03	+5.148e+02	+5.629e+03	+0.101
35.400	+4.896e+03	+1.326e+01	+4.406e+03	+0.003
35.600	+2.600e+03	+1.285e+03	+4.348e+03	+0.331
35.800	+5.070e+03	+4.109e+02	+5.624e+03	+0.075
36.000	+2.907e+03	+9.749e+02	+5.334e+03	+0.251
