HMM
---------------------------------

Means
[[4.39209061 0.99112219]
 [4.39209061 0.99112219]
 [1.51404036 4.01099939]
 [1.51404036 4.01099939]]
---------------------------------

Covariances (sigma^2)
[[[1.03020414 0.        ]
  [0.         0.33735866]]

 [[1.03020414 0.        ]
  [0.         0.33735866]]

 [[0.38630077 0.        ]
  [0.         1.05719504]]

 [[0.38630077 0.        ]
  [0.         1.05719504]]]
---------------------------------

Start probability
[0.49156526 0.21786585 0.06986198 0.22070691]
---------------------------------

Transition matrix
[[9.88340887e-01 8.41952220e-03 2.83602228e-08 3.23956199e-03]
 [9.22657133e-03 9.40555284e-01 5.02181445e-02 0.00000000e+00]
 [6.73054983e-03 1.15529107e-01 8.77740343e-01 6.71994245e-18]
 [6.92240101e-03 0.00000000e+00 0.00000000e+00 9.93077599e-01]]
