HMM
---------------------------------

Means
[[4.39209061 0.99112219]
 [4.39209061 0.99112219]
 [1.51404036 4.01099939]
 [1.51404036 4.01099939]]
---------------------------------

Covariances (sigma^2)
[[[1.03020414 0.        ]
  [0.         0.33735866]]

 [[1.03020414 0.        ]
  [0.         0.33735866]]

 [[0.38630077 0.        ]
  [0.         1.05719504]]

 [[0.38630077 0.        ]
  [0.         1.05719504]]]
---------------------------------

Start probability
[0.48718391 0.22616596 0.02417731 0.26247282]
---------------------------------

Transition matrix
[[9.91002952e-01 6.53530844e-03 4.44573216e-07 2.46129537e-03]
 [4.73314740e-03 9.45084515e-01 5.01823373e-02 0.00000000e+00]
 [1.96677233e-02 1.10713000e-01 8.67755361e-01 1.86391566e-03]
 [4.90077536e-03 0.00000000e+00 0.00000000e+00 9.95099225e-01]]
