HMM
---------------------------------

Means
[[4.39209061 0.99112219]
 [4.39209061 0.99112219]
 [1.51404036 4.01099939]
 [1.51404036 4.01099939]]
---------------------------------

Covariances (sigma^2)
[[[1.03020414 0.        ]
  [0.         0.33735866]]

 [[1.03020414 0.        ]
  [0.         0.33735866]]

 [[0.38630077 0.        ]
  [0.         1.05719504]]

 [[0.38630077 0.        ]
  [0.         1.05719504]]]
---------------------------------

Start probability
[0.44952375 0.22610446 0.07813414 0.24623764]
---------------------------------

Transition matrix
[[9.88946197e-01 7.39916288e-03 4.60700144e-05 3.60857046e-03]
 [9.30255058e-03 9.45225674e-01 4.54717752e-02 0.00000000e+00]
 [6.53801993e-03 1.14216668e-01 8.79243261e-01 2.05131229e-06]
 [8.77421371e-03 0.00000000e+00 0.00000000e+00 9.91225786e-01]]
