HMM
---------------------------------

Means
[[4.39209061 0.99112219]
 [4.39209061 0.99112219]
 [1.51404036 4.01099939]
 [1.51404036 4.01099939]]
---------------------------------

Covariances (sigma^2)
[[[1.03020414 0.        ]
  [0.         0.33735866]]

 [[1.03020414 0.        ]
  [0.         0.33735866]]

 [[0.38630077 0.        ]
  [0.         1.05719504]]

 [[0.38630077 0.        ]
  [0.         1.05719504]]]
---------------------------------

Start probability
[0.49022215 0.24305562 0.06838684 0.19833539]
---------------------------------

Transition matrix
[[9.85983618e-01 9.32955452e-03 1.31364395e-08 4.68681436e-03]
 [1.20481948e-02 9.39889404e-01 4.80624008e-02 0.00000000e+00]
 [1.28910829e-02 1.11853955e-01 8.75254962e-01 1.53228986e-15]
 [8.02118914e-03 0.00000000e+00 0.00000000e+00 9.91978811e-01]]
