HMM
---------------------------------

Means
[[4.39209061 0.99112219]
 [4.39209061 0.99112219]
 [1.51404036 4.01099939]
 [1.51404036 4.01099939]]
---------------------------------

Covariances (sigma^2)
[[[1.03020414 0.        ]
  [0.         0.33735866]]

 [[1.03020414 0.        ]
  [0.         0.33735866]]

 [[0.38630077 0.        ]
  [0.         1.05719504]]

 [[0.38630077 0.        ]
  [0.         1.05719504]]]
---------------------------------

Start probability
[0.46706881 0.22855985 0.07261602 0.23175532]
---------------------------------

Transition matrix
[[9.89157855e-01 7.31008155e-03 4.08768385e-07 3.53165500e-03]
 [6.48559430e-03 9.37754308e-01 5.57600975e-02 0.00000000e+00]
 [2.12203566e-02 1.05897589e-01 8.72538643e-01 3.43411771e-04]
 [7.73970332e-03 0.00000000e+00 0.00000000e+00 9.92260297e-01]]
