HMM
---------------------------------

Means
[[4.39209061 0.99112219]
 [4.39209061 0.99112219]
 [1.51404036 4.01099939]
 [1.51404036 4.01099939]]
---------------------------------

Covariances (sigma^2)
[[[1.03020414 0.        ]
  [0.         0.33735866]]

 [[1.03020414 0.        ]
  [0.         0.33735866]]

 [[0.38630077 0.        ]
  [0.         1.05719504]]

 [[0.38630077 0.        ]
  [0.         1.05719504]]]
---------------------------------

Start probability
[0.42988074 0.31010023 0.06247188 0.19754715]
---------------------------------

Transition matrix
[[9.85320234e-01 1.10495907e-02 5.31424090e-06 3.62486088e-03]
 [1.73868788e-02 9.31567491e-01 5.10456305e-02 0.00000000e+00]
 [9.77007114e-03 1.16845256e-01 8.73384673e-01 1.83514725e-13]
 [7.39744963e-03 0.00000000e+00 0.00000000e+00 9.92602550e-01]]
