HMM
---------------------------------

Means
[[4.45312546 1.00801935]
 [4.45312546 1.00801935]
 [1.49746382 3.96088851]
 [1.49746382 3.96088851]]
---------------------------------

Covariances (sigma^2)
[[[1.31103767 0.        ]
  [0.         0.53038977]]

 [[1.31103767 0.        ]
  [0.         0.53038977]]

 [[0.66367834 0.        ]
  [0.         1.06801192]]

 [[0.66367834 0.        ]
  [0.         1.06801192]]]
---------------------------------

Start probability
[0.72370137 0.09283814 0.00321674 0.18024375]
---------------------------------

Transition matrix
[[9.96317065e-01 2.88128492e-03 2.26803043e-04 5.74847527e-04]
 [2.27775805e-02 9.20804753e-01 5.50850784e-02 1.33258802e-03]
 [7.94225677e-04 9.75273691e-02 8.99157307e-01 2.52109822e-03]
 [3.77681302e-03 1.00395118e-02 4.98620787e-04 9.85685054e-01]]
