HMM
---------------------------------

Means
[[4.45312546 1.00801935]
 [4.45312546 1.00801935]
 [1.49746382 3.96088851]
 [1.49746382 3.96088851]]
---------------------------------

Covariances (sigma^2)
[[[1.31103767 0.        ]
  [0.         0.53038977]]

 [[1.31103767 0.        ]
  [0.         0.53038977]]

 [[0.66367834 0.        ]
  [0.         1.06801192]]

 [[0.66367834 0.        ]
  [0.         1.06801192]]]
---------------------------------

Start probability
[0.80294365 0.10408552 0.00269505 0.09027579]
---------------------------------

Transition matrix
[[9.96356953e-01 2.62777865e-03 2.42267048e-04 7.73001350e-04]
 [2.48312858e-02 9.21784154e-01 5.11167763e-02 2.26778355e-03]
 [2.64039673e-03 1.11274088e-01 8.81649605e-01 4.43591032e-03]
 [1.07364736e-03 2.31105764e-02 1.95138773e-03 9.73864389e-01]]
