HMM
---------------------------------

Means
[[4.45312546 1.00801935]
 [4.45312546 1.00801935]
 [1.49746382 3.96088851]
 [1.49746382 3.96088851]]
---------------------------------

Covariances (sigma^2)
[[[1.31103767 0.        ]
  [0.         0.53038977]]

 [[1.31103767 0.        ]
  [0.         0.53038977]]

 [[0.66367834 0.        ]
  [0.         1.06801192]]

 [[0.66367834 0.        ]
  [0.         1.06801192]]]
---------------------------------

Start probability
[0.77360659 0.08196121 0.04323383 0.10119837]
---------------------------------

Transition matrix
[[9.95250265e-01 3.41299503e-03 2.66067710e-04 1.07067203e-03]
 [2.05142440e-02 9.19726444e-01 5.74266554e-02 2.33265715e-03]
 [7.27758474e-04 1.11416321e-01 8.82597756e-01 5.25816486e-03]
 [3.85741664e-03 9.14046476e-03 3.38639593e-04 9.86663479e-01]]
