%t (s)	Idd (a.u.)	Ida (a.u.)	Iaa (a.u.)	FRET E
0.000	+5.585e+03	+1.524e+03	+7.826e+03	+0.214
0.200	+6.128e+03	+2.326e+03	+5.891e+03	+0.275
0.400	+5.524e+03	+1.113e+03	+8.173e+03	+0.168
0.600	+6.255e+03	+1.646e+03	+6.260e+03	+0.208
0.800	+6.737e+03	+2.486e+03	+7.833e+03	+0.270
1.000	+5.356e+03	+2.034e+03	+6.356e+03	+0.275
1.200	+5.276e+03	+1.940e+03	+9.660e+03	+0.269
1.400	+4.778e+03	+1.629e+03	+7.376e+03	+0.254
1.600	+6.640e+03	+1.632e+03	+5.925e+03	+0.197
1.800	+4.749e+03	+2.025e+03	+7.098e+03	+0.299
2.000	+4.521e+03	+3.781e+02	+6.868e+03	+0.077
2.200	+5.851e+03	+2.433e+03	+8.845e+03	+0.294
2.400	+6.444e+03	+2.438e+03	+6.527e+03	+0.275
2.600	+6.088e+03	+2.379e+03	+8.522e+03	+0.281
2.800	+6.729e+03	+1.128e+03	+9.010e+03	+0.144
3.000	+5.369e+03	+2.101e+03	+6.432e+03	+0.281
3.200	+5.228e+03	+1.639e+03	+5.663e+03	+0.239
3.400	+3.834e+03	+1.678e+03	+7.295e+03	+0.304
3.600	+6.118e+03	+1.350e+03	+6.741e+03	+0.181
3.800	+4.443e+03	+1.903e+03	+7.481e+03	+0.300
4.000	+5.566e+03	+1.614e+03	+6.612e+03	+0.225
4.200	+5.915e+03	+1.627e+03	+6.012e+03	+0.216
4.400	+5.790e+03	+2.547e+03	+6.496e+03	+0.306
4.600	+6.404e+03	+1.340e+03	+6.676e+03	+0.173
4.800	+5.442e+03	+8.849e+02	+5.904e+03	+0.140
5.000	+6.370e+03	+1.200e+03	+6.970e+03	+0.158
5.200	+4.281e+03	+2.214e+03	+7.281e+03	+0.341
5.400	+6.707e+03	+1.431e+03	+9.261e+03	+0.176
5.600	+6.540e+03	+5.550e+02	+6.801e+03	+0.078
5.800	+5.149e+03	+2.046e+03	+6.370e+03	+0.284
6.000	+4.751e+03	+1.650e+03	+6.850e+03	+0.258
6.200	+6.003e+03	+1.551e+03	+7.010e+03	+0.205
6.400	+4.280e+03	+2.271e+03	+7.967e+03	+0.347
6.600	+5.632e+03	+2.427e+03	+6.539e+03	+0.301
6.800	+5.456e+03	+1.905e+03	+4.795e+03	+0.259
7.000	+6.472e+03	+2.335e+03	+8.771e+03	+0.265
7.200	+5.715e+03	+1.562e+03	+6.738e+03	+0.215
7.400	+5.941e+03	+9.673e+02	+1.114e+04	+0.140
7.600	+6.924e+03	+1.714e+03	+6.447e+03	+0.198
7.800	+5.953e+03	+2.022e+03	+7.761e+03	+0.254
8.000	+6.438e+03	+1.290e+03	+7.891e+03	+0.167
8.200	+4.100e+03	+2.268e+03	+7.268e+03	+0.356
8.400	+4.350e+03	+1.667e+03	+7.622e+03	+0.277
8.600	+5.652e+03	+1.431e+03	+8.229e+03	+0.202
8.800	+6.320e+03	+1.119e+03	+7.796e+03	+0.150
9.000	+5.623e+03	+3.156e+02	+7.220e+03	+0.053
9.200	+5.607e+03	+3.242e+03	+8.307e+03	+0.366
9.400	+5.155e+03	+9.810e+02	+6.755e+03	+0.160
9.600	+4.390e+03	+2.357e+03	+7.396e+03	+0.349
9.800	+6.939e+03	+1.936e+03	+6.793e+03	+0.218
10.000	+6.614e+03	+9.700e+02	+8.312e+03	+0.128
10.200	+4.668e+03	+1.496e+03	+4.181e+03	+0.243
10.400	+5.863e+03	+1.026e+03	+6.540e+03	+0.149
10.600	+5.054e+03	+1.685e+03	+7.746e+03	+0.250
10.800	+4.926e+03	+2.579e+03	+7.274e+03	+0.344
11.000	+4.338e+03	+2.512e+03	+6.120e+03	+0.367
11.200	+5.492e+03	+1.078e+03	+6.004e+03	+0.164
11.400	+6.633e+03	+1.731e+03	+6.674e+03	+0.207
11.600	+5.714e+03	+2.578e+03	+6.073e+03	+0.311
11.800	+4.189e+03	+2.729e+03	+6.984e+03	+0.394
12.000	+5.413e+03	+2.317e+03	+7.051e+03	+0.300
12.200	+4.608e+03	+2.285e+03	+6.983e+03	+0.331
12.400	+5.838e+03	+2.410e+03	+7.617e+03	+0.292
12.600	+5.084e+03	+2.387e+03	+7.046e+03	+0.320
12.800	+5.245e+03	+2.041e+03	+7.465e+03	+0.280
13.000	+4.746e+03	+2.071e+03	+8.115e+03	+0.304
13.200	+6.340e+03	+1.464e+03	+7.543e+03	+0.188
13.400	+6.142e+03	+1.118e+03	+6.583e+03	+0.154
13.600	+4.552e+03	+1.105e+03	+8.120e+03	+0.195
13.800	+6.706e+03	+1.910e+03	+6.487e+03	+0.222
14.000	+5.930e+03	+1.671e+03	+7.996e+03	+0.220
14.200	+6.597e+03	+1.602e+03	+7.685e+03	+0.195
14.400	+6.300e+03	+7.339e+02	+7.797e+03	+0.104
14.600	+4.167e+03	+3.452e+03	+7.072e+03	+0.453
14.800	+2.538e+03	+5.389e+03	+9.568e+03	+0.680
15.000	+5.592e+03	+1.375e+03	+7.938e+03	+0.197
15.200	+4.884e+03	+4.020e+02	+7.993e+03	+0.076
15.400	+7.156e+03	+2.360e+03	+1.009e+04	+0.248
15.600	+5.268e+03	+1.054e+03	+8.225e+03	+0.167
15.800	+5.450e+03	+1.878e+03	+8.373e+03	+0.256
16.000	+5.549e+03	+6.850e+02	+7.991e+03	+0.110
16.200	+6.341e+03	+7.621e+02	+8.098e+03	+0.107
16.400	+6.890e+03	+1.992e+03	+6.414e+03	+0.224
16.600	+5.310e+03	+1.246e+03	+7.853e+03	+0.190
16.800	+5.868e+03	+1.042e+03	+6.249e+03	+0.151
17.000	+5.042e+03	+1.523e+03	+5.507e+03	+0.232
17.200	+5.504e+03	+1.829e+03	+7.490e+03	+0.249
17.400	+5.750e+03	+2.630e+03	+5.692e+03	+0.314
17.600	+5.338e+03	+3.505e+03	+6.367e+03	+0.396
17.800	+4.307e+03	+1.758e+03	+8.124e+03	+0.290
18.000	+5.402e+03	+2.558e+03	+7.076e+03	+0.321
18.200	+5.430e+03	+2.347e+03	+5.652e+03	+0.302
18.400	+7.349e+03	+1.633e+03	+7.312e+03	+0.182
18.600	+5.186e+03	+7.402e+02	+5.009e+03	+0.125
18.800	+5.538e+03	+1.164e+03	+8.194e+03	+0.174
19.000	+6.465e+03	+1.448e+03	+8.300e+03	+0.183
19.200	+5.659e+03	+1.409e+03	+6.981e+03	+0.199
19.400	+6.322e+03	+1.544e+03	+8.980e+03	+0.196
19.600	+4.432e+03	+2.274e+03	+7.703e+03	+0.339
19.800	+1.864e+03	+4.455e+03	+7.933e+03	+0.705
20.000	+2.139e+03	+4.473e+03	+5.298e+03	+0.676
20.200	+1.436e+03	+4.506e+03	+6.802e+03	+0.758
20.400	+1.733e+03	+6.030e+03	+6.405e+03	+0.777
20.600	+2.865e+03	+4.870e+03	+7.232e+03	+0.630
20.800	+1.508e+03	+4.787e+03	+7.324e+03	+0.761
21.000	+3.002e+03	+4.731e+03	+9.183e+03	+0.612
21.200	+2.629e+03	+5.550e+03	+8.530e+03	+0.679
21.400	+1.822e+03	+4.788e+03	+7.132e+03	+0.724
21.600	+1.495e+03	+5.689e+03	+8.082e+03	+0.792
21.800	+1.653e+03	+4.591e+03	+7.804e+03	+0.735
22.000	+2.148e+03	+4.791e+03	+7.979e+03	+0.690
22.200	+1.617e+03	+4.363e+03	+6.368e+03	+0.730
22.400	+1.310e+03	+5.935e+03	+8.078e+03	+0.819
22.600	+4.860e+03	+1.928e+03	+5.777e+03	+0.284
22.800	+1.774e+03	+6.638e+03	+7.276e+03	+0.789
23.000	+1.876e+03	+5.229e+03	+8.437e+03	+0.736
23.200	+2.562e+03	+5.860e+03	+7.063e+03	+0.696
23.400	+1.649e+03	+5.074e+03	+6.134e+03	+0.755
23.600	+2.361e+03	+6.439e+03	+8.567e+03	+0.732
23.800	+1.428e+03	+4.671e+03	+7.582e+03	+0.766
24.000	+4.673e+03	+4.868e+03	+6.837e+03	+0.510
24.200	+2.470e+03	+3.957e+03	+5.791e+03	+0.616
24.400	+1.639e+03	+6.823e+03	+6.743e+03	+0.806
24.600	+5.860e+03	+1.229e+03	+7.701e+03	+0.173
24.800	+5.582e+03	+1.552e+03	+5.521e+03	+0.218
25.000	+5.171e+03	+2.516e+02	+6.814e+03	+0.046
25.200	+5.654e+03	+2.167e+03	+6.073e+03	+0.277
25.400	+2.162e+03	+2.970e+03	+7.008e+03	+0.579
25.600	+1.941e+03	+5.626e+03	+7.391e+03	+0.744
25.800	+1.188e+03	+4.882e+03	+5.764e+03	+0.804
26.000	+2.491e+03	+6.042e+03	+6.799e+03	+0.708
26.200	+8.802e+02	+4.619e+03	+7.912e+03	+0.840
26.400	+1.633e+03	+5.152e+03	+8.049e+03	+0.759
26.600	+1.055e+03	+4.657e+03	+7.303e+03	+0.815
26.800	+8.420e+02	+5.486e+03	+7.034e+03	+0.867
27.000	+1.603e+03	+5.711e+03	+5.274e+03	+0.781
27.200	+8.276e+02	+5.631e+03	+6.894e+03	+0.872
27.400	+2.982e+03	+5.206e+03	+7.022e+03	+0.636
27.600	+1.982e+03	+5.057e+03	+7.925e+03	+0.718
27.800	+2.023e+03	+4.643e+03	+6.759e+03	+0.697
28.000	+1.112e+03	+4.001e+03	+6.485e+03	+0.783
28.200	+8.107e+02	+5.895e+03	+7.282e+03	+0.879
28.400	+3.666e+03	+5.020e+03	+7.843e+03	+0.578
28.600	+3.694e+03	+5.930e+03	+7.654e+03	+0.616
28.800	+2.386e+03	+6.234e+03	+5.517e+03	+0.723
29.000	+1.588e+03	+6.062e+03	+8.076e+03	+0.792
29.200	+2.326e+03	+4.925e+03	+6.595e+03	+0.679
29.400	+2.923e+03	+5.927e+03	+7.958e+03	+0.670
29.600	+1.936e+03	+4.955e+03	+5.628e+03	+0.719
29.800	+3.099e+03	+3.784e+03	+8.240e+03	+0.550
30.000	+5.352e+02	+6.288e+03	+8.361e+03	+0.922
30.200	+2.511e+03	+4.768e+03	+6.225e+03	+0.655
30.400	+2.782e+03	+6.038e+03	+6.886e+03	+0.685
30.600	+1.756e+03	+4.497e+03	+6.309e+03	+0.719
30.800	+3.736e+03	+4.188e+03	+7.821e+03	+0.529
31.000	+1.740e+03	+5.647e+03	+7.745e+03	+0.764
31.200	+4.420e+03	+3.576e+03	+6.298e+03	+0.447
31.400	+6.052e+03	+3.213e+03	+6.371e+03	+0.347
31.600	+6.274e+03	+2.025e+03	+6.792e+03	+0.244
31.800	+5.545e+03	+1.134e+03	+7.841e+03	+0.170
32.000	+5.784e+03	+1.663e+03	+8.624e+03	+0.223
32.200	+6.443e+03	+1.916e+03	+8.451e+03	+0.229
32.400	+5.551e+03	+2.396e+03	+8.437e+03	+0.301
32.600	+4.657e+03	+1.360e+03	+6.660e+03	+0.226
32.800	+6.051e+03	+1.520e+03	+6.403e+03	+0.201
33.000	+5.105e+03	+7.866e+02	+5.894e+03	+0.134
33.200	+5.596e+03	+1.204e+03	+7.564e+03	+0.177
33.400	+4.821e+03	+1.963e+03	+6.362e+03	+0.289
33.600	+6.668e+03	+1.613e+03	+6.024e+03	+0.195
33.800	+5.129e+03	+1.551e+03	+7.979e+03	+0.232
34.000	+6.053e+03	+2.122e+03	+7.524e+03	+0.260
34.200	+3.289e+03	+1.902e+03	+5.717e+03	+0.366
34.400	+4.575e+03	+1.157e+03	+7.205e+03	+0.202
34.600	+4.828e+03	+1.915e+03	+5.838e+03	+0.284
34.800	+5.251e+03	+1.694e+03	+6.906e+03	+0.244
35.000	+5.575e+03	+1.772e+03	+6.814e+03	+0.241
35.200	+5.411e+03	+1.102e+03	+6.389e+03	+0.169
35.400	+2.517e+03	+2.530e+03	+6.273e+03	+0.501
35.600	+7.120e+03	+5.828e+02	+1.042e+04	+0.076
35.800	+4.627e+03	+1.137e+03	+6.988e+03	+0.197
36.000	+5.675e+03	+1.585e+03	+6.897e+03	+0.218
36.200	+5.468e+03	+1.259e+03	+7.023e+03	+0.187
36.400	+3.219e+03	+1.787e+03	+7.944e+03	+0.357
36.600	+6.244e+03	+1.482e+03	+7.151e+03	+0.192
36.800	+3.878e+03	+1.725e+03	+7.383e+03	+0.308
37.000	+5.747e+03	+1.403e+03	+1.089e+04	+0.196
37.200	+4.437e+03	+1.046e+03	+7.568e+03	+0.191
37.400	+7.736e+03	+2.292e+03	+7.085e+03	+0.229
37.600	+1.621e+03	+4.637e+03	+6.336e+03	+0.741
37.800	+1.843e+03	+5.007e+03	+5.914e+03	+0.731
38.000	+1.362e+03	+5.267e+03	+7.802e+03	+0.794
38.200	+3.619e+03	+4.433e+03	+7.014e+03	+0.551
38.400	+2.326e+03	+7.127e+03	+7.991e+03	+0.754
38.600	+1.970e+03	+5.032e+03	+7.456e+03	+0.719
38.800	+2.473e+03	+6.854e+03	+6.210e+03	+0.735
39.000	+2.178e+03	+5.383e+03	+6.249e+03	+0.712
39.200	+1.304e+03	+6.596e+03	+7.208e+03	+0.835
39.400	+7.935e+02	+5.447e+03	+8.322e+03	+0.873
39.600	+1.625e+03	+3.787e+03	+7.620e+03	+0.700
39.800	+1.165e+03	+5.121e+03	+7.927e+03	+0.815
40.000	+1.377e+03	+5.756e+03	+7.196e+03	+0.807
40.200	+9.350e+02	+3.832e+03	+6.459e+03	+0.804
40.400	+1.672e+03	+4.399e+03	+8.113e+03	+0.725
40.600	+1.444e+03	+5.108e+03	+5.669e+03	+0.780
40.800	+1.450e+03	+4.856e+03	+7.188e+03	+0.770
41.000	+7.083e+02	+4.949e+03	+6.291e+03	+0.875
41.200	+3.010e+03	+4.214e+03	+6.467e+03	+0.583
41.400	+5.546e+03	+3.338e+03	+6.076e+03	+0.376
41.600	+5.978e+03	+2.723e+03	+8.563e+03	+0.313
41.800	+5.632e+03	+1.649e+03	+7.368e+03	+0.226
42.000	+4.806e+03	+1.247e+03	+5.778e+03	+0.206
42.200	+5.767e+03	+2.724e+03	+6.005e+03	+0.321
42.400	+5.476e+03	+1.515e+03	+7.456e+03	+0.217
42.600	+5.634e+03	+1.853e+03	+7.829e+03	+0.248
42.800	+6.253e+03	+1.620e+03	+7.684e+03	+0.206
43.000	+5.620e+03	+8.790e+02	+8.009e+03	+0.135
43.200	+5.281e+03	+1.098e+03	+7.242e+03	+0.172
43.400	+6.103e+03	+2.022e+03	+6.833e+03	+0.249
43.600	+5.765e+03	+1.398e+03	+7.900e+03	+0.195
43.800	+4.610e+03	+2.194e+03	+6.744e+03	+0.322
44.000	+5.942e+03	+1.510e+03	+6.863e+03	+0.203
44.200	+6.223e+03	+2.853e+03	+8.083e+03	+0.314
44.400	+3.894e+03	+2.144e+03	+6.537e+03	+0.355
44.600	+6.233e+03	+1.483e+03	+7.766e+03	+0.192
44.800	+4.352e+03	+1.641e+03	+6.940e+03	+0.274
45.000	+5.155e+03	+1.802e+03	+7.485e+03	+0.259
45.200	+2.513e+03	+5.442e+03	+7.260e+03	+0.684
45.400	+2.875e+03	+4.051e+03	+7.804e+03	+0.585
45.600	+2.242e+03	+5.144e+03	+8.532e+03	+0.696
45.800	+1.814e+03	+4.948e+03	+8.160e+03	+0.732
46.000	+2.835e+03	+4.121e+03	+7.123e+03	+0.592
46.200	+2.330e+03	+4.118e+03	+6.561e+03	+0.639
46.400	+9.319e+02	+5.907e+03	+5.588e+03	+0.864
46.600	+1.940e+03	+4.643e+03	+6.804e+03	+0.705
46.800	+1.470e+03	+5.934e+03	+8.115e+03	+0.802
47.000	+1.773e+03	+4.766e+03	+5.938e+03	+0.729
47.200	+8.931e+02	+3.751e+03	+7.916e+03	+0.808
47.400	+2.954e+03	+5.339e+03	+8.312e+03	+0.644
47.600	+2.340e+03	+5.489e+03	+7.760e+03	+0.701
47.800	+2.133e+03	+5.674e+03	+7.350e+03	+0.727
48.000	+3.288e+03	+3.452e+03	+7.025e+03	+0.512
48.200	+1.826e+03	+6.420e+03	+8.486e+03	+0.779
48.400	+1.978e+03	+5.531e+03	+7.075e+03	+0.737
48.600	+1.521e+03	+4.466e+03	+5.936e+03	+0.746
48.800	+3.966e+03	+5.758e+03	+6.935e+03	+0.592
49.000	+3.734e+03	+3.890e+03	+6.711e+03	+0.510
49.200	+4.665e+03	+1.784e+03	+6.044e+03	+0.277
49.400	+4.804e+03	+1.493e+03	+7.016e+03	+0.237
49.600	+5.115e+03	+2.679e+03	+8.530e+03	+0.344
49.800	+6.254e+03	+1.166e+03	+7.972e+03	+0.157
50.000	+5.479e+03	+1.879e+03	+7.304e+03	+0.255
50.200	+5.964e+03	+1.216e+03	+9.062e+03	+0.169
50.400	+6.690e+03	+1.547e+03	+8.580e+03	+0.188
50.600	+4.724e+03	+1.924e+03	+6.972e+03	+0.289
50.800	+4.973e+03	+4.201e+02	+6.659e+03	+0.078
51.000	+5.086e+03	+2.016e+03	+7.271e+03	+0.284
51.200	+4.646e+03	+1.459e+03	+7.226e+03	+0.239
51.400	+5.776e+03	+2.353e+03	+7.414e+03	+0.289
51.600	+4.936e+03	+1.488e+03	+6.279e+03	+0.232
51.800	+6.068e+03	+1.495e+03	+6.994e+03	+0.198
52.000	+4.820e+03	+1.583e+03	+5.351e+03	+0.247
52.200	+6.790e+03	+2.094e+03	+7.872e+03	+0.236
52.400	+5.554e+03	+2.364e+03	+8.158e+03	+0.299
52.600	+5.874e+03	+2.403e+03	+8.695e+03	+0.290
52.800	+5.094e+03	+2.236e+03	+6.823e+03	+0.305
53.000	+3.677e+03	+2.211e+03	+5.712e+03	+0.376
53.200	+6.040e+03	+1.102e+03	+6.625e+03	+0.154
53.400	+6.416e+03	+1.276e+03	+6.544e+03	+0.166
53.600	+6.332e+03	+1.694e+03	+6.064e+03	+0.211
53.800	+8.472e+03	+1.922e+03	+6.585e+03	+0.185
54.000	+7.912e+03	+2.411e+03	+7.041e+03	+0.234
54.200	+6.231e+03	+2.278e+03	+6.761e+03	+0.268
54.400	+5.328e+03	+1.051e+03	+6.612e+03	+0.165
54.600	+5.161e+03	+7.402e+02	+8.110e+03	+0.125
54.800	+4.245e+03	+6.476e+02	+6.894e+03	+0.132
55.000	+6.098e+03	+1.219e+03	+6.484e+03	+0.167
55.200	+4.716e+03	+1.071e+03	+4.720e+03	+0.185
55.400	+4.881e+03	+2.219e+03	+9.150e+03	+0.313
55.600	+5.854e+03	+2.010e+03	+7.004e+03	+0.256
55.800	+5.463e+03	+1.993e+03	+7.414e+03	+0.267
56.000	+5.865e+03	+1.470e+03	+7.494e+03	+0.200
56.200	+5.628e+03	+1.782e+03	+9.380e+03	+0.241
56.400	+6.079e+03	+2.218e+03	+7.997e+03	+0.267
56.600	+5.445e+03	+1.579e+03	+8.135e+03	+0.225
56.800	+4.267e+03	+2.519e+03	+8.217e+03	+0.371
57.000	+5.724e+03	+1.672e+03	+7.618e+03	+0.226
57.200	+6.448e+03	+1.190e+03	+7.582e+03	+0.156
57.400	+4.884e+03	+1.026e+03	+6.128e+03	+0.174
57.600	+5.793e+03	+2.172e+03	+7.181e+03	+0.273
57.800	+5.368e+03	+1.954e+03	+7.681e+03	+0.267
58.000	+4.229e+03	+1.213e+03	+8.015e+03	+0.223
58.200	+4.959e+03	+2.381e+03	+8.588e+03	+0.324
58.400	+2.438e+03	+5.799e+03	+9.508e+03	+0.704
58.600	+2.335e+03	+4.315e+03	+6.701e+03	+0.649
58.800	+2.475e+03	+6.595e+03	+7.461e+03	+0.727
59.000	+2.908e+03	+6.738e+03	+8.035e+03	+0.699
59.200	+2.023e+03	+4.035e+03	+7.341e+03	+0.666
59.400	+3.021e+03	+4.091e+03	+7.182e+03	+0.575
59.600	+5.665e+03	+1.511e+03	+5.593e+03	+0.211
59.800	+4.702e+03	+2.072e+03	+6.005e+03	+0.306
60.000	+5.131e+03	+1.225e+03	+6.819e+03	+0.193
60.200	+6.206e+03	+1.791e+03	+6.808e+03	+0.224
60.400	+5.220e+03	+1.908e+03	+8.209e+03	+0.268
60.600	+4.617e+03	+2.653e+03	+6.613e+03	+0.365
60.800	+3.660e+03	+3.860e+01	+5.245e+03	+0.010
61.000	+6.600e+03	+9.783e+02	+7.599e+03	+0.129
61.200	+5.224e+03	+3.130e+02	+4.817e+03	+0.057
61.400	+6.739e+03	+2.213e+03	+9.373e+03	+0.247
61.600	+5.654e+03	+1.670e+03	+6.170e+03	+0.228
61.800	+5.333e+03	+1.404e+03	+7.839e+03	+0.208
62.000	+5.110e+03	+3.910e+02	+8.426e+03	+0.071
62.200	+5.298e+03	+2.057e+03	+6.933e+03	+0.280
62.400	+5.943e+03	+8.526e+02	+6.737e+03	+0.125
62.600	+6.631e+03	+1.047e+03	+7.977e+03	+0.136
62.800	+4.958e+03	+1.619e+03	+8.338e+03	+0.246
63.000	+1.423e+03	+4.599e+03	+7.840e+03	+0.764
63.200	+2.737e+03	+5.438e+03	+7.111e+03	+0.665
63.400	+2.322e+03	+5.313e+03	+6.177e+03	+0.696
63.600	+8.641e+02	+2.949e+03	+5.333e+03	+0.773
63.800	+1.305e+03	+6.283e+03	+7.656e+03	+0.828
64.000	+2.408e+03	+5.048e+03	+7.011e+03	+0.677
64.200	+2.440e+03	+5.691e+03	+8.554e+03	+0.700
64.400	+3.927e+03	+1.751e+03	+6.198e+03	+0.308
64.600	+7.707e+03	+3.701e+02	+8.687e+03	+0.046
64.800	+5.615e+03	+1.537e+03	+6.997e+03	+0.215
65.000	+6.141e+03	+1.768e+03	+7.923e+03	+0.224
65.200	+5.281e+03	+1.741e+03	+8.594e+03	+0.248
65.400	+5.092e+03	+1.500e+03	+8.191e+03	+0.228
65.600	+5.398e+03	+1.564e+03	+5.748e+03	+0.225
65.800	+4.201e+03	+2.366e+03	+7.395e+03	+0.360
66.000	+5.290e+03	+1.539e+03	+7.294e+03	+0.225
66.200	+4.035e+03	+1.389e+03	+8.178e+03	+0.256
66.400	+6.002e+03	+2.527e+03	+8.173e+03	+0.296
66.600	+4.140e+03	+1.210e+03	+8.132e+03	+0.226
66.800	+3.702e+03	+1.823e+03	+9.371e+03	+0.330
67.000	+4.609e+03	+2.253e+03	+6.602e+03	+0.328
67.200	+3.719e+03	+1.067e+03	+5.841e+03	+0.223
67.400	+6.486e+03	+1.775e+03	+8.440e+03	+0.215
67.600	+6.095e+03	+2.263e+03	+8.448e+03	+0.271
67.800	+6.122e+03	+2.092e+03	+5.732e+03	+0.255
68.000	+5.516e+03	+1.254e+03	+6.937e+03	+0.185
68.200	+5.077e+03	+1.311e+03	+7.049e+03	+0.205
68.400	+6.945e+03	+7.905e+02	+7.148e+03	+0.102
68.600	+5.782e+03	+2.083e+03	+7.368e+03	+0.265
68.800	+6.291e+03	+1.174e+03	+8.635e+03	+0.157
69.000	+5.492e+03	+1.847e+03	+7.669e+03	+0.252
69.200	+4.508e+03	+2.350e+03	+6.886e+03	+0.343
69.400	+4.835e+03	+1.161e+03	+7.829e+03	+0.194
69.600	+5.380e+03	+1.369e+03	+5.097e+03	+0.203
69.800	+5.229e+03	+1.046e+02	+8.400e+03	+0.020
70.000	+5.906e+03	+1.943e+03	+6.821e+03	+0.248
70.200	+6.477e+03	+1.031e+03	+7.376e+03	+0.137
70.400	+2.800e+03	+4.870e+03	+8.480e+03	+0.635
70.600	+1.585e+03	+5.275e+03	+6.256e+03	+0.769
70.800	+1.840e+03	+5.366e+03	+6.636e+03	+0.745
71.000	+1.062e+03	+5.514e+03	+8.469e+03	+0.838
71.200	+1.097e+03	+5.745e+03	+6.907e+03	+0.840
71.400	+2.889e+03	+7.000e+03	+6.323e+03	+0.708
71.600	+6.597e+02	+6.646e+03	+8.573e+03	+0.910
71.800	+2.758e+03	+5.259e+03	+5.762e+03	+0.656
72.000	+2.952e+03	+6.095e+03	+7.847e+03	+0.674
72.200	+1.919e+03	+5.390e+03	+7.250e+03	+0.737
72.400	+1.924e+03	+5.964e+03	+9.089e+03	+0.756
72.600	+2.630e+03	+6.058e+03	+9.084e+03	+0.697
72.800	+2.546e+03	+5.507e+03	+3.213e+03	+0.684
73.000	+2.160e+03	+4.467e+03	+7.435e+03	+0.674
73.200	+2.303e+03	+4.018e+03	+8.222e+03	+0.636
73.400	+1.430e+03	+5.216e+03	+7.729e+03	+0.785
73.600	+2.157e+03	+4.313e+03	+8.437e+03	+0.667
73.800	+2.407e+03	+4.799e+03	+7.112e+03	+0.666
74.000	+4.351e+03	+1.621e+03	+7.033e+03	+0.271
74.200	+5.324e+03	+8.369e+02	+8.465e+03	+0.136
74.400	+7.451e+03	+1.850e+03	+7.530e+03	+0.199
74.600	+5.694e+03	+1.167e+03	+9.155e+03	+0.170
74.800	+5.317e+03	+3.048e+03	+6.729e+03	+0.364
75.000	+5.181e+03	+5.180e+02	+7.663e+03	+0.091
75.200	+5.453e+03	+1.645e+03	+8.222e+03	+0.232
75.400	+4.531e+03	+3.831e+03	+8.638e+03	+0.458
75.600	+5.692e+03	+1.763e+03	+4.695e+03	+0.236
75.800	+4.765e+03	+1.104e+03	+9.557e+03	+0.188
76.000	+4.301e+03	+7.864e+02	+6.194e+03	+0.155
76.200	+3.563e+03	+3.393e+03	+7.909e+03	+0.488
76.400	+3.182e+03	+5.194e+03	+5.871e+03	+0.620
76.600	+2.622e+03	+5.375e+03	+9.228e+03	+0.672
76.800	+1.543e+03	+7.545e+03	+6.929e+03	+0.830
77.000	+1.575e+03	+3.879e+03	+7.856e+03	+0.711
77.200	+3.058e+03	+4.539e+03	+6.550e+03	+0.597
77.400	+2.486e+03	+5.446e+03	+7.706e+03	+0.687
77.600	+2.355e+03	+4.795e+03	+7.232e+03	+0.671
77.800	+2.480e+03	+4.917e+03	+7.764e+03	+0.665
78.000	+1.587e+03	+6.296e+03	+8.795e+03	+0.799
78.200	+1.461e+03	+5.007e+03	+7.026e+03	+0.774
78.400	+9.091e+02	+5.924e+03	+8.110e+03	+0.867
78.600	+1.480e+03	+6.076e+03	+7.849e+03	+0.804
78.800	+1.372e+03	+6.024e+03	+6.930e+03	+0.815
79.000	+2.499e+03	+6.141e+03	+6.850e+03	+0.711
79.200	+2.540e+03	+2.869e+03	+7.738e+03	+0.530
79.400	+2.449e+03	+4.748e+03	+7.122e+03	+0.660
79.600	+9.619e+02	+2.466e+03	+5.407e+03	+0.719
79.800	+1.782e+03	+4.612e+03	+7.202e+03	+0.721
80.000	+2.449e+03	+5.758e+03	+7.480e+03	+0.702
80.200	+2.491e+03	+6.416e+03	+6.530e+03	+0.720
80.400	+1.276e+03	+4.334e+03	+7.716e+03	+0.773
80.600	+2.394e+03	+4.740e+03	+8.057e+03	+0.664
80.800	+1.843e+03	+5.626e+03	+7.392e+03	+0.753
81.000	+1.988e+03	+5.065e+03	+7.931e+03	+0.718
81.200	+2.905e+03	+6.268e+03	+6.436e+03	+0.683
81.400	+1.791e+03	+4.945e+03	+8.002e+03	+0.734
81.600	+3.464e+03	+5.336e+03	+7.403e+03	+0.606
81.800	+2.619e+03	+5.630e+03	+6.166e+03	+0.683
82.000	+9.995e+02	+5.543e+03	+8.752e+03	+0.847
82.200	+1.821e+03	+5.450e+03	+6.981e+03	+0.750
82.400	+1.847e+03	+4.688e+03	+6.798e+03	+0.717
82.600	+2.130e+03	+5.859e+03	+1.010e+04	+0.733
82.800	+2.174e+03	+5.142e+03	+8.158e+03	+0.703
83.000	+3.110e+03	+7.265e+03	+5.558e+03	+0.700
83.200	+2.151e+03	+5.025e+03	+5.797e+03	+0.700
83.400	+2.618e+03	+5.650e+03	+7.763e+03	+0.683
83.600	+2.734e+03	+5.352e+03	+8.146e+03	+0.662
83.800	+1.113e+03	+5.355e+03	+6.416e+03	+0.828
84.000	+2.348e+03	+5.161e+03	+5.413e+03	+0.687
84.200	+3.051e+03	+4.879e+03	+7.959e+03	+0.615
84.400	+2.294e+03	+4.718e+03	+6.647e+03	+0.673
84.600	+1.924e+03	+5.596e+03	+7.066e+03	+0.744
84.800	+9.575e+02	+6.215e+03	+7.452e+03	+0.867
85.000	+2.295e+03	+4.871e+03	+6.777e+03	+0.680
85.200	+2.135e+03	+5.544e+03	+7.401e+03	+0.722
85.400	+1.938e+03	+5.446e+03	+6.454e+03	+0.738
85.600	+2.420e+03	+5.329e+03	+6.303e+03	+0.688
85.800	+2.505e+03	+4.793e+03	+8.698e+03	+0.657
86.000	+1.832e+03	+2.932e+03	+5.638e+03	+0.615
86.200	+1.421e+03	+3.648e+03	+6.463e+03	+0.720
86.400	+2.145e+03	+6.726e+03	+8.607e+03	+0.758
86.600	+2.446e+03	+5.494e+03	+6.960e+03	+0.692
86.800	+8.099e+02	+4.769e+03	+8.120e+03	+0.855
87.000	+3.366e+03	+6.865e+03	+9.364e+03	+0.671
87.200	+1.009e+03	+5.474e+03	+6.758e+03	+0.844
87.400	+2.854e+03	+5.826e+03	+7.383e+03	+0.671
87.600	+2.313e+03	+4.224e+03	+7.537e+03	+0.646
87.800	+2.592e+03	+5.584e+03	+7.163e+03	+0.683
88.000	+2.795e+03	+6.320e+03	+7.379e+03	+0.693
88.200	+2.774e+03	+5.687e+03	+7.996e+03	+0.672
88.400	+3.379e+03	+4.495e+03	+6.166e+03	+0.571
88.600	+9.891e+02	+6.241e+03	+6.137e+03	+0.863
88.800	+1.460e+03	+4.980e+03	+5.923e+03	+0.773
89.000	+2.792e+03	+5.545e+03	+7.599e+03	+0.665
89.200	+2.155e+03	+6.337e+03	+7.131e+03	+0.746
89.400	+2.677e+03	+4.109e+03	+8.289e+03	+0.606
89.600	+1.676e+03	+4.983e+03	+5.722e+03	+0.748
89.800	+2.516e+03	+5.620e+03	+8.159e+03	+0.691
90.000	+1.775e+03	+5.619e+03	+7.853e+03	+0.760
90.200	+2.510e+03	+5.075e+03	+8.331e+03	+0.669
90.400	+1.732e+03	+4.897e+03	+7.277e+03	+0.739
90.600	+2.076e+03	+3.870e+03	+6.131e+03	+0.651
90.800	+2.010e+03	+6.850e+03	+8.335e+03	+0.773
91.000	+1.397e+03	+5.006e+03	+7.517e+03	+0.782
91.200	+2.100e+03	+5.109e+03	+7.120e+03	+0.709
91.400	+1.452e+03	+5.824e+03	+7.525e+03	+0.800
91.600	+3.358e+02	+5.446e+03	+7.537e+03	+0.942
91.800	+1.674e+03	+5.005e+03	+6.376e+03	+0.749
92.000	+2.632e+03	+6.437e+03	+8.526e+03	+0.710
92.200	+1.442e+03	+6.096e+03	+7.984e+03	+0.809
92.400	+1.920e+03	+5.126e+03	+7.504e+03	+0.728
92.600	+1.351e+03	+4.689e+03	+6.284e+03	+0.776
92.800	+2.212e+03	+5.056e+03	+6.222e+03	+0.696
93.000	+1.749e+03	+5.839e+03	+7.785e+03	+0.769
93.200	+2.012e+03	+4.978e+03	+6.774e+03	+0.712
93.400	+1.959e+03	+4.931e+03	+7.114e+03	+0.716
93.600	+1.205e+03	+4.998e+03	+6.875e+03	+0.806
93.800	+1.801e+03	+6.175e+03	+6.603e+03	+0.774
94.000	+3.003e+03	+5.654e+03	+9.477e+03	+0.653
94.200	+1.952e+03	+4.236e+03	+7.621e+03	+0.685
94.400	+2.944e+03	+5.142e+03	+6.893e+03	+0.636
94.600	+2.756e+03	+4.240e+03	+7.219e+03	+0.606
94.800	+2.332e+03	+6.828e+03	+6.605e+03	+0.745
95.000	+2.307e+03	+6.884e+03	+7.931e+03	+0.749
95.200	+2.171e+03	+4.676e+03	+7.249e+03	+0.683
95.400	+7.820e+02	+5.006e+03	+6.851e+03	+0.865
95.600	+2.203e+03	+6.231e+03	+7.919e+03	+0.739
95.800	+3.237e+03	+5.738e+03	+7.975e+03	+0.639
96.000	+2.242e+03	+5.827e+03	+8.200e+03	+0.722
96.200	+2.993e+03	+7.606e+03	+6.943e+03	+0.718
96.400	+1.914e+03	+2.881e+03	+8.511e+03	+0.601
96.600	+1.359e+03	+5.689e+03	+6.412e+03	+0.807
96.800	+1.285e+03	+5.869e+03	+9.403e+03	+0.820
97.000	+2.133e+03	+5.942e+03	+6.033e+03	+0.736
97.200	+2.394e+03	+4.244e+03	+7.927e+03	+0.639
97.400	+1.015e+03	+4.870e+03	+5.915e+03	+0.827
97.600	+2.600e+03	+5.146e+03	+5.785e+03	+0.664
97.800	+5.235e+03	+1.767e+03	+6.904e+03	+0.252
98.000	+5.463e+03	+3.227e+03	+7.906e+03	+0.371
98.200	+4.599e+03	+1.714e+03	+7.316e+03	+0.271
98.400	+5.751e+03	+2.172e+03	+8.468e+03	+0.274
98.600	+4.672e+03	+2.656e+03	+6.187e+03	+0.362
98.800	+5.608e+03	+1.281e+03	+7.894e+03	+0.186
99.000	+5.393e+03	+6.138e+02	+7.238e+03	+0.102
99.200	+6.830e+03	+1.962e+03	+7.285e+03	+0.223
99.400	+3.918e+03	+2.665e+03	+6.223e+03	+0.405
99.600	+5.371e+03	+1.216e+03	+4.669e+03	+0.185
99.800	+5.837e+03	+2.131e+03	+7.739e+03	+0.267
100.000	+6.760e+03	+6.501e+02	+7.060e+03	+0.088
100.200	+3.956e+03	+1.340e+03	+8.564e+03	+0.253
100.400	+5.483e+03	+1.912e+03	+6.498e+03	+0.259
100.600	+5.048e+03	+2.474e+03	+6.308e+03	+0.329
100.800	+5.292e+03	+1.362e+03	+6.176e+03	+0.205
101.000	+5.915e+03	+1.861e+03	+8.189e+03	+0.239
101.200	+6.673e+03	+1.744e+03	+5.161e+03	+0.207
101.400	+6.682e+03	+1.506e+03	+7.065e+03	+0.184
101.600	+6.312e+03	+2.563e+03	+9.845e+03	+0.289
101.800	+2.570e+03	+2.599e+03	+7.907e+03	+0.503
102.000	+6.310e+03	+2.651e+03	+7.043e+03	+0.296
102.200	+6.395e+03	+1.763e+03	+5.717e+03	+0.216
102.400	+5.313e+03	+2.355e+03	+6.722e+03	+0.307
102.600	+5.694e+03	+3.154e+03	+7.603e+03	+0.356
102.800	+5.767e+03	+1.002e+03	+7.160e+03	+0.148
103.000	+4.162e+03	+1.921e+03	+8.185e+03	+0.316
103.200	+4.336e+03	+2.917e+03	+8.817e+03	+0.402
103.400	+1.118e+03	+6.351e+03	+7.880e+03	+0.850
103.600	+2.157e+03	+4.931e+03	+6.436e+03	+0.696
103.800	+3.161e+03	+4.638e+03	+6.763e+03	+0.595
104.000	+1.735e+03	+4.410e+03	+8.862e+03	+0.718
104.200	+1.356e+03	+6.014e+03	+7.375e+03	+0.816
104.400	+1.925e+03	+3.880e+03	+7.095e+03	+0.668
104.600	+2.293e+03	+5.840e+03	+7.013e+03	+0.718
104.800	+9.764e+02	+4.188e+03	+6.612e+03	+0.811
105.000	+2.108e+03	+5.794e+03	+7.008e+03	+0.733
105.200	+1.529e+03	+5.271e+03	+9.644e+03	+0.775
105.400	+2.071e+03	+4.447e+03	+8.450e+03	+0.682
105.600	+1.376e+03	+4.895e+03	+7.724e+03	+0.781
105.800	+3.105e+03	+4.065e+03	+8.076e+03	+0.567
106.000	+6.935e+03	+2.216e+03	+9.756e+03	+0.242
106.200	+6.659e+03	+1.279e+03	+6.324e+03	+0.161
106.400	+5.714e+03	+3.269e+03	+7.837e+03	+0.364
106.600	+5.010e+03	+1.732e+03	+8.558e+03	+0.257
106.800	+5.403e+03	+1.816e+03	+7.292e+03	+0.252
107.000	+2.354e+03	+5.152e+03	+5.494e+03	+0.686
107.200	+1.497e+03	+5.271e+03	+7.674e+03	+0.779
107.400	+1.088e+03	+5.221e+03	+7.631e+03	+0.828
107.600	+7.036e+02	+5.687e+03	+6.495e+03	+0.890
107.800	+1.115e+03	+4.972e+03	+6.859e+03	+0.817
108.000	+2.280e+03	+4.126e+03	+8.421e+03	+0.644
108.200	+2.153e+03	+4.549e+03	+6.713e+03	+0.679
108.400	+1.669e+03	+5.287e+03	+4.351e+03	+0.760
108.600	+1.231e+03	+4.415e+03	+7.248e+03	+0.782
108.800	+2.305e+03	+6.395e+03	+5.306e+03	+0.735
109.000	+2.650e+03	+5.877e+03	+8.147e+03	+0.689
109.200	+6.481e+02	+5.607e+03	+5.806e+03	+0.896
109.400	+1.520e+03	+5.123e+03	+6.247e+03	+0.771
109.600	+7.098e+02	+5.084e+03	+6.101e+03	+0.877
109.800	+2.713e+03	+5.730e+03	+5.437e+03	+0.679
110.000	+2.235e+03	+5.847e+03	+8.651e+03	+0.723
110.200	+1.732e+03	+5.603e+03	+7.801e+03	+0.764
110.400	+2.670e+03	+4.977e+03	+6.690e+03	+0.651
110.600	+2.695e+03	+5.136e+03	+7.989e+03	+0.656
110.800	+3.911e+03	+6.279e+03	+7.423e+03	+0.616
111.000	+7.549e+02	+4.923e+03	+6.924e+03	+0.867
111.200	+2.487e+03	+6.325e+03	+7.183e+03	+0.718
111.400	+6.874e+02	+6.596e+03	+9.029e+03	+0.906
111.600	+2.211e+03	+5.608e+03	+7.448e+03	+0.717
111.800	+1.358e+03	+5.614e+03	+9.462e+03	+0.805
112.000	+3.302e+03	+4.307e+03	+6.499e+03	+0.566
112.200	+6.410e+03	+1.875e+03	+9.736e+03	+0.226
112.400	+5.449e+03	+1.291e+03	+8.245e+03	+0.191
112.600	+4.441e+03	+2.087e+03	+8.019e+03	+0.320
112.800	+6.502e+03	+3.395e+03	+7.622e+03	+0.343
113.000	+5.086e+03	+2.436e+03	+8.109e+03	+0.324
113.200	+4.807e+03	+1.572e+03	+7.593e+03	+0.246
113.400	+4.833e+03	+2.155e+03	+7.104e+03	+0.308
113.600	+5.384e+03	+2.362e+03	+5.936e+03	+0.305
113.800	+5.374e+03	+1.001e+03	+7.290e+03	+0.157
114.000	+5.728e+03	+2.082e+03	+8.173e+03	+0.267
114.200	+4.263e+03	+1.750e+03	+7.068e+03	+0.291
114.400	+5.435e+03	+1.866e+03	+7.927e+03	+0.256
114.600	+4.470e+03	+3.342e+03	+6.318e+03	+0.428
114.800	+6.053e+03	+1.905e+03	+8.207e+03	+0.239
115.000	+4.855e+03	+2.043e+03	+8.291e+03	+0.296
115.200	+5.226e+03	+2.070e+03	+7.303e+03	+0.284
115.400	+4.568e+03	+2.338e+03	+7.233e+03	+0.339
115.600	+7.187e+03	+1.345e+03	+7.699e+03	+0.158
115.800	+5.035e+03	+1.372e+03	+7.159e+03	+0.214
116.000	+5.166e+03	+1.213e+03	+6.551e+03	+0.190
116.200	+5.432e+03	+1.874e+03	+6.669e+03	+0.256
116.400	+5.605e+03	+1.956e+03	+7.030e+03	+0.259
116.600	+1.686e+03	+5.608e+03	+6.660e+03	+0.769
116.800	+2.052e+03	+3.782e+03	+5.666e+03	+0.648
117.000	+2.099e+03	+6.203e+03	+7.765e+03	+0.747
117.200	+2.103e+03	+5.504e+03	+6.839e+03	+0.724
117.400	+2.877e+03	+4.068e+03	+8.434e+03	+0.586
117.600	+2.065e+03	+6.135e+03	+5.410e+03	+0.748
117.800	+1.700e+03	+4.777e+03	+6.959e+03	+0.738
118.000	+6.186e+02	+4.219e+03	+7.921e+03	+0.872
118.200	+5.570e+03	+1.571e+03	+8.513e+03	+0.220
118.400	+5.098e+03	+1.542e+03	+4.996e+03	+0.232
118.600	+5.965e+03	+1.850e+03	+8.661e+03	+0.237
118.800	+6.532e+03	+1.297e+03	+8.749e+03	+0.166
119.000	+6.393e+03	+1.711e+03	+8.883e+03	+0.211
119.200	+5.339e+03	+7.581e+02	+6.484e+03	+0.124
119.400	+3.943e+03	+2.505e+03	+7.118e+03	+0.389
119.600	+1.207e+03	+6.324e+03	+4.835e+03	+0.840
119.800	+1.861e+03	+4.920e+03	+7.859e+03	+0.726
120.000	+2.248e+03	+4.255e+03	+6.894e+03	+0.654
120.200	+2.347e+03	+4.601e+03	+8.905e+03	+0.662
120.400	+2.667e+03	+4.370e+03	+7.750e+03	+0.621
120.600	+2.935e+03	+5.110e+03	+7.126e+03	+0.635
120.800	+2.312e+03	+4.578e+03	+8.020e+03	+0.664
121.000	+1.187e+03	+4.365e+03	+9.163e+03	+0.786
121.200	+1.641e+03	+5.349e+03	+8.117e+03	+0.765
121.400	+2.962e+03	+5.778e+03	+6.498e+03	+0.661
121.600	+1.762e+03	+6.024e+03	+6.655e+03	+0.774
121.800	+3.918e+03	+6.445e+03	+8.073e+03	+0.622
122.000	+2.823e+03	+4.850e+03	+7.678e+03	+0.632
122.200	+1.215e+03	+6.315e+03	+8.940e+03	+0.839
122.400	+2.785e+03	+6.322e+03	+7.591e+03	+0.694
122.600	+1.751e+03	+2.854e+03	+6.763e+03	+0.620
122.800	+2.072e+03	+6.293e+03	+7.436e+03	+0.752
123.000	+2.120e+03	+5.764e+03	+6.952e+03	+0.731
123.200	+2.392e+03	+5.061e+03	+6.378e+03	+0.679
123.400	+3.236e+03	+6.477e+03	+8.837e+03	+0.667
123.600	+1.372e+03	+5.760e+03	+5.641e+03	+0.808
123.800	+2.631e+03	+5.996e+03	+6.532e+03	+0.695
124.000	+2.369e+03	+4.235e+03	+8.655e+03	+0.641
124.200	+2.850e+03	+4.365e+03	+8.309e+03	+0.605
124.400	+1.495e+03	+4.103e+03	+5.249e+03	+0.733
124.600	+1.672e+03	+5.062e+03	+5.185e+03	+0.752
124.800	+1.571e+03	+5.103e+03	+8.063e+03	+0.765
125.000	+1.743e+03	+7.088e+03	+7.051e+03	+0.803
125.200	+2.895e+03	+5.307e+03	+6.297e+03	+0.647
125.400	+2.546e+03	+5.078e+03	+8.699e+03	+0.666
125.600	+1.307e+03	+6.465e+03	+4.283e+03	+0.832
125.800	+2.659e+03	+5.599e+03	+6.368e+03	+0.678
126.000	+9.883e+02	+5.278e+03	+8.076e+03	+0.842
126.200	+1.744e+03	+5.644e+03	+5.664e+03	+0.764
126.400	+1.271e+03	+5.367e+03	+9.014e+03	+0.808
126.600	+2.890e+03	+4.647e+03	+7.016e+03	+0.617
126.800	+2.405e+03	+6.584e+03	+8.199e+03	+0.732
127.000	+1.221e+03	+5.657e+03	+7.060e+03	+0.822
127.200	+2.869e+03	+6.022e+03	+8.236e+03	+0.677
127.400	+1.413e+03	+6.762e+03	+9.651e+03	+0.827
127.600	+3.258e+03	+5.175e+03	+5.981e+03	+0.614
127.800	+1.672e+03	+7.416e+03	+5.921e+03	+0.816
128.000	+2.921e+03	+4.762e+03	+6.563e+03	+0.620
128.200	+2.756e+03	+5.246e+03	+4.687e+03	+0.656
128.400	+2.836e+03	+5.687e+03	+6.612e+03	+0.667
128.600	+2.520e+03	+4.672e+03	+8.165e+03	+0.650
128.800	+2.356e+03	+4.644e+03	+6.612e+03	+0.663
129.000	+2.121e+03	+5.420e+03	+7.364e+03	+0.719
129.200	+3.296e+03	+3.861e+03	+7.676e+03	+0.539
129.400	+5.472e+03	+2.645e+03	+4.619e+03	+0.326
129.600	+5.722e+03	+1.102e+03	+6.092e+03	+0.161
129.800	+5.819e+03	+2.729e+03	+6.915e+03	+0.319
130.000	+5.155e+03	+1.532e+03	+8.205e+03	+0.229
130.200	+4.835e+03	+1.842e+03	+5.156e+03	+0.276
130.400	+4.836e+03	+9.386e+02	+7.628e+03	+0.163
130.600	+5.117e+03	+1.133e+03	+7.364e+03	+0.181
130.800	+6.293e+03	+9.607e+02	+6.238e+03	+0.132
131.000	+4.572e+03	+2.697e+03	+7.760e+03	+0.371
131.200	+4.841e+03	+3.772e+02	+7.771e+03	+0.072
131.400	+6.459e+03	+3.185e+03	+7.325e+03	+0.330
131.600	+3.601e+03	+1.081e+03	+5.652e+03	+0.231
131.800	+5.162e+03	+2.821e+03	+8.300e+03	+0.353
132.000	+6.204e+03	+1.737e+03	+7.421e+03	+0.219
132.200	+4.812e+03	+1.358e+03	+6.490e+03	+0.220
132.400	+5.942e+03	+1.731e+03	+6.799e+03	+0.226
132.600	+4.349e+03	+2.359e+03	+5.225e+03	+0.352
132.800	+5.122e+03	+1.800e+03	+7.791e+03	+0.260
133.000	+6.178e+03	+1.283e+03	+9.242e+03	+0.172
133.200	+5.121e+03	+2.715e+03	+8.223e+03	+0.346
133.400	+4.493e+03	+1.645e+03	+7.131e+03	+0.268
133.600	+5.634e+03	+4.363e+02	+7.713e+03	+0.072
133.800	+6.938e+03	+1.757e+03	+6.812e+03	+0.202
134.000	+6.289e+03	+1.800e+03	+7.143e+03	+0.223
134.200	+6.476e+03	+2.566e+03	+8.191e+03	+0.284
134.400	+5.729e+03	+2.825e+03	+6.620e+03	+0.330
134.600	+5.306e+03	+4.803e+02	+7.206e+03	+0.083
134.800	+7.139e+03	+2.131e+03	+7.681e+03	+0.230
135.000	+6.047e+03	+1.660e+03	+7.029e+03	+0.215
135.200	+4.494e+03	+1.940e+03	+8.890e+03	+0.302
135.400	+3.137e+03	+3.911e+03	+5.807e+03	+0.555
135.600	+1.658e+03	+4.611e+03	+7.554e+03	+0.736
135.800	+2.187e+03	+6.386e+03	+7.182e+03	+0.745
136.000	+2.229e+03	+5.721e+03	+7.696e+03	+0.720
136.200	+1.259e+03	+4.755e+03	+1.007e+04	+0.791
136.400	+2.030e+03	+4.807e+03	+5.975e+03	+0.703
136.600	+1.729e+03	+5.551e+03	+5.815e+03	+0.763
136.800	+2.439e+03	+4.923e+03	+6.434e+03	+0.669
137.000	+2.099e+03	+5.998e+03	+8.620e+03	+0.741
137.200	+2.587e+03	+6.857e+03	+8.478e+03	+0.726
137.400	+6.798e+02	+5.140e+03	+4.770e+03	+0.883
137.600	+1.866e+03	+4.806e+03	+8.745e+03	+0.720
137.800	+1.683e+03	+5.414e+03	+3.689e+03	+0.763
138.000	+3.053e+03	+5.814e+03	+7.209e+03	+0.656
138.200	+2.289e+03	+4.855e+03	+8.418e+03	+0.680
138.400	+2.718e+03	+5.029e+03	+6.200e+03	+0.649
138.600	+1.202e+03	+6.079e+03	+9.440e+03	+0.835
138.800	+3.442e+03	+3.432e+03	+8.648e+03	+0.499
139.000	+1.134e+03	+5.730e+03	+8.869e+03	+0.835
139.200	+7.824e+02	+6.501e+03	+8.481e+03	+0.893
139.400	+1.680e+03	+5.666e+03	+5.814e+03	+0.771
139.600	+1.144e+03	+5.940e+03	+6.287e+03	+0.838
139.800	+2.534e+03	+5.183e+03	+1.025e+04	+0.672
140.000	+1.814e+03	+6.338e+03	+7.212e+03	+0.777
140.200	+1.979e+03	+5.351e+03	+9.292e+03	+0.730
140.400	+3.078e+03	+6.659e+03	+5.753e+03	+0.684
140.600	+2.889e+03	+6.835e+03	+7.277e+03	+0.703
140.800	+2.814e+03	+5.580e+03	+9.268e+03	+0.665
141.000	+9.012e+02	+4.268e+03	+6.597e+03	+0.826
141.200	+1.914e+03	+4.811e+03	+7.685e+03	+0.715
141.400	+2.850e+03	+3.330e+03	+5.527e+03	+0.539
141.600	+2.194e+03	+5.382e+03	+6.449e+03	+0.710
141.800	+2.015e+03	+5.927e+03	+6.442e+03	+0.746
142.000	+1.501e+03	+6.519e+03	+6.428e+03	+0.813
142.200	+2.946e+03	+4.644e+03	+6.963e+03	+0.612
142.400	+4.814e+03	+2.887e+03	+6.404e+03	+0.375
142.600	+7.720e+03	+2.053e+03	+9.090e+03	+0.210
142.800	+6.421e+03	+1.195e+03	+7.466e+03	+0.157
143.000	+3.669e+03	+1.273e+03	+8.119e+03	+0.258
143.200	+5.761e+03	-2.776e+02	+5.912e+03	-0.051
143.400	+6.314e+03	+2.561e+03	+7.900e+03	+0.289
143.600	+4.093e+03	+1.850e+03	+6.840e+03	+0.311
143.800	+3.552e+03	+1.478e+03	+6.928e+03	+0.294
144.000	+4.914e+03	+2.410e+03	+8.336e+03	+0.329
144.200	+4.305e+03	+1.923e+03	+6.963e+03	+0.309
144.400	+6.684e+03	+1.514e+03	+5.570e+03	+0.185
144.600	+5.473e+03	+1.716e+03	+6.822e+03	+0.239
144.800	+5.673e+03	+2.424e+03	+7.099e+03	+0.299
145.000	+6.615e+03	+3.191e+03	+5.250e+03	+0.325
145.200	+2.326e+03	+4.575e+03	+4.681e+03	+0.663
145.400	+1.250e+03	+5.802e+03	+9.200e+03	+0.823
145.600	+3.473e+03	+4.821e+03	+8.273e+03	+0.581
145.800	+1.343e+03	+5.988e+03	+7.890e+03	+0.817
146.000	+2.073e+03	+6.075e+03	+7.316e+03	+0.746
146.200	+1.455e+03	+6.073e+03	+6.292e+03	+0.807
146.400	+5.045e+02	+5.471e+03	+8.657e+03	+0.916
146.600	+3.030e+03	+5.849e+03	+6.823e+03	+0.659
146.800	+2.295e+03	+6.435e+03	+5.377e+03	+0.737
147.000	+2.186e+03	+4.969e+03	+7.517e+03	+0.695
147.200	+2.975e+03	+6.544e+03	+7.566e+03	+0.687
147.400	+1.666e+03	+6.654e+03	+8.737e+03	+0.800
147.600	+1.113e+03	+6.513e+03	+6.698e+03	+0.854
147.800	+3.034e+03	+4.392e+03	+6.631e+03	+0.591
148.000	+2.124e+03	+6.162e+03	+8.167e+03	+0.744
148.200	+2.528e+03	+4.628e+03	+7.772e+03	+0.647
148.400	+2.000e+03	+5.120e+03	+7.571e+03	+0.719
148.600	+2.013e+03	+4.520e+03	+6.125e+03	+0.692
148.800	+8.825e+02	+4.955e+03	+7.912e+03	+0.849
149.000	+2.131e+03	+5.271e+03	+6.544e+03	+0.712
149.200	+1.961e+03	+5.820e+03	+7.276e+03	+0.748
149.400	+1.913e+03	+6.042e+03	+7.027e+03	+0.760
149.600	+2.084e+03	+5.925e+03	+7.397e+03	+0.740
149.800	+2.136e+03	+4.568e+03	+8.305e+03	+0.681
150.000	+2.912e+03	+4.410e+03	+6.788e+03	+0.602
150.200	+2.334e+03	+5.859e+03	+6.606e+03	+0.715
150.400	+1.057e+03	+3.952e+03	+7.460e+03	+0.789
150.600	+1.929e+03	+4.884e+03	+7.377e+03	+0.717
150.800	+3.849e+02	+5.702e+03	+7.671e+03	+0.937
151.000	+1.546e+03	+4.763e+03	+6.994e+03	+0.755
151.200	+2.561e+03	+5.239e+03	+7.501e+03	+0.672
151.400	+2.102e+03	+4.052e+03	+8.164e+03	+0.658
151.600	+1.286e+03	+5.027e+03	+8.306e+03	+0.796
151.800	+1.882e+03	+5.528e+03	+9.577e+03	+0.746
152.000	+2.241e+03	+5.717e+03	+7.550e+03	+0.718
152.200	+1.693e+03	+5.978e+03	+9.452e+03	+0.779
152.400	+2.687e+03	+6.097e+03	+7.466e+03	+0.694
152.600	+2.127e+03	+5.060e+03	+7.239e+03	+0.704
152.800	+2.647e+03	+4.708e+03	+6.085e+03	+0.640
153.000	+2.406e+03	+5.040e+03	+8.259e+03	+0.677
153.200	+4.490e+02	+4.708e+03	+7.970e+03	+0.913
153.400	+1.166e+03	+4.878e+03	+7.718e+03	+0.807
153.600	+2.316e+03	+5.808e+03	+7.548e+03	+0.715
153.800	+2.006e+03	+5.151e+03	+6.645e+03	+0.720
154.000	+2.994e+03	+4.827e+03	+6.628e+03	+0.617
154.200	+2.164e+03	+7.926e+03	+6.879e+03	+0.786
154.400	+2.561e+03	+6.371e+03	+7.323e+03	+0.713
154.600	+1.071e+03	+4.652e+03	+7.131e+03	+0.813
154.800	+2.817e+03	+4.719e+03	+8.534e+03	+0.626
155.000	+1.675e+03	+5.215e+03	+9.352e+03	+0.757
155.200	+2.381e+03	+5.578e+03	+7.455e+03	+0.701
155.400	+9.548e+02	+6.036e+03	+6.919e+03	+0.863
155.600	+2.829e+03	+4.692e+03	+7.930e+03	+0.624
155.800	+2.713e+03	+5.444e+03	+8.127e+03	+0.667
156.000	+1.107e+03	+4.553e+03	+6.900e+03	+0.804
156.200	+2.305e+03	+5.951e+03	+7.485e+03	+0.721
156.400	+2.867e+03	+4.530e+03	+6.748e+03	+0.612
156.600	+2.446e+03	+6.566e+03	+6.158e+03	+0.729
156.800	+6.965e+02	+6.326e+03	+4.637e+03	+0.901
157.000	+2.208e+03	+5.139e+03	+8.631e+03	+0.699
157.200	+1.698e+03	+3.769e+03	+7.243e+03	+0.689
157.400	+2.691e+03	+6.895e+03	+7.304e+03	+0.719
157.600	+1.616e+03	+5.262e+03	+7.445e+03	+0.765
157.800	+1.839e+03	+4.202e+03	+8.210e+03	+0.696
158.000	+2.007e+03	+4.503e+03	+6.498e+03	+0.692
158.200	+2.184e+03	+6.126e+03	+7.818e+03	+0.737
158.400	+1.658e+03	+5.178e+03	+6.592e+03	+0.757
158.600	+2.387e+03	+5.477e+03	+5.156e+03	+0.696
158.800	+6.943e+02	+6.570e+03	+6.273e+03	+0.904
159.000	+1.028e+03	+5.182e+03	+7.617e+03	+0.834
159.200	+1.562e+03	+5.239e+03	+6.269e+03	+0.770
159.400	+3.067e+03	+3.853e+03	+5.435e+03	+0.557
159.600	+5.897e+03	+2.293e+03	+6.841e+03	+0.280
159.800	+5.058e+03	+2.793e+03	+8.311e+03	+0.356
160.000	+2.056e+03	+3.989e+03	+7.717e+03	+0.660
160.200	+2.413e+03	+5.001e+03	+6.601e+03	+0.675
160.400	+1.688e+03	+5.954e+03	+8.193e+03	+0.779
160.600	+2.076e+03	+4.342e+03	+6.011e+03	+0.677
160.800	+4.001e+03	+5.062e+03	+8.489e+03	+0.559
161.000	+1.560e+03	+5.742e+03	+6.854e+03	+0.786
161.200	+2.009e+03	+6.756e+03	+6.644e+03	+0.771
161.400	+3.315e+03	+3.775e+03	+7.006e+03	+0.532
161.600	+6.558e+03	+2.235e+03	+7.479e+03	+0.254
161.800	+4.232e+03	+2.464e+03	+5.540e+03	+0.368
162.000	+4.746e+03	+1.288e+03	+8.009e+03	+0.213
162.200	+5.096e+03	+1.855e+03	+6.966e+03	+0.267
162.400	+5.668e+03	+5.918e+02	+6.914e+03	+0.095
162.600	+5.589e+03	+1.043e+03	+6.135e+03	+0.157
162.800	+5.728e+03	+1.392e+03	+5.695e+03	+0.195
163.000	+5.246e+03	+2.089e+03	+6.968e+03	+0.285
163.200	+4.963e+03	+2.348e+03	+5.832e+03	+0.321
163.400	+7.075e+03	+8.366e+02	+6.599e+03	+0.106
163.600	+4.645e+03	+1.901e+03	+6.128e+03	+0.290
163.800	+3.574e+03	+2.444e+03	+7.472e+03	+0.406
164.000	+5.734e+03	+3.006e+03	+9.375e+03	+0.344
164.200	+5.335e+03	+1.621e+03	+7.039e+03	+0.233
164.400	+5.248e+03	+1.996e+03	+8.015e+03	+0.275
164.600	+4.588e+03	+2.008e+03	+8.359e+03	+0.304
164.800	+5.255e+03	+9.779e+02	+6.097e+03	+0.157
165.000	+3.914e+03	+2.338e+03	+6.639e+03	+0.374
165.200	+4.894e+03	+2.246e+03	+8.103e+03	+0.315
165.400	+5.119e+03	+2.771e+03	+8.791e+03	+0.351
165.600	+4.800e+03	-1.151e+02	+8.018e+03	-0.025
165.800	+6.369e+03	+1.171e+03	+7.231e+03	+0.155
166.000	+5.810e+03	+2.897e+03	+6.573e+03	+0.333
166.200	+6.182e+03	+1.465e+03	+8.345e+03	+0.192
166.400	+5.114e+03	+1.242e+03	+7.440e+03	+0.195
166.600	+4.551e+03	+3.212e+03	+7.781e+03	+0.414
166.800	+1.927e+03	+4.301e+03	+8.831e+03	+0.691
167.000	+1.038e+03	+3.827e+03	+7.470e+03	+0.787
167.200	+3.036e+03	+5.522e+03	+6.722e+03	+0.645
167.400	+8.121e+02	+6.075e+03	+4.344e+03	+0.882
167.600	+1.221e+03	+5.735e+03	+6.812e+03	+0.824
167.800	+1.935e+03	+5.606e+03	+8.028e+03	+0.743
168.000	+1.134e+03	+5.754e+03	+6.925e+03	+0.835
168.200	+1.489e+03	+6.521e+03	+6.194e+03	+0.814
168.400	+2.543e+03	+3.723e+03	+8.957e+03	+0.594
168.600	+1.986e+03	+4.492e+03	+6.552e+03	+0.693
168.800	+2.635e+03	+4.760e+03	+7.526e+03	+0.644
169.000	+6.936e+02	+5.049e+03	+7.638e+03	+0.879
169.200	+1.222e+03	+4.497e+03	+5.277e+03	+0.786
169.400	+2.606e+03	+7.472e+03	+7.225e+03	+0.741
169.600	+1.403e+03	+6.124e+03	+6.702e+03	+0.814
169.800	+3.173e+03	+6.324e+03	+8.517e+03	+0.666
170.000	+2.068e+03	+4.863e+03	+7.887e+03	+0.702
170.200	+1.621e+03	+4.682e+03	+5.305e+03	+0.743
170.400	+8.092e+02	+5.642e+03	+7.961e+03	+0.875
170.600	+1.838e+03	+6.672e+03	+6.278e+03	+0.784
170.800	+1.405e+03	+3.711e+03	+8.164e+03	+0.725
171.000	+2.627e+03	+3.941e+03	+6.172e+03	+0.600
171.200	+2.863e+03	+5.075e+03	+7.021e+03	+0.639
171.400	+1.419e+03	+5.891e+03	+9.042e+03	+0.806
171.600	+1.157e+03	+4.883e+03	+7.068e+03	+0.808
171.800	+1.428e+03	+5.925e+03	+6.491e+03	+0.806
172.000	+1.840e+03	+5.321e+03	+7.237e+03	+0.743
172.200	+2.446e+03	+6.227e+03	+5.620e+03	+0.718
172.400	+1.728e+03	+5.159e+03	+7.538e+03	+0.749
172.600	+3.854e+03	+5.078e+03	+6.452e+03	+0.568
172.800	+6.257e+03	+1.663e+03	+7.840e+03	+0.210
173.000	+4.344e+03	+2.195e+03	+6.342e+03	+0.336
173.200	+6.314e+03	+2.495e+03	+6.890e+03	+0.283
173.400	+3.764e+03	+2.229e+03	+6.631e+03	+0.372
173.600	+5.602e+03	+1.358e+03	+7.338e+03	+0.195
173.800	+6.219e+03	+7.992e+02	+7.138e+03	+0.114
174.000	+4.408e+03	+1.726e+03	+5.842e+03	+0.281
174.200	+4.893e+03	+1.245e+03	+7.759e+03	+0.203
174.400	+6.345e+03	+2.121e+03	+5.642e+03	+0.251
174.600	+5.646e+03	+1.990e+03	+7.146e+03	+0.261
174.800	+5.620e+03	+1.897e+03	+5.678e+03	+0.252
175.000	+5.896e+03	+2.442e+03	+7.159e+03	+0.293
175.200	+4.134e+03	+1.527e+03	+6.568e+03	+0.270
175.400	+5.854e+03	+1.340e+03	+6.839e+03	+0.186
175.600	+5.252e+03	+1.568e+03	+8.135e+03	+0.230
175.800	+6.405e+03	+1.726e+03	+6.426e+03	+0.212
176.000	+4.312e+03	+2.079e+03	+8.409e+03	+0.325
176.200	+4.947e+03	+2.265e+03	+7.205e+03	+0.314
176.400	+4.242e+03	+4.123e+03	+8.770e+03	+0.493
176.600	+3.017e+03	+4.917e+03	+6.333e+03	+0.620
176.800	+2.596e+03	+6.388e+03	+7.090e+03	+0.711
177.000	+1.594e+03	+7.489e+03	+7.465e+03	+0.824
177.200	+1.972e+03	+6.141e+03	+7.131e+03	+0.757
177.400	+2.260e+03	+4.855e+03	+8.242e+03	+0.682
177.600	+1.635e+03	+6.204e+03	+9.288e+03	+0.791
177.800	+1.561e+03	+5.202e+03	+6.678e+03	+0.769
178.000	+2.219e+03	+3.481e+03	+8.157e+03	+0.611
178.200	+2.049e+03	+4.362e+03	+6.010e+03	+0.680
178.400	+2.371e+03	+4.713e+03	+6.095e+03	+0.665
178.600	+6.370e+03	+1.366e+03	+6.225e+03	+0.177
178.800	+7.156e+03	+5.978e+02	+8.259e+03	+0.077
179.000	+6.419e+03	+1.228e+03	+8.993e+03	+0.161
179.200	+6.106e+03	+1.113e+03	+8.004e+03	+0.154
179.400	+4.506e+03	+1.914e+03	+7.570e+03	+0.298
179.600	+6.487e+03	+1.605e+03	+7.604e+03	+0.198
179.800	+5.966e+03	+1.205e+03	+7.046e+03	+0.168
180.000	+6.491e+03	+1.479e+03	+4.894e+03	+0.186
180.200	+6.196e+03	+1.578e+03	+6.778e+03	+0.203
180.400	+5.856e+03	+1.957e+03	+6.788e+03	+0.250
180.600	+7.245e+03	+1.977e+03	+7.138e+03	+0.214
180.800	+4.760e+03	+1.698e+03	+8.150e+03	+0.263
181.000	+5.502e+03	+1.123e+03	+7.524e+03	+0.169
181.200	+4.771e+03	+1.625e+03	+7.549e+03	+0.254
181.400	+4.364e+03	+1.093e+03	+6.366e+03	+0.200
181.600	+5.627e+03	+1.631e+03	+8.614e+03	+0.225
181.800	+4.195e+03	+1.090e+03	+6.911e+03	+0.206
182.000	+6.078e+03	+1.609e+03	+8.335e+03	+0.209
182.200	+3.759e+03	+1.849e+03	+7.234e+03	+0.330
182.400	+3.556e+03	+3.273e+03	+7.410e+03	+0.479
182.600	+1.731e+03	+4.084e+03	+8.167e+03	+0.702
182.800	+2.022e+03	+3.355e+03	+8.680e+03	+0.624
183.000	+1.833e+03	+5.311e+03	+6.982e+03	+0.743
183.200	+2.808e+03	+5.261e+03	+6.193e+03	+0.652
183.400	+2.241e+03	+6.026e+03	+6.921e+03	+0.729
183.600	+2.252e+03	+5.908e+03	+9.948e+03	+0.724
183.800	+2.656e+03	+4.888e+03	+9.890e+03	+0.648
184.000	+1.777e+03	+4.313e+03	+6.857e+03	+0.708
