%t (s)	Idd (a.u.)	Ida (a.u.)	Iaa (a.u.)	FRET E
0.000	+5.419e+03	+1.193e+03	+5.811e+03	+0.180
0.200	+5.498e+03	+2.743e+03	+7.864e+03	+0.333
0.400	+4.624e+03	+1.853e+03	+6.965e+03	+0.286
0.600	+6.740e+03	+1.912e+03	+8.327e+03	+0.221
0.800	+6.297e+03	+2.011e+03	+6.953e+03	+0.242
1.000	+5.766e+03	+2.372e+03	+9.131e+03	+0.291
1.200	+7.132e+03	+2.045e+03	+6.629e+03	+0.223
1.400	+5.517e+03	+1.293e+03	+8.545e+03	+0.190
1.600	+5.177e+03	+6.298e+02	+7.904e+03	+0.108
1.800	+6.827e+03	+3.067e+03	+8.033e+03	+0.310
2.000	+3.499e+03	+1.599e+03	+8.261e+03	+0.314
2.200	+5.325e+03	+2.048e+03	+8.204e+03	+0.278
2.400	+5.646e+03	+1.919e+03	+5.661e+03	+0.254
2.600	+4.732e+03	+9.682e+02	+5.753e+03	+0.170
2.800	+5.293e+03	+1.972e+03	+5.968e+03	+0.271
3.000	+5.580e+03	+1.945e+03	+7.243e+03	+0.259
3.200	+4.857e+03	+1.133e+03	+8.667e+03	+0.189
3.400	+2.324e+03	+4.417e+03	+7.057e+03	+0.655
3.600	+1.441e+03	+4.512e+03	+8.141e+03	+0.758
3.800	+2.506e+03	+7.644e+03	+8.103e+03	+0.753
4.000	+2.018e+03	+5.149e+03	+5.873e+03	+0.718
4.200	+1.667e+03	+4.652e+03	+6.914e+03	+0.736
4.400	+2.189e+03	+4.297e+03	+6.452e+03	+0.662
4.600	+3.237e+03	+5.396e+03	+7.679e+03	+0.625
4.800	+2.428e+03	+4.886e+03	+7.824e+03	+0.668
5.000	+1.241e+03	+4.847e+03	+7.186e+03	+0.796
5.200	+2.358e+03	+5.077e+03	+6.515e+03	+0.683
5.400	+1.737e+03	+5.993e+03	+7.414e+03	+0.775
5.600	+3.069e+03	+5.393e+03	+7.154e+03	+0.637
5.800	+1.865e+03	+4.498e+03	+7.773e+03	+0.707
6.000	+2.002e+03	+4.990e+03	+7.549e+03	+0.714
6.200	+7.050e+02	+5.783e+03	+7.327e+03	+0.891
6.400	+1.594e+03	+6.355e+03	+7.136e+03	+0.800
6.600	+3.116e+03	+4.162e+03	+7.792e+03	+0.572
6.800	+2.125e+03	+5.472e+03	+6.022e+03	+0.720
7.000	+4.275e+03	+1.028e+03	+7.996e+03	+0.194
7.200	+6.209e+03	+2.741e+03	+6.870e+03	+0.306
7.400	+7.045e+03	+1.850e+03	+8.820e+03	+0.208
7.600	+6.643e+03	+1.311e+03	+7.629e+03	+0.165
7.800	+6.460e+03	+1.811e+03	+7.400e+03	+0.219
8.000	+6.820e+03	+1.736e+03	+8.134e+03	+0.203
8.200	+6.447e+03	+1.610e+03	+5.991e+03	+0.200
8.400	+5.174e+03	+1.380e+03	+6.871e+03	+0.211
8.600	+4.212e+03	+1.209e+03	+7.634e+03	+0.223
8.800	+5.911e+03	+2.096e+03	+5.755e+03	+0.262
9.000	+5.330e+03	+7.157e+02	+7.563e+03	+0.118
9.200	+5.511e+03	+1.640e+03	+8.939e+03	+0.229
9.400	+4.702e+03	+2.103e+03	+8.524e+03	+0.309
9.600	+5.762e+03	+2.481e+03	+6.632e+03	+0.301
9.800	+4.732e+03	+2.035e+03	+7.348e+03	+0.301
10.000	+5.127e+03	+2.286e+03	+5.658e+03	+0.308
10.200	+5.334e+03	+2.323e+03	+5.773e+03	+0.303
10.400	+4.929e+03	+2.105e+03	+6.808e+03	+0.299
10.600	+5.351e+03	+2.745e+03	+7.074e+03	+0.339
10.800	+3.667e+03	+3.136e+03	+7.384e+03	+0.461
11.000	+5.272e+03	+1.870e+03	+6.383e+03	+0.262
11.200	+5.203e+03	+1.265e+03	+8.670e+03	+0.196
11.400	+4.234e+03	+1.542e+03	+7.899e+03	+0.267
11.600	+5.318e+03	+2.498e+03	+6.842e+03	+0.320
11.800	+6.083e+03	+2.247e+03	+7.589e+03	+0.270
12.000	+6.780e+03	+1.143e+03	+7.227e+03	+0.144
12.200	+5.968e+03	+1.538e+03	+8.475e+03	+0.205
12.400	+5.179e+03	+1.101e+03	+6.750e+03	+0.175
12.600	+5.800e+03	+1.250e+03	+6.885e+03	+0.177
12.800	+4.569e+03	+1.835e+03	+9.445e+03	+0.287
13.000	+6.863e+03	+1.680e+03	+6.679e+03	+0.197
13.200	+5.648e+03	+1.150e+03	+9.192e+03	+0.169
13.400	+5.439e+03	+3.096e+03	+8.329e+03	+0.363
13.600	+5.149e+03	+2.208e+03	+6.693e+03	+0.300
13.800	+5.993e+03	+2.491e+03	+7.040e+03	+0.294
14.000	+4.448e+03	+1.311e+03	+9.454e+03	+0.228
14.200	+5.822e+03	+2.512e+03	+7.893e+03	+0.301
14.400	+4.183e+03	+1.295e+03	+7.234e+03	+0.236
14.600	+6.197e+03	+1.642e+03	+6.591e+03	+0.210
14.800	+6.182e+03	+5.218e+02	+7.621e+03	+0.078
15.000	+5.630e+03	+1.798e+03	+8.492e+03	+0.242
15.200	+5.278e+03	+3.294e+03	+6.303e+03	+0.384
15.400	+4.529e+03	+7.147e+02	+7.529e+03	+0.136
15.600	+5.758e+03	+1.374e+03	+6.586e+03	+0.193
15.800	+4.386e+03	+2.628e+03	+7.226e+03	+0.375
16.000	+5.660e+03	+1.776e+03	+5.202e+03	+0.239
16.200	+5.170e+03	+1.880e+03	+7.555e+03	+0.267
16.400	+6.417e+03	+1.461e+03	+7.633e+03	+0.185
16.600	+5.275e+03	+1.915e+03	+6.485e+03	+0.266
16.800	+5.558e+03	+5.235e+02	+6.974e+03	+0.086
17.000	+4.803e+03	+2.400e+03	+6.625e+03	+0.333
17.200	+4.867e+03	+2.833e+03	+7.443e+03	+0.368
17.400	+6.706e+03	+9.684e+02	+7.476e+03	+0.126
17.600	+6.832e+03	+2.397e+03	+7.942e+03	+0.260
17.800	+5.406e+03	+2.149e+03	+8.311e+03	+0.284
18.000	+4.707e+03	+1.261e+03	+8.894e+03	+0.211
18.200	+5.142e+03	+2.158e+03	+8.195e+03	+0.296
18.400	+3.856e+03	+2.383e+03	+7.618e+03	+0.382
18.600	+4.468e+03	+2.327e+03	+7.069e+03	+0.342
18.800	+4.762e+03	+7.422e+02	+8.296e+03	+0.135
19.000	+5.372e+03	+1.935e+03	+6.559e+03	+0.265
19.200	+4.993e+03	+1.700e+03	+7.427e+03	+0.254
19.400	+6.119e+03	+1.531e+03	+7.077e+03	+0.200
19.600	+3.239e+03	+1.150e+03	+5.821e+03	+0.262
19.800	+6.599e+03	+2.499e+03	+9.836e+03	+0.275
20.000	+4.310e+03	+4.214e+03	+7.749e+03	+0.494
20.200	+1.894e+03	+5.170e+03	+7.367e+03	+0.732
20.400	+1.478e+03	+4.599e+03	+7.354e+03	+0.757
20.600	+2.723e+03	+5.508e+03	+9.404e+03	+0.669
20.800	+3.181e+03	+5.582e+03	+7.683e+03	+0.637
21.000	+2.493e+03	+4.676e+03	+6.550e+03	+0.652
21.200	+2.851e+03	+3.994e+03	+6.435e+03	+0.584
21.400	+5.865e+03	+2.509e+03	+9.238e+03	+0.300
21.600	+7.335e+03	+1.881e+03	+6.802e+03	+0.204
21.800	+5.650e+03	+2.067e+03	+9.550e+03	+0.268
22.000	+4.985e+03	+1.366e+03	+6.511e+03	+0.215
22.200	+3.525e+03	+2.284e+03	+7.252e+03	+0.393
22.400	+1.850e+03	+4.706e+03	+4.630e+03	+0.718
22.600	+1.909e+03	+5.491e+03	+6.984e+03	+0.742
22.800	+2.921e+03	+7.108e+03	+7.830e+03	+0.709
23.000	+1.534e+03	+5.731e+03	+7.351e+03	+0.789
23.200	+1.163e+03	+4.991e+03	+5.458e+03	+0.811
23.400	+2.015e+03	+3.208e+03	+5.267e+03	+0.614
23.600	+2.197e+03	+4.831e+03	+6.945e+03	+0.687
23.800	+4.303e+03	+2.333e+03	+7.545e+03	+0.351
24.000	+7.133e+03	+9.498e+02	+9.741e+03	+0.117
24.200	+5.649e+03	+2.130e+03	+6.766e+03	+0.274
24.400	+6.041e+03	+1.987e+03	+8.001e+03	+0.248
24.600	+5.734e+03	+1.519e+03	+6.072e+03	+0.209
24.800	+6.166e+03	+1.136e+03	+5.491e+03	+0.156
25.000	+4.386e+03	+1.401e+03	+7.033e+03	+0.242
25.200	+3.355e+03	+3.685e+03	+8.679e+03	+0.523
25.400	+3.401e+03	+4.603e+03	+7.415e+03	+0.575
25.600	+3.061e+03	+4.409e+03	+7.417e+03	+0.590
25.800	+1.933e+03	+5.046e+03	+8.413e+03	+0.723
26.000	+1.917e+03	+4.584e+03	+5.808e+03	+0.705
26.200	+2.674e+03	+3.720e+03	+7.449e+03	+0.582
26.400	+1.673e+03	+4.242e+03	+7.031e+03	+0.717
26.600	+1.197e+03	+6.869e+03	+6.267e+03	+0.852
26.800	+2.275e+03	+7.458e+03	+7.934e+03	+0.766
27.000	+1.267e+03	+3.903e+03	+6.282e+03	+0.755
27.200	+1.236e+03	+5.405e+03	+7.394e+03	+0.814
27.400	+7.004e+02	+5.591e+03	+5.176e+03	+0.889
27.600	+2.173e+03	+5.467e+03	+6.995e+03	+0.716
27.800	+2.635e+03	+6.036e+03	+7.026e+03	+0.696
28.000	+2.364e+03	+3.571e+03	+6.405e+03	+0.602
28.200	+2.399e+03	+6.024e+03	+7.631e+03	+0.715
28.400	+2.941e+03	+5.386e+03	+9.005e+03	+0.647
28.600	+3.247e+03	+6.048e+03	+7.521e+03	+0.651
28.800	+1.427e+03	+5.735e+03	+7.550e+03	+0.801
29.000	+1.983e+03	+5.264e+03	+4.129e+03	+0.726
29.200	+1.404e+03	+4.494e+03	+8.043e+03	+0.762
29.400	+2.561e+03	+4.369e+03	+8.207e+03	+0.630
29.600	+4.113e+03	+3.191e+03	+7.086e+03	+0.437
29.800	+6.251e+03	+4.746e+02	+7.318e+03	+0.071
30.000	+3.882e+03	+1.003e+03	+6.238e+03	+0.205
30.200	+5.571e+03	+1.599e+03	+5.468e+03	+0.223
30.400	+5.391e+03	+1.334e+03	+7.802e+03	+0.198
30.600	+4.763e+03	+1.885e+03	+5.238e+03	+0.284
30.800	+5.708e+03	+2.104e+03	+7.307e+03	+0.269
31.000	+6.881e+03	+1.995e+03	+7.627e+03	+0.225
31.200	+4.695e+03	+1.532e+03	+6.541e+03	+0.246
31.400	+4.720e+03	+2.932e+03	+7.801e+03	+0.383
31.600	+5.203e+03	+3.353e+03	+6.589e+03	+0.392
31.800	+1.488e+03	+4.867e+03	+8.053e+03	+0.766
32.000	+2.027e+03	+5.765e+03	+4.826e+03	+0.740
32.200	+1.670e+03	+4.255e+03	+7.559e+03	+0.718
32.400	+3.127e+03	+3.681e+03	+7.808e+03	+0.541
32.600	+7.624e+02	+5.869e+03	+5.763e+03	+0.885
32.800	+2.815e+03	+5.334e+03	+6.774e+03	+0.655
33.000	+1.704e+03	+5.144e+03	+7.589e+03	+0.751
33.200	+2.286e+03	+4.993e+03	+6.566e+03	+0.686
33.400	+2.844e+03	+4.719e+03	+7.529e+03	+0.624
33.600	+1.701e+03	+4.737e+03	+7.021e+03	+0.736
33.800	+3.323e+03	+5.845e+03	+5.614e+03	+0.638
34.000	+1.886e+03	+5.244e+03	+7.578e+03	+0.736
34.200	+2.098e+03	+6.610e+03	+5.977e+03	+0.759
34.400	+6.081e+03	+1.180e+03	+8.414e+03	+0.162
34.600	+5.571e+03	+1.003e+03	+7.095e+03	+0.153
34.800	+4.569e+03	+1.235e+03	+6.565e+03	+0.213
35.000	+3.519e+03	+1.224e+03	+6.509e+03	+0.258
35.200	+5.706e+03	+1.531e+03	+6.366e+03	+0.212
35.400	+5.136e+03	+1.266e+03	+7.445e+03	+0.198
35.600	+6.914e+03	+1.792e+03	+6.141e+03	+0.206
35.800	+5.508e+03	+1.386e+03	+7.625e+03	+0.201
36.000	+4.976e+03	-2.071e+02	+7.489e+03	-0.043
36.200	+6.287e+03	+1.786e+03	+7.583e+03	+0.221
36.400	+5.427e+03	+2.012e+03	+7.125e+03	+0.270
36.600	+5.266e+03	+1.151e+03	+9.177e+03	+0.179
36.800	+4.087e+03	+1.068e+03	+7.293e+03	+0.207
37.000	+6.347e+03	+2.282e+03	+6.221e+03	+0.264
37.200	+5.308e+03	+2.154e+03	+8.921e+03	+0.289
37.400	+4.863e+03	+2.064e+03	+6.762e+03	+0.298
37.600	+6.175e+03	+3.032e+03	+9.500e+03	+0.329
37.800	+6.982e+03	+2.076e+03	+6.697e+03	+0.229
38.000	+5.178e+03	+2.600e+03	+5.717e+03	+0.334
38.200	+6.922e+03	+1.679e+03	+5.660e+03	+0.195
38.400	+5.318e+03	+1.655e+03	+8.641e+03	+0.237
38.600	+5.374e+03	+2.477e+03	+6.524e+03	+0.316
38.800	+6.150e+03	+1.919e+03	+5.042e+03	+0.238
39.000	+4.786e+03	+1.213e+03	+6.670e+03	+0.202
39.200	+6.921e+03	+2.567e+03	+7.113e+03	+0.271
39.400	+5.973e+03	+1.481e+03	+8.383e+03	+0.199
39.600	+4.031e+03	+1.942e+03	+7.067e+03	+0.325
39.800	+5.097e+03	+1.368e+03	+8.506e+03	+0.212
40.000	+4.601e+03	+1.620e+03	+6.610e+03	+0.260
40.200	+5.512e+03	+2.129e+03	+9.112e+03	+0.279
40.400	+3.751e+03	+1.530e+03	+5.946e+03	+0.290
40.600	+5.692e+03	+1.816e+03	+5.778e+03	+0.242
40.800	+6.103e+03	+1.895e+03	+7.255e+03	+0.237
41.000	+4.736e+03	+1.410e+03	+6.077e+03	+0.229
41.200	+5.852e+03	+1.426e+03	+8.811e+03	+0.196
41.400	+7.274e+03	+1.794e+03	+7.815e+03	+0.198
41.600	+4.953e+03	+3.868e+03	+7.521e+03	+0.439
41.800	+2.353e+03	+4.365e+03	+7.221e+03	+0.650
42.000	+2.782e+03	+6.156e+03	+7.632e+03	+0.689
42.200	+1.608e+03	+3.325e+03	+7.646e+03	+0.674
42.400	+3.083e+03	+4.759e+03	+8.259e+03	+0.607
42.600	+1.835e+03	+6.432e+03	+7.429e+03	+0.778
42.800	+9.218e+02	+3.660e+03	+8.460e+03	+0.799
43.000	+1.181e+03	+5.127e+03	+7.066e+03	+0.813
43.200	+1.728e+03	+5.841e+03	+8.504e+03	+0.772
43.400	+3.192e+03	+5.158e+03	+6.003e+03	+0.618
43.600	+2.330e+03	+5.212e+03	+7.044e+03	+0.691
43.800	+1.799e+03	+3.325e+03	+6.456e+03	+0.649
44.000	+1.629e+03	+5.017e+03	+8.468e+03	+0.755
44.200	+1.486e+03	+5.470e+03	+8.035e+03	+0.786
44.400	+2.686e+03	+5.401e+03	+7.133e+03	+0.668
44.600	+2.659e+03	+6.551e+03	+8.344e+03	+0.711
44.800	+2.634e+03	+5.869e+03	+7.808e+03	+0.690
45.000	+2.636e+03	+4.666e+03	+8.039e+03	+0.639
45.200	+3.156e+03	+5.757e+03	+6.227e+03	+0.646
45.400	+2.155e+03	+5.654e+03	+7.207e+03	+0.724
45.600	+2.898e+03	+6.834e+03	+6.257e+03	+0.702
45.800	+3.057e+03	+6.125e+03	+7.096e+03	+0.667
46.000	+9.831e+02	+5.973e+03	+7.411e+03	+0.859
46.200	+1.412e+03	+5.089e+03	+6.393e+03	+0.783
46.400	+1.724e+03	+4.981e+03	+8.084e+03	+0.743
46.600	+1.440e+03	+5.138e+03	+5.882e+03	+0.781
46.800	+1.499e+03	+6.789e+03	+7.806e+03	+0.819
47.000	+1.985e+03	+5.736e+03	+7.148e+03	+0.743
47.200	+1.045e+03	+5.133e+03	+5.670e+03	+0.831
47.400	+9.572e+02	+6.747e+03	+6.792e+03	+0.876
47.600	+2.231e+03	+4.467e+03	+7.705e+03	+0.667
47.800	+2.189e+03	+5.602e+03	+6.548e+03	+0.719
48.000	+2.029e+03	+4.275e+03	+6.123e+03	+0.678
48.200	+2.188e+03	+5.894e+03	+9.183e+03	+0.729
48.400	+2.927e+03	+5.615e+03	+8.620e+03	+0.657
48.600	+2.625e+03	+5.385e+03	+7.232e+03	+0.672
48.800	+2.764e+03	+4.046e+03	+7.675e+03	+0.594
49.000	+2.351e+03	+5.441e+03	+6.673e+03	+0.698
49.200	+2.856e+03	+4.403e+03	+5.468e+03	+0.607
49.400	+1.642e+03	+4.042e+03	+6.208e+03	+0.711
49.600	+2.228e+03	+4.681e+03	+7.266e+03	+0.678
49.800	+2.669e+03	+5.774e+03	+4.963e+03	+0.684
50.000	+3.241e+03	+5.261e+03	+6.066e+03	+0.619
50.200	+6.220e+03	+1.318e+03	+6.494e+03	+0.175
50.400	+5.242e+03	+3.363e+03	+7.752e+03	+0.391
50.600	+6.454e+03	+1.053e+03	+8.099e+03	+0.140
50.800	+5.647e+03	+1.976e+03	+7.255e+03	+0.259
51.000	+5.205e+03	+1.969e+03	+8.661e+03	+0.274
51.200	+5.800e+03	+1.590e+03	+6.566e+03	+0.215
51.400	+4.525e+03	+1.542e+03	+5.985e+03	+0.254
51.600	+4.619e+03	+2.800e+03	+8.303e+03	+0.377
51.800	+5.469e+03	+2.721e+03	+7.628e+03	+0.332
52.000	+6.321e+03	+2.202e+03	+4.685e+03	+0.258
52.200	+3.963e+03	+2.523e+03	+8.480e+03	+0.389
52.400	+5.371e+03	+5.446e+02	+8.935e+03	+0.092
52.600	+6.353e+03	+1.558e+03	+6.134e+03	+0.197
52.800	+4.282e+03	+2.229e+03	+6.428e+03	+0.342
53.000	+4.176e+03	+1.856e+03	+7.704e+03	+0.308
53.200	+6.605e+03	+1.663e+03	+7.947e+03	+0.201
53.400	+4.537e+03	+2.804e+03	+7.395e+03	+0.382
53.600	+7.021e+03	+1.421e+03	+5.216e+03	+0.168
53.800	+5.946e+03	+2.305e+03	+8.645e+03	+0.279
54.000	+5.664e+03	+2.157e+03	+7.647e+03	+0.276
54.200	+4.985e+03	+1.502e+03	+7.841e+03	+0.232
54.400	+5.163e+03	+2.269e+03	+6.138e+03	+0.305
54.600	+6.966e+03	+9.882e+02	+7.285e+03	+0.124
54.800	+5.483e+03	+1.071e+03	+7.890e+03	+0.163
55.000	+5.283e+03	+2.323e+03	+7.629e+03	+0.305
55.200	+5.536e+03	+1.237e+03	+8.135e+03	+0.183
55.400	+5.735e+03	+1.464e+03	+8.194e+03	+0.203
55.600	+5.810e+03	+1.192e+03	+7.177e+03	+0.170
55.800	+4.808e+03	+2.336e+03	+7.672e+03	+0.327
56.000	+5.750e+03	+2.601e+03	+7.390e+03	+0.311
56.200	+5.575e+03	+1.839e+03	+7.284e+03	+0.248
56.400	+6.053e+03	+4.609e+02	+8.654e+03	+0.071
56.600	+6.719e+03	+2.398e+03	+8.072e+03	+0.263
56.800	+5.536e+03	+2.607e+03	+8.529e+03	+0.320
57.000	+6.896e+03	+2.095e+03	+1.051e+04	+0.233
57.200	+5.787e+03	+2.691e+03	+6.558e+03	+0.317
57.400	+5.734e+03	+1.683e+03	+6.484e+03	+0.227
57.600	+4.531e+03	+2.185e+03	+8.231e+03	+0.325
57.800	+6.105e+03	+2.410e+03	+6.341e+03	+0.283
58.000	+5.769e+03	+7.641e+02	+6.470e+03	+0.117
58.200	+6.354e+03	+2.492e+03	+6.891e+03	+0.282
58.400	+5.336e+03	+1.305e+03	+6.726e+03	+0.196
58.600	+4.461e+03	+1.503e+03	+7.277e+03	+0.252
58.800	+5.796e+03	+2.326e+03	+6.702e+03	+0.286
59.000	+4.037e+03	+2.019e+03	+6.715e+03	+0.333
59.200	+6.306e+03	+2.591e+03	+6.083e+03	+0.291
59.400	+6.254e+03	+1.713e+03	+8.750e+03	+0.215
59.600	+5.612e+03	+9.679e+02	+7.980e+03	+0.147
59.800	+5.761e+03	+2.105e+03	+6.571e+03	+0.268
60.000	+5.484e+03	+2.012e+03	+6.256e+03	+0.268
60.200	+5.492e+03	+2.488e+03	+6.772e+03	+0.312
60.400	+7.087e+03	+1.042e+03	+6.342e+03	+0.128
60.600	+5.483e+03	+1.433e+03	+6.223e+03	+0.207
60.800	+1.267e+03	+4.519e+03	+8.143e+03	+0.781
61.000	+2.897e+03	+6.636e+03	+6.380e+03	+0.696
61.200	+2.703e+03	+5.408e+03	+5.513e+03	+0.667
61.400	+2.570e+03	+5.511e+03	+7.673e+03	+0.682
61.600	+3.891e+03	+5.376e+03	+8.216e+03	+0.580
61.800	+8.114e+02	+5.947e+03	+9.318e+03	+0.880
62.000	+3.154e+03	+5.746e+03	+7.772e+03	+0.646
62.200	+2.090e+03	+4.769e+03	+7.389e+03	+0.695
62.400	+1.710e+03	+4.605e+03	+9.066e+03	+0.729
62.600	+3.168e+03	+4.941e+03	+6.263e+03	+0.609
62.800	+2.826e+03	+4.864e+03	+4.574e+03	+0.633
63.000	+1.306e+03	+4.840e+03	+7.038e+03	+0.788
63.200	+3.290e+03	+5.371e+03	+6.936e+03	+0.620
63.400	+1.438e+03	+6.088e+03	+7.374e+03	+0.809
63.600	+2.199e+03	+4.928e+03	+8.474e+03	+0.691
63.800	+3.437e+03	+4.700e+03	+5.583e+03	+0.578
64.000	+1.333e+03	+5.307e+03	+5.917e+03	+0.799
64.200	+1.955e+03	+4.593e+03	+6.449e+03	+0.701
64.400	+1.828e+03	+5.455e+03	+7.131e+03	+0.749
64.600	+1.451e+03	+4.485e+03	+8.515e+03	+0.756
64.800	+9.807e+02	+5.624e+03	+8.648e+03	+0.852
65.000	+1.429e+03	+6.512e+03	+7.526e+03	+0.820
65.200	+1.224e+03	+6.150e+03	+6.431e+03	+0.834
65.400	+2.830e+03	+6.401e+03	+8.179e+03	+0.693
65.600	+2.042e+03	+5.056e+03	+9.857e+03	+0.712
65.800	+9.762e+02	+4.135e+03	+6.577e+03	+0.809
66.000	+2.065e+03	+4.544e+03	+7.241e+03	+0.688
66.200	+2.884e+03	+4.345e+03	+6.757e+03	+0.601
66.400	+1.663e+03	+4.928e+03	+7.349e+03	+0.748
66.600	+1.519e+03	+4.864e+03	+6.779e+03	+0.762
66.800	+3.588e+03	+4.671e+03	+8.853e+03	+0.566
67.000	+4.238e+03	+2.716e+03	+8.090e+03	+0.391
67.200	+6.706e+03	+2.145e+03	+7.034e+03	+0.242
67.400	+5.646e+03	+2.047e+03	+5.868e+03	+0.266
67.600	+3.290e+03	+1.842e+03	+9.716e+03	+0.359
67.800	+5.662e+03	+2.300e+03	+6.565e+03	+0.289
68.000	+6.446e+03	+8.354e+02	+9.156e+03	+0.115
68.200	+5.812e+03	+1.802e+03	+7.012e+03	+0.237
68.400	+4.842e+03	+1.644e+03	+6.901e+03	+0.253
68.600	+6.220e+03	+1.540e+03	+7.509e+03	+0.198
68.800	+5.334e+03	+2.188e+03	+7.935e+03	+0.291
69.000	+2.722e+03	+4.524e+03	+7.364e+03	+0.624
69.200	+3.096e+03	+4.863e+03	+6.085e+03	+0.611
69.400	+2.093e+03	+5.063e+03	+7.124e+03	+0.708
69.600	+2.195e+03	+3.477e+03	+6.282e+03	+0.613
69.800	+3.957e+03	+6.947e+03	+6.751e+03	+0.637
70.000	+2.766e+03	+4.159e+03	+6.951e+03	+0.601
70.200	+2.345e+03	+6.253e+03	+7.495e+03	+0.727
70.400	+2.355e+03	+4.045e+03	+6.990e+03	+0.632
70.600	+1.361e+03	+4.273e+03	+6.258e+03	+0.758
70.800	+1.760e+03	+4.499e+03	+9.440e+03	+0.719
71.000	+2.721e+03	+4.975e+03	+6.531e+03	+0.646
71.200	+1.744e+03	+5.365e+03	+4.951e+03	+0.755
71.400	+2.973e+03	+3.917e+03	+6.937e+03	+0.569
71.600	+1.266e+03	+4.967e+03	+7.906e+03	+0.797
71.800	+1.884e+03	+6.340e+03	+9.547e+03	+0.771
72.000	+1.647e+03	+4.662e+03	+8.392e+03	+0.739
72.200	+2.834e+03	+4.409e+03	+7.330e+03	+0.609
72.400	+2.850e+03	+4.638e+03	+6.414e+03	+0.619
72.600	+1.916e+03	+4.104e+03	+6.769e+03	+0.682
72.800	+2.698e+03	+5.470e+03	+7.433e+03	+0.670
73.000	+1.274e+03	+5.509e+03	+9.884e+03	+0.812
73.200	+3.604e+03	+5.946e+03	+7.293e+03	+0.623
73.400	+2.312e+03	+5.851e+03	+6.685e+03	+0.717
73.600	+4.564e+02	+4.363e+03	+3.927e+03	+0.905
73.800	+1.244e+03	+4.103e+03	+6.774e+03	+0.767
74.000	+8.776e+02	+4.884e+03	+7.358e+03	+0.848
74.200	+1.724e+03	+4.787e+03	+8.433e+03	+0.735
74.400	+2.816e+03	+7.063e+03	+8.386e+03	+0.715
74.600	+2.923e+03	+5.108e+03	+6.787e+03	+0.636
74.800	+1.944e+03	+5.522e+03	+8.836e+03	+0.740
75.000	+2.561e+03	+5.169e+03	+3.563e+03	+0.669
75.200	+1.440e+03	+3.806e+03	+6.509e+03	+0.726
75.400	+6.458e+03	+2.304e+03	+7.367e+03	+0.263
75.600	+4.803e+03	+2.477e+03	+8.431e+03	+0.340
75.800	+6.152e+03	+2.413e+03	+6.096e+03	+0.282
76.000	+6.143e+03	+9.482e+02	+8.939e+03	+0.134
76.200	+8.301e+03	+1.425e+03	+5.903e+03	+0.147
76.400	+5.755e+03	+1.636e+03	+7.795e+03	+0.221
76.600	+6.112e+03	+2.241e+03	+4.764e+03	+0.268
76.800	+5.195e+03	+2.998e+03	+7.650e+03	+0.366
77.000	+4.563e+03	+2.581e+03	+7.253e+03	+0.361
77.200	+5.782e+03	+2.169e+03	+6.324e+03	+0.273
77.400	+5.768e+03	+1.708e+03	+6.113e+03	+0.228
77.600	+6.182e+03	+2.197e+03	+6.832e+03	+0.262
77.800	+6.838e+03	+1.950e+03	+6.564e+03	+0.222
78.000	+5.517e+03	+8.726e+02	+7.177e+03	+0.137
78.200	+5.371e+03	+5.312e+02	+9.082e+03	+0.090
78.400	+5.117e+03	+1.781e+03	+7.159e+03	+0.258
78.600	+6.569e+03	+4.441e+02	+6.399e+03	+0.063
78.800	+4.740e+03	+1.271e+03	+7.992e+03	+0.212
79.000	+5.792e+03	+1.697e+03	+8.442e+03	+0.227
79.200	+3.765e+03	+2.155e+03	+6.098e+03	+0.364
79.400	+6.543e+03	+2.165e+03	+5.576e+03	+0.249
79.600	+4.162e+03	+1.736e+03	+5.738e+03	+0.294
79.800	+6.783e+03	+1.208e+03	+8.774e+03	+0.151
80.000	+6.574e+03	+1.583e+03	+8.145e+03	+0.194
80.200	+7.211e+03	+9.427e+01	+6.267e+03	+0.013
80.400	+5.901e+03	+1.062e+03	+8.916e+03	+0.153
80.600	+5.040e+03	+1.225e+03	+9.778e+03	+0.195
80.800	+6.204e+03	+2.311e+03	+7.358e+03	+0.271
81.000	+5.148e+03	+2.382e+03	+6.786e+03	+0.316
81.200	+4.503e+03	+1.650e+03	+6.364e+03	+0.268
81.400	+4.117e+03	+1.874e+03	+5.926e+03	+0.313
81.600	+4.159e+03	+1.506e+03	+3.779e+03	+0.266
81.800	+4.695e+03	+1.629e+03	+7.501e+03	+0.258
82.000	+5.590e+03	+1.950e+03	+6.906e+03	+0.259
82.200	+4.938e+03	+1.108e+03	+8.443e+03	+0.183
82.400	+6.015e+03	+1.486e+03	+7.644e+03	+0.198
82.600	+6.391e+03	+1.529e+03	+5.590e+03	+0.193
82.800	+6.921e+03	+2.299e+03	+6.116e+03	+0.249
83.000	+2.129e+03	+3.726e+03	+6.390e+03	+0.636
83.200	+9.059e+02	+5.968e+03	+8.046e+03	+0.868
83.400	+2.768e+03	+5.145e+03	+6.774e+03	+0.650
83.600	+2.442e+03	+6.304e+03	+8.802e+03	+0.721
83.800	+3.177e+03	+3.163e+03	+7.238e+03	+0.499
84.000	+2.861e+03	+4.570e+03	+7.687e+03	+0.615
84.200	+1.581e+03	+4.772e+03	+8.535e+03	+0.751
84.400	+1.664e+03	+4.800e+03	+8.109e+03	+0.743
84.600	+1.553e+03	+5.282e+03	+5.171e+03	+0.773
84.800	+1.998e+03	+4.570e+03	+7.163e+03	+0.696
85.000	+6.853e+02	+5.040e+03	+7.740e+03	+0.880
85.200	+1.414e+03	+4.756e+03	+1.020e+04	+0.771
85.400	+2.291e+03	+5.842e+03	+7.458e+03	+0.718
85.600	+1.098e+03	+6.293e+03	+6.358e+03	+0.851
85.800	+3.588e+03	+5.031e+03	+8.105e+03	+0.584
86.000	+1.213e+03	+5.047e+03	+8.090e+03	+0.806
86.200	+7.050e+03	+2.733e+03	+7.948e+03	+0.279
86.400	+6.346e+03	+1.898e+03	+5.890e+03	+0.230
86.600	+4.710e+03	+1.451e+03	+7.492e+03	+0.235
86.800	+5.292e+03	+8.473e+02	+8.149e+03	+0.138
87.000	+6.364e+03	+2.592e+03	+5.181e+03	+0.289
87.200	+7.409e+03	+1.787e+03	+6.767e+03	+0.194
87.400	+6.641e+03	+3.170e+03	+7.059e+03	+0.323
87.600	+6.026e+03	+7.714e+02	+6.513e+03	+0.113
87.800	+3.720e+03	+3.912e+03	+6.519e+03	+0.513
88.000	+2.437e+03	+4.162e+03	+6.980e+03	+0.631
88.200	+2.352e+03	+5.657e+03	+7.732e+03	+0.706
88.400	+1.639e+03	+6.119e+03	+6.958e+03	+0.789
88.600	+2.332e+03	+5.228e+03	+7.238e+03	+0.692
88.800	+2.415e+03	+5.002e+03	+7.425e+03	+0.674
89.000	+2.704e+03	+6.723e+03	+6.662e+03	+0.713
89.200	+8.954e+02	+5.287e+03	+7.757e+03	+0.855
89.400	+1.440e+03	+5.627e+03	+8.599e+03	+0.796
89.600	+1.062e+03	+5.138e+03	+6.471e+03	+0.829
89.800	+2.313e+03	+4.169e+03	+6.901e+03	+0.643
90.000	+1.895e+03	+6.101e+03	+8.549e+03	+0.763
90.200	+2.274e+03	+6.294e+03	+7.595e+03	+0.735
90.400	+6.145e+02	+5.689e+03	+7.759e+03	+0.903
90.600	+1.557e+03	+5.010e+03	+5.734e+03	+0.763
90.800	+2.015e+03	+5.374e+03	+5.669e+03	+0.727
91.000	+1.621e+03	+4.350e+03	+8.108e+03	+0.729
91.200	+2.719e+03	+5.282e+03	+8.801e+03	+0.660
91.400	+1.934e+03	+6.000e+03	+6.070e+03	+0.756
91.600	+2.867e+03	+4.006e+03	+8.754e+03	+0.583
91.800	+1.890e+03	+4.059e+03	+7.019e+03	+0.682
92.000	+1.571e+03	+5.247e+03	+6.346e+03	+0.770
92.200	+2.189e+03	+5.201e+03	+5.966e+03	+0.704
92.400	+2.433e+02	+6.054e+03	+7.523e+03	+0.961
92.600	+1.801e+03	+3.862e+03	+8.524e+03	+0.682
92.800	+1.848e+03	+5.553e+03	+9.049e+03	+0.750
93.000	+1.610e+03	+4.349e+03	+7.354e+03	+0.730
93.200	+1.659e+03	+5.411e+03	+4.739e+03	+0.765
93.400	+1.393e+03	+3.949e+03	+7.198e+03	+0.739
93.600	+3.848e+03	+4.280e+03	+8.934e+03	+0.527
93.800	+5.033e+03	+2.522e+03	+7.446e+03	+0.334
94.000	+6.223e+03	+1.347e+03	+6.897e+03	+0.178
94.200	+5.522e+03	+2.346e+03	+7.020e+03	+0.298
94.400	+5.471e+03	+1.847e+03	+7.678e+03	+0.252
94.600	+4.844e+03	+1.551e+03	+6.889e+03	+0.243
94.800	+4.466e+03	+2.945e+03	+7.112e+03	+0.397
95.000	+6.073e+03	+1.271e+03	+6.632e+03	+0.173
95.200	+5.643e+03	+1.189e+03	+6.926e+03	+0.174
95.400	+6.213e+03	+3.239e+03	+5.469e+03	+0.343
95.600	+6.482e+03	+1.042e+03	+7.677e+03	+0.138
95.800	+4.672e+03	+1.853e+03	+6.311e+03	+0.284
96.000	+7.033e+03	+9.097e+02	+6.514e+03	+0.115
96.200	+4.523e+03	+1.593e+03	+7.947e+03	+0.260
96.400	+5.941e+03	+1.499e+03	+5.789e+03	+0.202
96.600	+4.182e+03	+2.233e+03	+6.073e+03	+0.348
96.800	+5.321e+03	+1.846e+03	+8.224e+03	+0.258
97.000	+5.458e+03	+2.115e+03	+6.135e+03	+0.279
97.200	+5.835e+03	+1.351e+03	+6.738e+03	+0.188
97.400	+5.311e+03	+1.374e+03	+9.029e+03	+0.206
97.600	+5.756e+03	+1.255e+03	+7.489e+03	+0.179
97.800	+5.869e+03	+1.844e+03	+5.901e+03	+0.239
98.000	+5.386e+03	+2.092e+03	+7.456e+03	+0.280
98.200	+5.210e+03	+1.840e+03	+5.703e+03	+0.261
98.400	+4.815e+03	+1.404e+03	+6.097e+03	+0.226
98.600	+2.892e+03	+5.776e+03	+6.816e+03	+0.666
98.800	+1.671e+03	+5.703e+03	+6.777e+03	+0.773
99.000	+2.131e+03	+4.842e+03	+7.259e+03	+0.694
99.200	+1.336e+03	+6.728e+03	+5.924e+03	+0.834
99.400	+2.660e+03	+6.210e+03	+6.350e+03	+0.700
99.600	+1.820e+03	+5.411e+03	+5.503e+03	+0.748
99.800	+2.796e+03	+5.909e+03	+8.023e+03	+0.679
100.000	+1.862e+03	+6.309e+03	+5.708e+03	+0.772
100.200	+1.915e+03	+5.559e+03	+6.542e+03	+0.744
100.400	+1.748e+03	+5.222e+03	+6.000e+03	+0.749
100.600	+1.389e+03	+5.160e+03	+6.714e+03	+0.788
100.800	+3.265e+03	+5.628e+03	+9.860e+03	+0.633
101.000	+1.513e+03	+5.649e+03	+6.384e+03	+0.789
101.200	+1.466e+03	+4.376e+03	+7.471e+03	+0.749
101.400	+1.491e+03	+5.317e+03	+7.336e+03	+0.781
101.600	+3.038e+03	+5.804e+03	+6.760e+03	+0.656
101.800	+1.818e+03	+7.068e+03	+6.485e+03	+0.795
102.000	+2.189e+03	+6.112e+03	+6.211e+03	+0.736
102.200	+1.528e+03	+5.513e+03	+7.572e+03	+0.783
102.400	+5.730e+02	+6.100e+03	+6.797e+03	+0.914
102.600	+1.772e+03	+4.518e+03	+8.623e+03	+0.718
102.800	+1.577e+03	+5.736e+03	+7.224e+03	+0.784
103.000	+2.536e+03	+4.948e+03	+8.043e+03	+0.661
103.200	+1.883e+03	+7.382e+03	+5.722e+03	+0.797
103.400	+2.392e+03	+6.585e+03	+4.648e+03	+0.734
103.600	+2.173e+03	+5.426e+03	+8.978e+03	+0.714
103.800	+2.628e+03	+5.565e+03	+8.107e+03	+0.679
104.000	+2.691e+03	+5.407e+03	+7.177e+03	+0.668
104.200	+2.209e+03	+6.035e+03	+8.037e+03	+0.732
104.400	+1.285e+03	+4.747e+03	+8.661e+03	+0.787
104.600	+2.406e+03	+4.498e+03	+7.541e+03	+0.651
104.800	+8.886e+02	+3.985e+03	+5.803e+03	+0.818
105.000	+1.067e+03	+5.237e+03	+6.330e+03	+0.831
105.200	+2.609e+03	+5.500e+03	+7.814e+03	+0.678
105.400	+2.236e+03	+4.570e+03	+4.551e+03	+0.671
105.600	+2.106e+03	+4.723e+03	+5.701e+03	+0.692
105.800	+2.672e+03	+5.867e+03	+7.488e+03	+0.687
106.000	+2.117e+03	+4.505e+03	+7.355e+03	+0.680
106.200	+2.108e+03	+5.119e+03	+8.528e+03	+0.708
106.400	+2.921e+03	+6.242e+03	+6.761e+03	+0.681
106.600	+2.466e+03	+5.274e+03	+6.908e+03	+0.681
106.800	+2.782e+03	+5.885e+03	+7.844e+03	+0.679
107.000	+3.924e+03	+4.219e+03	+8.078e+03	+0.518
107.200	+5.452e+03	+1.128e+03	+6.493e+03	+0.171
107.400	+6.165e+03	+1.389e+03	+6.432e+03	+0.184
107.600	+6.770e+03	+1.316e+03	+7.826e+03	+0.163
107.800	+5.238e+03	+3.641e+02	+6.693e+03	+0.065
108.000	+4.538e+03	+1.909e+03	+8.494e+03	+0.296
108.200	+4.661e+03	+8.854e+02	+7.523e+03	+0.160
108.400	+5.589e+03	+1.561e+03	+7.812e+03	+0.218
108.600	+4.412e+03	+2.404e+03	+7.200e+03	+0.353
108.800	+5.150e+03	+1.125e+03	+8.610e+03	+0.179
109.000	+6.920e+03	+1.188e+03	+7.450e+03	+0.147
109.200	+6.228e+03	+1.016e+01	+8.612e+03	+0.002
109.400	+5.701e+03	+2.459e+03	+7.091e+03	+0.301
109.600	+4.262e+03	+1.002e+03	+9.111e+03	+0.190
109.800	+5.115e+03	+1.900e+03	+7.109e+03	+0.271
110.000	+4.058e+03	+2.392e+03	+8.823e+03	+0.371
110.200	+3.986e+03	+1.646e+03	+7.598e+03	+0.292
110.400	+5.573e+03	+6.810e+02	+6.780e+03	+0.109
110.600	+4.379e+03	+2.635e+03	+7.484e+03	+0.376
110.800	+4.012e+03	+1.182e+03	+7.195e+03	+0.228
111.000	+4.974e+03	+1.138e+03	+6.067e+03	+0.186
111.200	+6.865e+03	+1.680e+03	+6.931e+03	+0.197
111.400	+1.346e+03	+3.791e+03	+8.620e+03	+0.738
111.600	+2.566e+03	+4.626e+03	+5.589e+03	+0.643
111.800	+3.226e+03	+7.293e+03	+8.160e+03	+0.693
112.000	+1.836e+03	+5.769e+03	+6.763e+03	+0.759
112.200	+1.399e+03	+5.229e+03	+8.424e+03	+0.789
112.400	+1.434e+03	+5.373e+03	+7.044e+03	+0.789
112.600	+7.296e+03	+2.341e+03	+8.233e+03	+0.243
112.800	+4.002e+03	+1.044e+02	+6.645e+03	+0.025
113.000	+6.611e+03	+1.999e+03	+7.397e+03	+0.232
113.200	+5.498e+03	+1.066e+03	+7.529e+03	+0.162
113.400	+5.350e+03	+1.302e+03	+6.876e+03	+0.196
113.600	+4.903e+03	+2.273e+03	+1.001e+04	+0.317
113.800	+3.988e+03	+2.596e+03	+8.311e+03	+0.394
114.000	+4.174e+03	+2.634e+03	+6.146e+03	+0.387
114.200	+7.168e+03	+1.942e+03	+7.293e+03	+0.213
114.400	+6.095e+03	+2.845e+03	+7.040e+03	+0.318
114.600	+5.767e+03	+2.069e+03	+6.916e+03	+0.264
114.800	+5.183e+03	+6.867e+02	+8.233e+03	+0.117
115.000	+6.560e+03	+1.357e+03	+6.965e+03	+0.171
115.200	+8.000e+03	+2.420e+03	+7.932e+03	+0.232
115.400	+6.057e+03	+1.224e+03	+7.752e+03	+0.168
115.600	+4.886e+03	+3.431e+03	+8.860e+03	+0.413
115.800	+1.763e+03	+5.148e+03	+6.489e+03	+0.745
116.000	+1.446e+03	+5.952e+03	+7.893e+03	+0.805
116.200	+2.265e+03	+6.324e+03	+5.743e+03	+0.736
116.400	+2.069e+03	+6.238e+03	+6.572e+03	+0.751
116.600	+1.945e+03	+6.210e+03	+6.930e+03	+0.761
116.800	+2.468e+03	+6.090e+03	+8.672e+03	+0.712
117.000	+1.327e+03	+5.960e+03	+4.358e+03	+0.818
117.200	+1.635e+03	+6.867e+03	+6.596e+03	+0.808
117.400	+3.586e+03	+5.342e+03	+4.567e+03	+0.598
117.600	+2.770e+03	+6.346e+03	+6.986e+03	+0.696
117.800	+2.488e+03	+5.993e+03	+8.535e+03	+0.707
118.000	+1.848e+03	+5.843e+03	+7.542e+03	+0.760
118.200	+1.702e+03	+4.221e+03	+6.935e+03	+0.713
118.400	+2.439e+03	+6.064e+03	+4.159e+03	+0.713
118.600	+1.567e+03	+5.577e+03	+6.600e+03	+0.781
118.800	+2.163e+03	+3.749e+03	+6.558e+03	+0.634
119.000	+2.411e+03	+4.209e+03	+7.385e+03	+0.636
119.200	+4.375e+03	+3.070e+03	+7.287e+03	+0.412
119.400	+4.433e+03	+2.176e+03	+6.742e+03	+0.329
119.600	+1.233e+03	+4.692e+03	+7.633e+03	+0.792
119.800	+2.719e+03	+5.366e+03	+9.080e+03	+0.664
120.000	+6.981e+03	+2.044e+03	+7.683e+03	+0.226
120.200	+5.019e+03	+1.952e+03	+7.807e+03	+0.280
120.400	+6.666e+03	+1.881e+03	+7.207e+03	+0.220
120.600	+6.374e+03	+2.228e+03	+8.719e+03	+0.259
120.800	+4.653e+03	+1.714e+03	+8.874e+03	+0.269
121.000	+4.400e+03	+1.501e+03	+8.064e+03	+0.254
121.200	+6.621e+03	+1.496e+03	+8.742e+03	+0.184
121.400	+5.673e+03	+1.984e+03	+7.665e+03	+0.259
121.600	+4.940e+03	+1.295e+03	+6.234e+03	+0.208
121.800	+4.245e+03	+3.103e+03	+6.446e+03	+0.422
122.000	+3.610e+03	+1.149e+03	+7.312e+03	+0.241
122.200	+6.564e+03	+1.480e+03	+7.166e+03	+0.184
122.400	+6.407e+03	+1.866e+03	+9.383e+03	+0.226
122.600	+5.861e+03	+2.197e+03	+6.272e+03	+0.273
122.800	+4.689e+03	+2.575e+03	+7.257e+03	+0.354
123.000	+4.275e+03	+1.746e+03	+6.678e+03	+0.290
123.200	+5.536e+03	+1.764e+03	+5.559e+03	+0.242
123.400	+5.958e+03	+2.186e+03	+7.958e+03	+0.268
123.600	+4.450e+03	+1.830e+03	+1.085e+04	+0.291
123.800	+6.510e+03	+2.345e+03	+6.844e+03	+0.265
124.000	+5.827e+03	+2.672e+03	+7.045e+03	+0.314
124.200	+4.487e+03	+1.805e+03	+6.630e+03	+0.287
124.400	+3.619e+03	+1.763e+03	+8.289e+03	+0.328
124.600	+4.626e+03	+1.419e+03	+8.348e+03	+0.235
124.800	+5.766e+03	+1.007e+03	+8.085e+03	+0.149
125.000	+5.644e+03	+1.288e+03	+5.863e+03	+0.186
125.200	+7.265e+03	+1.902e+03	+7.038e+03	+0.207
125.400	+4.873e+03	+1.903e+03	+6.378e+03	+0.281
125.600	+6.075e+03	+1.800e+03	+6.770e+03	+0.229
125.800	+6.263e+03	+1.679e+03	+9.511e+03	+0.211
126.000	+4.686e+03	+1.653e+03	+6.219e+03	+0.261
126.200	+5.426e+03	+2.753e+03	+8.761e+03	+0.337
126.400	+6.544e+03	+2.756e+03	+7.069e+03	+0.296
126.600	+5.755e+03	+7.519e+02	+3.825e+03	+0.116
126.800	+5.834e+03	+1.226e+03	+7.234e+03	+0.174
127.000	+3.787e+03	+3.673e+03	+7.290e+03	+0.492
127.200	+2.359e+03	+7.439e+03	+6.388e+03	+0.759
127.400	+2.579e+03	+5.856e+03	+7.586e+03	+0.694
127.600	+1.961e+03	+5.024e+03	+8.491e+03	+0.719
127.800	+1.955e+03	+5.885e+03	+7.751e+03	+0.751
128.000	+2.273e+03	+4.019e+03	+7.226e+03	+0.639
128.200	+1.789e+03	+4.125e+03	+8.140e+03	+0.697
128.400	+1.660e+03	+5.011e+03	+6.134e+03	+0.751
128.600	+2.081e+03	+6.829e+03	+5.919e+03	+0.766
128.800	+1.766e+03	+6.245e+03	+7.935e+03	+0.780
129.000	+1.362e+03	+4.952e+03	+5.144e+03	+0.784
129.200	+2.288e+03	+5.076e+03	+7.248e+03	+0.689
129.400	+1.550e+03	+5.334e+03	+7.347e+03	+0.775
129.600	+1.665e+03	+4.994e+03	+7.299e+03	+0.750
129.800	+1.043e+03	+4.341e+03	+6.463e+03	+0.806
130.000	+1.437e+03	+4.681e+03	+7.321e+03	+0.765
130.200	+1.121e+03	+5.092e+03	+6.131e+03	+0.820
130.400	+3.277e+03	+5.621e+03	+8.224e+03	+0.632
130.600	+5.323e+02	+5.210e+03	+8.988e+03	+0.907
130.800	+3.445e+03	+5.971e+03	+8.271e+03	+0.634
131.000	+1.471e+03	+4.114e+03	+7.508e+03	+0.737
131.200	+2.479e+03	+3.773e+03	+7.928e+03	+0.603
131.400	+2.301e+03	+4.138e+03	+9.231e+03	+0.643
131.600	+1.633e+03	+5.709e+03	+6.521e+03	+0.778
131.800	+1.809e+03	+5.479e+03	+8.149e+03	+0.752
132.000	+1.503e+03	+5.000e+03	+7.024e+03	+0.769
132.200	+3.895e+03	+3.542e+03	+8.452e+03	+0.476
132.400	+3.179e+03	+5.375e+03	+9.156e+03	+0.628
132.600	+2.185e+03	+5.055e+03	+6.151e+03	+0.698
132.800	+2.872e+03	+4.669e+03	+5.842e+03	+0.619
133.000	+1.920e+03	+5.444e+03	+4.918e+03	+0.739
133.200	+1.749e+03	+5.709e+03	+8.422e+03	+0.765
133.400	+1.618e+03	+6.323e+03	+6.498e+03	+0.796
133.600	+1.792e+03	+5.145e+03	+6.309e+03	+0.742
133.800	+3.484e+03	+3.773e+03	+6.925e+03	+0.520
134.000	+1.516e+03	+4.697e+03	+6.608e+03	+0.756
134.200	+1.205e+03	+4.559e+03	+6.503e+03	+0.791
134.400	+1.127e+03	+4.868e+03	+7.873e+03	+0.812
134.600	+1.535e+03	+4.612e+03	+7.877e+03	+0.750
134.800	+2.383e+03	+5.613e+03	+5.807e+03	+0.702
135.000	+1.238e+03	+5.305e+03	+7.028e+03	+0.811
135.200	+5.472e+02	+5.272e+03	+5.916e+03	+0.906
135.400	+3.441e+03	+6.228e+03	+6.589e+03	+0.644
135.600	+1.057e+03	+5.471e+03	+5.366e+03	+0.838
135.800	+8.721e+02	+4.053e+03	+7.141e+03	+0.823
136.000	+1.471e+03	+4.757e+03	+7.189e+03	+0.764
136.200	+1.362e+03	+5.387e+03	+6.935e+03	+0.798
136.400	+2.432e+03	+4.809e+03	+6.793e+03	+0.664
136.600	+2.995e+03	+6.707e+03	+8.175e+03	+0.691
136.800	+1.701e+03	+5.994e+03	+6.799e+03	+0.779
137.000	+2.998e+03	+5.701e+03	+7.371e+03	+0.655
137.200	+4.648e+03	+2.212e+03	+7.228e+03	+0.322
137.400	+5.748e+03	+7.024e+02	+7.189e+03	+0.109
137.600	+5.852e+03	+2.509e+03	+5.627e+03	+0.300
137.800	+4.546e+03	+1.617e+03	+5.319e+03	+0.262
138.000	+5.067e+03	+1.932e+03	+6.654e+03	+0.276
138.200	+4.170e+03	+1.916e+03	+6.323e+03	+0.315
138.400	+1.666e+03	+5.693e+03	+6.788e+03	+0.774
138.600	+3.341e+03	+5.001e+03	+7.426e+03	+0.600
138.800	+2.726e+03	+5.421e+03	+9.063e+03	+0.665
139.000	+2.382e+03	+5.407e+03	+4.777e+03	+0.694
139.200	+6.170e+02	+6.455e+03	+6.792e+03	+0.913
139.400	+1.352e+03	+5.206e+03	+6.262e+03	+0.794
139.600	+2.238e+03	+4.904e+03	+6.951e+03	+0.687
139.800	+1.718e+03	+4.485e+03	+9.026e+03	+0.723
140.000	+6.287e+03	+1.482e+03	+6.343e+03	+0.191
140.200	+5.351e+03	+1.328e+03	+6.299e+03	+0.199
140.400	+6.510e+03	+1.408e+03	+8.062e+03	+0.178
140.600	+6.405e+03	+1.254e+03	+9.224e+03	+0.164
140.800	+4.421e+03	+1.496e+03	+7.825e+03	+0.253
141.000	+5.820e+03	+9.491e+02	+8.670e+03	+0.140
141.200	+5.781e+03	+2.881e+03	+6.834e+03	+0.333
141.400	+6.293e+03	+1.655e+03	+7.749e+03	+0.208
141.600	+4.324e+03	+1.524e+03	+8.435e+03	+0.261
141.800	+6.325e+03	+1.505e+03	+6.681e+03	+0.192
142.000	+5.958e+03	+2.090e+03	+6.453e+03	+0.260
142.200	+6.018e+03	+1.334e+03	+7.705e+03	+0.181
142.400	+5.222e+03	+2.569e+03	+1.003e+04	+0.330
142.600	+6.173e+03	+1.874e+03	+7.744e+03	+0.233
142.800	+5.049e+03	+3.017e+03	+7.651e+03	+0.374
143.000	+4.175e+03	+1.934e+03	+7.422e+03	+0.317
143.200	+5.178e+03	+2.793e+03	+7.267e+03	+0.350
143.400	+5.159e+03	+2.347e+03	+7.113e+03	+0.313
143.600	+7.029e+03	+1.547e+03	+5.428e+03	+0.180
143.800	+5.751e+03	+2.151e+03	+8.919e+03	+0.272
144.000	+4.635e+03	+3.551e+02	+7.002e+03	+0.071
144.200	+5.172e+03	+1.867e+03	+6.337e+03	+0.265
144.400	+4.941e+03	+2.038e+03	+5.506e+03	+0.292
144.600	+5.856e+03	+2.197e+03	+6.597e+03	+0.273
144.800	+6.243e+03	+1.420e+03	+7.424e+03	+0.185
145.000	+7.673e+03	+3.283e+03	+7.076e+03	+0.300
145.200	+6.290e+03	+1.123e+03	+8.468e+03	+0.151
145.400	+7.663e+03	+2.211e+03	+9.544e+03	+0.224
145.600	+4.937e+03	+1.900e+03	+6.466e+03	+0.278
145.800	+6.281e+03	+1.794e+03	+7.470e+03	+0.222
146.000	+5.792e+03	+2.125e+03	+7.584e+03	+0.268
146.200	+5.940e+03	+1.284e+03	+5.051e+03	+0.178
146.400	+3.982e+03	+1.184e+03	+6.475e+03	+0.229
146.600	+5.435e+03	+2.225e+03	+7.503e+03	+0.290
146.800	+5.857e+03	+1.872e+03	+8.961e+03	+0.242
147.000	+5.853e+03	+1.830e+03	+7.238e+03	+0.238
147.200	+6.326e+03	+2.514e+03	+9.181e+03	+0.284
147.400	+4.883e+03	+2.692e+03	+8.031e+03	+0.355
147.600	+5.306e+03	+2.610e+03	+8.568e+03	+0.330
147.800	+4.941e+03	+2.082e+03	+6.077e+03	+0.296
148.000	+5.850e+03	+1.754e+03	+7.972e+03	+0.231
148.200	+5.817e+03	+1.494e+03	+5.286e+03	+0.204
148.400	+4.360e+03	+5.888e+02	+8.257e+03	+0.119
148.600	+6.024e+03	+2.234e+03	+7.303e+03	+0.271
148.800	+7.441e+03	+9.362e+02	+7.782e+03	+0.112
149.000	+6.103e+03	+3.046e+03	+7.416e+03	+0.333
149.200	+4.558e+03	+1.654e+03	+7.114e+03	+0.266
149.400	+5.175e+03	+2.616e+03	+9.233e+03	+0.336
149.600	+6.789e+03	+2.668e+03	+6.610e+03	+0.282
149.800	+4.485e+03	+1.782e+03	+6.756e+03	+0.284
150.000	+5.557e+03	+2.251e+03	+1.014e+04	+0.288
150.200	+5.552e+03	+1.695e+03	+9.243e+03	+0.234
150.400	+6.547e+03	+4.408e+02	+7.648e+03	+0.063
150.600	+5.047e+03	+2.314e+03	+5.628e+03	+0.314
150.800	+3.580e+03	+1.857e+03	+5.743e+03	+0.342
151.000	+5.421e+03	+2.857e+03	+6.072e+03	+0.345
151.200	+5.998e+03	+1.651e+03	+7.850e+03	+0.216
151.400	+5.210e+03	+1.748e+03	+8.381e+03	+0.251
151.600	+4.862e+03	+1.660e+03	+6.707e+03	+0.255
151.800	+5.920e+03	+1.652e+03	+8.851e+03	+0.218
152.000	+4.885e+03	+2.709e+03	+5.025e+03	+0.357
152.200	+6.479e+03	+8.124e+02	+7.665e+03	+0.111
152.400	+5.944e+03	+1.265e+03	+8.681e+03	+0.175
152.600	+6.477e+03	+5.622e+02	+6.512e+03	+0.080
152.800	+5.489e+03	+1.971e+03	+7.211e+03	+0.264
153.000	+4.921e+03	+1.105e+03	+8.717e+03	+0.183
153.200	+5.471e+03	+2.741e+03	+7.462e+03	+0.334
153.400	+4.776e+03	+1.734e+03	+7.314e+03	+0.266
153.600	+4.535e+03	+2.217e+03	+7.424e+03	+0.328
153.800	+1.179e+03	+6.455e+03	+8.904e+03	+0.846
154.000	+1.858e+03	+5.877e+03	+8.210e+03	+0.760
154.200	+2.403e+03	+5.567e+03	+6.814e+03	+0.698
154.400	+2.421e+03	+6.382e+03	+6.745e+03	+0.725
154.600	+1.987e+03	+4.346e+03	+7.953e+03	+0.686
154.800	+1.202e+03	+4.779e+03	+6.595e+03	+0.799
155.000	+1.896e+03	+5.609e+03	+8.459e+03	+0.747
155.200	+1.959e+03	+5.792e+03	+6.230e+03	+0.747
155.400	+1.908e+03	+5.147e+03	+6.787e+03	+0.730
155.600	+1.056e+03	+4.925e+03	+9.125e+03	+0.823
155.800	+2.358e+03	+5.915e+03	+6.930e+03	+0.715
156.000	+2.459e+03	+4.425e+03	+8.267e+03	+0.643
156.200	+1.954e+03	+5.163e+03	+4.759e+03	+0.725
156.400	+1.974e+03	+5.283e+03	+6.311e+03	+0.728
156.600	+1.915e+03	+4.976e+03	+6.078e+03	+0.722
156.800	+2.319e+03	+6.026e+03	+5.760e+03	+0.722
157.000	+2.375e+03	+5.145e+03	+7.198e+03	+0.684
157.200	+2.905e+03	+5.387e+03	+7.865e+03	+0.650
157.400	+2.388e+03	+7.253e+03	+8.205e+03	+0.752
157.600	+1.975e+03	+5.820e+03	+7.238e+03	+0.747
157.800	+1.397e+03	+4.684e+03	+8.665e+03	+0.770
158.000	+2.637e+03	+6.355e+03	+7.256e+03	+0.707
158.200	+2.640e+03	+4.938e+03	+6.280e+03	+0.652
158.400	+2.845e+03	+4.691e+03	+6.108e+03	+0.622
158.600	+2.536e+03	+5.130e+03	+5.753e+03	+0.669
158.800	+1.575e+03	+5.623e+03	+8.815e+03	+0.781
159.000	+1.582e+03	+5.269e+03	+6.971e+03	+0.769
159.200	+8.914e+02	+5.208e+03	+6.421e+03	+0.854
159.400	+1.881e+03	+6.422e+03	+6.712e+03	+0.773
159.600	+2.218e+03	+5.108e+03	+6.397e+03	+0.697
159.800	+2.957e+03	+4.759e+03	+9.085e+03	+0.617
160.000	+1.552e+03	+5.123e+03	+4.811e+03	+0.767
160.200	+2.508e+03	+5.720e+03	+7.511e+03	+0.695
160.400	+1.684e+03	+5.748e+03	+8.151e+03	+0.773
160.600	+2.839e+03	+4.824e+03	+8.035e+03	+0.630
160.800	+1.724e+03	+4.359e+03	+9.008e+03	+0.717
161.000	+1.681e+03	+6.942e+03	+6.341e+03	+0.805
161.200	+2.459e+03	+5.373e+03	+5.116e+03	+0.686
161.400	+2.354e+03	+4.917e+03	+6.534e+03	+0.676
161.600	+2.465e+03	+5.303e+03	+9.999e+03	+0.683
161.800	+1.961e+03	+5.921e+03	+6.858e+03	+0.751
162.000	+1.109e+03	+5.680e+03	+6.243e+03	+0.837
162.200	+2.125e+03	+5.426e+03	+7.745e+03	+0.719
162.400	+9.438e+02	+5.784e+03	+5.884e+03	+0.860
162.600	+1.793e+03	+4.004e+03	+8.121e+03	+0.691
162.800	+2.627e+03	+5.609e+03	+8.215e+03	+0.681
163.000	+3.450e+03	+2.898e+03	+7.097e+03	+0.457
163.200	+5.796e+03	+8.624e+02	+7.392e+03	+0.130
163.400	+6.896e+03	+1.665e+03	+7.070e+03	+0.194
163.600	+5.570e+03	+2.696e+03	+6.718e+03	+0.326
163.800	+6.469e+03	+2.115e+03	+7.099e+03	+0.246
164.000	+5.352e+03	+1.673e+03	+4.741e+03	+0.238
164.200	+7.350e+03	+1.337e+03	+7.492e+03	+0.154
164.400	+5.011e+03	+6.946e+02	+8.119e+03	+0.122
164.600	+5.932e+03	+1.896e+03	+7.131e+03	+0.242
164.800	+6.516e+03	+1.176e+03	+6.774e+03	+0.153
165.000	+4.206e+03	+1.146e+03	+5.869e+03	+0.214
165.200	+5.875e+03	+1.525e+03	+6.116e+03	+0.206
165.400	+4.373e+03	+2.109e+03	+7.626e+03	+0.325
165.600	+6.671e+03	+1.316e+03	+7.097e+03	+0.165
165.800	+4.662e+03	+2.056e+03	+8.212e+03	+0.306
166.000	+3.923e+03	+1.019e+03	+7.368e+03	+0.206
166.200	+4.847e+03	+2.998e+02	+6.807e+03	+0.058
166.400	+5.411e+03	+2.909e+03	+6.065e+03	+0.350
166.600	+4.929e+03	+1.726e+03	+6.552e+03	+0.259
166.800	+5.525e+03	+1.633e+03	+6.674e+03	+0.228
167.000	+6.939e+03	+1.673e+03	+7.640e+03	+0.194
167.200	+5.432e+03	+1.757e+03	+6.701e+03	+0.244
167.400	+5.988e+03	+1.986e+03	+8.692e+03	+0.249
167.600	+6.065e+03	+1.999e+03	+7.358e+03	+0.248
167.800	+4.474e+03	+9.418e+02	+7.567e+03	+0.174
168.000	+5.028e+03	+1.854e+03	+7.319e+03	+0.269
168.200	+6.363e+03	+1.689e+03	+8.205e+03	+0.210
168.400	+6.015e+03	+8.024e+01	+8.188e+03	+0.013
168.600	+6.006e+03	+3.290e+03	+8.956e+03	+0.354
168.800	+8.222e+03	+5.213e+02	+6.132e+03	+0.060
169.000	+7.516e+03	+1.619e+03	+7.848e+03	+0.177
169.200	+3.192e+03	+2.601e+03	+6.887e+03	+0.449
169.400	+4.731e+03	+1.543e+03	+7.403e+03	+0.246
169.600	+4.643e+03	+8.431e+02	+5.945e+03	+0.154
169.800	+5.959e+03	+2.362e+03	+8.344e+03	+0.284
170.000	+5.800e+03	+2.480e+03	+6.676e+03	+0.299
170.200	+4.941e+03	+1.656e+03	+6.760e+03	+0.251
170.400	+6.124e+03	+1.350e+03	+6.287e+03	+0.181
170.600	+7.060e+03	+1.591e+03	+7.664e+03	+0.184
170.800	+1.999e+03	+4.770e+03	+7.610e+03	+0.705
171.000	+1.564e+03	+5.916e+03	+8.702e+03	+0.791
171.200	+2.358e+03	+4.607e+03	+7.769e+03	+0.661
171.400	+2.031e+03	+6.484e+03	+6.978e+03	+0.761
171.600	+2.600e+02	+6.900e+03	+8.243e+03	+0.964
171.800	+3.713e+03	+4.715e+03	+6.682e+03	+0.559
172.000	+1.742e+03	+7.030e+03	+6.716e+03	+0.801
172.200	+1.141e+03	+6.705e+03	+8.270e+03	+0.855
172.400	+1.734e+03	+5.448e+03	+8.485e+03	+0.759
172.600	+2.969e+03	+6.644e+03	+6.891e+03	+0.691
172.800	+5.070e+03	+3.072e+03	+7.332e+03	+0.377
173.000	+5.194e+03	+1.274e+03	+7.168e+03	+0.197
173.200	+4.788e+03	+2.739e+03	+6.844e+03	+0.364
173.400	+4.517e+03	+1.533e+03	+7.691e+03	+0.253
173.600	+5.309e+03	+1.220e+03	+6.774e+03	+0.187
173.800	+6.440e+03	+2.876e+03	+7.632e+03	+0.309
174.000	+5.818e+03	+1.029e+03	+5.428e+03	+0.150
174.200	+5.142e+03	+1.690e+03	+6.412e+03	+0.247
174.400	+6.617e+03	+7.167e+02	+8.724e+03	+0.098
174.600	+6.542e+03	+1.665e+03	+7.347e+03	+0.203
174.800	+6.661e+03	+1.291e+03	+6.011e+03	+0.162
175.000	+6.092e+03	+3.313e+03	+5.929e+03	+0.352
175.200	+5.099e+03	+1.774e+03	+6.610e+03	+0.258
175.400	+5.573e+03	+1.781e+03	+7.677e+03	+0.242
175.600	+5.699e+03	+1.580e+03	+8.032e+03	+0.217
175.800	+3.144e+03	+4.103e+03	+7.185e+03	+0.566
176.000	+1.467e+03	+6.247e+03	+8.066e+03	+0.810
176.200	+1.987e+03	+5.451e+03	+5.384e+03	+0.733
176.400	+1.942e+03	+6.005e+03	+6.668e+03	+0.756
176.600	+1.915e+03	+5.235e+03	+6.593e+03	+0.732
176.800	+1.819e+03	+6.856e+03	+7.181e+03	+0.790
177.000	+1.222e+03	+6.415e+03	+7.501e+03	+0.840
177.200	+1.226e+03	+6.276e+03	+8.565e+03	+0.837
177.400	+3.801e+03	+4.551e+03	+6.967e+03	+0.545
177.600	+4.295e+03	+2.305e+03	+8.633e+03	+0.349
177.800	+6.123e+03	+4.415e+02	+7.548e+03	+0.067
178.000	+5.994e+03	+2.398e+03	+6.760e+03	+0.286
178.200	+5.055e+03	+1.824e+03	+6.759e+03	+0.265
178.400	+6.487e+03	+1.965e+03	+6.598e+03	+0.232
178.600	+5.350e+03	+2.249e+03	+5.444e+03	+0.296
178.800	+5.499e+03	+2.647e+03	+5.941e+03	+0.325
179.000	+5.643e+03	+1.340e+03	+8.905e+03	+0.192
179.200	+4.441e+03	+2.267e+03	+7.983e+03	+0.338
179.400	+6.086e+03	+2.212e+03	+6.884e+03	+0.267
179.600	+4.998e+03	+1.700e+03	+8.539e+03	+0.254
179.800	+4.623e+03	+3.134e+02	+5.895e+03	+0.063
180.000	+3.575e+03	+1.913e+03	+6.445e+03	+0.349
180.200	+4.637e+03	+2.633e+03	+6.923e+03	+0.362
180.400	+3.990e+03	+1.950e+03	+6.065e+03	+0.328
180.600	+4.762e+03	+1.937e+03	+8.208e+03	+0.289
180.800	+5.810e+03	+1.400e+03	+9.249e+03	+0.194
181.000	+4.969e+03	+2.684e+03	+8.331e+03	+0.351
181.200	+6.795e+03	+1.801e+03	+7.853e+03	+0.209
181.400	+5.416e+03	+1.960e+03	+7.368e+03	+0.266
181.600	+5.662e+03	+1.842e+03	+7.496e+03	+0.246
181.800	+6.694e+03	+2.117e+03	+7.406e+03	+0.240
182.000	+7.634e+03	+8.772e+02	+7.090e+03	+0.103
182.200	+5.690e+03	+1.460e+03	+7.520e+03	+0.204
182.400	+5.864e+03	+2.440e+03	+7.457e+03	+0.294
182.600	+5.042e+03	+7.078e+02	+7.197e+03	+0.123
182.800	+6.186e+03	+3.167e+03	+7.798e+03	+0.339
183.000	+6.413e+03	+1.941e+03	+7.527e+03	+0.232
183.200	+4.332e+03	+1.962e+03	+6.522e+03	+0.312
183.400	+5.211e+03	+1.803e+03	+7.686e+03	+0.257
183.600	+3.520e+03	+2.042e+03	+5.541e+03	+0.367
183.800	+4.851e+03	+1.115e+03	+7.550e+03	+0.187
184.000	+4.574e+03	+1.253e+03	+8.255e+03	+0.215
184.200	+4.932e+03	+1.956e+03	+8.668e+03	+0.284
184.400	+4.051e+03	+1.761e+03	+8.833e+03	+0.303
184.600	+4.658e+03	+1.402e+03	+6.519e+03	+0.231
184.800	+6.550e+03	+1.817e+03	+5.902e+03	+0.217
185.000	+4.408e+03	+2.065e+03	+6.628e+03	+0.319
185.200	+5.387e+03	+2.389e+03	+5.362e+03	+0.307
185.400	+4.735e+03	+1.723e+03	+5.934e+03	+0.267
185.600	+6.089e+03	+1.471e+03	+7.105e+03	+0.195
185.800	+6.561e+03	+1.522e+03	+6.940e+03	+0.188
186.000	+5.265e+03	+8.260e+02	+8.430e+03	+0.136
186.200	+4.168e+03	+1.664e+03	+7.215e+03	+0.285
186.400	+5.351e+03	+2.199e+03	+6.890e+03	+0.291
186.600	+5.374e+03	+2.047e+03	+8.512e+03	+0.276
186.800	+5.732e+03	+1.003e+03	+7.312e+03	+0.149
187.000	+6.706e+03	+1.844e+03	+5.283e+03	+0.216
187.200	+7.073e+03	+2.001e+03	+8.516e+03	+0.220
187.400	+5.306e+03	+1.855e+03	+7.807e+03	+0.259
187.600	+6.675e+03	+2.045e+03	+6.742e+03	+0.235
187.800	+5.315e+03	+1.400e+03	+7.519e+03	+0.208
188.000	+4.487e+03	+1.692e+03	+7.903e+03	+0.274
188.200	+2.418e+03	+4.461e+03	+7.791e+03	+0.648
188.400	+2.109e+03	+4.156e+03	+8.743e+03	+0.663
188.600	+2.459e+03	+6.310e+03	+7.094e+03	+0.720
188.800	+1.696e+03	+4.181e+03	+5.957e+03	+0.711
189.000	+3.847e+02	+6.102e+03	+6.163e+03	+0.941
189.200	+2.340e+03	+5.487e+03	+6.153e+03	+0.701
189.400	+3.496e+03	+6.146e+03	+7.681e+03	+0.637
189.600	+1.679e+03	+6.880e+03	+7.492e+03	+0.804
189.800	+1.606e+03	+6.173e+03	+7.200e+03	+0.794
190.000	+2.096e+03	+4.607e+03	+9.224e+03	+0.687
190.200	+1.002e+03	+4.797e+03	+5.370e+03	+0.827
190.400	+2.604e+03	+5.228e+03	+8.327e+03	+0.668
190.600	+2.907e+03	+6.207e+03	+5.826e+03	+0.681
190.800	+2.500e+03	+4.838e+03	+6.896e+03	+0.659
191.000	+2.025e+03	+4.902e+03	+8.475e+03	+0.708
191.200	+1.879e+03	+4.948e+03	+6.778e+03	+0.725
191.400	+3.888e+03	+4.474e+03	+8.145e+03	+0.535
191.600	+2.571e+03	+7.746e+03	+8.778e+03	+0.751
191.800	+3.067e+03	+6.545e+03	+5.314e+03	+0.681
192.000	+1.364e+03	+6.152e+03	+7.892e+03	+0.819
192.200	+1.026e+03	+4.388e+03	+9.311e+03	+0.811
192.400	+1.863e+03	+6.047e+03	+7.815e+03	+0.764
192.600	+1.312e+03	+4.415e+03	+4.879e+03	+0.771
192.800	+1.621e+03	+6.512e+03	+8.795e+03	+0.801
193.000	+2.207e+03	+5.273e+03	+6.883e+03	+0.705
193.200	+3.087e+03	+5.395e+03	+8.944e+03	+0.636
193.400	+2.147e+03	+5.453e+03	+7.364e+03	+0.718
193.600	+2.371e+03	+4.381e+03	+8.830e+03	+0.649
193.800	+2.562e+03	+5.155e+03	+7.329e+03	+0.668
194.000	+6.197e+02	+5.110e+03	+4.992e+03	+0.892
194.200	+1.604e+03	+4.992e+03	+6.186e+03	+0.757
194.400	+2.901e+03	+4.501e+03	+6.900e+03	+0.608
194.600	+1.874e+03	+4.694e+03	+7.033e+03	+0.715
194.800	+2.264e+03	+5.575e+03	+7.271e+03	+0.711
195.000	+1.546e+03	+6.172e+03	+5.731e+03	+0.800
195.200	+2.520e+03	+4.315e+03	+7.276e+03	+0.631
195.400	+1.277e+03	+5.474e+03	+7.837e+03	+0.811
195.600	+1.220e+03	+4.853e+03	+5.668e+03	+0.799
195.800	+2.010e+03	+5.715e+03	+7.222e+03	+0.740
196.000	+2.277e+03	+4.895e+03	+7.304e+03	+0.682
196.200	+1.716e+03	+4.872e+03	+6.654e+03	+0.740
196.400	+4.188e+03	+1.586e+03	+7.687e+03	+0.275
196.600	+6.842e+03	+1.400e+03	+8.014e+03	+0.170
196.800	+4.562e+03	+2.067e+03	+7.569e+03	+0.312
197.000	+6.107e+03	+2.036e+03	+6.882e+03	+0.250
197.200	+5.766e+03	+2.143e+03	+5.342e+03	+0.271
197.400	+3.372e+03	+1.274e+03	+6.744e+03	+0.274
197.600	+6.417e+03	+2.373e+03	+8.170e+03	+0.270
197.800	+6.844e+03	+1.295e+03	+6.639e+03	+0.159
198.000	+5.531e+03	+1.499e+03	+7.838e+03	+0.213
198.200	+4.592e+03	+2.505e+02	+8.255e+03	+0.052
198.400	+3.402e+03	+1.541e+03	+8.503e+03	+0.312
198.600	+4.871e+03	+1.812e+03	+7.211e+03	+0.271
198.800	+6.114e+03	+1.755e+03	+5.875e+03	+0.223
199.000	+5.675e+03	+1.728e+03	+7.013e+03	+0.233
199.200	+4.455e+03	+2.161e+03	+7.135e+03	+0.327
199.400	+5.267e+03	+1.907e+03	+6.432e+03	+0.266
199.600	+6.369e+03	+2.513e+03	+6.519e+03	+0.283
199.800	+5.576e+03	+9.872e+02	+5.697e+03	+0.150
200.000	+3.938e+03	+1.081e+03	+6.234e+03	+0.215
200.200	+4.099e+03	+1.585e+03	+9.410e+03	+0.279
200.400	+5.767e+03	+2.747e+03	+7.348e+03	+0.323
200.600	+3.766e+03	+1.391e+03	+5.942e+03	+0.270
200.800	+6.132e+03	+2.728e+03	+4.956e+03	+0.308
201.000	+4.535e+03	+2.496e+03	+7.545e+03	+0.355
201.200	+5.312e+03	+1.667e+03	+8.474e+03	+0.239
201.400	+4.088e+03	+2.780e+03	+6.927e+03	+0.405
201.600	+6.744e+03	+2.732e+03	+8.607e+03	+0.288
201.800	+6.119e+03	+1.393e+03	+8.197e+03	+0.185
202.000	+5.766e+03	+1.849e+03	+7.276e+03	+0.243
202.200	+5.375e+03	+1.810e+03	+7.599e+03	+0.252
202.400	+5.549e+03	+2.542e+03	+7.052e+03	+0.314
202.600	+4.246e+03	+1.861e+03	+8.781e+03	+0.305
202.800	+5.512e+03	+1.145e+03	+6.897e+03	+0.172
203.000	+5.900e+03	+8.401e+02	+6.021e+03	+0.125
203.200	+5.124e+03	+2.636e+03	+5.658e+03	+0.340
203.400	+5.025e+03	+2.357e+03	+6.619e+03	+0.319
203.600	+5.904e+03	+2.394e+03	+6.441e+03	+0.288
203.800	+5.189e+03	+2.014e+03	+7.913e+03	+0.280
204.000	+6.017e+03	+1.383e+03	+7.163e+03	+0.187
204.200	+6.343e+03	+1.830e+03	+6.439e+03	+0.224
204.400	+6.200e+03	+2.761e+03	+8.081e+03	+0.308
204.600	+5.367e+03	+1.333e+03	+5.420e+03	+0.199
204.800	+4.607e+03	+2.532e+03	+6.715e+03	+0.355
205.000	+5.068e+03	+1.651e+03	+7.331e+03	+0.246
205.200	+5.105e+03	+1.585e+03	+7.753e+03	+0.237
205.400	+4.633e+03	+1.689e+03	+5.367e+03	+0.267
205.600	+5.574e+03	+2.649e+03	+7.513e+03	+0.322
205.800	+5.435e+03	+1.316e+03	+5.560e+03	+0.195
206.000	+5.691e+03	+1.967e+03	+7.022e+03	+0.257
206.200	+6.412e+03	+7.933e+02	+6.569e+03	+0.110
206.400	+5.615e+03	+1.904e+03	+6.965e+03	+0.253
206.600	+4.923e+03	+3.287e+02	+6.683e+03	+0.063
206.800	+4.830e+03	+1.376e+03	+1.024e+04	+0.222
207.000	+4.320e+03	+2.114e+03	+7.258e+03	+0.329
207.200	+7.698e+03	+2.117e+03	+6.512e+03	+0.216
207.400	+6.079e+03	+1.920e+03	+7.551e+03	+0.240
207.600	+6.278e+03	+1.803e+03	+6.199e+03	+0.223
207.800	+5.813e+03	+1.626e+03	+8.824e+03	+0.219
208.000	+5.775e+03	+9.713e+02	+7.725e+03	+0.144
208.200	+4.574e+03	+1.904e+03	+7.054e+03	+0.294
208.400	+5.578e+03	+1.889e+03	+7.678e+03	+0.253
208.600	+6.323e+03	+1.602e+03	+7.653e+03	+0.202
208.800	+5.992e+03	+2.419e+03	+7.419e+03	+0.288
209.000	+4.946e+03	+1.276e+03	+7.031e+03	+0.205
209.200	+3.955e+03	+1.250e+03	+6.127e+03	+0.240
209.400	+4.851e+03	+1.683e+03	+7.565e+03	+0.258
209.600	+5.990e+03	+1.147e+03	+7.421e+03	+0.161
209.800	+6.148e+03	+2.071e+03	+7.542e+03	+0.252
210.000	+1.844e+03	+5.025e+03	+7.165e+03	+0.731
210.200	+1.902e+03	+5.387e+03	+6.720e+03	+0.739
210.400	+3.064e+02	+5.901e+03	+5.656e+03	+0.951
210.600	+2.310e+03	+4.506e+03	+5.943e+03	+0.661
210.800	+1.276e+03	+5.618e+03	+5.423e+03	+0.815
211.000	+2.072e+03	+4.973e+03	+7.999e+03	+0.706
211.200	+1.327e+03	+6.110e+03	+8.057e+03	+0.822
211.400	+2.164e+03	+3.867e+03	+8.363e+03	+0.641
211.600	+1.441e+03	+5.436e+03	+6.202e+03	+0.790
211.800	+2.049e+03	+6.482e+03	+7.081e+03	+0.760
212.000	+1.869e+03	+5.725e+03	+6.186e+03	+0.754
212.200	+2.321e+03	+5.121e+03	+7.692e+03	+0.688
212.400	+2.186e+03	+4.467e+03	+8.409e+03	+0.671
212.600	+2.067e+03	+6.876e+03	+5.643e+03	+0.769
212.800	+1.836e+03	+5.196e+03	+9.193e+03	+0.739
213.000	+2.614e+03	+3.466e+03	+7.014e+03	+0.570
213.200	+1.695e+03	+4.827e+03	+5.955e+03	+0.740
213.400	+1.891e+03	+6.085e+03	+5.856e+03	+0.763
213.600	+1.249e+03	+6.988e+03	+7.308e+03	+0.848
213.800	+1.329e+03	+5.756e+03	+8.827e+03	+0.812
214.000	+2.417e+03	+4.828e+03	+5.443e+03	+0.666
214.200	+2.674e+03	+4.773e+03	+6.598e+03	+0.641
214.400	+2.586e+03	+5.613e+03	+7.548e+03	+0.685
214.600	+4.647e+03	+3.112e+03	+8.021e+03	+0.401
214.800	+4.581e+03	+1.103e+03	+5.590e+03	+0.194
215.000	+4.324e+03	+2.443e+03	+7.422e+03	+0.361
215.200	+4.788e+03	+1.872e+03	+6.929e+03	+0.281
215.400	+5.691e+03	+2.126e+03	+6.872e+03	+0.272
215.600	+4.989e+03	+1.496e+03	+7.022e+03	+0.231
215.800	+4.808e+03	+6.111e+02	+8.593e+03	+0.113
216.000	+5.310e+03	+1.736e+03	+6.409e+03	+0.246
216.200	+6.167e+03	+2.143e+03	+7.911e+03	+0.258
216.400	+6.257e+03	+1.473e+03	+6.509e+03	+0.191
216.600	+6.635e+03	+1.120e+03	+8.168e+03	+0.144
216.800	+5.669e+03	+1.733e+03	+6.438e+03	+0.234
217.000	+6.216e+03	+2.447e+03	+7.493e+03	+0.282
217.200	+1.959e+03	+3.987e+03	+5.839e+03	+0.671
217.400	+1.565e+03	+4.858e+03	+7.276e+03	+0.756
217.600	+2.527e+03	+4.709e+03	+6.257e+03	+0.651
217.800	+2.800e+03	+6.405e+03	+8.879e+03	+0.696
218.000	+1.738e+03	+3.885e+03	+7.031e+03	+0.691
218.200	+1.776e+03	+5.118e+03	+6.905e+03	+0.742
218.400	+8.679e+02	+5.291e+03	+6.872e+03	+0.859
218.600	+1.222e+03	+5.104e+03	+7.567e+03	+0.807
218.800	+2.090e+03	+5.575e+03	+6.942e+03	+0.727
219.000	+1.746e+03	+5.427e+03	+6.791e+03	+0.757
219.200	+1.263e+03	+6.212e+03	+6.440e+03	+0.831
219.400	+3.080e+03	+5.695e+03	+8.476e+03	+0.649
219.600	+1.006e+03	+4.470e+03	+9.151e+03	+0.816
219.800	+2.694e+03	+6.082e+03	+7.012e+03	+0.693
220.000	+5.375e+03	+1.311e+03	+7.011e+03	+0.196
220.200	+5.242e+03	+3.797e+02	+6.149e+03	+0.068
220.400	+5.508e+03	+6.597e+02	+7.083e+03	+0.107
220.600	+5.085e+03	+1.295e+03	+6.321e+03	+0.203
220.800	+4.445e+03	+5.966e+02	+7.750e+03	+0.118
221.000	+6.529e+03	+1.423e+03	+7.175e+03	+0.179
221.200	+6.348e+03	+1.253e+03	+8.552e+03	+0.165
221.400	+6.717e+03	+1.727e+03	+7.188e+03	+0.205
221.600	+6.863e+03	+1.414e+03	+8.051e+03	+0.171
221.800	+5.024e+03	+2.170e+03	+6.299e+03	+0.302
222.000	+6.371e+03	+1.991e+03	+6.581e+03	+0.238
222.200	+5.307e+03	+2.236e+03	+7.553e+03	+0.296
222.400	+5.462e+03	+1.453e+03	+6.476e+03	+0.210
222.600	+3.532e+03	+2.330e+03	+7.509e+03	+0.398
222.800	+6.125e+03	+1.808e+03	+8.164e+03	+0.228
223.000	+4.972e+03	+2.191e+03	+8.135e+03	+0.306
223.200	+4.153e+03	+1.430e+03	+6.795e+03	+0.256
223.400	+5.797e+03	+3.047e+03	+7.234e+03	+0.345
223.600	+5.959e+03	+1.086e+03	+7.390e+03	+0.154
223.800	+4.411e+03	+1.666e+03	+6.413e+03	+0.274
224.000	+6.113e+03	+1.909e+03	+8.043e+03	+0.238
224.200	+6.133e+03	+7.237e+02	+7.945e+03	+0.106
224.400	+7.317e+03	+2.497e+03	+7.914e+03	+0.254
224.600	+4.242e+03	+1.179e+03	+8.183e+03	+0.217
224.800	+5.113e+03	+9.649e+02	+6.409e+03	+0.159
225.000	+7.016e+03	+2.393e+03	+7.176e+03	+0.254
225.200	+5.747e+03	+7.146e+02	+5.494e+03	+0.111
225.400	+6.893e+03	+1.427e+03	+1.023e+04	+0.172
225.600	+4.683e+03	+2.068e+03	+6.909e+03	+0.306
225.800	+4.010e+03	+2.033e+03	+1.037e+04	+0.336
226.000	+4.983e+03	+4.956e+02	+6.803e+03	+0.090
226.200	+4.341e+03	+1.499e+03	+8.031e+03	+0.257
226.400	+5.955e+03	+1.524e+03	+5.917e+03	+0.204
226.600	+5.552e+03	+2.090e+03	+5.333e+03	+0.274
226.800	+5.118e+03	+1.700e+03	+7.010e+03	+0.249
227.000	+5.858e+03	+2.904e+03	+5.327e+03	+0.331
227.200	+6.525e+03	+1.106e+03	+6.905e+03	+0.145
227.400	+4.527e+03	+4.890e+02	+7.609e+03	+0.097
227.600	+5.665e+03	+2.870e+03	+8.892e+03	+0.336
227.800	+4.115e+03	+2.722e+03	+7.829e+03	+0.398
228.000	+4.338e+03	+1.007e+03	+7.997e+03	+0.188
228.200	+7.604e+03	+2.982e+03	+7.168e+03	+0.282
228.400	+5.346e+03	+1.295e+03	+7.232e+03	+0.195
228.600	+5.204e+03	+5.019e+02	+7.549e+03	+0.088
228.800	+3.277e+03	+3.352e+03	+6.321e+03	+0.506
229.000	+1.233e+03	+4.073e+03	+5.546e+03	+0.768
229.200	+2.755e+03	+5.389e+03	+8.053e+03	+0.662
229.400	+1.154e+03	+4.800e+03	+6.142e+03	+0.806
229.600	+2.100e+03	+4.562e+03	+8.408e+03	+0.685
229.800	+1.354e+03	+6.527e+03	+6.153e+03	+0.828
230.000	+3.347e+03	+6.627e+03	+8.060e+03	+0.664
230.200	+3.492e+03	+4.764e+03	+8.354e+03	+0.577
230.400	+1.209e+03	+5.583e+03	+7.172e+03	+0.822
230.600	+1.776e+03	+5.654e+03	+9.341e+03	+0.761
230.800	+2.828e+03	+4.482e+03	+5.998e+03	+0.613
231.000	+1.142e+03	+4.292e+03	+6.869e+03	+0.790
231.200	+1.893e+03	+5.534e+03	+8.210e+03	+0.745
231.400	+1.149e+03	+5.031e+03	+6.212e+03	+0.814
231.600	+8.007e+02	+4.809e+03	+6.024e+03	+0.857
231.800	+2.290e+03	+6.433e+03	+7.259e+03	+0.738
232.000	+1.261e+03	+6.060e+03	+8.873e+03	+0.828
232.200	+1.933e+03	+6.689e+03	+7.537e+03	+0.776
232.400	+2.156e+03	+5.902e+03	+8.817e+03	+0.732
232.600	+1.506e+03	+6.542e+03	+5.869e+03	+0.813
232.800	+2.383e+03	+5.087e+03	+7.550e+03	+0.681
233.000	+1.446e+03	+6.641e+03	+7.770e+03	+0.821
233.200	+2.313e+03	+5.631e+03	+7.188e+03	+0.709
233.400	+3.754e+03	+1.286e+03	+8.033e+03	+0.255
233.600	+5.203e+03	+2.196e+03	+8.197e+03	+0.297
233.800	+5.669e+03	+1.443e+03	+6.762e+03	+0.203
234.000	+5.616e+03	+1.590e+03	+8.256e+03	+0.221
234.200	+7.095e+03	+1.671e+03	+7.172e+03	+0.191
234.400	+4.887e+03	+2.482e+03	+7.055e+03	+0.337
234.600	+5.764e+03	+1.768e+03	+7.263e+03	+0.235
234.800	+3.482e+03	+1.129e+03	+5.977e+03	+0.245
235.000	+4.014e+03	+1.289e+03	+6.445e+03	+0.243
235.200	+5.691e+03	+2.801e+03	+6.531e+03	+0.330
235.400	+3.057e+03	+4.733e+03	+7.666e+03	+0.608
235.600	+2.330e+03	+4.234e+03	+7.157e+03	+0.645
235.800	+1.759e+03	+5.392e+03	+6.517e+03	+0.754
236.000	+2.898e+03	+6.399e+03	+6.598e+03	+0.688
236.200	+1.187e+03	+6.389e+03	+6.812e+03	+0.843
236.400	+2.316e+03	+4.621e+03	+6.957e+03	+0.666
236.600	+2.448e+03	+5.949e+03	+6.775e+03	+0.709
236.800	+4.119e+03	+5.533e+03	+6.230e+03	+0.573
237.000	+2.070e+03	+4.956e+03	+6.877e+03	+0.705
237.200	+3.411e+03	+5.133e+03	+5.968e+03	+0.601
237.400	+2.334e+03	+4.877e+03	+5.583e+03	+0.676
237.600	+2.085e+03	+5.156e+03	+8.102e+03	+0.712
237.800	+1.760e+03	+4.923e+03	+7.538e+03	+0.737
238.000	+2.861e+03	+5.113e+03	+6.335e+03	+0.641
238.200	+8.662e+02	+5.124e+03	+7.886e+03	+0.855
238.400	+2.201e+03	+4.955e+03	+6.980e+03	+0.692
238.600	+3.994e+03	+4.969e+03	+7.590e+03	+0.554
238.800	+2.873e+03	+4.785e+03	+6.660e+03	+0.625
239.000	+2.887e+03	+5.150e+03	+6.744e+03	+0.641
239.200	+1.254e+03	+6.223e+03	+8.451e+03	+0.832
239.400	+1.888e+03	+5.231e+03	+6.660e+03	+0.735
239.600	+1.242e+03	+5.982e+03	+6.017e+03	+0.828
239.800	-3.244e+02	+3.935e+03	+7.774e+03	+1.090
240.000	+2.813e+03	+5.394e+03	+8.969e+03	+0.657
240.200	+2.529e+03	+4.813e+03	+5.864e+03	+0.656
240.400	+1.650e+03	+5.556e+03	+7.207e+03	+0.771
240.600	+2.835e+03	+5.951e+03	+7.414e+03	+0.677
240.800	+9.194e+02	+4.062e+03	+5.722e+03	+0.815
241.000	+1.341e+03	+6.492e+03	+7.058e+03	+0.829
241.200	+1.308e+03	+4.418e+03	+6.973e+03	+0.772
241.400	+1.674e+03	+6.011e+03	+6.423e+03	+0.782
241.600	+1.110e+03	+4.574e+03	+5.588e+03	+0.805
241.800	+1.534e+03	+5.019e+03	+8.324e+03	+0.766
242.000	+2.284e+03	+4.630e+03	+8.242e+03	+0.670
242.200	+1.626e+03	+4.972e+03	+9.424e+03	+0.754
242.400	+1.277e+03	+5.005e+03	+7.293e+03	+0.797
242.600	+1.200e+03	+6.119e+03	+6.608e+03	+0.836
242.800	+1.897e+03	+4.631e+03	+7.549e+03	+0.709
243.000	+9.294e+02	+6.122e+03	+6.805e+03	+0.868
243.200	+2.232e+03	+3.187e+03	+8.525e+03	+0.588
243.400	-8.469e+02	+5.175e+03	+7.851e+03	+1.196
243.600	+2.055e+03	+6.296e+03	+7.661e+03	+0.754
243.800	+9.272e+02	+6.434e+03	+7.372e+03	+0.874
244.000	+1.327e+03	+4.878e+03	+6.760e+03	+0.786
244.200	+2.510e+03	+5.576e+03	+7.269e+03	+0.690
244.400	+2.042e+03	+6.179e+03	+7.263e+03	+0.752
244.600	+2.838e+03	+6.567e+03	+6.718e+03	+0.698
244.800	+1.978e+03	+4.208e+03	+6.730e+03	+0.680
245.000	+3.020e+03	+5.349e+03	+7.000e+03	+0.639
245.200	+1.496e+03	+6.132e+03	+7.400e+03	+0.804
245.400	+1.951e+03	+5.971e+03	+8.756e+03	+0.754
245.600	+2.017e+03	+5.165e+03	+6.830e+03	+0.719
245.800	+2.726e+03	+4.821e+03	+7.567e+03	+0.639
246.000	+3.157e+03	+5.181e+03	+8.059e+03	+0.621
246.200	+2.485e+03	+6.479e+03	+5.374e+03	+0.723
246.400	+1.820e+03	+5.127e+03	+7.368e+03	+0.738
246.600	+1.813e+03	+5.774e+03	+6.885e+03	+0.761
246.800	+2.068e+03	+5.637e+03	+9.252e+03	+0.732
247.000	+2.278e+03	+4.826e+03	+7.489e+03	+0.679
247.200	+2.042e+03	+5.832e+03	+6.630e+03	+0.741
247.400	+1.170e+03	+4.821e+03	+6.389e+03	+0.805
247.600	+4.138e+03	+6.445e+03	+8.576e+03	+0.609
247.800	+2.047e+03	+6.566e+03	+7.522e+03	+0.762
248.000	+2.109e+03	+4.019e+03	+6.843e+03	+0.656
248.200	+3.147e+03	+5.233e+03	+7.465e+03	+0.624
248.400	+1.494e+03	+4.751e+03	+6.169e+03	+0.761
248.600	+2.441e+03	+4.868e+03	+8.326e+03	+0.666
248.800	+3.650e+03	+2.482e+03	+7.770e+03	+0.405
249.000	+5.585e+03	+2.639e+03	+8.877e+03	+0.321
249.200	+4.879e+03	+2.334e+03	+8.801e+03	+0.324
249.400	+5.542e+03	+1.332e+03	+6.114e+03	+0.194
249.600	+5.215e+03	+2.396e+03	+8.654e+03	+0.315
249.800	+4.898e+03	+1.832e+03	+8.690e+03	+0.272
250.000	+6.084e+03	+1.416e+03	+8.551e+03	+0.189
250.200	+5.713e+03	+1.128e+03	+7.809e+03	+0.165
250.400	+6.261e+03	+2.587e+03	+6.909e+03	+0.292
250.600	+4.630e+03	+3.052e+03	+7.566e+03	+0.397
250.800	+6.326e+03	+1.398e+03	+7.590e+03	+0.181
251.000	+4.568e+03	+1.643e+03	+6.377e+03	+0.265
251.200	+6.299e+03	+2.077e+03	+6.894e+03	+0.248
251.400	+4.619e+03	+1.522e+03	+8.375e+03	+0.248
251.600	+5.363e+03	+1.897e+03	+6.202e+03	+0.261
251.800	+5.458e+03	+1.982e+03	+5.961e+03	+0.266
252.000	+4.379e+03	+2.192e+03	+5.672e+03	+0.334
252.200	+6.386e+03	+1.902e+03	+4.061e+03	+0.230
252.400	+7.075e+03	+1.373e+03	+6.952e+03	+0.163
252.600	+6.139e+03	+6.093e+02	+7.010e+03	+0.090
252.800	+3.997e+03	+2.416e+03	+8.318e+03	+0.377
253.000	+5.921e+03	+1.206e+03	+7.175e+03	+0.169
253.200	+3.466e+03	+2.338e+03	+7.731e+03	+0.403
253.400	+5.531e+03	+2.499e+02	+7.311e+03	+0.043
253.600	+5.650e+03	+2.602e+03	+6.663e+03	+0.315
253.800	+6.147e+03	+2.298e+03	+7.596e+03	+0.272
254.000	+7.140e+03	+2.073e+03	+7.124e+03	+0.225
254.200	+6.637e+03	+2.437e+03	+7.204e+03	+0.269
254.400	+4.412e+03	+1.406e+03	+8.775e+03	+0.242
254.600	+5.642e+03	+1.685e+03	+9.256e+03	+0.230
254.800	+4.022e+03	+4.485e+03	+7.235e+03	+0.527
255.000	+1.931e+03	+5.320e+03	+8.953e+03	+0.734
255.200	+1.639e+03	+5.316e+03	+8.558e+03	+0.764
255.400	+2.312e+03	+5.560e+03	+4.721e+03	+0.706
255.600	+1.530e+03	+6.151e+03	+7.546e+03	+0.801
255.800	+2.039e+03	+5.285e+03	+6.549e+03	+0.722
256.000	+1.598e+03	+5.631e+03	+6.542e+03	+0.779
256.200	+1.079e+03	+4.186e+03	+8.758e+03	+0.795
256.400	+1.965e+03	+5.879e+03	+8.356e+03	+0.749
256.600	+1.839e+03	+6.285e+03	+6.043e+03	+0.774
256.800	+9.933e+02	+5.758e+03	+8.846e+03	+0.853
257.000	+3.503e+03	+5.445e+03	+7.471e+03	+0.609
257.200	+2.519e+03	+6.008e+03	+6.819e+03	+0.705
257.400	+3.189e+03	+5.566e+03	+5.482e+03	+0.636
257.600	+2.299e+03	+4.528e+03	+8.137e+03	+0.663
257.800	+3.545e+03	+3.857e+03	+7.191e+03	+0.521
258.000	+2.210e+03	+5.538e+03	+6.138e+03	+0.715
258.200	+3.248e+02	+5.413e+03	+6.721e+03	+0.943
258.400	+3.483e+02	+4.978e+03	+8.655e+03	+0.935
258.600	+8.521e+02	+5.166e+03	+7.349e+03	+0.858
258.800	+1.821e+03	+7.591e+03	+9.432e+03	+0.807
259.000	+1.906e+03	+6.010e+03	+7.788e+03	+0.759
259.200	+1.648e+03	+5.272e+03	+7.238e+03	+0.762
259.400	+1.281e+03	+6.953e+03	+7.138e+03	+0.844
259.600	+2.394e+03	+5.792e+03	+7.731e+03	+0.708
259.800	+3.241e+03	+5.327e+03	+7.717e+03	+0.622
260.000	+1.708e+03	+4.485e+03	+7.846e+03	+0.724
260.200	+9.085e+02	+4.850e+03	+7.923e+03	+0.842
260.400	+2.797e+03	+5.544e+03	+7.053e+03	+0.665
260.600	+3.004e+03	+6.442e+03	+6.290e+03	+0.682
260.800	+1.024e+03	+3.667e+03	+7.361e+03	+0.782
261.000	+1.109e+03	+5.213e+03	+6.989e+03	+0.825
261.200	+1.519e+03	+4.278e+03	+8.900e+03	+0.738
261.400	+2.045e+03	+6.302e+03	+6.817e+03	+0.755
261.600	+1.186e+03	+5.935e+03	+4.958e+03	+0.833
261.800	+4.705e+03	+3.031e+03	+7.231e+03	+0.392
262.000	+3.661e+03	+2.716e+03	+7.990e+03	+0.426
262.200	+2.400e+03	+4.463e+03	+9.203e+03	+0.650
262.400	+1.310e+03	+3.777e+03	+7.154e+03	+0.742
262.600	+1.303e+03	+4.005e+03	+6.466e+03	+0.754
262.800	+2.162e+03	+5.577e+03	+7.133e+03	+0.721
263.000	+1.567e+03	+5.762e+03	+6.117e+03	+0.786
263.200	+2.430e+03	+6.830e+03	+5.124e+03	+0.738
263.400	+2.248e+03	+4.656e+03	+5.805e+03	+0.674
263.600	+1.908e+03	+3.774e+03	+5.300e+03	+0.664
263.800	+3.156e+03	+5.976e+03	+8.377e+03	+0.654
264.000	+2.214e+03	+5.908e+03	+7.757e+03	+0.727
264.200	+2.498e+03	+4.128e+03	+9.127e+03	+0.623
264.400	+2.052e+03	+5.491e+03	+8.123e+03	+0.728
264.600	+2.383e+03	+4.877e+03	+7.772e+03	+0.672
264.800	+1.997e+03	+5.647e+03	+8.099e+03	+0.739
265.000	+1.866e+03	+5.055e+03	+8.261e+03	+0.730
265.200	+3.173e+03	+5.421e+03	+6.841e+03	+0.631
265.400	+1.381e+03	+4.832e+03	+7.679e+03	+0.778
265.600	+2.199e+03	+4.628e+03	+5.662e+03	+0.678
265.800	+1.906e+03	+5.230e+03	+6.472e+03	+0.733
266.000	+2.259e+03	+5.825e+03	+7.736e+03	+0.721
266.200	+1.518e+03	+5.828e+03	+5.754e+03	+0.793
266.400	+1.832e+03	+6.410e+03	+6.813e+03	+0.778
266.600	+1.587e+03	+6.109e+03	+9.442e+03	+0.794
266.800	+2.262e+03	+4.252e+03	+5.376e+03	+0.653
267.000	+1.077e+03	+4.765e+03	+6.934e+03	+0.816
267.200	+1.187e+03	+3.509e+03	+7.053e+03	+0.747
267.400	+2.110e+03	+4.281e+03	+8.149e+03	+0.670
267.600	+2.609e+03	+5.524e+03	+7.449e+03	+0.679
267.800	+1.789e+03	+4.417e+03	+6.878e+03	+0.712
268.000	+2.265e+03	+5.401e+03	+8.741e+03	+0.705
268.200	+1.305e+03	+5.849e+03	+5.816e+03	+0.818
268.400	+1.159e+03	+4.362e+03	+7.530e+03	+0.790
268.600	+2.413e+03	+4.636e+03	+6.368e+03	+0.658
268.800	+9.529e+02	+6.526e+03	+7.735e+03	+0.873
269.000	+1.782e+03	+4.522e+03	+7.744e+03	+0.717
269.200	+2.589e+03	+4.314e+03	+7.129e+03	+0.625
269.400	+1.236e+03	+5.360e+03	+6.833e+03	+0.813
269.600	+1.950e+03	+5.888e+03	+7.858e+03	+0.751
269.800	+9.221e+02	+5.525e+03	+7.108e+03	+0.857
270.000	+9.989e+02	+4.641e+03	+8.406e+03	+0.823
270.200	+2.078e+03	+5.024e+03	+8.223e+03	+0.707
270.400	+2.939e+03	+5.069e+03	+7.107e+03	+0.633
270.600	+3.069e+03	+4.800e+03	+7.099e+03	+0.610
270.800	+1.424e+03	+6.394e+03	+7.403e+03	+0.818
271.000	+1.767e+03	+4.895e+03	+7.524e+03	+0.735
271.200	+2.643e+03	+4.584e+03	+6.761e+03	+0.634
271.400	+1.050e+03	+5.282e+03	+7.130e+03	+0.834
271.600	+2.939e+03	+6.215e+03	+6.673e+03	+0.679
271.800	+1.488e+03	+5.625e+03	+7.286e+03	+0.791
272.000	+2.739e+03	+4.981e+03	+7.553e+03	+0.645
272.200	+1.822e+03	+3.953e+03	+8.834e+03	+0.684
272.400	+3.376e+03	+4.018e+03	+7.661e+03	+0.543
272.600	+2.579e+03	+4.292e+03	+8.168e+03	+0.625
272.800	+2.582e+03	+4.813e+03	+6.651e+03	+0.651
273.000	+6.537e+03	+1.334e+03	+8.184e+03	+0.169
273.200	+5.590e+03	+1.120e+03	+6.531e+03	+0.167
273.400	+5.894e+03	+1.272e+03	+6.531e+03	+0.178
273.600	+5.636e+03	+1.098e+03	+6.585e+03	+0.163
273.800	+4.822e+03	+1.728e+03	+7.698e+03	+0.264
274.000	+6.112e+03	+1.939e+03	+6.431e+03	+0.241
274.200	+4.617e+03	+2.538e+03	+7.720e+03	+0.355
274.400	+6.385e+03	+1.458e+03	+8.857e+03	+0.186
274.600	+4.344e+03	+2.701e+03	+6.829e+03	+0.383
274.800	+4.621e+03	+2.008e+03	+9.490e+03	+0.303
275.000	+6.174e+03	+1.785e+03	+5.286e+03	+0.224
275.200	+4.048e+03	+1.004e+03	+6.273e+03	+0.199
275.400	+6.350e+03	+1.424e+03	+7.676e+03	+0.183
275.600	+7.460e+03	+1.783e+03	+6.310e+03	+0.193
275.800	+6.457e+03	+1.163e+03	+8.120e+03	+0.153
276.000	+4.599e+03	+1.158e+03	+8.351e+03	+0.201
276.200	+5.357e+03	+1.974e+03	+7.332e+03	+0.269
276.400	+3.489e+03	+1.777e+03	+7.193e+03	+0.337
276.600	+5.806e+03	+3.038e+03	+7.054e+03	+0.344
276.800	+4.643e+03	+1.597e+03	+6.929e+03	+0.256
277.000	+5.578e+03	+2.254e+03	+7.878e+03	+0.288
277.200	+4.549e+03	+7.880e+02	+7.075e+03	+0.148
277.400	+6.488e+03	+1.103e+03	+8.391e+03	+0.145
277.600	+4.395e+03	+2.257e+03	+6.245e+03	+0.339
277.800	+4.528e+03	+2.670e+03	+7.342e+03	+0.371
278.000	+5.582e+03	+1.802e+03	+4.929e+03	+0.244
278.200	+6.002e+03	+2.346e+03	+7.390e+03	+0.281
278.400	+4.492e+03	+1.905e+03	+6.159e+03	+0.298
278.600	+5.754e+03	+2.178e+03	+7.388e+03	+0.275
278.800	+4.891e+03	+1.347e+03	+8.600e+03	+0.216
279.000	+2.908e+03	+5.755e+03	+5.553e+03	+0.664
279.200	+1.490e+03	+6.037e+03	+6.892e+03	+0.802
279.400	+3.305e+03	+4.944e+03	+7.483e+03	+0.599
279.600	+1.889e+03	+6.251e+03	+6.107e+03	+0.768
279.800	+1.749e+03	+6.395e+03	+7.263e+03	+0.785
280.000	+6.062e+02	+4.769e+03	+6.557e+03	+0.887
280.200	+2.238e+03	+4.989e+03	+7.370e+03	+0.690
280.400	+2.294e+03	+5.046e+03	+7.729e+03	+0.687
280.600	+9.570e+02	+5.578e+03	+7.451e+03	+0.854
280.800	+1.608e+03	+4.560e+03	+6.572e+03	+0.739
281.000	+2.515e+03	+4.012e+03	+9.125e+03	+0.615
281.200	+2.149e+03	+4.831e+03	+7.595e+03	+0.692
281.400	+1.644e+03	+6.000e+03	+6.462e+03	+0.785
281.600	+2.004e+03	+5.525e+03	+9.498e+03	+0.734
281.800	-9.989e+01	+4.557e+03	+7.729e+03	+1.022
282.000	+1.606e+03	+5.620e+03	+6.830e+03	+0.778
282.200	+1.945e+03	+5.054e+03	+8.292e+03	+0.722
282.400	+1.444e+03	+6.156e+03	+7.776e+03	+0.810
282.600	+1.482e+03	+3.612e+03	+8.173e+03	+0.709
282.800	+2.089e+03	+4.523e+03	+6.100e+03	+0.684
283.000	+1.973e+03	+4.852e+03	+8.321e+03	+0.711
283.200	+2.846e+03	+6.239e+03	+6.093e+03	+0.687
283.400	+2.154e+03	+5.238e+03	+6.570e+03	+0.709
283.600	+2.155e+03	+5.543e+03	+8.531e+03	+0.720
283.800	+1.623e+03	+6.684e+03	+8.719e+03	+0.805
284.000	+2.871e+03	+4.628e+03	+8.838e+03	+0.617
284.200	+2.919e+03	+5.639e+03	+7.037e+03	+0.659
284.400	+1.301e+03	+4.999e+03	+6.027e+03	+0.794
284.600	+1.946e+03	+4.694e+03	+7.400e+03	+0.707
284.800	+2.485e+03	+5.646e+03	+6.778e+03	+0.694
285.000	+1.626e+03	+5.276e+03	+5.811e+03	+0.764
285.200	+2.801e+03	+3.602e+03	+7.651e+03	+0.563
285.400	+2.417e+03	+4.762e+03	+9.105e+03	+0.663
285.600	+2.189e+03	+4.801e+03	+8.728e+03	+0.687
285.800	+3.245e+03	+4.991e+03	+7.836e+03	+0.606
286.000	+1.339e+03	+5.087e+03	+7.400e+03	+0.792
286.200	+8.832e+02	+3.890e+03	+8.131e+03	+0.815
286.400	+3.216e+03	+5.046e+03	+8.322e+03	+0.611
286.600	+5.399e+03	+2.912e+03	+6.234e+03	+0.350
286.800	+5.869e+03	+2.198e+03	+8.011e+03	+0.272
287.000	+6.308e+03	+8.730e+02	+7.408e+03	+0.122
287.200	+4.171e+03	+6.687e+02	+6.183e+03	+0.138
287.400	+5.089e+03	+2.748e+03	+7.468e+03	+0.351
287.600	+5.668e+03	+1.033e+03	+8.067e+03	+0.154
287.800	+5.684e+03	+1.213e+03	+8.040e+03	+0.176
288.000	+5.308e+03	+2.402e+03	+8.189e+03	+0.312
288.200	+6.309e+03	+1.509e+03	+5.650e+03	+0.193
288.400	+5.731e+03	+3.810e+02	+7.557e+03	+0.062
288.600	+2.730e+03	+1.329e+03	+9.450e+03	+0.327
288.800	+4.542e+03	+2.706e+03	+8.084e+03	+0.373
289.000	+5.807e+03	+1.380e+03	+9.132e+03	+0.192
289.200	+4.269e+03	+3.319e+03	+5.957e+03	+0.437
289.400	+5.637e+03	+2.098e+03	+7.260e+03	+0.271
289.600	+3.875e+03	+2.166e+03	+7.398e+03	+0.359
289.800	+5.614e+03	+2.930e+03	+6.687e+03	+0.343
290.000	+6.222e+03	+1.903e+03	+6.879e+03	+0.234
290.200	+5.155e+03	+2.437e+03	+8.222e+03	+0.321
290.400	+6.011e+03	+1.450e+03	+5.310e+03	+0.194
290.600	+6.699e+03	+1.785e+03	+5.708e+03	+0.210
290.800	+5.554e+03	+1.916e+03	+7.675e+03	+0.256
291.000	+6.400e+03	+2.597e+03	+6.134e+03	+0.289
291.200	+6.773e+03	+1.081e+03	+6.399e+03	+0.138
291.400	+4.319e+03	+1.959e+03	+6.884e+03	+0.312
291.600	+7.360e+03	+1.927e+03	+7.853e+03	+0.208
291.800	+5.166e+03	+1.506e+03	+7.233e+03	+0.226
292.000	+5.088e+03	+2.002e+03	+7.426e+03	+0.282
292.200	+5.343e+03	+6.802e+02	+7.115e+03	+0.113
292.400	+4.424e+03	+2.221e+03	+1.035e+04	+0.334
292.600	+5.226e+03	+4.951e+02	+6.581e+03	+0.087
292.800	+3.886e+03	+2.476e+03	+7.943e+03	+0.389
293.000	+5.521e+03	+2.917e+03	+8.510e+03	+0.346
293.200	+7.191e+03	+1.773e+03	+7.925e+03	+0.198
293.400	+5.754e+03	+2.309e+03	+9.203e+03	+0.286
293.600	+5.250e+03	+2.169e+03	+6.803e+03	+0.292
293.800	+3.184e+03	+1.488e+03	+7.635e+03	+0.318
294.000	+6.255e+03	+1.857e+03	+7.761e+03	+0.229
294.200	+3.962e+03	+1.191e+03	+9.266e+03	+0.231
294.400	+6.107e+03	+1.696e+03	+8.564e+03	+0.217
294.600	+6.176e+03	+6.779e+02	+6.614e+03	+0.099
294.800	+4.712e+03	+1.032e+03	+7.448e+03	+0.180
295.000	+5.698e+03	+9.337e+02	+6.424e+03	+0.141
295.200	+5.090e+03	+1.222e+03	+9.680e+03	+0.194
295.400	+4.644e+03	+2.686e+03	+7.788e+03	+0.366
295.600	+5.874e+03	+1.008e+03	+5.240e+03	+0.146
295.800	+5.430e+03	+2.063e+03	+7.609e+03	+0.275
296.000	+4.591e+03	+2.534e+03	+7.961e+03	+0.356
296.200	+6.708e+03	+2.028e+03	+7.271e+03	+0.232
296.400	+5.157e+03	+2.220e+03	+1.010e+04	+0.301
296.600	+4.983e+03	+2.457e+03	+6.841e+03	+0.330
296.800	+4.479e+03	+1.548e+03	+7.827e+03	+0.257
297.000	+4.513e+03	+8.673e+02	+7.393e+03	+0.161
297.200	+5.154e+03	+2.060e+03	+6.803e+03	+0.286
297.400	+6.446e+03	+2.041e+03	+7.366e+03	+0.240
297.600	+4.981e+03	+2.382e+03	+7.323e+03	+0.324
297.800	+4.887e+03	+1.105e+03	+4.157e+03	+0.184
298.000	+6.429e+03	+2.374e+03	+6.875e+03	+0.270
298.200	+6.008e+03	+2.423e+03	+7.028e+03	+0.287
298.400	+5.154e+03	+1.755e+03	+8.456e+03	+0.254
298.600	+5.669e+03	+1.273e+03	+6.518e+03	+0.183
298.800	+3.783e+03	+2.641e+03	+7.485e+03	+0.411
299.000	+7.464e+03	+1.505e+03	+6.236e+03	+0.168
299.200	+5.402e+03	+1.883e+03	+7.991e+03	+0.258
299.400	+4.938e+03	+1.133e+03	+6.700e+03	+0.187
299.600	+5.243e+03	+2.660e+03	+6.628e+03	+0.337
299.800	+5.862e+03	+2.035e+03	+5.645e+03	+0.258
300.000	+5.585e+03	+6.715e+02	+6.671e+03	+0.107
300.200	+4.357e+03	+1.615e+03	+5.647e+03	+0.270
300.400	+4.783e+03	+1.204e+03	+6.157e+03	+0.201
300.600	+5.006e+03	+1.747e+03	+8.765e+03	+0.259
300.800	+5.618e+03	+1.758e+03	+9.346e+03	+0.238
301.000	+4.544e+03	+1.494e+03	+7.294e+03	+0.247
301.200	+5.637e+03	+1.448e+03	+7.483e+03	+0.204
301.400	+6.178e+03	+1.799e+03	+8.701e+03	+0.226
301.600	+5.125e+03	+2.076e+03	+6.534e+03	+0.288
301.800	+5.656e+03	+1.914e+03	+8.502e+03	+0.253
302.000	+6.169e+03	+1.224e+03	+7.253e+03	+0.166
302.200	+5.140e+03	+1.742e+03	+7.922e+03	+0.253
302.400	+4.793e+03	+1.177e+03	+6.578e+03	+0.197
302.600	+5.633e+03	+2.365e+03	+7.169e+03	+0.296
302.800	+4.286e+03	+2.696e+02	+5.618e+03	+0.059
303.000	+5.414e+03	+1.609e+03	+6.437e+03	+0.229
303.200	+5.717e+03	+1.940e+03	+8.057e+03	+0.253
303.400	+5.176e+03	+1.921e+03	+7.560e+03	+0.271
303.600	+6.859e+03	+2.152e+03	+6.820e+03	+0.239
303.800	+6.360e+03	+1.619e+03	+9.018e+03	+0.203
304.000	+5.928e+03	+1.093e+03	+8.343e+03	+0.156
304.200	+5.159e+03	+2.196e+03	+8.731e+03	+0.299
304.400	+5.415e+03	+2.716e+03	+7.514e+03	+0.334
304.600	+6.443e+03	+2.049e+03	+7.971e+03	+0.241
304.800	+5.877e+03	+1.877e+03	+6.625e+03	+0.242
305.000	+4.895e+03	+3.369e+02	+7.855e+03	+0.064
305.200	+5.080e+03	+2.904e+03	+7.949e+03	+0.364
305.400	+4.108e+03	+1.274e+03	+7.423e+03	+0.237
305.600	+5.026e+03	+1.071e+03	+6.055e+03	+0.176
305.800	+5.031e+03	+9.553e+02	+6.769e+03	+0.160
306.000	+6.397e+03	+3.007e+03	+7.141e+03	+0.320
306.200	+6.751e+03	+1.453e+03	+6.850e+03	+0.177
306.400	+4.021e+03	+2.103e+03	+7.300e+03	+0.343
306.600	+6.135e+03	+2.272e+03	+8.207e+03	+0.270
306.800	+6.524e+03	+1.338e+03	+6.936e+03	+0.170
307.000	+7.110e+03	+1.430e+03	+9.135e+03	+0.167
307.200	+4.978e+03	+1.933e+03	+7.674e+03	+0.280
307.400	+6.600e+03	+2.256e+03	+8.021e+03	+0.255
307.600	+5.030e+03	+1.737e+03	+6.682e+03	+0.257
307.800	+6.891e+03	+2.207e+03	+6.342e+03	+0.243
308.000	+5.825e+03	+2.043e+03	+8.188e+03	+0.260
308.200	+5.816e+03	+2.937e+03	+7.632e+03	+0.336
308.400	+5.843e+03	+2.102e+03	+6.947e+03	+0.265
308.600	+5.489e+03	+1.572e+03	+6.742e+03	+0.223
308.800	+6.376e+03	+2.321e+03	+7.341e+03	+0.267
309.000	+5.822e+03	+1.801e+03	+5.811e+03	+0.236
309.200	+4.925e+03	+1.554e+03	+6.829e+03	+0.240
309.400	+7.607e+03	+2.072e+03	+8.603e+03	+0.214
309.600	+5.960e+03	+2.137e+03	+7.936e+03	+0.264
309.800	+5.940e+03	+2.679e+03	+5.963e+03	+0.311
310.000	+5.374e+03	+1.294e+03	+7.477e+03	+0.194
310.200	+5.209e+03	+1.595e+03	+7.206e+03	+0.234
310.400	+4.999e+03	+1.733e+03	+4.458e+03	+0.257
310.600	+5.829e+03	+1.667e+03	+8.358e+03	+0.222
310.800	+4.552e+03	+1.553e+03	+7.178e+03	+0.254
311.000	+4.242e+03	+2.257e+03	+7.360e+03	+0.347
311.200	+3.343e+03	+5.081e+03	+6.975e+03	+0.603
311.400	+1.859e+03	+3.946e+03	+7.372e+03	+0.680
311.600	+1.767e+03	+5.024e+03	+7.191e+03	+0.740
311.800	+2.157e+03	+5.721e+03	+8.075e+03	+0.726
312.000	+2.868e+03	+2.932e+03	+5.636e+03	+0.506
312.200	+2.545e+03	+4.942e+03	+6.614e+03	+0.660
312.400	+1.129e+03	+5.267e+03	+8.351e+03	+0.824
312.600	+3.351e+03	+5.076e+03	+5.361e+03	+0.602
312.800	+1.988e+03	+4.848e+03	+7.016e+03	+0.709
313.000	+1.984e+03	+4.263e+03	+5.976e+03	+0.682
313.200	+2.729e+03	+3.638e+03	+7.119e+03	+0.571
313.400	+1.764e+03	+3.497e+03	+7.574e+03	+0.665
313.600	+9.459e+02	+4.199e+03	+7.289e+03	+0.816
313.800	+2.516e+03	+5.434e+03	+7.714e+03	+0.684
314.000	+2.254e+03	+5.824e+03	+8.221e+03	+0.721
314.200	+2.230e+03	+3.283e+03	+7.718e+03	+0.595
314.400	+2.596e+03	+4.169e+03	+6.871e+03	+0.616
314.600	+1.960e+03	+6.411e+03	+7.353e+03	+0.766
314.800	+1.792e+03	+5.060e+03	+6.152e+03	+0.738
315.000	+2.490e+03	+5.347e+03	+7.559e+03	+0.682
315.200	+1.714e+03	+6.013e+03	+4.938e+03	+0.778
315.400	+1.607e+03	+4.599e+03	+5.459e+03	+0.741
315.600	+1.285e+03	+5.838e+03	+7.893e+03	+0.820
315.800	+1.416e+03	+5.145e+03	+8.778e+03	+0.784
316.000	+1.777e+03	+5.965e+03	+6.820e+03	+0.770
316.200	+2.040e+03	+6.034e+03	+8.043e+03	+0.747
316.400	+2.241e+03	+4.181e+03	+8.293e+03	+0.651
316.600	+1.660e+03	+5.254e+03	+6.941e+03	+0.760
316.800	+8.063e+02	+5.595e+03	+7.027e+03	+0.874
317.000	+5.943e+03	+2.486e+03	+5.609e+03	+0.295
317.200	+4.759e+03	+2.534e+03	+7.166e+03	+0.347
317.400	+5.571e+03	+1.270e+03	+9.543e+03	+0.186
317.600	+4.936e+03	+1.842e+03	+6.765e+03	+0.272
317.800	+7.043e+03	+1.707e+03	+6.538e+03	+0.195
318.000	+5.116e+03	+2.958e+03	+8.437e+03	+0.366
318.200	+5.896e+03	+2.575e+03	+8.284e+03	+0.304
318.400	+6.836e+03	+2.020e+03	+5.664e+03	+0.228
318.600	+6.671e+03	+1.103e+03	+7.804e+03	+0.142
318.800	+5.167e+03	+1.138e+03	+7.107e+03	+0.181
319.000	+4.474e+03	+1.984e+03	+8.060e+03	+0.307
319.200	+2.750e+03	+2.309e+03	+6.340e+03	+0.456
319.400	+4.851e+03	+1.352e+03	+7.665e+03	+0.218
319.600	+6.941e+03	+2.316e+03	+8.767e+03	+0.250
319.800	+6.522e+03	+2.221e+03	+7.055e+03	+0.254
320.000	+6.510e+03	+1.156e+03	+8.352e+03	+0.151
320.200	+6.466e+03	+1.840e+03	+8.068e+03	+0.221
320.400	+5.969e+03	+9.894e+02	+5.651e+03	+0.142
320.600	+4.072e+03	+2.116e+03	+9.525e+03	+0.342
320.800	+5.389e+03	+1.942e+03	+7.792e+03	+0.265
321.000	+5.324e+03	+2.866e+03	+8.489e+03	+0.350
321.200	+6.189e+03	+2.268e+03	+6.501e+03	+0.268
321.400	+5.127e+03	+1.035e+03	+7.235e+03	+0.168
321.600	+7.239e+03	+1.920e+03	+6.219e+03	+0.210
321.800	+6.468e+03	+9.646e+02	+8.195e+03	+0.130
322.000	+6.327e+03	+2.414e+03	+8.260e+03	+0.276
322.200	+4.681e+03	+1.852e+03	+7.608e+03	+0.283
322.400	+5.524e+03	+9.278e+02	+6.476e+03	+0.144
322.600	+5.776e+03	+2.706e+03	+6.236e+03	+0.319
322.800	+5.559e+03	+1.218e+03	+6.254e+03	+0.180
323.000	+6.195e+03	+1.026e+03	+7.329e+03	+0.142
323.200	+6.517e+03	+1.523e+03	+8.996e+03	+0.189
323.400	+5.819e+03	+1.746e+03	+8.454e+03	+0.231
323.600	+5.563e+03	+9.961e+02	+6.370e+03	+0.152
323.800	+6.288e+03	+2.638e+03	+9.372e+03	+0.296
324.000	+7.142e+03	+1.315e+03	+6.898e+03	+0.156
324.200	+5.259e+03	+2.736e+03	+5.228e+03	+0.342
324.400	+6.087e+03	+2.403e+03	+8.784e+03	+0.283
324.600	+5.400e+03	+1.764e+03	+8.385e+03	+0.246
324.800	+5.531e+03	+4.491e+02	+5.720e+03	+0.075
325.000	+6.367e+03	+1.135e+03	+5.690e+03	+0.151
325.200	+6.564e+03	+1.717e+03	+9.357e+03	+0.207
325.400	+6.524e+03	+1.078e+03	+6.697e+03	+0.142
325.600	+5.295e+03	+2.332e+03	+7.359e+03	+0.306
325.800	+5.632e+03	+4.207e+02	+7.485e+03	+0.069
326.000	+5.889e+03	+1.851e+03	+6.318e+03	+0.239
326.200	+5.309e+03	+1.782e+03	+8.188e+03	+0.251
326.400	+6.049e+03	+2.114e+03	+7.314e+03	+0.259
326.600	+4.673e+03	+1.766e+03	+8.599e+03	+0.274
326.800	+6.865e+03	+9.511e+02	+7.379e+03	+0.122
327.000	+5.099e+03	+9.463e+02	+7.323e+03	+0.157
327.200	+5.368e+03	+2.184e+03	+7.321e+03	+0.289
327.400	+6.022e+03	+1.932e+03	+8.831e+03	+0.243
327.600	+3.964e+03	+2.307e+03	+9.041e+03	+0.368
327.800	+5.191e+03	+9.162e+02	+6.559e+03	+0.150
328.000	+4.160e+03	+2.567e+03	+7.217e+03	+0.382
328.200	+5.875e+03	+2.094e+03	+6.850e+03	+0.263
328.400	+5.257e+03	+1.685e+03	+8.549e+03	+0.243
328.600	+1.365e+03	+4.862e+03	+7.486e+03	+0.781
328.800	+3.319e+03	+5.483e+03	+9.828e+03	+0.623
329.000	+4.734e+02	+4.810e+03	+7.854e+03	+0.910
329.200	+1.757e+03	+4.504e+03	+7.461e+03	+0.719
329.400	+1.872e+03	+5.866e+03	+7.331e+03	+0.758
329.600	+2.232e+03	+4.665e+03	+8.114e+03	+0.676
329.800	+2.262e+03	+3.629e+03	+9.318e+03	+0.616
330.000	+9.078e+02	+5.411e+03	+7.361e+03	+0.856
330.200	+2.917e+03	+6.182e+03	+6.462e+03	+0.679
330.400	+3.122e+03	+6.177e+03	+7.784e+03	+0.664
330.600	+2.059e+03	+5.264e+03	+6.994e+03	+0.719
330.800	+9.036e+02	+5.816e+03	+8.709e+03	+0.866
331.000	+2.877e+03	+4.287e+03	+6.429e+03	+0.598
331.200	+2.467e+03	+5.505e+03	+6.874e+03	+0.691
331.400	+1.597e+03	+4.774e+03	+9.269e+03	+0.749
331.600	+2.497e+03	+6.164e+03	+6.497e+03	+0.712
331.800	+2.191e+03	+3.765e+03	+8.266e+03	+0.632
332.000	+4.929e+03	+2.450e+03	+6.729e+03	+0.332
332.200	+7.214e+02	+5.295e+03	+5.856e+03	+0.880
332.400	+4.407e+03	+3.282e+03	+7.857e+03	+0.427
332.600	+4.269e+03	+1.075e+03	+6.782e+03	+0.201
332.800	+5.709e+03	+1.278e+03	+6.954e+03	+0.183
333.000	+7.434e+03	+1.394e+03	+7.482e+03	+0.158
333.200	+3.830e+03	+1.758e+03	+6.942e+03	+0.315
333.400	+4.370e+03	+2.433e+03	+8.250e+03	+0.358
333.600	+5.487e+03	+1.546e+03	+6.944e+03	+0.220
333.800	+5.050e+03	+2.071e+03	+7.376e+03	+0.291
334.000	+4.791e+03	+2.012e+03	+6.994e+03	+0.296
334.200	+5.806e+03	+2.556e+03	+5.895e+03	+0.306
334.400	+4.669e+03	+1.490e+03	+7.456e+03	+0.242
334.600	+4.366e+03	+1.935e+03	+4.008e+03	+0.307
334.800	+6.447e+03	+1.603e+03	+7.377e+03	+0.199
335.000	+3.460e+03	+2.147e+03	+6.967e+03	+0.383
335.200	+5.818e+03	+1.194e+03	+5.578e+03	+0.170
335.400	+4.809e+03	+2.655e+03	+8.281e+03	+0.356
335.600	+4.716e+03	+2.515e+03	+6.910e+03	+0.348
335.800	+6.972e+03	+1.907e+03	+8.746e+03	+0.215
336.000	+6.485e+03	+2.158e+03	+6.943e+03	+0.250
336.200	+5.349e+03	+1.734e+03	+5.906e+03	+0.245
336.400	+5.559e+03	+1.618e+03	+6.488e+03	+0.225
336.600	+6.146e+03	+1.074e+03	+6.366e+03	+0.149
336.800	+3.797e+03	+1.972e+03	+7.792e+03	+0.342
337.000	+6.143e+03	+3.224e+02	+7.182e+03	+0.050
337.200	+5.253e+03	+1.363e+03	+7.415e+03	+0.206
337.400	+4.747e+03	+2.590e+03	+7.386e+03	+0.353
337.600	+5.096e+03	+1.576e+03	+6.298e+03	+0.236
337.800	+5.714e+03	+1.275e+03	+8.735e+03	+0.182
338.000	+6.085e+03	+1.657e+03	+5.585e+03	+0.214
338.200	+5.152e+03	+3.166e+03	+6.463e+03	+0.381
338.400	+4.938e+03	+2.695e+03	+6.345e+03	+0.353
338.600	+4.641e+03	+1.062e+03	+8.333e+03	+0.186
338.800	+5.900e+03	+1.698e+03	+8.057e+03	+0.224
339.000	+6.262e+03	+2.099e+03	+6.673e+03	+0.251
339.200	+4.671e+03	+1.121e+03	+6.864e+03	+0.194
339.400	+5.798e+03	+1.827e+03	+6.882e+03	+0.240
339.600	+6.986e+03	+1.176e+03	+6.031e+03	+0.144
339.800	+4.171e+03	+1.711e+03	+7.618e+03	+0.291
340.000	+4.959e+03	+2.085e+03	+6.319e+03	+0.296
340.200	+6.175e+03	+1.161e+03	+8.767e+03	+0.158
340.400	+3.007e+03	+4.323e+03	+5.930e+03	+0.590
340.600	+4.220e+03	+2.716e+03	+5.738e+03	+0.392
340.800	+6.779e+03	+9.440e+02	+6.711e+03	+0.122
341.000	+6.254e+03	+3.087e+03	+7.933e+03	+0.330
341.200	+4.452e+03	+1.795e+03	+7.332e+03	+0.287
341.400	+3.934e+03	+2.347e+03	+6.989e+03	+0.374
341.600	+2.831e+03	+1.588e+03	+7.414e+03	+0.359
341.800	+5.476e+03	+1.111e+03	+8.744e+03	+0.169
342.000	+5.437e+03	+1.451e+03	+5.092e+03	+0.211
342.200	+4.452e+03	+2.267e+03	+7.147e+03	+0.337
342.400	+3.898e+03	+1.635e+03	+7.694e+03	+0.296
342.600	+5.329e+03	+1.496e+03	+7.661e+03	+0.219
342.800	+5.794e+03	+7.735e+02	+7.177e+03	+0.118
343.000	+5.933e+03	+1.387e+03	+8.140e+03	+0.189
343.200	+3.767e+03	+2.249e+03	+5.833e+03	+0.374
343.400	+5.764e+03	+1.102e+03	+8.210e+03	+0.161
343.600	+5.560e+03	+1.575e+03	+6.020e+03	+0.221
343.800	+6.107e+03	+2.378e+03	+8.707e+03	+0.280
344.000	+4.711e+03	+9.300e+02	+7.825e+03	+0.165
344.200	+5.695e+03	+2.126e+03	+5.533e+03	+0.272
344.400	+3.106e+03	+1.653e+03	+6.883e+03	+0.347
344.600	+5.225e+03	+1.062e+03	+7.711e+03	+0.169
344.800	+4.837e+03	+1.834e+03	+5.426e+03	+0.275
345.000	+5.445e+03	+2.459e+03	+8.230e+03	+0.311
345.200	+5.648e+03	+1.713e+03	+8.109e+03	+0.233
345.400	+4.395e+03	+1.912e+03	+9.346e+03	+0.303
345.600	+4.697e+03	+2.103e+03	+6.827e+03	+0.309
345.800	+7.190e+03	+2.887e+03	+5.770e+03	+0.287
346.000	+6.543e+03	+2.477e+03	+7.015e+03	+0.275
346.200	+4.969e+03	+1.838e+03	+7.355e+03	+0.270
346.400	+5.335e+03	+1.445e+03	+8.538e+03	+0.213
346.600	+4.723e+03	+3.246e+03	+8.082e+03	+0.407
346.800	+1.976e+03	+6.262e+03	+7.872e+03	+0.760
347.000	+1.148e+03	+4.553e+03	+8.099e+03	+0.799
347.200	+1.658e+03	+6.893e+03	+5.907e+03	+0.806
347.400	+2.702e+03	+6.170e+03	+7.113e+03	+0.695
347.600	+2.211e+03	+6.406e+03	+7.505e+03	+0.743
347.800	+1.880e+03	+4.563e+03	+7.154e+03	+0.708
348.000	+1.454e+03	+5.191e+03	+8.662e+03	+0.781
348.200	+1.209e+03	+4.312e+03	+6.843e+03	+0.781
348.400	+1.058e+03	+5.243e+03	+7.938e+03	+0.832
348.600	+2.586e+03	+4.619e+03	+5.977e+03	+0.641
348.800	+2.512e+03	+4.960e+03	+7.719e+03	+0.664
349.000	+1.621e+03	+5.818e+03	+6.677e+03	+0.782
349.200	+1.921e+03	+5.215e+03	+8.111e+03	+0.731
349.400	+1.829e+03	+6.028e+03	+7.083e+03	+0.767
349.600	+1.611e+03	+4.836e+03	+7.972e+03	+0.750
349.800	+1.772e+03	+5.633e+03	+8.451e+03	+0.761
350.000	+5.966e+03	+1.793e+03	+6.141e+03	+0.231
350.200	+5.996e+03	+2.181e+03	+6.424e+03	+0.267
350.400	+6.246e+03	+2.637e+03	+7.821e+03	+0.297
350.600	+6.116e+03	+1.517e+03	+6.849e+03	+0.199
350.800	+5.281e+03	+8.719e+02	+8.190e+03	+0.142
351.000	+6.521e+03	+1.636e+03	+7.594e+03	+0.201
351.200	+4.881e+03	+2.596e+03	+6.174e+03	+0.347
351.400	+6.219e+03	+1.049e+03	+6.929e+03	+0.144
351.600	+4.459e+03	+1.430e+03	+7.750e+03	+0.243
351.800	+5.479e+03	+3.125e+03	+7.541e+03	+0.363
352.000	+5.698e+03	+1.571e+03	+9.337e+03	+0.216
352.200	+7.126e+03	+2.854e+03	+7.434e+03	+0.286
352.400	+4.255e+03	+2.012e+03	+6.625e+03	+0.321
352.600	+4.689e+03	+1.032e+03	+7.785e+03	+0.180
352.800	+5.500e+03	+1.859e+03	+8.199e+03	+0.253
353.000	+6.871e+03	+2.690e+03	+7.331e+03	+0.281
353.200	+5.709e+03	+9.902e+02	+4.217e+03	+0.148
353.400	+5.227e+03	+1.501e+03	+7.009e+03	+0.223
353.600	+4.714e+03	+1.399e+03	+7.804e+03	+0.229
353.800	+6.239e+03	+1.047e+03	+8.360e+03	+0.144
354.000	+6.665e+03	+2.017e+03	+5.704e+03	+0.232
354.200	+3.862e+03	+1.627e+03	+8.124e+03	+0.296
354.400	+4.978e+03	+2.328e+03	+6.008e+03	+0.319
354.600	+3.864e+03	+1.822e+03	+9.524e+03	+0.320
354.800	+3.093e+03	+4.076e+03	+6.755e+03	+0.569
355.000	+1.796e+03	+5.578e+03	+8.574e+03	+0.756
355.200	+2.174e+03	+5.089e+03	+5.980e+03	+0.701
355.400	+2.107e+03	+6.148e+03	+6.092e+03	+0.745
355.600	+2.350e+03	+6.156e+03	+7.071e+03	+0.724
355.800	+5.518e+02	+6.104e+03	+7.484e+03	+0.917
356.000	+2.210e+03	+5.706e+03	+8.600e+03	+0.721
356.200	+1.317e+03	+5.831e+03	+5.033e+03	+0.816
356.400	+1.083e+03	+5.277e+03	+7.353e+03	+0.830
356.600	+2.331e+03	+5.050e+03	+4.694e+03	+0.684
356.800	+2.146e+03	+7.508e+03	+6.045e+03	+0.778
357.000	+2.932e+03	+7.213e+03	+6.945e+03	+0.711
357.200	+2.759e+03	+5.766e+03	+7.030e+03	+0.676
357.400	+2.837e+03	+5.522e+03	+6.806e+03	+0.661
357.600	+2.060e+03	+5.930e+03	+8.535e+03	+0.742
357.800	+9.557e+02	+5.589e+03	+7.233e+03	+0.854
358.000	+2.565e+03	+5.560e+03	+6.683e+03	+0.684
358.200	+1.926e+03	+4.345e+03	+6.205e+03	+0.693
358.400	+2.029e+03	+6.463e+03	+7.143e+03	+0.761
358.600	+7.205e+02	+6.039e+03	+6.494e+03	+0.893
358.800	+1.893e+03	+4.685e+03	+6.818e+03	+0.712
359.000	+2.491e+03	+4.239e+03	+8.206e+03	+0.630
359.200	+1.563e+03	+4.057e+03	+5.997e+03	+0.722
359.400	+1.751e+03	+4.862e+03	+5.575e+03	+0.735
359.600	+2.415e+03	+2.663e+03	+6.325e+03	+0.524
359.800	+1.532e+03	+4.428e+03	+7.830e+03	+0.743
360.000	+2.362e+03	+5.194e+03	+6.323e+03	+0.687
360.200	+5.383e+03	+1.422e+03	+7.674e+03	+0.209
360.400	+5.595e+03	+1.979e+03	+7.388e+03	+0.261
360.600	+5.798e+03	+2.901e+03	+8.612e+03	+0.334
360.800	+5.976e+03	+1.888e+03	+6.591e+03	+0.240
361.000	+5.328e+03	+1.123e+03	+7.765e+03	+0.174
361.200	+5.528e+03	+1.127e+03	+7.282e+03	+0.169
361.400	+5.158e+03	+1.235e+03	+7.746e+03	+0.193
361.600	+5.472e+03	+1.466e+03	+7.018e+03	+0.211
361.800	+7.398e+03	+1.744e+03	+7.895e+03	+0.191
362.000	+5.386e+03	+1.139e+03	+6.969e+03	+0.175
362.200	+4.354e+03	+2.040e+03	+7.908e+03	+0.319
362.400	+5.726e+03	+2.492e+03	+8.755e+03	+0.303
362.600	+5.808e+03	+1.520e+03	+8.008e+03	+0.207
362.800	+6.316e+03	+1.304e+03	+9.195e+03	+0.171
363.000	+6.026e+03	+8.561e+02	+9.281e+03	+0.124
363.200	+4.995e+03	+1.866e+03	+4.735e+03	+0.272
363.400	+5.050e+03	+1.529e+03	+7.511e+03	+0.232
363.600	+6.338e+03	+1.332e+03	+6.128e+03	+0.174
363.800	+4.367e+03	+1.285e+03	+6.671e+03	+0.227
364.000	+4.765e+03	+2.366e+03	+7.811e+03	+0.332
364.200	+5.283e+03	+2.512e+03	+6.301e+03	+0.322
364.400	+5.866e+03	+1.173e+03	+5.724e+03	+0.167
364.600	+5.000e+03	+1.526e+03	+6.080e+03	+0.234
364.800	+5.766e+03	+2.097e+03	+8.147e+03	+0.267
365.000	+5.988e+03	+1.668e+03	+6.186e+03	+0.218
365.200	+5.414e+03	+1.353e+03	+7.178e+03	+0.200
365.400	+5.557e+03	+2.361e+03	+4.482e+03	+0.298
365.600	+4.068e+03	+1.863e+03	+6.339e+03	+0.314
365.800	+6.066e+03	+1.758e+03	+7.011e+03	+0.225
366.000	+7.671e+03	+2.067e+03	+7.536e+03	+0.212
366.200	+6.277e+03	+2.245e+03	+5.514e+03	+0.263
366.400	+8.057e+03	+1.723e+03	+7.090e+03	+0.176
366.600	+5.601e+03	+1.113e+03	+7.309e+03	+0.166
366.800	+4.858e+03	+2.791e+03	+7.885e+03	+0.365
367.000	+4.264e+03	+1.748e+03	+5.456e+03	+0.291
367.200	+6.973e+03	+3.478e+03	+7.354e+03	+0.333
367.400	+4.996e+03	+2.545e+03	+7.588e+03	+0.337
367.600	+4.480e+03	+2.476e+03	+7.814e+03	+0.356
367.800	+7.138e+03	+1.274e+03	+6.924e+03	+0.151
368.000	+4.977e+03	+1.049e+03	+6.005e+03	+0.174
368.200	+7.127e+03	+1.362e+03	+7.782e+03	+0.160
368.400	+5.587e+03	+2.406e+03	+8.060e+03	+0.301
368.600	+4.055e+03	+2.459e+03	+7.540e+03	+0.377
368.800	+2.580e+03	+6.325e+03	+5.050e+03	+0.710
369.000	+1.836e+03	+5.250e+03	+9.184e+03	+0.741
369.200	+4.191e+03	+3.614e+03	+7.006e+03	+0.463
369.400	+6.506e+03	+2.963e+03	+6.234e+03	+0.313
369.600	+4.592e+03	+2.443e+03	+7.619e+03	+0.347
369.800	+5.080e+03	+1.279e+03	+7.696e+03	+0.201
370.000	+5.614e+03	+1.683e+03	+7.460e+03	+0.231
370.200	+7.091e+03	+1.352e+03	+7.902e+03	+0.160
370.400	+5.760e+03	+1.585e+03	+9.182e+03	+0.216
370.600	+3.704e+03	+2.826e+03	+7.628e+03	+0.433
370.800	+6.319e+03	+1.868e+03	+7.920e+03	+0.228
371.000	+5.039e+03	+2.535e+03	+6.739e+03	+0.335
371.200	+5.188e+03	+1.050e+03	+5.816e+03	+0.168
371.400	+7.898e+03	+2.140e+03	+8.779e+03	+0.213
371.600	+4.902e+03	+1.789e+03	+6.706e+03	+0.267
371.800	+4.478e+03	+1.123e+03	+7.842e+03	+0.201
372.000	+6.105e+03	+2.051e+03	+6.044e+03	+0.251
372.200	+3.989e+03	+1.992e+03	+6.399e+03	+0.333
372.400	+5.465e+03	+2.476e+03	+6.533e+03	+0.312
372.600	+4.813e+03	+2.533e+03	+6.660e+03	+0.345
372.800	+9.937e+02	+4.563e+03	+5.898e+03	+0.821
373.000	+4.135e+03	+3.272e+03	+6.699e+03	+0.442
373.200	+2.166e+03	+5.560e+03	+7.298e+03	+0.720
373.400	+2.182e+03	+3.697e+03	+6.565e+03	+0.629
373.600	+2.153e+03	+5.223e+03	+7.373e+03	+0.708
373.800	+1.874e+03	+4.965e+03	+6.429e+03	+0.726
374.000	+1.898e+03	+6.749e+03	+5.751e+03	+0.780
374.200	+1.402e+03	+4.979e+03	+1.016e+04	+0.780
374.400	+6.459e+02	+5.760e+03	+7.392e+03	+0.899
374.600	+2.348e+03	+4.384e+03	+8.083e+03	+0.651
374.800	+1.597e+03	+5.535e+03	+7.169e+03	+0.776
375.000	+1.773e+03	+4.289e+03	+7.471e+03	+0.708
375.200	+1.642e+03	+5.399e+03	+6.621e+03	+0.767
375.400	+3.054e+03	+4.849e+03	+6.751e+03	+0.614
375.600	+2.708e+03	+7.153e+03	+5.183e+03	+0.725
375.800	+2.651e+03	+7.133e+03	+8.942e+03	+0.729
376.000	+4.206e+03	+2.002e+03	+7.304e+03	+0.322
376.200	+6.937e+03	+2.572e+03	+6.582e+03	+0.270
376.400	+6.309e+03	+1.535e+03	+9.223e+03	+0.196
