%t (s)	Idd (a.u.)	Ida (a.u.)	Iaa (a.u.)	FRET E
0.000	+3.102e+03	+6.131e+03	+6.494e+03	+0.664
0.200	+3.474e+03	+5.001e+03	+4.881e+03	+0.590
0.400	+1.399e+03	+4.273e+03	+8.865e+03	+0.753
0.600	+2.588e+03	+6.183e+03	+7.560e+03	+0.705
0.800	+2.096e+03	+5.438e+03	+6.947e+03	+0.722
1.000	+2.583e+03	+5.876e+03	+6.306e+03	+0.695
1.200	+1.088e+03	+5.021e+03	+7.273e+03	+0.822
1.400	+2.110e+03	+4.227e+03	+8.239e+03	+0.667
1.600	+9.848e+02	+4.811e+03	+5.914e+03	+0.830
1.800	+1.820e+03	+5.123e+03	+7.277e+03	+0.738
2.000	+1.324e+03	+3.811e+03	+8.101e+03	+0.742
2.200	+1.389e+03	+5.329e+03	+7.868e+03	+0.793
2.400	+1.300e+03	+6.255e+03	+7.303e+03	+0.828
2.600	+2.622e+03	+5.157e+03	+7.752e+03	+0.663
2.800	+1.748e+03	+5.285e+03	+6.208e+03	+0.751
3.000	+2.494e+03	+5.255e+03	+8.265e+03	+0.678
3.200	+2.052e+03	+5.082e+03	+6.583e+03	+0.712
3.400	+1.448e+03	+5.642e+03	+6.723e+03	+0.796
3.600	+2.630e+03	+6.045e+03	+5.845e+03	+0.697
3.800	+3.120e+03	+5.746e+03	+6.722e+03	+0.648
4.000	+2.127e+03	+6.887e+03	+7.359e+03	+0.764
4.200	+2.434e+03	+4.430e+03	+8.658e+03	+0.645
4.400	+1.934e+03	+5.488e+03	+7.622e+03	+0.739
4.600	+2.125e+03	+5.504e+03	+8.412e+03	+0.721
4.800	+2.661e+03	+4.963e+03	+9.197e+03	+0.651
5.000	+3.127e+03	+4.448e+03	+6.829e+03	+0.587
5.200	+6.767e+03	+1.716e+03	+7.953e+03	+0.202
5.400	+5.682e+03	+2.375e+03	+5.830e+03	+0.295
5.600	+5.784e+03	+9.034e+02	+8.257e+03	+0.135
5.800	+6.052e+03	-6.696e+01	+6.901e+03	-0.011
6.000	+4.848e+03	+2.590e+03	+7.975e+03	+0.348
6.200	+6.157e+03	+7.843e+02	+5.249e+03	+0.113
6.400	+4.268e+03	+1.739e+03	+3.673e+03	+0.290
6.600	+5.024e+03	+2.964e+03	+9.333e+03	+0.371
6.800	+6.875e+03	+1.975e+03	+9.173e+03	+0.223
7.000	+3.626e+03	+2.698e+03	+8.563e+03	+0.427
7.200	+6.625e+03	+9.713e+02	+7.197e+03	+0.128
7.400	+4.860e+03	+3.800e+02	+6.711e+03	+0.073
7.600	+4.994e+03	+1.930e+03	+7.562e+03	+0.279
7.800	+3.959e+03	+2.432e+03	+5.950e+03	+0.381
8.000	+5.887e+03	+2.063e+03	+7.478e+03	+0.260
8.200	+4.304e+03	+2.489e+03	+6.868e+03	+0.366
8.400	+6.300e+03	+5.149e+01	+7.762e+03	+0.008
8.600	+6.359e+03	+9.499e+02	+6.367e+03	+0.130
8.800	+6.129e+03	+1.494e+03	+6.735e+03	+0.196
9.000	+6.038e+03	+1.435e+03	+7.071e+03	+0.192
9.200	+4.606e+03	+2.727e+03	+6.967e+03	+0.372
9.400	+4.936e+03	+1.450e+03	+8.187e+03	+0.227
9.600	+6.508e+03	+2.203e+03	+5.757e+03	+0.253
9.800	+4.196e+03	+1.746e+03	+6.862e+03	+0.294
10.000	+4.060e+03	+1.863e+03	+8.042e+03	+0.315
10.200	+5.749e+03	+2.889e+03	+7.926e+03	+0.334
10.400	+5.957e+03	+1.791e+03	+8.397e+03	+0.231
10.600	+4.716e+03	+1.734e+03	+8.214e+03	+0.269
10.800	+6.062e+03	+1.685e+03	+7.832e+03	+0.218
11.000	+5.294e+03	+1.756e+03	+6.776e+03	+0.249
11.200	+5.860e+03	+1.870e+03	+7.174e+03	+0.242
11.400	+5.335e+03	+2.551e+03	+6.671e+03	+0.323
11.600	+4.138e+03	+1.686e+03	+5.569e+03	+0.290
11.800	+5.029e+03	+1.707e+03	+7.598e+03	+0.253
12.000	+5.791e+03	+2.061e+03	+9.312e+03	+0.262
12.200	+4.700e+03	+1.811e+03	+5.352e+03	+0.278
12.400	+5.186e+03	+1.653e+03	+7.957e+03	+0.242
12.600	+5.028e+03	+1.513e+03	+7.184e+03	+0.231
12.800	+4.915e+03	+1.744e+03	+5.565e+03	+0.262
13.000	+5.551e+03	+2.211e+03	+7.536e+03	+0.285
13.200	+7.015e+03	+2.546e+03	+7.286e+03	+0.266
13.400	+5.960e+03	+1.293e+03	+8.539e+03	+0.178
13.600	+5.934e+03	+2.310e+03	+6.774e+03	+0.280
13.800	+6.499e+03	+1.335e+03	+6.838e+03	+0.170
14.000	+4.449e+03	+1.795e+03	+1.066e+04	+0.287
14.200	+7.276e+03	+1.245e+03	+6.067e+03	+0.146
14.400	+6.535e+03	+9.328e+02	+7.070e+03	+0.125
14.600	+5.011e+03	+2.484e+03	+6.269e+03	+0.331
14.800	+5.198e+03	+1.591e+03	+7.864e+03	+0.234
15.000	+3.653e+03	+1.931e+03	+7.055e+03	+0.346
15.200	+4.135e+03	+2.041e+03	+6.412e+03	+0.330
15.400	+5.467e+03	+2.542e+03	+7.506e+03	+0.317
15.600	+5.932e+03	+1.738e+03	+7.773e+03	+0.227
15.800	+5.950e+03	+7.459e+02	+8.431e+03	+0.111
16.000	+4.977e+03	+2.107e+03	+9.345e+03	+0.297
16.200	+5.718e+03	+3.515e+02	+6.155e+03	+0.058
16.400	+4.017e+03	+1.359e+03	+7.469e+03	+0.253
16.600	+3.605e+03	+2.510e+03	+7.023e+03	+0.410
16.800	+4.948e+03	+1.657e+03	+7.749e+03	+0.251
17.000	+4.317e+03	+2.151e+03	+7.098e+03	+0.333
17.200	+6.317e+03	+1.540e+03	+6.177e+03	+0.196
17.400	+5.632e+03	+2.154e+03	+7.550e+03	+0.277
17.600	+5.791e+03	+2.631e+03	+5.457e+03	+0.312
17.800	+5.025e+03	+1.929e+03	+8.225e+03	+0.277
18.000	+4.842e+03	+1.618e+03	+6.246e+03	+0.250
18.200	+5.112e+03	+4.654e+02	+6.611e+03	+0.083
18.400	+4.617e+03	+2.122e+03	+6.669e+03	+0.315
18.600	+4.382e+03	+2.183e+03	+7.518e+03	+0.332
18.800	+5.356e+03	+1.547e+03	+8.233e+03	+0.224
19.000	+5.682e+03	+9.044e+02	+6.873e+03	+0.137
19.200	+5.222e+03	+2.353e+03	+5.831e+03	+0.311
19.400	+5.026e+03	+2.327e+03	+7.808e+03	+0.316
19.600	+4.638e+03	+2.486e+03	+6.956e+03	+0.349
19.800	+5.471e+03	+1.422e+03	+6.086e+03	+0.206
20.000	+6.270e+03	+2.201e+03	+6.827e+03	+0.260
20.200	+5.741e+03	+1.549e+03	+7.599e+03	+0.212
20.400	+7.135e+03	+3.415e+03	+5.543e+03	+0.324
20.600	+6.178e+03	+1.662e+03	+6.859e+03	+0.212
20.800	+4.364e+03	+1.716e+03	+5.638e+03	+0.282
21.000	+5.885e+03	+2.974e+02	+5.604e+03	+0.048
21.200	+6.520e+03	+1.635e+03	+6.470e+03	+0.201
21.400	+5.610e+03	+1.605e+03	+4.816e+03	+0.222
21.600	+4.399e+03	+1.653e+03	+7.522e+03	+0.273
21.800	+5.847e+03	+1.379e+03	+7.423e+03	+0.191
22.000	+4.857e+03	+1.105e+03	+8.122e+03	+0.185
22.200	+4.339e+03	+2.758e+03	+7.274e+03	+0.389
22.400	+4.201e+03	+1.098e+03	+7.293e+03	+0.207
22.600	+5.431e+03	+1.939e+03	+7.235e+03	+0.263
22.800	+6.302e+03	+1.136e+03	+5.393e+03	+0.153
23.000	+4.630e+03	+1.489e+03	+7.252e+03	+0.243
23.200	+7.704e+03	+1.353e+03	+7.207e+03	+0.149
23.400	+6.532e+03	+2.086e+03	+7.426e+03	+0.242
23.600	+4.792e+03	+1.802e+03	+5.748e+03	+0.273
23.800	+4.324e+03	+1.065e+03	+8.088e+03	+0.198
24.000	+4.076e+03	+2.600e+03	+6.960e+03	+0.389
24.200	+5.864e+03	+2.552e+03	+6.628e+03	+0.303
24.400	+3.837e+03	+9.286e+02	+8.968e+03	+0.195
24.600	+5.093e+03	+2.608e+03	+5.708e+03	+0.339
24.800	+5.318e+03	+2.751e+03	+5.990e+03	+0.341
25.000	+5.299e+03	+5.538e+02	+5.851e+03	+0.095
25.200	+4.551e+03	+2.303e+03	+6.368e+03	+0.336
25.400	+4.879e+03	+2.300e+03	+8.242e+03	+0.320
25.600	+3.787e+03	+1.575e+03	+6.091e+03	+0.294
25.800	+4.414e+03	+1.052e+03	+6.207e+03	+0.192
26.000	+4.963e+03	+1.998e+03	+8.310e+03	+0.287
26.200	+7.052e+03	+2.795e+03	+9.005e+03	+0.284
26.400	+6.590e+03	+1.663e+03	+8.079e+03	+0.201
26.600	+3.571e+03	+3.163e+03	+8.036e+03	+0.470
26.800	+1.920e+03	+4.919e+03	+6.637e+03	+0.719
27.000	+1.945e+03	+6.091e+03	+6.273e+03	+0.758
27.200	+2.512e+03	+4.904e+03	+7.520e+03	+0.661
27.400	+1.188e+03	+7.026e+03	+7.927e+03	+0.855
27.600	+4.420e+03	+3.441e+03	+8.010e+03	+0.438
27.800	+2.063e+03	+4.892e+03	+8.539e+03	+0.703
28.000	+1.048e+03	+5.127e+03	+7.473e+03	+0.830
28.200	+2.863e+03	+4.727e+03	+5.809e+03	+0.623
28.400	+8.528e+02	+5.702e+03	+8.662e+03	+0.870
28.600	+7.300e+02	+6.402e+03	+6.880e+03	+0.898
28.800	+1.567e+03	+4.467e+03	+6.755e+03	+0.740
29.000	+2.091e+03	+4.791e+03	+7.416e+03	+0.696
29.200	+1.472e+03	+5.604e+03	+8.540e+03	+0.792
29.400	+3.048e+03	+4.963e+03	+7.496e+03	+0.620
29.600	+1.991e+03	+5.588e+03	+7.223e+03	+0.737
29.800	+2.322e+03	+4.216e+03	+6.560e+03	+0.645
30.000	+3.470e+02	+5.471e+03	+7.651e+03	+0.940
30.200	+1.975e+03	+4.871e+03	+8.553e+03	+0.712
30.400	+1.619e+03	+4.384e+03	+7.145e+03	+0.730
30.600	+1.622e+03	+6.062e+03	+7.994e+03	+0.789
30.800	+2.320e+03	+7.204e+03	+5.967e+03	+0.756
31.000	+1.984e+03	+4.725e+03	+7.002e+03	+0.704
31.200	+2.754e+03	+5.510e+03	+7.833e+03	+0.667
31.400	+1.919e+03	+5.502e+03	+7.169e+03	+0.741
31.600	+1.747e+03	+3.660e+03	+6.997e+03	+0.677
31.800	+1.946e+03	+5.732e+03	+6.864e+03	+0.747
32.000	+3.013e+03	+6.206e+03	+6.279e+03	+0.673
32.200	+2.371e+03	+4.789e+03	+7.621e+03	+0.669
32.400	+5.257e+03	+2.602e+03	+6.539e+03	+0.331
32.600	+3.995e+03	+2.573e+03	+5.517e+03	+0.392
32.800	+4.715e+03	+2.074e+03	+6.757e+03	+0.305
33.000	+5.238e+03	+2.351e+03	+8.241e+03	+0.310
33.200	+5.925e+03	+1.527e+03	+8.127e+03	+0.205
33.400	+5.502e+03	+3.136e+03	+7.582e+03	+0.363
33.600	+4.240e+03	+8.698e+02	+6.952e+03	+0.170
33.800	+4.768e+03	+2.106e+03	+8.720e+03	+0.306
34.000	+3.012e+03	+1.932e+03	+6.295e+03	+0.391
34.200	+6.245e+03	+7.396e+02	+8.881e+03	+0.106
34.400	+5.961e+03	+3.643e+02	+7.143e+03	+0.058
34.600	+5.185e+03	+1.922e+03	+4.609e+03	+0.270
34.800	+6.238e+03	+1.773e+03	+4.888e+03	+0.221
35.000	+4.970e+03	+1.592e+03	+8.647e+03	+0.243
35.200	+4.453e+03	+1.066e+03	+6.861e+03	+0.193
35.400	+4.798e+03	+1.478e+03	+6.662e+03	+0.236
35.600	+3.941e+03	+2.849e+03	+6.063e+03	+0.420
35.800	+1.936e+03	+5.819e+03	+6.861e+03	+0.750
36.000	+2.917e+03	+4.993e+03	+8.534e+03	+0.631
36.200	+2.464e+03	+5.322e+03	+7.942e+03	+0.684
36.400	+1.692e+03	+5.378e+03	+6.787e+03	+0.761
36.600	+2.048e+03	+6.275e+03	+6.781e+03	+0.754
36.800	+9.761e+02	+5.537e+03	+6.697e+03	+0.850
37.000	+2.028e+03	+5.533e+03	+8.245e+03	+0.732
37.200	+1.662e+03	+4.428e+03	+6.991e+03	+0.727
37.400	+2.339e+03	+4.685e+03	+6.662e+03	+0.667
37.600	+1.644e+03	+4.026e+03	+6.361e+03	+0.710
37.800	+2.879e+03	+5.272e+03	+8.774e+03	+0.647
38.000	+1.016e+03	+5.101e+03	+6.852e+03	+0.834
38.200	+1.773e+03	+5.545e+03	+7.557e+03	+0.758
38.400	+2.452e+03	+6.105e+03	+7.480e+03	+0.713
38.600	+1.933e+03	+6.159e+03	+8.370e+03	+0.761
38.800	+1.819e+03	+4.187e+03	+8.079e+03	+0.697
39.000	+1.545e+03	+5.461e+03	+6.109e+03	+0.779
39.200	+1.297e+03	+5.127e+03	+7.390e+03	+0.798
39.400	+1.919e+03	+6.307e+03	+8.436e+03	+0.767
39.600	+2.817e+03	+5.873e+03	+6.417e+03	+0.676
39.800	+1.685e+03	+6.377e+03	+7.311e+03	+0.791
40.000	+1.292e+03	+5.138e+03	+7.725e+03	+0.799
40.200	+2.101e+03	+5.171e+03	+7.760e+03	+0.711
40.400	+1.704e+03	+5.387e+03	+8.097e+03	+0.760
40.600	+2.879e+03	+5.149e+03	+7.909e+03	+0.641
40.800	+1.765e+03	+4.919e+03	+6.389e+03	+0.736
41.000	+3.418e+02	+5.693e+03	+6.034e+03	+0.943
41.200	+1.581e+03	+3.469e+03	+8.058e+03	+0.687
41.400	+2.358e+03	+5.147e+03	+8.777e+03	+0.686
41.600	+1.810e+03	+6.282e+03	+5.922e+03	+0.776
41.800	+1.376e+03	+6.190e+03	+9.370e+03	+0.818
42.000	+2.624e+03	+4.857e+03	+7.053e+03	+0.649
42.200	+2.580e+03	+4.393e+03	+5.591e+03	+0.630
42.400	+1.958e+03	+6.203e+03	+6.811e+03	+0.760
42.600	+3.148e+03	+6.351e+03	+7.139e+03	+0.669
42.800	+1.786e+03	+5.679e+03	+8.043e+03	+0.761
43.000	+3.328e+03	+5.274e+03	+9.797e+03	+0.613
43.200	+2.548e+03	+6.158e+03	+7.806e+03	+0.707
43.400	+1.701e+03	+4.892e+03	+8.603e+03	+0.742
43.600	+1.003e+03	+6.553e+03	+6.468e+03	+0.867
43.800	+3.102e+03	+5.693e+03	+7.477e+03	+0.647
44.000	+2.791e+03	+6.802e+03	+8.407e+03	+0.709
44.200	+2.171e+03	+5.269e+03	+8.267e+03	+0.708
44.400	+3.101e+03	+4.106e+03	+7.935e+03	+0.570
44.600	+2.942e+03	+4.996e+03	+8.081e+03	+0.629
44.800	+2.063e+03	+5.536e+03	+6.824e+03	+0.729
45.000	+2.495e+03	+6.876e+03	+8.267e+03	+0.734
45.200	+2.363e+03	+3.487e+03	+7.885e+03	+0.596
45.400	+2.389e+03	+4.724e+03	+4.985e+03	+0.664
45.600	+1.732e+03	+5.011e+03	+5.807e+03	+0.743
45.800	+2.005e+03	+5.058e+03	+5.859e+03	+0.716
46.000	+1.881e+03	+4.774e+03	+5.983e+03	+0.717
46.200	+3.078e+03	+6.045e+03	+5.499e+03	+0.663
46.400	+1.957e+03	+5.333e+03	+5.793e+03	+0.732
46.600	+1.512e+03	+5.650e+03	+6.513e+03	+0.789
46.800	+2.385e+03	+5.727e+03	+6.276e+03	+0.706
47.000	+2.295e+03	+5.501e+03	+9.436e+03	+0.706
47.200	+1.223e+03	+4.085e+03	+8.205e+03	+0.770
47.400	+1.340e+03	+5.827e+03	+7.390e+03	+0.813
47.600	+2.072e+03	+4.062e+03	+5.138e+03	+0.662
47.800	+1.100e+03	+5.076e+03	+6.832e+03	+0.822
48.000	+1.790e+03	+5.511e+03	+8.116e+03	+0.755
48.200	+3.223e+03	+5.046e+03	+7.198e+03	+0.610
48.400	+2.431e+03	+5.134e+03	+6.416e+03	+0.679
48.600	+2.202e+03	+5.046e+03	+1.094e+04	+0.696
48.800	+8.770e+02	+5.765e+03	+7.525e+03	+0.868
49.000	+1.256e+03	+4.999e+03	+7.955e+03	+0.799
49.200	+2.597e+03	+5.498e+03	+5.674e+03	+0.679
49.400	+1.388e+03	+4.657e+03	+5.870e+03	+0.770
49.600	+2.820e+03	+5.572e+03	+6.149e+03	+0.664
49.800	+2.691e+03	+6.687e+03	+7.107e+03	+0.713
50.000	+8.827e+02	+7.738e+03	+6.276e+03	+0.898
50.200	+2.739e+03	+6.607e+03	+7.508e+03	+0.707
50.400	+6.479e+02	+4.023e+03	+7.667e+03	+0.861
50.600	+1.456e+03	+4.881e+03	+6.845e+03	+0.770
50.800	+3.062e+03	+5.112e+03	+6.737e+03	+0.625
51.000	+1.949e+03	+6.163e+03	+8.138e+03	+0.760
51.200	+1.252e+03	+4.045e+03	+8.759e+03	+0.764
51.400	+2.452e+02	+6.057e+03	+7.643e+03	+0.961
51.600	+3.104e+03	+5.789e+03	+8.023e+03	+0.651
51.800	+1.892e+03	+4.384e+03	+8.078e+03	+0.699
52.000	+2.220e+03	+4.822e+03	+6.870e+03	+0.685
52.200	+1.274e+03	+6.651e+03	+5.637e+03	+0.839
52.400	+1.515e+03	+4.221e+03	+5.326e+03	+0.736
52.600	+1.634e+03	+5.332e+03	+7.993e+03	+0.765
52.800	+2.531e+03	+5.760e+03	+7.146e+03	+0.695
53.000	+1.019e+03	+4.558e+03	+8.273e+03	+0.817
53.200	+2.239e+03	+6.253e+03	+7.944e+03	+0.736
53.400	+1.976e+03	+4.827e+03	+6.803e+03	+0.710
53.600	+1.134e+03	+5.093e+03	+6.926e+03	+0.818
53.800	+2.799e+03	+5.256e+03	+7.760e+03	+0.652
54.000	+8.971e+02	+5.728e+03	+7.730e+03	+0.865
54.200	+1.841e+03	+4.588e+03	+6.928e+03	+0.714
54.400	+2.875e+03	+4.637e+03	+7.354e+03	+0.617
54.600	+9.565e+02	+5.646e+03	+6.533e+03	+0.855
54.800	+7.596e+02	+5.581e+03	+8.361e+03	+0.880
55.000	+1.801e+03	+5.403e+03	+8.199e+03	+0.750
55.200	+9.814e+02	+5.469e+03	+7.261e+03	+0.848
55.400	+2.172e+03	+5.200e+03	+7.142e+03	+0.705
55.600	+1.984e+03	+5.467e+03	+5.500e+03	+0.734
55.800	+2.166e+03	+5.836e+03	+7.050e+03	+0.729
56.000	+2.900e+03	+4.782e+03	+9.268e+03	+0.623
56.200	+2.719e+03	+4.092e+03	+6.734e+03	+0.601
56.400	+2.657e+03	+4.583e+03	+6.489e+03	+0.633
56.600	+1.217e+03	+5.805e+03	+5.495e+03	+0.827
56.800	+3.955e+03	+5.483e+03	+6.768e+03	+0.581
57.000	+3.008e+03	+4.783e+03	+8.375e+03	+0.614
57.200	+3.581e+03	+6.045e+03	+9.341e+03	+0.628
57.400	+1.965e+03	+6.056e+03	+7.590e+03	+0.755
57.600	+3.237e+03	+5.683e+03	+6.221e+03	+0.637
57.800	+2.022e+03	+6.563e+03	+6.135e+03	+0.764
58.000	+1.490e+03	+4.218e+03	+6.195e+03	+0.739
58.200	+2.373e+03	+6.377e+03	+6.680e+03	+0.729
58.400	+1.865e+03	+4.478e+03	+8.669e+03	+0.706
58.600	+1.182e+03	+5.453e+03	+7.236e+03	+0.822
58.800	+2.389e+03	+6.478e+03	+7.049e+03	+0.731
59.000	+2.006e+03	+6.424e+03	+7.573e+03	+0.762
59.200	+2.365e+03	+3.911e+03	+7.457e+03	+0.623
59.400	+2.238e+03	+4.767e+03	+8.287e+03	+0.681
59.600	+2.275e+03	+5.080e+03	+6.664e+03	+0.691
59.800	+2.437e+03	+5.511e+03	+8.141e+03	+0.693
60.000	+1.960e+03	+5.423e+03	+6.399e+03	+0.734
60.200	+2.124e+03	+4.224e+03	+8.005e+03	+0.665
60.400	+2.595e+03	+4.890e+03	+7.025e+03	+0.653
60.600	+2.195e+03	+4.739e+03	+7.306e+03	+0.683
60.800	+2.138e+03	+4.684e+03	+7.413e+03	+0.687
61.000	+1.980e+03	+4.801e+03	+6.593e+03	+0.708
61.200	+2.405e+03	+6.645e+03	+4.984e+03	+0.734
61.400	+2.730e+03	+5.216e+03	+7.580e+03	+0.656
61.600	+1.652e+03	+5.294e+03	+7.646e+03	+0.762
61.800	+4.060e+03	+2.610e+03	+6.788e+03	+0.391
62.000	+5.661e+03	+1.448e+03	+8.655e+03	+0.204
62.200	+3.077e+03	+9.581e+02	+8.277e+03	+0.237
62.400	+6.806e+03	+5.079e+02	+6.516e+03	+0.069
62.600	+6.513e+03	+1.661e+03	+8.610e+03	+0.203
62.800	+5.581e+03	+4.433e+02	+6.316e+03	+0.074
63.000	+5.678e+03	+2.076e+03	+7.316e+03	+0.268
63.200	+5.190e+03	+1.608e+03	+6.966e+03	+0.237
63.400	+5.731e+03	+2.051e+03	+7.756e+03	+0.264
63.600	+6.739e+03	+2.024e+03	+5.354e+03	+0.231
63.800	+5.932e+03	+1.766e+03	+6.762e+03	+0.229
64.000	+4.179e+03	+2.359e+03	+6.926e+03	+0.361
64.200	+5.415e+03	+1.264e+03	+9.023e+03	+0.189
64.400	+3.849e+03	+6.883e+02	+8.041e+03	+0.152
64.600	+4.941e+03	+1.058e+03	+6.786e+03	+0.176
64.800	+5.924e+03	+2.168e+03	+6.522e+03	+0.268
65.000	+5.352e+03	+1.269e+03	+8.374e+03	+0.192
65.200	+5.405e+03	+2.160e+03	+7.382e+03	+0.286
65.400	+4.110e+03	+3.493e+03	+6.814e+03	+0.459
65.600	+4.342e+02	+5.872e+03	+6.844e+03	+0.931
65.800	+2.372e+03	+5.212e+03	+9.001e+03	+0.687
66.000	+1.375e+03	+4.941e+03	+6.565e+03	+0.782
66.200	+2.003e+03	+5.296e+03	+6.859e+03	+0.726
66.400	+1.419e+03	+5.577e+03	+7.903e+03	+0.797
66.600	+6.387e+02	+5.973e+03	+5.214e+03	+0.903
66.800	+2.172e+03	+4.605e+03	+6.423e+03	+0.680
67.000	+2.416e+03	+4.662e+03	+8.151e+03	+0.659
67.200	+2.583e+03	+4.782e+03	+8.157e+03	+0.649
67.400	+2.456e+03	+4.611e+03	+4.935e+03	+0.652
67.600	+1.099e+03	+5.237e+03	+6.295e+03	+0.827
67.800	+2.746e+03	+5.512e+03	+5.795e+03	+0.667
68.000	+1.166e+03	+5.195e+03	+9.326e+03	+0.817
68.200	+2.130e+03	+3.724e+03	+7.866e+03	+0.636
68.400	+1.299e+03	+4.760e+03	+7.293e+03	+0.786
68.600	+2.108e+03	+6.425e+03	+6.831e+03	+0.753
68.800	+2.808e+03	+6.374e+03	+7.518e+03	+0.694
69.000	+1.549e+03	+4.972e+03	+8.502e+03	+0.762
69.200	+2.397e+03	+4.689e+03	+8.401e+03	+0.662
69.400	+1.209e+03	+5.261e+03	+8.062e+03	+0.813
69.600	+1.107e+03	+4.100e+03	+4.607e+03	+0.787
69.800	+1.488e+03	+4.395e+03	+7.815e+03	+0.747
70.000	+2.417e+03	+6.167e+03	+6.474e+03	+0.718
70.200	+1.997e+03	+4.516e+03	+6.465e+03	+0.693
70.400	+1.140e+03	+4.236e+03	+6.902e+03	+0.788
70.600	+2.369e+03	+4.377e+03	+5.275e+03	+0.649
70.800	+2.847e+03	+5.051e+03	+7.547e+03	+0.640
71.000	+1.638e+03	+3.327e+03	+5.971e+03	+0.670
71.200	+1.872e+03	+4.532e+03	+7.271e+03	+0.708
71.400	+1.974e+03	+6.111e+03	+8.063e+03	+0.756
71.600	+2.044e+03	+6.007e+03	+8.943e+03	+0.746
71.800	+2.028e+03	+5.020e+03	+7.569e+03	+0.712
72.000	+1.503e+03	+6.620e+03	+6.312e+03	+0.815
72.200	+2.648e+03	+5.583e+03	+7.645e+03	+0.678
72.400	+3.292e+03	+5.562e+03	+5.443e+03	+0.628
72.600	+9.621e+02	+6.409e+03	+5.813e+03	+0.869
72.800	+1.495e+03	+5.476e+03	+7.904e+03	+0.786
73.000	+1.354e+03	+5.351e+03	+4.982e+03	+0.798
73.200	+2.263e+03	+4.999e+03	+7.386e+03	+0.688
73.400	+1.991e+03	+6.211e+03	+7.984e+03	+0.757
73.600	+8.601e+02	+4.244e+03	+7.185e+03	+0.831
73.800	+3.119e+03	+6.998e+03	+7.097e+03	+0.692
74.000	+1.859e+03	+5.908e+03	+6.494e+03	+0.761
74.200	+1.380e+03	+4.717e+03	+6.799e+03	+0.774
74.400	+1.769e+03	+5.715e+03	+7.586e+03	+0.764
74.600	+2.670e+03	+6.419e+03	+8.472e+03	+0.706
74.800	+1.960e+03	+6.043e+03	+7.904e+03	+0.755
75.000	+2.007e+03	+5.373e+03	+6.453e+03	+0.728
75.200	+1.480e+03	+5.803e+03	+6.193e+03	+0.797
75.400	+2.762e+03	+5.516e+03	+8.299e+03	+0.666
75.600	+1.498e+03	+5.084e+03	+6.401e+03	+0.772
75.800	+2.393e+03	+3.948e+03	+9.974e+03	+0.623
76.000	+1.063e+03	+5.091e+03	+6.587e+03	+0.827
76.200	+9.325e+02	+6.172e+03	+8.552e+03	+0.869
76.400	+1.788e+03	+3.940e+03	+8.036e+03	+0.688
76.600	+2.662e+03	+5.767e+03	+6.528e+03	+0.684
76.800	+4.807e+02	+5.980e+03	+6.233e+03	+0.926
77.000	+2.139e+03	+4.933e+03	+6.289e+03	+0.698
77.200	+2.542e+03	+5.671e+03	+6.956e+03	+0.691
77.400	+1.569e+03	+5.014e+03	+8.677e+03	+0.762
77.600	+1.361e+03	+5.005e+03	+8.378e+03	+0.786
77.800	+2.470e+03	+6.044e+03	+7.710e+03	+0.710
78.000	+1.266e+03	+5.236e+03	+7.631e+03	+0.805
78.200	+2.763e+03	+6.618e+03	+7.915e+03	+0.705
78.400	+1.541e+03	+5.559e+03	+9.539e+03	+0.783
78.600	+2.016e+03	+5.998e+03	+6.492e+03	+0.748
78.800	+2.609e+03	+3.831e+03	+6.463e+03	+0.595
79.000	+9.974e+02	+5.423e+03	+6.671e+03	+0.845
79.200	+2.292e+03	+5.570e+03	+7.615e+03	+0.708
79.400	+1.898e+03	+5.722e+03	+8.376e+03	+0.751
79.600	+2.755e+03	+5.186e+03	+8.470e+03	+0.653
79.800	+1.888e+03	+4.035e+03	+7.485e+03	+0.681
80.000	+9.016e+02	+4.475e+03	+6.509e+03	+0.832
80.200	+2.308e+03	+6.614e+03	+8.231e+03	+0.741
80.400	+2.260e+03	+6.555e+03	+6.095e+03	+0.744
80.600	+2.262e+03	+4.649e+03	+8.115e+03	+0.673
80.800	+1.538e+03	+6.017e+03	+6.273e+03	+0.796
81.000	+1.116e+03	+5.733e+03	+8.403e+03	+0.837
81.200	+1.548e+03	+5.223e+03	+5.629e+03	+0.771
81.400	+5.521e+02	+6.042e+03	+7.868e+03	+0.916
81.600	+2.214e+03	+5.130e+03	+4.877e+03	+0.698
81.800	+2.439e+03	+4.142e+03	+6.531e+03	+0.629
82.000	+1.692e+03	+5.847e+03	+8.346e+03	+0.776
82.200	+1.476e+03	+6.274e+03	+6.287e+03	+0.810
82.400	+2.506e+03	+4.666e+03	+5.380e+03	+0.651
82.600	+1.871e+03	+5.801e+03	+7.747e+03	+0.756
82.800	+8.212e+02	+4.390e+03	+9.432e+03	+0.842
83.000	+2.415e+03	+5.299e+03	+6.619e+03	+0.687
83.200	+2.068e+03	+4.685e+03	+6.983e+03	+0.694
83.400	+9.876e+02	+6.104e+03	+8.315e+03	+0.861
83.600	+2.555e+03	+5.672e+03	+8.196e+03	+0.689
83.800	+5.557e+02	+6.190e+03	+8.885e+03	+0.918
84.000	+2.423e+03	+4.551e+03	+8.537e+03	+0.653
84.200	+1.823e+03	+3.760e+03	+8.079e+03	+0.673
84.400	+1.437e+03	+4.892e+03	+6.774e+03	+0.773
84.600	+2.347e+03	+5.924e+03	+8.050e+03	+0.716
84.800	+7.946e+02	+3.861e+03	+7.082e+03	+0.829
85.000	+2.983e+03	+5.185e+03	+8.614e+03	+0.635
85.200	+2.594e+03	+6.633e+03	+6.534e+03	+0.719
85.400	+2.115e+03	+4.199e+03	+9.030e+03	+0.665
85.600	+1.145e+03	+5.737e+03	+7.068e+03	+0.834
85.800	+2.427e+03	+5.760e+03	+6.472e+03	+0.704
86.000	+1.868e+03	+4.672e+03	+7.100e+03	+0.714
86.200	+2.547e+03	+5.660e+03	+6.485e+03	+0.690
86.400	+2.696e+03	+4.183e+03	+6.546e+03	+0.608
86.600	+5.900e+03	+2.249e+03	+8.251e+03	+0.276
86.800	+5.586e+03	+1.768e+03	+6.742e+03	+0.240
87.000	+6.376e+03	+1.738e+03	+7.290e+03	+0.214
87.200	+5.330e+03	+1.982e+03	+7.464e+03	+0.271
87.400	+4.390e+03	+1.459e+03	+6.545e+03	+0.249
87.600	+5.991e+03	+2.971e+03	+5.627e+03	+0.332
87.800	+5.266e+03	+1.119e+03	+5.293e+03	+0.175
88.000	+5.117e+03	+1.349e+03	+8.017e+03	+0.209
88.200	+6.649e+03	+2.047e+03	+7.223e+03	+0.235
88.400	+6.041e+03	+1.830e+03	+6.394e+03	+0.232
88.600	+3.866e+03	+1.115e+03	+5.189e+03	+0.224
88.800	+5.238e+03	+2.166e+03	+7.573e+03	+0.293
89.000	+7.266e+03	+2.173e+03	+7.127e+03	+0.230
89.200	+5.430e+03	+1.564e+03	+7.884e+03	+0.224
89.400	+5.578e+03	+1.056e+03	+6.941e+03	+0.159
89.600	+4.458e+03	+1.934e+03	+8.704e+03	+0.303
89.800	+6.898e+03	+8.923e+02	+6.140e+03	+0.115
90.000	+7.584e+03	+1.425e+03	+6.864e+03	+0.158
90.200	+5.107e+03	+9.764e+02	+7.210e+03	+0.160
90.400	+6.120e+03	+2.344e+03	+7.271e+03	+0.277
90.600	+6.074e+03	+1.931e+03	+7.631e+03	+0.241
90.800	+4.669e+03	+2.309e+03	+6.259e+03	+0.331
91.000	+5.596e+03	+1.237e+03	+7.928e+03	+0.181
91.200	+5.369e+03	+1.666e+03	+8.293e+03	+0.237
91.400	+6.836e+03	+2.740e+03	+6.983e+03	+0.286
91.600	+5.509e+03	+6.394e+02	+8.322e+03	+0.104
91.800	+2.656e+03	+5.557e+03	+7.640e+03	+0.677
92.000	+2.461e+03	+6.428e+03	+8.740e+03	+0.723
92.200	+1.173e+03	+5.498e+03	+7.563e+03	+0.824
92.400	+1.464e+03	+4.786e+03	+7.314e+03	+0.766
92.600	+2.113e+03	+6.492e+03	+8.708e+03	+0.754
92.800	+1.790e+03	+5.402e+03	+8.383e+03	+0.751
93.000	+2.153e+03	+5.446e+03	+6.775e+03	+0.717
93.200	+1.090e+03	+5.983e+03	+8.142e+03	+0.846
93.400	+2.014e+03	+6.519e+03	+7.438e+03	+0.764
93.600	+1.769e+03	+5.389e+03	+7.747e+03	+0.753
93.800	+2.780e+03	+4.269e+03	+8.149e+03	+0.606
94.000	+1.797e+03	+5.857e+03	+5.774e+03	+0.765
94.200	+1.866e+03	+6.689e+03	+8.446e+03	+0.782
94.400	+2.659e+03	+5.090e+03	+6.392e+03	+0.657
94.600	+2.890e+03	+4.636e+03	+7.112e+03	+0.616
94.800	+1.694e+03	+5.987e+03	+6.772e+03	+0.779
95.000	+3.148e+03	+4.073e+03	+6.888e+03	+0.564
95.200	+1.770e+03	+5.732e+03	+8.114e+03	+0.764
95.400	+2.330e+03	+5.649e+03	+7.279e+03	+0.708
95.600	+1.526e+03	+6.286e+03	+5.984e+03	+0.805
95.800	+1.126e+03	+5.759e+03	+7.076e+03	+0.836
96.000	+1.994e+03	+6.420e+03	+1.023e+04	+0.763
96.200	+3.200e+03	+5.123e+03	+7.388e+03	+0.616
96.400	+2.184e+03	+4.620e+03	+7.617e+03	+0.679
96.600	+1.977e+03	+4.061e+03	+7.747e+03	+0.673
96.800	+2.301e+03	+4.798e+03	+6.761e+03	+0.676
97.000	+3.276e+03	+5.187e+03	+7.762e+03	+0.613
97.200	+1.928e+03	+6.346e+03	+6.505e+03	+0.767
97.400	+2.031e+03	+4.369e+03	+6.360e+03	+0.683
97.600	+2.546e+03	+4.657e+03	+7.931e+03	+0.647
97.800	+1.944e+03	+5.424e+03	+6.084e+03	+0.736
98.000	+1.945e+03	+6.041e+03	+6.038e+03	+0.756
98.200	+1.870e+03	+4.828e+03	+7.776e+03	+0.721
98.400	+1.591e+03	+5.953e+03	+6.980e+03	+0.789
98.600	+4.730e+02	+6.201e+03	+9.310e+03	+0.929
98.800	+2.049e+03	+4.447e+03	+5.926e+03	+0.685
99.000	+2.408e+03	+4.691e+03	+7.360e+03	+0.661
99.200	+2.381e+03	+5.049e+03	+8.229e+03	+0.680
99.400	+1.121e+03	+5.031e+03	+7.758e+03	+0.818
99.600	+1.920e+03	+4.530e+03	+9.024e+03	+0.702
99.800	+3.765e+03	+3.492e+03	+7.943e+03	+0.481
100.000	+5.122e+03	+1.740e+03	+6.355e+03	+0.254
100.200	+5.067e+03	+2.653e+03	+7.201e+03	+0.344
100.400	+6.582e+03	+1.321e+03	+7.202e+03	+0.167
100.600	+5.973e+03	+1.045e+03	+5.558e+03	+0.149
100.800	+3.154e+03	+9.905e+01	+7.033e+03	+0.030
101.000	+6.141e+03	+9.348e+02	+6.680e+03	+0.132
101.200	+5.664e+03	+2.250e+03	+7.775e+03	+0.284
101.400	+5.057e+03	+1.648e+03	+7.909e+03	+0.246
101.600	+6.691e+03	+1.866e+02	+8.173e+03	+0.027
101.800	+6.058e+03	+1.307e+03	+6.130e+03	+0.178
102.000	+6.064e+03	+1.448e+03	+6.578e+03	+0.193
102.200	+5.532e+03	+3.115e+03	+6.977e+03	+0.360
102.400	+5.256e+03	+1.864e+03	+8.267e+03	+0.262
102.600	+4.844e+03	+1.316e+03	+7.663e+03	+0.214
102.800	+6.633e+03	+2.725e+03	+7.117e+03	+0.291
103.000	+6.300e+03	+2.124e+03	+7.244e+03	+0.252
103.200	+5.131e+03	+1.441e+03	+9.071e+03	+0.219
103.400	+5.226e+03	+2.090e+03	+5.912e+03	+0.286
103.600	+5.893e+03	+2.197e+03	+7.517e+03	+0.272
103.800	+4.670e+03	+1.506e+03	+5.991e+03	+0.244
104.000	+3.528e+03	+1.041e+03	+6.762e+03	+0.228
104.200	+4.958e+03	+1.943e+03	+5.215e+03	+0.281
104.400	+5.170e+03	+8.202e+02	+6.956e+03	+0.137
104.600	+5.618e+03	+1.570e+03	+6.795e+03	+0.218
104.800	+5.632e+03	+1.153e+03	+6.724e+03	+0.170
105.000	+5.256e+03	+3.434e+03	+6.259e+03	+0.395
105.200	+5.612e+03	+1.838e+03	+7.987e+03	+0.247
105.400	+5.240e+03	+1.970e+03	+7.790e+03	+0.273
105.600	+4.294e+03	+2.172e+03	+7.217e+03	+0.336
105.800	+7.136e+03	+1.784e+03	+7.758e+03	+0.200
106.000	+5.407e+03	+2.052e+03	+6.485e+03	+0.275
106.200	+5.670e+03	+1.715e+03	+6.419e+03	+0.232
106.400	+5.986e+03	+9.524e+02	+6.617e+03	+0.137
106.600	+5.034e+03	+1.216e+03	+8.878e+03	+0.195
106.800	+5.889e+03	+1.616e+03	+6.355e+03	+0.215
107.000	+7.463e+03	+1.326e+03	+6.533e+03	+0.151
107.200	+6.908e+03	+2.089e+03	+5.984e+03	+0.232
107.400	+5.269e+03	+1.041e+03	+7.406e+03	+0.165
107.600	+5.447e+03	+2.555e+03	+7.114e+03	+0.319
107.800	+4.110e+03	+1.584e+03	+8.158e+03	+0.278
108.000	+5.581e+03	+4.198e+02	+5.477e+03	+0.070
108.200	+5.480e+03	+1.201e+03	+9.375e+03	+0.180
108.400	+6.250e+03	+1.385e+03	+8.535e+03	+0.181
108.600	+5.837e+03	+8.631e+02	+6.745e+03	+0.129
108.800	+4.625e+03	+2.314e+03	+7.684e+03	+0.333
109.000	+5.197e+03	+2.322e+03	+7.314e+03	+0.309
109.200	+6.214e+03	+1.678e+03	+6.194e+03	+0.213
109.400	+4.562e+03	+3.396e+03	+8.398e+03	+0.427
109.600	+5.315e+03	+5.887e+02	+6.692e+03	+0.100
109.800	+5.089e+03	+2.052e+03	+8.005e+03	+0.287
110.000	+3.104e+03	+2.536e+03	+7.853e+03	+0.450
110.200	+6.040e+03	+2.197e+03	+8.049e+03	+0.267
110.400	+4.224e+03	+9.109e+02	+8.290e+03	+0.177
110.600	+4.414e+03	+1.100e+03	+8.915e+03	+0.200
110.800	+4.619e+03	+1.532e+03	+6.534e+03	+0.249
111.000	+6.267e+03	+2.565e+03	+7.570e+03	+0.290
111.200	+5.593e+03	+8.310e+02	+7.992e+03	+0.129
111.400	+3.852e+03	+1.912e+03	+6.292e+03	+0.332
111.600	+7.350e+03	+1.720e+03	+8.763e+03	+0.190
111.800	+6.280e+03	+1.807e+03	+5.989e+03	+0.223
112.000	+6.777e+03	+1.901e+03	+8.732e+03	+0.219
112.200	+5.651e+03	+1.650e+03	+7.031e+03	+0.226
112.400	+3.790e+03	+1.383e+03	+6.754e+03	+0.267
112.600	+4.856e+03	+1.140e+03	+7.896e+03	+0.190
112.800	+6.485e+03	+1.140e+03	+7.523e+03	+0.150
113.000	+5.891e+03	+1.163e+03	+1.004e+04	+0.165
113.200	+6.054e+03	+7.542e+02	+7.057e+03	+0.111
113.400	+6.136e+03	+9.636e+02	+7.047e+03	+0.136
113.600	+4.488e+03	+2.232e+03	+7.212e+03	+0.332
113.800	+5.731e+03	+2.446e+03	+7.401e+03	+0.299
114.000	+7.320e+03	+1.019e+03	+6.639e+03	+0.122
114.200	+5.684e+03	+2.267e+03	+9.096e+03	+0.285
114.400	+5.252e+03	+1.246e+03	+7.072e+03	+0.192
114.600	+6.417e+03	+1.652e+03	+5.511e+03	+0.205
114.800	+6.031e+03	+2.726e+03	+7.802e+03	+0.311
115.000	+6.104e+03	+1.670e+03	+8.451e+03	+0.215
115.200	+6.613e+03	+2.020e+03	+7.197e+03	+0.234
115.400	+5.781e+03	+1.982e+03	+6.553e+03	+0.255
115.600	+4.451e+03	+1.916e+03	+9.029e+03	+0.301
115.800	+4.950e+03	+7.326e+02	+7.859e+03	+0.129
116.000	+4.931e+03	+2.877e+03	+6.223e+03	+0.369
116.200	+5.263e+03	+1.781e+03	+6.746e+03	+0.253
116.400	+6.191e+03	+1.891e+03	+9.275e+03	+0.234
116.600	+5.673e+03	+2.635e+03	+8.716e+03	+0.317
116.800	+4.412e+03	+3.025e+03	+8.613e+03	+0.407
117.000	+4.769e+03	+3.006e+03	+7.377e+03	+0.387
117.200	+4.702e+03	+2.513e+03	+4.858e+03	+0.348
117.400	+5.526e+03	+1.608e+03	+7.470e+03	+0.225
117.600	+4.198e+03	+1.768e+03	+7.748e+03	+0.296
117.800	+5.336e+03	+2.812e+03	+5.721e+03	+0.345
118.000	+6.354e+03	+2.852e+03	+5.868e+03	+0.310
118.200	+5.463e+03	+2.609e+03	+7.231e+03	+0.323
118.400	+5.377e+03	+2.230e+03	+7.463e+03	+0.293
118.600	+4.993e+03	+2.497e+03	+6.634e+03	+0.333
118.800	+6.177e+03	+2.313e+03	+8.433e+03	+0.272
119.000	+6.238e+03	+1.926e+03	+7.995e+03	+0.236
119.200	+4.396e+03	+2.224e+03	+8.510e+03	+0.336
119.400	+5.358e+03	+1.571e+03	+7.997e+03	+0.227
119.600	+5.543e+03	+2.142e+03	+7.312e+03	+0.279
119.800	+4.422e+03	+2.118e+03	+5.445e+03	+0.324
120.000	+6.091e+03	+2.399e+03	+7.329e+03	+0.283
120.200	+6.969e+03	+1.487e+03	+5.912e+03	+0.176
120.400	+6.182e+03	+2.876e+03	+7.551e+03	+0.318
120.600	+5.866e+03	+1.758e+03	+6.865e+03	+0.231
120.800	+5.280e+03	+2.645e+03	+7.855e+03	+0.334
121.000	+4.750e+03	+1.618e+03	+6.434e+03	+0.254
121.200	+6.499e+03	+7.116e+02	+6.176e+03	+0.099
121.400	+5.493e+03	+1.003e+03	+8.136e+03	+0.154
121.600	+5.697e+03	+1.317e+03	+1.011e+04	+0.188
121.800	+5.015e+03	+1.614e+03	+5.179e+03	+0.244
122.000	+3.795e+03	+1.501e+03	+8.607e+03	+0.283
122.200	+5.887e+03	+2.324e+03	+7.807e+03	+0.283
122.400	+3.544e+03	+2.412e+03	+7.614e+03	+0.405
122.600	+6.110e+03	+1.918e+03	+6.219e+03	+0.239
122.800	+4.538e+03	+3.566e+02	+7.350e+03	+0.073
123.000	+6.873e+03	+1.672e+03	+6.615e+03	+0.196
123.200	+5.173e+03	+2.334e+03	+8.544e+03	+0.311
123.400	+4.120e+03	+3.101e+03	+8.229e+03	+0.429
123.600	+2.503e+03	+5.069e+03	+7.711e+03	+0.669
123.800	+1.755e+03	+4.964e+03	+7.563e+03	+0.739
124.000	+2.613e+03	+4.221e+03	+6.923e+03	+0.618
124.200	+6.773e+02	+5.404e+03	+8.609e+03	+0.889
124.400	+2.621e+03	+3.762e+03	+5.191e+03	+0.589
124.600	+1.665e+03	+5.144e+03	+7.169e+03	+0.755
124.800	+1.598e+03	+5.124e+03	+6.259e+03	+0.762
125.000	+2.402e+03	+5.862e+03	+6.642e+03	+0.709
125.200	+2.623e+03	+3.701e+03	+6.917e+03	+0.585
125.400	+2.480e+03	+5.952e+03	+7.989e+03	+0.706
125.600	+1.522e+03	+6.154e+03	+7.880e+03	+0.802
125.800	+2.145e+03	+6.156e+03	+7.137e+03	+0.742
126.000	+1.550e+03	+5.927e+03	+7.934e+03	+0.793
126.200	+1.422e+03	+5.278e+03	+8.295e+03	+0.788
126.400	+3.374e+03	+5.250e+03	+6.804e+03	+0.609
126.600	+7.433e+03	+2.354e+03	+6.436e+03	+0.240
126.800	+3.118e+03	+4.966e+03	+6.512e+03	+0.614
127.000	+1.770e+03	+6.319e+03	+7.896e+03	+0.781
127.200	+1.815e+03	+5.083e+03	+7.850e+03	+0.737
127.400	+2.140e+03	+5.833e+03	+5.995e+03	+0.732
127.600	+2.696e+03	+5.112e+03	+6.372e+03	+0.655
127.800	+2.195e+03	+4.739e+03	+5.929e+03	+0.683
128.000	+1.028e+03	+4.840e+03	+6.635e+03	+0.825
128.200	+2.154e+03	+5.827e+03	+8.303e+03	+0.730
128.400	+2.538e+03	+3.774e+03	+7.851e+03	+0.598
128.600	+1.976e+03	+6.217e+03	+7.317e+03	+0.759
128.800	+2.755e+03	+4.031e+03	+6.808e+03	+0.594
129.000	+3.408e+03	+5.420e+03	+9.429e+03	+0.614
129.200	+1.596e+03	+7.104e+03	+7.905e+03	+0.817
129.400	+2.283e+03	+3.987e+03	+8.307e+03	+0.636
129.600	+1.233e+03	+5.373e+03	+7.511e+03	+0.813
129.800	+1.356e+03	+4.699e+03	+8.384e+03	+0.776
130.000	+1.087e+03	+3.536e+03	+7.513e+03	+0.765
130.200	+3.057e+03	+5.061e+03	+6.037e+03	+0.623
130.400	+4.345e+03	+2.834e+03	+6.871e+03	+0.395
130.600	+5.754e+03	+2.242e+03	+8.785e+03	+0.280
130.800	+5.784e+03	+1.521e+03	+7.733e+03	+0.208
131.000	+5.699e+03	+1.216e+03	+6.985e+03	+0.176
131.200	+4.737e+03	+2.322e+03	+7.942e+03	+0.329
131.400	+4.236e+03	+2.187e+03	+7.587e+03	+0.340
131.600	+5.949e+03	+1.547e+03	+8.609e+03	+0.206
131.800	+4.452e+03	+2.275e+03	+6.575e+03	+0.338
132.000	+4.622e+03	+8.175e+01	+6.686e+03	+0.017
132.200	+5.482e+03	+1.506e+03	+6.620e+03	+0.216
132.400	+4.874e+03	+1.670e+03	+6.631e+03	+0.255
132.600	+6.480e+03	+6.828e+02	+8.083e+03	+0.095
132.800	+6.897e+03	+8.216e+02	+9.043e+03	+0.106
133.000	+6.812e+03	+2.261e+03	+7.240e+03	+0.249
133.200	+4.126e+03	+3.349e+03	+7.445e+03	+0.448
133.400	+4.726e+03	+1.319e+03	+6.545e+03	+0.218
133.600	+6.046e+03	+1.538e+03	+7.907e+03	+0.203
133.800	+5.975e+03	+1.191e+03	+8.728e+03	+0.166
134.000	+5.212e+03	+2.414e+03	+6.931e+03	+0.317
134.200	+4.600e+03	+2.845e+03	+7.914e+03	+0.382
134.400	+5.057e+03	+2.049e+03	+7.105e+03	+0.288
134.600	+6.151e+03	+9.662e+02	+6.845e+03	+0.136
134.800	+4.323e+03	+1.745e+03	+7.451e+03	+0.288
135.000	+5.912e+03	+2.636e+03	+7.671e+03	+0.308
135.200	+4.799e+03	+2.774e+03	+6.995e+03	+0.366
135.400	+5.426e+03	+2.776e+03	+7.093e+03	+0.338
135.600	+5.568e+03	+1.989e+03	+7.203e+03	+0.263
135.800	+5.670e+03	+2.215e+03	+9.395e+03	+0.281
136.000	+5.489e+03	+1.305e+03	+8.054e+03	+0.192
136.200	+5.442e+03	+1.956e+03	+8.119e+03	+0.264
136.400	+5.928e+03	+1.727e+03	+6.666e+03	+0.226
136.600	+5.064e+03	+1.787e+03	+7.486e+03	+0.261
136.800	+6.010e+03	+2.412e+03	+8.355e+03	+0.286
137.000	+6.106e+03	+1.994e+03	+7.758e+03	+0.246
137.200	+4.381e+03	+2.972e+03	+8.875e+03	+0.404
137.400	+5.342e+03	+1.025e+03	+8.919e+03	+0.161
137.600	+6.206e+03	+9.211e+02	+8.085e+03	+0.129
137.800	+6.179e+03	+1.856e+03	+7.366e+03	+0.231
138.000	+5.356e+03	+1.287e+03	+7.158e+03	+0.194
138.200	+5.298e+03	+2.749e+03	+6.141e+03	+0.342
138.400	+5.420e+03	+2.023e+03	+8.037e+03	+0.272
138.600	+4.090e+03	+1.376e+03	+5.726e+03	+0.252
138.800	+5.726e+03	+1.430e+03	+5.762e+03	+0.200
139.000	+4.585e+03	+2.054e+03	+6.194e+03	+0.309
139.200	+4.471e+03	+2.034e+03	+5.029e+03	+0.313
139.400	+5.435e+03	+1.558e+03	+7.000e+03	+0.223
139.600	+5.538e+03	+1.095e+03	+7.712e+03	+0.165
139.800	+5.583e+03	+2.528e+03	+7.850e+03	+0.312
140.000	+4.720e+03	+1.582e+03	+6.366e+03	+0.251
140.200	+6.066e+03	+1.154e+03	+7.824e+03	+0.160
140.400	+6.798e+03	+6.525e+02	+8.253e+03	+0.088
140.600	+5.692e+03	+1.404e+03	+7.247e+03	+0.198
140.800	+5.808e+03	+1.703e+03	+7.866e+03	+0.227
141.000	+5.103e+03	+1.820e+03	+8.024e+03	+0.263
141.200	+4.846e+03	+1.721e+03	+5.017e+03	+0.262
141.400	+4.891e+03	+1.295e+03	+7.691e+03	+0.209
141.600	+4.291e+03	+1.998e+03	+6.828e+03	+0.318
141.800	+5.849e+03	+9.757e+02	+8.104e+03	+0.143
142.000	+4.622e+03	+1.447e+03	+8.191e+03	+0.238
142.200	+6.098e+03	+2.129e+03	+8.155e+03	+0.259
142.400	+4.274e+03	+1.495e+03	+8.195e+03	+0.259
142.600	+5.561e+03	+1.995e+03	+7.135e+03	+0.264
142.800	+6.349e+03	+1.589e+03	+7.142e+03	+0.200
143.000	+4.045e+03	+1.367e+03	+6.813e+03	+0.253
143.200	+4.838e+03	+1.444e+03	+8.686e+03	+0.230
143.400	+6.575e+03	+6.351e+02	+7.734e+03	+0.088
143.600	+4.445e+03	+1.820e+03	+9.163e+03	+0.290
143.800	+4.186e+03	+1.528e+03	+7.754e+03	+0.267
144.000	+5.175e+03	+2.049e+03	+8.758e+03	+0.284
144.200	+5.742e+03	+1.265e+03	+7.418e+03	+0.181
144.400	+4.617e+03	+1.174e+03	+6.346e+03	+0.203
144.600	+5.207e+03	+1.554e+03	+7.543e+03	+0.230
144.800	+5.627e+03	+1.407e+03	+8.187e+03	+0.200
145.000	+5.169e+03	+2.465e+03	+9.301e+03	+0.323
145.200	+5.485e+03	+2.231e+03	+8.038e+03	+0.289
145.400	+5.955e+03	+1.141e+03	+9.064e+03	+0.161
145.600	+5.854e+03	+1.264e+03	+8.581e+03	+0.178
145.800	+3.224e+03	+2.098e+03	+7.787e+03	+0.394
146.000	+5.187e+03	+2.096e+03	+7.807e+03	+0.288
146.200	+6.049e+03	+2.026e+03	+7.436e+03	+0.251
146.400	+8.045e+03	+1.490e+03	+6.650e+03	+0.156
146.600	+6.186e+03	+2.946e+03	+7.116e+03	+0.323
146.800	+6.386e+03	+1.408e+03	+8.232e+03	+0.181
147.000	+5.464e+03	+1.636e+03	+5.125e+03	+0.230
147.200	+3.689e+03	+1.643e+03	+7.035e+03	+0.308
147.400	+4.560e+03	+2.774e+03	+6.976e+03	+0.378
147.600	+4.510e+03	+2.833e+03	+7.376e+03	+0.386
147.800	+5.530e+03	+2.196e+03	+8.116e+03	+0.284
148.000	+4.671e+03	+2.257e+03	+7.454e+03	+0.326
148.200	+6.402e+03	+2.194e+03	+8.105e+03	+0.255
148.400	+5.100e+03	+1.434e+03	+7.589e+03	+0.220
148.600	+4.220e+03	+2.571e+03	+6.882e+03	+0.379
148.800	+6.250e+03	+2.004e+03	+8.890e+03	+0.243
149.000	+5.619e+03	+3.430e+03	+6.189e+03	+0.379
149.200	+4.499e+03	+1.757e+03	+7.807e+03	+0.281
149.400	+5.628e+03	+1.080e+03	+8.455e+03	+0.161
149.600	+4.725e+03	+1.975e+03	+7.801e+03	+0.295
149.800	+6.301e+03	+2.766e+03	+7.121e+03	+0.305
150.000	+6.181e+03	+1.269e+03	+8.127e+03	+0.170
150.200	+4.139e+03	+1.504e+03	+9.729e+03	+0.267
150.400	+5.655e+03	+3.007e+03	+6.628e+03	+0.347
150.600	+6.534e+03	+2.980e+03	+6.532e+03	+0.313
150.800	+5.197e+03	+1.947e+03	+9.151e+03	+0.273
151.000	+7.990e+03	+1.831e+03	+8.090e+03	+0.186
151.200	+5.312e+03	+1.708e+03	+7.383e+03	+0.243
151.400	+4.946e+03	+1.585e+03	+9.692e+03	+0.243
151.600	+5.983e+03	+1.911e+03	+1.073e+04	+0.242
151.800	+5.714e+03	+1.370e+03	+5.791e+03	+0.193
152.000	+6.420e+03	+1.718e+03	+9.132e+03	+0.211
152.200	+6.074e+03	+1.157e+03	+7.516e+03	+0.160
152.400	+5.003e+03	+2.015e+03	+9.371e+03	+0.287
152.600	+5.389e+03	+2.251e+03	+6.917e+03	+0.295
152.800	+5.704e+03	+2.595e+03	+5.961e+03	+0.313
153.000	+5.687e+03	+2.257e+03	+7.142e+03	+0.284
153.200	+6.608e+03	+1.015e+03	+7.700e+03	+0.133
153.400	+5.344e+03	+1.586e+03	+8.386e+03	+0.229
153.600	+6.276e+03	+1.555e+03	+7.036e+03	+0.199
153.800	+5.910e+03	+1.273e+03	+8.228e+03	+0.177
154.000	+7.393e+03	+1.828e+03	+5.556e+03	+0.198
154.200	+6.609e+03	+1.867e+03	+7.759e+03	+0.220
154.400	+5.277e+03	+2.292e+03	+6.030e+03	+0.303
154.600	+4.911e+03	+9.208e+02	+6.447e+03	+0.158
154.800	+5.369e+03	+1.967e+03	+6.873e+03	+0.268
155.000	+5.839e+03	+2.630e+03	+7.908e+03	+0.311
155.200	+5.878e+03	+1.332e+03	+6.687e+03	+0.185
155.400	+6.576e+03	+1.762e+03	+9.211e+03	+0.211
155.600	+6.656e+03	+2.514e+03	+6.885e+03	+0.274
155.800	+6.277e+03	+1.836e+03	+7.322e+03	+0.226
156.000	+4.438e+03	+1.938e+03	+8.674e+03	+0.304
156.200	+5.829e+03	+1.138e+03	+7.780e+03	+0.163
156.400	+4.796e+03	+2.666e+03	+6.845e+03	+0.357
156.600	+5.723e+03	+2.372e+03	+6.073e+03	+0.293
156.800	+7.738e+03	+2.240e+03	+8.391e+03	+0.224
157.000	+4.466e+03	+5.865e+02	+6.411e+03	+0.116
157.200	+6.084e+03	+2.285e+03	+7.275e+03	+0.273
157.400	+5.431e+03	+2.698e+03	+8.221e+03	+0.332
157.600	+4.796e+03	+1.459e+03	+8.510e+03	+0.233
157.800	+4.265e+03	+4.635e+02	+6.436e+03	+0.098
158.000	+4.451e+03	+2.486e+03	+8.313e+03	+0.358
158.200	+5.268e+03	+1.410e+02	+8.486e+03	+0.026
158.400	+4.363e+03	+1.451e+03	+7.483e+03	+0.249
158.600	+4.025e+03	+1.716e+03	+6.232e+03	+0.299
158.800	+6.421e+03	-5.953e+02	+6.859e+03	-0.102
159.000	+3.857e+03	+3.915e+03	+6.612e+03	+0.504
159.200	+3.072e+03	+5.685e+03	+7.355e+03	+0.649
159.400	+1.666e+03	+5.009e+03	+1.001e+04	+0.750
159.600	+2.391e+02	+5.937e+03	+6.787e+03	+0.961
159.800	+1.182e+03	+6.434e+03	+6.835e+03	+0.845
160.000	+2.414e+03	+5.307e+03	+6.556e+03	+0.687
160.200	+1.658e+03	+4.476e+03	+6.104e+03	+0.730
160.400	+2.172e+03	+6.079e+03	+5.170e+03	+0.737
160.600	+2.292e+03	+4.903e+03	+6.849e+03	+0.681
160.800	+1.318e+03	+6.791e+03	+6.449e+03	+0.837
161.000	+1.748e+03	+5.104e+03	+6.402e+03	+0.745
161.200	+2.472e+03	+4.968e+03	+7.165e+03	+0.668
161.400	+2.323e+03	+4.229e+03	+6.611e+03	+0.645
161.600	+1.074e+03	+4.866e+03	+5.336e+03	+0.819
161.800	+1.579e+03	+5.336e+03	+8.204e+03	+0.772
162.000	+2.295e+03	+4.941e+03	+7.639e+03	+0.683
162.200	+1.598e+03	+4.824e+03	+8.278e+03	+0.751
162.400	+2.139e+03	+5.017e+03	+7.259e+03	+0.701
162.600	+1.251e+03	+4.496e+03	+7.326e+03	+0.782
162.800	+2.860e+03	+5.289e+03	+4.337e+03	+0.649
163.000	+8.431e+02	+5.020e+03	+7.587e+03	+0.856
163.200	+2.857e+03	+3.511e+03	+8.930e+03	+0.551
163.400	+2.205e+03	+4.613e+03	+8.096e+03	+0.677
163.600	+2.609e+03	+5.987e+03	+6.179e+03	+0.696
163.800	+1.141e+03	+4.886e+03	+6.233e+03	+0.811
164.000	+2.267e+03	+5.880e+03	+5.378e+03	+0.722
164.200	+1.774e+03	+5.592e+03	+6.615e+03	+0.759
164.400	+2.533e+03	+5.378e+03	+8.932e+03	+0.680
164.600	+2.249e+03	+4.457e+03	+6.031e+03	+0.665
164.800	+3.238e+03	+5.700e+03	+8.025e+03	+0.638
165.000	+1.981e+03	+4.931e+03	+6.069e+03	+0.713
165.200	+1.813e+03	+5.041e+03	+5.927e+03	+0.736
165.400	+2.204e+03	+5.384e+03	+5.556e+03	+0.710
165.600	+1.919e+03	+4.603e+03	+8.305e+03	+0.706
165.800	+3.134e+03	+6.824e+03	+9.590e+03	+0.685
166.000	+2.529e+03	+5.816e+03	+8.098e+03	+0.697
166.200	+2.200e+03	+4.274e+03	+8.337e+03	+0.660
166.400	+1.611e+03	+6.071e+03	+8.892e+03	+0.790
166.600	+2.625e+03	+4.821e+03	+8.693e+03	+0.647
166.800	+1.924e+03	+5.879e+03	+5.871e+03	+0.753
167.000	+2.762e+03	+6.280e+03	+6.577e+03	+0.694
167.200	+2.379e+03	+4.655e+03	+6.906e+03	+0.662
167.400	+3.438e+03	+6.966e+03	+8.182e+03	+0.670
167.600	+2.155e+03	+6.141e+03	+6.906e+03	+0.740
167.800	+3.043e+03	+4.870e+03	+6.184e+03	+0.615
168.000	+4.898e+03	+2.454e+03	+6.826e+03	+0.334
168.200	+6.286e+03	+1.568e+03	+6.664e+03	+0.200
168.400	+3.589e+03	+2.657e+03	+6.535e+03	+0.425
168.600	+3.408e+03	+2.456e+03	+7.200e+03	+0.419
168.800	+5.207e+03	+1.763e+03	+7.776e+03	+0.253
169.000	+7.094e+03	+1.040e+03	+7.969e+03	+0.128
169.200	+3.848e+03	+2.802e+03	+5.007e+03	+0.421
169.400	+4.061e+03	+1.542e+03	+5.427e+03	+0.275
169.600	+6.282e+03	+3.118e+03	+6.996e+03	+0.332
169.800	+5.571e+03	+9.974e+02	+6.006e+03	+0.152
170.000	+4.495e+03	+1.676e+03	+6.762e+03	+0.272
170.200	+5.351e+03	+9.141e+02	+6.906e+03	+0.146
170.400	+3.972e+03	+1.608e+03	+6.171e+03	+0.288
170.600	+5.873e+03	+2.422e+03	+8.157e+03	+0.292
170.800	+5.686e+03	+2.388e+03	+8.072e+03	+0.296
171.000	+4.475e+03	+1.784e+03	+6.537e+03	+0.285
171.200	+5.332e+03	+2.594e+03	+7.145e+03	+0.327
171.400	+6.338e+03	+1.405e+03	+6.350e+03	+0.181
171.600	+5.420e+03	+1.808e+03	+7.130e+03	+0.250
171.800	+4.420e+03	+1.967e+03	+7.705e+03	+0.308
172.000	+4.737e+03	+1.417e+03	+7.324e+03	+0.230
172.200	+5.003e+03	+3.508e+03	+6.141e+03	+0.412
172.400	+5.136e+03	+2.252e+03	+8.263e+03	+0.305
172.600	+6.063e+03	+2.411e+03	+5.723e+03	+0.284
172.800	+6.784e+03	+8.975e+02	+7.119e+03	+0.117
173.000	+4.122e+03	+3.043e+03	+7.767e+03	+0.425
173.200	+5.013e+03	+8.494e+02	+7.825e+03	+0.145
173.400	+7.405e+03	+2.661e+03	+8.036e+03	+0.264
173.600	+6.135e+03	+1.833e+03	+5.519e+03	+0.230
173.800	+7.474e+03	+1.120e+03	+7.838e+03	+0.130
174.000	+3.397e+03	+2.502e+03	+7.933e+03	+0.424
174.200	+5.253e+03	+1.947e+03	+6.568e+03	+0.270
174.400	+6.168e+03	+9.450e+02	+8.626e+03	+0.133
174.600	+7.020e+03	+2.393e+03	+4.683e+03	+0.254
174.800	+5.320e+03	+1.615e+03	+5.824e+03	+0.233
175.000	+5.612e+03	+2.242e+03	+6.632e+03	+0.285
175.200	+4.581e+03	+1.754e+03	+6.796e+03	+0.277
175.400	+4.198e+03	+1.182e+03	+7.199e+03	+0.220
175.600	+5.567e+03	+1.888e+03	+8.526e+03	+0.253
175.800	+4.663e+03	+1.949e+03	+8.055e+03	+0.295
176.000	+5.928e+03	+1.858e+03	+8.124e+03	+0.239
176.200	+5.787e+03	+1.914e+03	+7.620e+03	+0.249
176.400	+6.306e+03	+3.122e+03	+7.704e+03	+0.331
176.600	+4.589e+03	+2.945e+03	+7.185e+03	+0.391
176.800	+5.124e+03	+2.487e+03	+6.173e+03	+0.327
177.000	+6.516e+03	+1.133e+03	+5.515e+03	+0.148
177.200	+5.054e+03	+2.518e+03	+6.468e+03	+0.333
177.400	+4.212e+03	+3.003e+03	+5.420e+03	+0.416
177.600	+6.342e+03	+1.792e+03	+7.247e+03	+0.220
177.800	+5.831e+03	+1.680e+03	+7.944e+03	+0.224
178.000	+5.437e+03	+8.221e+02	+6.771e+03	+0.131
178.200	+4.537e+03	+2.659e+02	+5.842e+03	+0.055
178.400	+4.791e+03	+1.693e+03	+8.048e+03	+0.261
178.600	+6.253e+03	+2.493e+03	+7.411e+03	+0.285
178.800	+6.524e+03	+1.948e+03	+6.604e+03	+0.230
179.000	+3.518e+03	+7.941e+02	+9.588e+03	+0.184
179.200	+6.832e+03	+1.920e+03	+9.683e+03	+0.219
179.400	+2.304e+03	+6.174e+03	+6.840e+03	+0.728
179.600	+1.522e+03	+4.721e+03	+6.339e+03	+0.756
179.800	+1.519e+03	+5.676e+03	+6.786e+03	+0.789
180.000	+9.248e+02	+4.550e+03	+8.232e+03	+0.831
180.200	+2.011e+03	+5.009e+03	+9.786e+03	+0.714
180.400	+2.829e+03	+5.211e+03	+7.569e+03	+0.648
180.600	+1.548e+03	+6.306e+03	+5.784e+03	+0.803
180.800	+1.632e+03	+6.265e+03	+5.396e+03	+0.793
181.000	+2.191e+03	+5.349e+03	+9.998e+03	+0.709
181.200	+4.545e+03	+3.142e+03	+7.981e+03	+0.409
181.400	+4.827e+03	+3.346e+03	+5.954e+03	+0.409
181.600	+6.095e+03	+1.421e+03	+5.732e+03	+0.189
181.800	+2.467e+03	+4.149e+03	+6.940e+03	+0.627
182.000	+4.818e+03	+2.653e+03	+7.359e+03	+0.355
182.200	+5.729e+03	+5.721e+02	+6.461e+03	+0.091
182.400	+3.844e+03	+1.095e+03	+7.946e+03	+0.222
182.600	+5.615e+03	+2.446e+03	+5.875e+03	+0.303
182.800	+5.653e+03	+1.485e+03	+7.903e+03	+0.208
183.000	+5.651e+03	+2.775e+03	+5.935e+03	+0.329
183.200	+5.833e+03	+1.756e+03	+7.478e+03	+0.231
183.400	+5.184e+03	+2.160e+03	+8.396e+03	+0.294
183.600	+3.405e+03	+3.300e+03	+7.250e+03	+0.492
183.800	+2.265e+03	+5.618e+03	+8.256e+03	+0.713
184.000	+6.395e+02	+6.472e+03	+6.758e+03	+0.910
184.200	+2.766e+03	+4.249e+03	+7.610e+03	+0.606
184.400	+9.001e+02	+5.329e+03	+7.989e+03	+0.855
184.600	+8.911e+02	+5.776e+03	+9.028e+03	+0.866
184.800	+3.423e+03	+4.271e+03	+7.020e+03	+0.555
185.000	+2.138e+03	+4.845e+03	+7.770e+03	+0.694
185.200	+1.908e+03	+5.783e+03	+6.831e+03	+0.752
185.400	+2.529e+03	+5.403e+03	+6.870e+03	+0.681
185.600	+2.454e+03	+5.820e+03	+7.725e+03	+0.703
185.800	+2.335e+03	+4.869e+03	+8.277e+03	+0.676
186.000	+1.224e+03	+5.057e+03	+6.453e+03	+0.805
186.200	+3.299e+02	+4.497e+03	+8.396e+03	+0.932
186.400	+2.081e+03	+6.389e+03	+9.238e+03	+0.754
186.600	+6.912e+03	+3.273e+03	+6.769e+03	+0.321
186.800	+5.014e+03	+1.977e+03	+7.829e+03	+0.283
187.000	+5.760e+03	+1.198e+03	+6.823e+03	+0.172
187.200	+6.391e+03	+7.854e+02	+8.097e+03	+0.109
187.400	+6.714e+03	+2.094e+03	+8.094e+03	+0.238
187.600	+5.421e+03	+2.135e+03	+7.040e+03	+0.283
187.800	+6.191e+03	+2.345e+02	+6.743e+03	+0.036
188.000	+5.076e+03	+2.372e+03	+7.084e+03	+0.318
188.200	+5.709e+03	+2.133e+03	+7.157e+03	+0.272
188.400	+6.017e+03	+2.613e+03	+7.954e+03	+0.303
188.600	+5.425e+03	+1.976e+03	+5.978e+03	+0.267
188.800	+5.410e+03	+2.693e+03	+7.172e+03	+0.332
189.000	+5.337e+03	+9.643e+02	+8.920e+03	+0.153
189.200	+4.588e+03	+1.639e+03	+7.034e+03	+0.263
189.400	+3.567e+03	+1.463e+03	+6.320e+03	+0.291
189.600	+6.251e+03	+2.210e+03	+6.559e+03	+0.261
189.800	+5.349e+03	+2.276e+03	+7.414e+03	+0.299
190.000	+6.838e+03	+1.834e+03	+7.439e+03	+0.211
190.200	+4.109e+03	+1.167e+03	+5.854e+03	+0.221
190.400	+4.171e+03	+1.346e+03	+5.115e+03	+0.244
190.600	+5.329e+03	+1.959e+03	+8.532e+03	+0.269
190.800	+5.567e+03	+2.645e+03	+5.295e+03	+0.322
191.000	+6.433e+03	+2.507e+03	+9.774e+03	+0.280
191.200	+6.729e+03	+1.636e+03	+8.340e+03	+0.196
191.400	+5.393e+03	+2.265e+03	+8.068e+03	+0.296
191.600	+5.555e+03	+1.279e+03	+6.817e+03	+0.187
191.800	+5.020e+03	+8.682e+02	+6.074e+03	+0.147
192.000	+5.884e+03	+1.759e+03	+7.838e+03	+0.230
192.200	+4.825e+03	+1.423e+03	+6.280e+03	+0.228
192.400	+6.730e+03	+2.046e+03	+7.764e+03	+0.233
192.600	+4.645e+03	-4.981e+01	+6.060e+03	-0.011
192.800	+4.635e+03	+1.961e+03	+8.025e+03	+0.297
193.000	+5.159e+03	+1.229e+03	+1.038e+04	+0.192
193.200	+6.537e+03	+1.064e+03	+7.264e+03	+0.140
193.400	+7.520e+03	+1.330e+03	+6.798e+03	+0.150
193.600	+5.818e+03	+1.461e+03	+7.276e+03	+0.201
193.800	+4.870e+03	+2.423e+03	+4.896e+03	+0.332
194.000	+4.517e+03	+7.153e+02	+6.987e+03	+0.137
194.200	+5.998e+03	+1.912e+03	+7.972e+03	+0.242
194.400	+5.645e+03	+1.909e+03	+8.863e+03	+0.253
194.600	+5.582e+03	+1.718e+03	+6.377e+03	+0.235
194.800	+3.835e+03	+1.076e+03	+7.490e+03	+0.219
195.000	+4.264e+03	+2.370e+03	+6.758e+03	+0.357
195.200	+6.574e+03	+1.556e+03	+7.462e+03	+0.191
195.400	+6.395e+03	+2.331e+03	+5.859e+03	+0.267
195.600	+4.299e+03	+1.112e+03	+6.175e+03	+0.206
195.800	+6.271e+03	+1.834e+02	+6.666e+03	+0.028
196.000	+3.982e+03	+2.161e+03	+8.955e+03	+0.352
196.200	+4.041e+03	+3.473e+03	+6.897e+03	+0.462
196.400	+7.093e+03	+1.173e+03	+8.532e+03	+0.142
196.600	+6.236e+03	+2.240e+03	+8.238e+03	+0.264
196.800	+5.780e+03	+7.887e+02	+7.477e+03	+0.120
197.000	+5.013e+03	+1.416e+03	+7.015e+03	+0.220
197.200	+4.637e+03	+2.303e+03	+7.821e+03	+0.332
197.400	+5.190e+03	+1.353e+03	+7.100e+03	+0.207
197.600	+5.744e+03	+1.531e+03	+6.711e+03	+0.210
197.800	+6.715e+03	+1.178e+03	+9.267e+03	+0.149
198.000	+5.330e+03	+2.158e+03	+8.128e+03	+0.288
198.200	+5.422e+03	+2.881e+03	+7.313e+03	+0.347
198.400	+6.485e+03	+1.388e+03	+6.216e+03	+0.176
198.600	+5.299e+03	+2.258e+03	+8.602e+03	+0.299
198.800	+3.609e+03	+1.284e+03	+7.065e+03	+0.262
199.000	+5.772e+03	+7.977e+02	+5.434e+03	+0.121
199.200	+7.258e+03	+3.076e+03	+5.479e+03	+0.298
199.400	+5.483e+03	+1.864e+03	+6.320e+03	+0.254
199.600	+5.658e+03	+1.525e+03	+8.196e+03	+0.212
199.800	+7.304e+03	+1.724e+03	+7.111e+03	+0.191
200.000	+4.512e+03	+2.576e+03	+6.497e+03	+0.363
200.200	+5.337e+03	+1.613e+03	+8.717e+03	+0.232
200.400	+3.923e+03	+2.319e+03	+6.057e+03	+0.371
200.600	+6.215e+03	+8.888e+02	+6.619e+03	+0.125
200.800	+5.804e+03	+1.994e+03	+6.436e+03	+0.256
201.000	+5.463e+03	+1.965e+03	+6.291e+03	+0.265
201.200	+6.446e+03	+1.495e+03	+6.235e+03	+0.188
201.400	+5.231e+03	+1.751e+03	+6.905e+03	+0.251
201.600	+6.459e+03	+2.559e+03	+8.191e+03	+0.284
201.800	+6.576e+03	+2.388e+03	+5.783e+03	+0.266
202.000	+4.592e+03	+2.130e+03	+7.537e+03	+0.317
202.200	+6.590e+03	+1.315e+03	+7.003e+03	+0.166
202.400	+5.284e+03	+1.641e+03	+7.037e+03	+0.237
202.600	+5.452e+03	+2.438e+03	+8.506e+03	+0.309
202.800	+5.902e+03	+1.988e+03	+5.685e+03	+0.252
203.000	+4.589e+03	+2.967e+03	+5.158e+03	+0.393
203.200	+3.652e+03	+9.640e+02	+6.048e+03	+0.209
203.400	+4.528e+03	+9.288e+02	+7.341e+03	+0.170
203.600	+5.738e+03	+1.518e+03	+7.572e+03	+0.209
203.800	+6.105e+03	+2.554e+03	+7.994e+03	+0.295
204.000	+4.623e+03	+1.237e+03	+5.902e+03	+0.211
204.200	+6.551e+03	+7.863e+02	+7.585e+03	+0.107
204.400	+4.795e+03	+1.590e+03	+4.784e+03	+0.249
204.600	+4.470e+03	+1.094e+03	+7.511e+03	+0.197
204.800	+5.736e+03	+1.090e+03	+8.939e+03	+0.160
205.000	+6.074e+03	+2.126e+03	+5.978e+03	+0.259
205.200	+5.811e+03	+6.378e+02	+5.204e+03	+0.099
205.400	+5.129e+03	+1.835e+03	+7.546e+03	+0.264
205.600	+3.582e+03	+3.466e+03	+8.019e+03	+0.492
205.800	+1.606e+03	+5.222e+03	+8.602e+03	+0.765
206.000	+1.892e+03	+5.669e+03	+7.015e+03	+0.750
206.200	+2.167e+03	+6.044e+03	+9.579e+03	+0.736
206.400	+2.765e+03	+6.355e+03	+8.267e+03	+0.697
206.600	+9.274e+02	+3.846e+03	+7.360e+03	+0.806
206.800	+7.147e+02	+6.388e+03	+9.477e+03	+0.899
207.000	+1.582e+03	+5.883e+03	+8.512e+03	+0.788
207.200	+2.752e+03	+5.182e+03	+7.491e+03	+0.653
207.400	+1.376e+03	+6.183e+03	+7.017e+03	+0.818
207.600	+2.461e+03	+5.756e+03	+8.393e+03	+0.700
207.800	+2.804e+03	+4.438e+03	+8.915e+03	+0.613
208.000	+1.912e+03	+4.695e+03	+7.905e+03	+0.711
208.200	+6.394e+03	+2.866e+03	+7.314e+03	+0.310
208.400	+4.034e+03	+2.450e+03	+7.036e+03	+0.378
208.600	+5.613e+03	+1.369e+03	+7.785e+03	+0.196
208.800	+6.148e+03	+2.194e+03	+8.486e+03	+0.263
209.000	+7.042e+03	+1.049e+03	+7.595e+03	+0.130
209.200	+4.241e+03	+1.682e+03	+6.254e+03	+0.284
209.400	+6.035e+03	+1.363e+03	+6.446e+03	+0.184
209.600	+6.295e+03	+1.443e+03	+8.269e+03	+0.187
209.800	+5.506e+03	+1.657e+03	+8.159e+03	+0.231
210.000	+7.020e+03	+2.175e+03	+8.576e+03	+0.237
210.200	+6.990e+03	+1.935e+03	+9.059e+03	+0.217
210.400	+5.744e+03	+1.386e+03	+8.241e+03	+0.194
210.600	+5.989e+03	+1.909e+03	+7.000e+03	+0.242
210.800	+5.543e+03	+1.403e+03	+7.023e+03	+0.202
211.000	+5.477e+03	+1.938e+03	+6.163e+03	+0.261
211.200	+6.363e+03	+3.190e+03	+5.979e+03	+0.334
211.400	+7.515e+03	+1.059e+03	+8.109e+03	+0.123
211.600	+6.324e+03	+1.593e+03	+7.820e+03	+0.201
211.800	+5.925e+03	+1.176e+03	+6.815e+03	+0.166
212.000	+4.559e+03	+1.742e+03	+7.396e+03	+0.276
212.200	+4.542e+03	+7.679e+02	+5.955e+03	+0.145
212.400	+4.309e+03	+2.083e+03	+6.210e+03	+0.326
212.600	+6.123e+03	+2.596e+03	+6.960e+03	+0.298
212.800	+8.767e+03	+2.829e+03	+8.815e+03	+0.244
213.000	+3.953e+03	+2.260e+03	+6.503e+03	+0.364
213.200	+4.459e+03	+2.701e+03	+7.067e+03	+0.377
213.400	+4.281e+03	+8.921e+02	+6.749e+03	+0.172
213.600	+6.034e+03	+2.229e+03	+7.081e+03	+0.270
213.800	+3.766e+03	+9.795e+02	+5.952e+03	+0.206
214.000	+5.651e+03	+1.963e+03	+8.209e+03	+0.258
214.200	+5.124e+03	+1.728e+03	+6.287e+03	+0.252
214.400	+4.700e+03	+1.695e+03	+8.744e+03	+0.265
214.600	+5.449e+03	+1.576e+03	+6.732e+03	+0.224
214.800	+4.738e+03	+7.924e+02	+7.354e+03	+0.143
215.000	+5.050e+03	+9.873e+02	+7.571e+03	+0.164
215.200	+5.256e+03	+1.286e+03	+8.349e+03	+0.197
215.400	+7.032e+03	+1.435e+03	+8.167e+03	+0.169
215.600	+5.602e+03	+1.549e+03	+6.025e+03	+0.217
215.800	+5.035e+03	+2.507e+03	+7.464e+03	+0.332
