%t (s)	Idd (a.u.)	Ida (a.u.)	Iaa (a.u.)	FRET E
0.000	+1.355e+03	+6.013e+03	+7.243e+03	+0.816
0.200	+2.020e+03	+5.344e+03	+5.578e+03	+0.726
0.400	+4.388e+02	+5.164e+03	+7.128e+03	+0.922
0.600	+1.648e+03	+5.167e+03	+6.119e+03	+0.758
0.800	+1.171e+03	+6.407e+03	+6.147e+03	+0.845
1.000	+1.337e+03	+5.473e+03	+8.783e+03	+0.804
1.200	+2.036e+03	+4.974e+03	+5.901e+03	+0.710
1.400	+2.850e+02	+5.615e+03	+8.241e+03	+0.952
1.600	+2.099e+03	+6.015e+03	+6.806e+03	+0.741
1.800	+2.856e+03	+7.827e+03	+7.269e+03	+0.733
2.000	+2.921e+03	+4.215e+03	+7.581e+03	+0.591
2.200	+4.382e+03	+2.525e+03	+7.273e+03	+0.366
2.400	+4.534e+03	+1.508e+03	+8.423e+03	+0.250
2.600	+6.354e+03	+4.293e+02	+8.671e+03	+0.063
2.800	+5.637e+03	+1.640e+03	+6.737e+03	+0.225
3.000	+5.643e+03	+1.581e+03	+7.437e+03	+0.219
3.200	+6.282e+03	+1.657e+03	+6.280e+03	+0.209
3.400	+4.236e+03	+1.844e+03	+7.748e+03	+0.303
3.600	+6.843e+03	+1.122e+03	+7.925e+03	+0.141
3.800	+6.016e+03	+1.305e+03	+7.183e+03	+0.178
4.000	+4.182e+03	+2.680e+03	+8.480e+03	+0.391
4.200	+5.773e+03	+1.274e+03	+6.109e+03	+0.181
4.400	+7.360e+03	+1.677e+03	+6.902e+03	+0.186
4.600	+5.586e+03	+1.331e+03	+1.006e+04	+0.192
4.800	+6.529e+03	+1.804e+03	+6.718e+03	+0.216
5.000	+5.597e+03	+1.647e+03	+8.498e+03	+0.227
5.200	+5.643e+03	+1.957e+03	+6.900e+03	+0.257
5.400	+4.887e+03	+2.295e+03	+6.832e+03	+0.320
5.600	+6.446e+03	+2.737e+03	+8.764e+03	+0.298
5.800	+4.057e+03	+2.741e+03	+9.098e+03	+0.403
6.000	+3.922e+03	+2.525e+03	+7.471e+03	+0.392
6.200	+5.800e+03	+2.734e+03	+7.309e+03	+0.320
6.400	+5.433e+03	+1.893e+03	+8.134e+03	+0.258
6.600	+6.876e+03	+1.641e+03	+6.435e+03	+0.193
6.800	+4.967e+03	+1.706e+03	+6.529e+03	+0.256
7.000	+5.052e+03	+1.943e+03	+8.259e+03	+0.278
7.200	+4.836e+03	+2.340e+03	+8.960e+03	+0.326
7.400	+5.603e+03	+2.094e+03	+7.792e+03	+0.272
7.600	+4.075e+03	+1.176e+03	+5.873e+03	+0.224
7.800	+4.428e+03	+9.472e+02	+5.987e+03	+0.176
8.000	+5.551e+03	+2.226e+03	+7.510e+03	+0.286
8.200	+5.727e+03	+2.219e+03	+7.354e+03	+0.279
8.400	+5.376e+03	+1.901e+03	+7.595e+03	+0.261
8.600	+4.432e+03	+4.145e+02	+7.480e+03	+0.086
8.800	+6.451e+03	+1.990e+03	+8.123e+03	+0.236
9.000	+6.845e+03	+1.368e+03	+7.941e+03	+0.167
9.200	+3.269e+03	+4.637e+03	+7.459e+03	+0.587
9.400	+9.788e+02	+5.020e+03	+6.137e+03	+0.837
9.600	+3.247e+03	+4.753e+03	+8.458e+03	+0.594
9.800	+2.857e+03	+5.123e+03	+8.131e+03	+0.642
10.000	+2.700e+03	+4.688e+03	+7.426e+03	+0.635
10.200	+1.888e+03	+5.361e+03	+8.195e+03	+0.740
10.400	+2.014e+03	+5.550e+03	+8.712e+03	+0.734
10.600	+2.423e+03	+6.029e+03	+7.376e+03	+0.713
10.800	+2.644e+03	+5.537e+03	+7.381e+03	+0.677
11.000	+2.281e+03	+5.162e+03	+6.232e+03	+0.694
11.200	+2.389e+03	+5.667e+03	+8.394e+03	+0.703
11.400	+1.438e+03	+5.084e+03	+7.625e+03	+0.779
11.600	+4.745e+03	+3.916e+03	+7.375e+03	+0.452
11.800	+4.932e+03	+4.141e+03	+6.929e+03	+0.456
12.000	+7.547e+03	+1.911e+03	+6.787e+03	+0.202
12.200	+4.068e+03	+2.372e+03	+6.508e+03	+0.368
12.400	+5.802e+03	+1.938e+03	+7.480e+03	+0.250
12.600	+4.647e+03	+1.918e+03	+7.679e+03	+0.292
12.800	+5.154e+03	+1.039e+03	+7.227e+03	+0.168
13.000	+5.482e+03	+2.539e+03	+9.538e+03	+0.317
13.200	+4.596e+03	+1.726e+03	+5.928e+03	+0.273
13.400	+5.121e+03	+2.148e+03	+9.050e+03	+0.295
13.600	+5.363e+03	+1.414e+03	+5.675e+03	+0.209
13.800	+8.351e+03	+1.639e+03	+6.619e+03	+0.164
14.000	+4.876e+03	+2.480e+03	+5.419e+03	+0.337
14.200	+6.492e+03	+1.721e+03	+8.689e+03	+0.209
14.400	+4.475e+03	+3.015e+03	+8.774e+03	+0.402
14.600	+6.577e+03	+1.798e+03	+8.236e+03	+0.215
14.800	+6.483e+03	+2.139e+03	+6.560e+03	+0.248
15.000	+6.465e+03	+2.056e+03	+9.205e+03	+0.241
15.200	+6.923e+03	+1.638e+03	+7.432e+03	+0.191
15.400	+5.124e+03	+1.809e+03	+5.329e+03	+0.261
15.600	+4.329e+03	+1.054e+03	+6.981e+03	+0.196
15.800	+4.904e+03	+1.495e+03	+7.692e+03	+0.234
16.000	+3.580e+03	+4.199e+03	+7.034e+03	+0.540
16.200	+4.622e+02	+4.709e+03	+7.587e+03	+0.911
16.400	+1.489e+03	+3.763e+03	+6.887e+03	+0.716
16.600	+2.808e+03	+4.302e+03	+7.000e+03	+0.605
16.800	+3.500e+03	+6.090e+03	+7.187e+03	+0.635
17.000	+1.110e+03	+6.579e+03	+6.971e+03	+0.856
17.200	+2.759e+03	+5.662e+03	+6.433e+03	+0.672
17.400	+1.188e+03	+4.152e+03	+8.172e+03	+0.778
17.600	+4.189e+03	+1.623e+03	+6.197e+03	+0.279
17.800	+5.128e+03	+1.713e+03	+7.313e+03	+0.250
18.000	+5.880e+03	+1.647e+03	+7.930e+03	+0.219
18.200	+5.432e+03	+2.257e+03	+7.026e+03	+0.294
18.400	+6.582e+03	+1.744e+03	+7.434e+03	+0.209
18.600	+3.407e+03	+2.154e+03	+9.369e+03	+0.387
18.800	+4.406e+03	+2.996e+03	+7.599e+03	+0.405
19.000	+4.233e+03	+8.177e+02	+8.926e+03	+0.162
19.200	+6.587e+03	+1.039e+03	+6.541e+03	+0.136
19.400	+5.285e+03	+8.283e+02	+7.843e+03	+0.135
19.600	+6.419e+03	+2.105e+03	+7.642e+03	+0.247
19.800	+4.541e+03	+1.732e+03	+8.890e+03	+0.276
20.000	+5.101e+03	+2.393e+03	+6.897e+03	+0.319
20.200	+6.077e+03	+2.149e+03	+6.801e+03	+0.261
20.400	+5.319e+03	+1.467e+03	+7.432e+03	+0.216
20.600	+6.736e+03	+2.206e+03	+6.538e+03	+0.247
20.800	+5.606e+03	+1.415e+03	+7.602e+03	+0.202
21.000	+5.879e+03	+1.514e+03	+5.982e+03	+0.205
21.200	+5.284e+03	+1.221e+03	+7.521e+03	+0.188
21.400	+4.781e+03	+1.331e+03	+6.452e+03	+0.218
21.600	+3.910e+03	+1.880e+03	+7.170e+03	+0.325
21.800	+6.801e+03	+1.898e+03	+7.063e+03	+0.218
22.000	+5.919e+03	+1.905e+03	+8.579e+03	+0.243
22.200	+3.730e+03	+3.938e+03	+6.467e+03	+0.514
22.400	+1.451e+03	+4.583e+03	+7.631e+03	+0.760
22.600	+2.617e+03	+4.975e+03	+8.149e+03	+0.655
22.800	+1.720e+03	+5.423e+03	+5.948e+03	+0.759
23.000	+2.855e+03	+5.190e+03	+4.370e+03	+0.645
23.200	+2.043e+03	+3.981e+03	+8.909e+03	+0.661
23.400	+1.296e+03	+4.864e+03	+7.535e+03	+0.790
23.600	+1.826e+03	+4.984e+03	+7.151e+03	+0.732
23.800	+2.044e+03	+4.050e+03	+8.574e+03	+0.665
24.000	+1.146e+03	+5.185e+03	+7.505e+03	+0.819
24.200	+2.265e+03	+3.841e+03	+6.407e+03	+0.629
24.400	+2.522e+03	+5.600e+03	+5.716e+03	+0.689
24.600	+1.181e+03	+4.920e+03	+6.187e+03	+0.806
24.800	+1.678e+03	+5.823e+03	+6.586e+03	+0.776
25.000	+2.444e+03	+4.716e+03	+8.290e+03	+0.659
25.200	+1.426e+03	+5.880e+03	+6.289e+03	+0.805
25.400	+2.105e+03	+4.152e+03	+7.521e+03	+0.664
25.600	+3.045e+03	+3.008e+03	+7.713e+03	+0.497
25.800	+2.174e+03	+5.040e+03	+7.976e+03	+0.699
26.000	+1.647e+03	+5.699e+03	+7.431e+03	+0.776
26.200	+2.199e+03	+6.289e+03	+7.919e+03	+0.741
26.400	+2.967e+03	+3.967e+03	+6.210e+03	+0.572
26.600	+2.434e+03	+5.253e+03	+6.694e+03	+0.683
26.800	+2.644e+03	+4.643e+03	+6.921e+03	+0.637
27.000	+1.556e+03	+6.070e+03	+7.446e+03	+0.796
27.200	+2.211e+02	+4.261e+03	+6.259e+03	+0.951
27.400	+2.179e+03	+5.885e+03	+5.917e+03	+0.730
27.600	+2.384e+03	+5.522e+03	+6.904e+03	+0.698
27.800	+2.942e+03	+4.853e+03	+7.901e+03	+0.623
28.000	+3.306e+03	+5.825e+03	+5.946e+03	+0.638
28.200	+2.480e+03	+5.120e+03	+5.756e+03	+0.674
28.400	+2.647e+03	+5.531e+03	+7.199e+03	+0.676
28.600	+2.284e+03	+4.331e+03	+6.886e+03	+0.655
28.800	+2.071e+03	+3.653e+03	+7.501e+03	+0.638
29.000	+6.024e+03	+2.225e+03	+6.790e+03	+0.270
29.200	+5.110e+03	+8.712e+02	+7.399e+03	+0.146
29.400	+6.960e+03	+1.480e+03	+6.350e+03	+0.175
29.600	+6.439e+03	+1.216e+03	+7.259e+03	+0.159
29.800	+5.459e+03	+1.724e+03	+8.227e+03	+0.240
30.000	+4.818e+03	+1.939e+03	+7.308e+03	+0.287
30.200	+4.071e+03	+1.738e+03	+7.620e+03	+0.299
30.400	+6.132e+03	+8.777e+02	+4.337e+03	+0.125
30.600	+6.473e+03	+1.653e+03	+6.591e+03	+0.203
30.800	+3.543e+03	+1.953e+03	+6.555e+03	+0.355
31.000	+7.654e+03	+2.453e+03	+7.620e+03	+0.243
31.200	+5.117e+03	+1.782e+03	+6.972e+03	+0.258
31.400	+4.993e+03	+1.893e+03	+7.090e+03	+0.275
31.600	+5.450e+03	+1.792e+03	+6.403e+03	+0.247
31.800	+5.899e+03	+2.049e+03	+6.915e+03	+0.258
32.000	+6.226e+03	+2.418e+03	+6.024e+03	+0.280
32.200	+4.618e+03	+2.967e+03	+7.443e+03	+0.391
32.400	+6.528e+03	+1.284e+03	+8.788e+03	+0.164
32.600	+5.240e+03	+2.669e+03	+6.838e+03	+0.337
32.800	+5.365e+03	+2.630e+03	+6.727e+03	+0.329
33.000	+3.785e+03	+2.017e+03	+6.575e+03	+0.348
33.200	+4.675e+03	+1.652e+03	+6.042e+03	+0.261
33.400	+5.736e+03	+1.966e+03	+7.986e+03	+0.255
33.600	+5.945e+03	+1.348e+03	+8.485e+03	+0.185
33.800	+6.375e+03	+1.701e+03	+6.239e+03	+0.211
34.000	+6.450e+03	+2.902e+03	+6.110e+03	+0.310
34.200	+6.298e+03	+1.208e+03	+5.486e+03	+0.161
34.400	+5.521e+03	+1.752e+03	+7.793e+03	+0.241
34.600	+6.231e+03	+2.313e+03	+4.901e+03	+0.271
34.800	+4.534e+03	+2.655e+03	+7.720e+03	+0.369
35.000	+5.234e+03	+1.031e+03	+7.878e+03	+0.165
35.200	+5.238e+03	+2.868e+03	+6.982e+03	+0.354
35.400	+4.941e+03	+1.768e+03	+7.941e+03	+0.263
35.600	+5.088e+03	+7.871e+02	+6.913e+03	+0.134
35.800	+5.467e+03	+1.605e+03	+7.813e+03	+0.227
36.000	+5.288e+03	+1.289e+03	+7.395e+03	+0.196
36.200	+5.545e+03	+1.555e+03	+7.371e+03	+0.219
36.400	+4.529e+03	+2.031e+03	+7.857e+03	+0.310
36.600	+5.227e+03	+1.395e+03	+9.957e+03	+0.211
36.800	+6.780e+03	+1.388e+03	+7.043e+03	+0.170
37.000	+5.304e+03	-4.525e+02	+8.469e+03	-0.093
37.200	+4.905e+03	+2.245e+03	+6.712e+03	+0.314
37.400	+2.925e+03	+3.319e+03	+6.835e+03	+0.532
37.600	+2.589e+03	+4.096e+03	+9.172e+03	+0.613
37.800	+3.678e+03	+2.595e+03	+5.992e+03	+0.414
38.000	+6.385e+03	+2.563e+03	+8.872e+03	+0.286
38.200	+6.027e+03	+1.699e+03	+8.162e+03	+0.220
38.400	+6.665e+03	+1.812e+03	+5.300e+03	+0.214
38.600	+4.047e+03	+5.446e+02	+8.523e+03	+0.119
38.800	+3.556e+03	+4.035e+03	+6.284e+03	+0.532
39.000	+3.003e+03	+6.621e+03	+8.736e+03	+0.688
39.200	+1.095e+03	+7.345e+03	+6.572e+03	+0.870
39.400	+1.684e+03	+4.803e+03	+7.036e+03	+0.740
39.600	+2.046e+03	+5.214e+03	+7.891e+03	+0.718
39.800	+1.394e+02	+3.643e+03	+7.995e+03	+0.963
40.000	+1.353e+03	+5.029e+03	+7.738e+03	+0.788
40.200	+8.684e+02	+6.784e+03	+7.425e+03	+0.887
40.400	+1.954e+03	+5.286e+03	+7.400e+03	+0.730
40.600	+1.831e+03	+5.227e+03	+7.560e+03	+0.741
40.800	+3.027e+03	+3.753e+03	+7.828e+03	+0.554
41.000	+3.437e+03	+4.201e+03	+7.380e+03	+0.550
41.200	+1.685e+03	+5.840e+03	+7.757e+03	+0.776
41.400	+1.704e+03	+5.298e+03	+7.922e+03	+0.757
41.600	+1.221e+03	+5.703e+03	+6.605e+03	+0.824
41.800	+5.259e+02	+4.230e+03	+6.443e+03	+0.889
42.000	+1.750e+03	+5.034e+03	+5.770e+03	+0.742
42.200	+2.451e+03	+6.564e+03	+7.423e+03	+0.728
42.400	+1.742e+03	+4.846e+03	+8.830e+03	+0.736
42.600	+2.595e+03	+5.031e+03	+7.346e+03	+0.660
42.800	+2.159e+03	+4.268e+03	+5.236e+03	+0.664
43.000	+7.517e+02	+5.293e+03	+7.650e+03	+0.876
43.200	+2.283e+03	+3.401e+03	+8.130e+03	+0.598
43.400	+2.826e+03	+5.886e+03	+9.645e+03	+0.676
43.600	+1.746e+03	+5.304e+03	+6.629e+03	+0.752
43.800	+2.279e+03	+5.647e+03	+6.916e+03	+0.712
44.000	+2.750e+03	+6.450e+03	+8.314e+03	+0.701
44.200	+1.171e+03	+4.153e+03	+5.670e+03	+0.780
44.400	+3.312e+03	+4.496e+03	+6.762e+03	+0.576
44.600	+2.398e+03	+5.118e+03	+7.347e+03	+0.681
44.800	+1.748e+03	+6.332e+03	+8.145e+03	+0.784
45.000	+2.195e+03	+4.711e+03	+7.401e+03	+0.682
45.200	+1.797e+03	+4.254e+03	+7.101e+03	+0.703
45.400	+2.028e+03	+5.080e+03	+6.772e+03	+0.715
45.600	+1.926e+03	+3.969e+03	+7.046e+03	+0.673
45.800	+2.248e+03	+5.008e+03	+7.921e+03	+0.690
46.000	+8.754e+02	+4.539e+03	+6.727e+03	+0.838
46.200	+2.166e+03	+3.798e+03	+8.581e+03	+0.637
46.400	+2.250e+03	+4.000e+03	+7.704e+03	+0.640
46.600	+1.779e+03	+5.814e+03	+6.721e+03	+0.766
46.800	+1.476e+03	+6.454e+03	+6.618e+03	+0.814
47.000	+2.397e+03	+5.488e+03	+6.151e+03	+0.696
47.200	+2.230e+03	+5.011e+03	+8.562e+03	+0.692
47.400	+1.660e+03	+4.864e+03	+6.461e+03	+0.745
47.600	+2.860e+03	+5.837e+03	+8.042e+03	+0.671
47.800	+8.183e+02	+5.523e+03	+7.400e+03	+0.871
48.000	+1.231e+02	+5.108e+03	+8.728e+03	+0.976
48.200	+2.015e+03	+5.899e+03	+7.409e+03	+0.745
48.400	+1.120e+03	+5.448e+03	+5.702e+03	+0.829
48.600	+7.387e+02	+4.938e+03	+8.168e+03	+0.870
48.800	+1.998e+03	+5.705e+03	+5.739e+03	+0.741
49.000	+1.755e+03	+5.337e+03	+9.694e+03	+0.753
49.200	+2.218e+03	+6.442e+03	+8.019e+03	+0.744
49.400	+1.842e+03	+5.134e+03	+6.832e+03	+0.736
49.600	+1.284e+03	+4.666e+03	+7.895e+03	+0.784
49.800	+1.356e+02	+5.515e+03	+6.309e+03	+0.976
50.000	+2.391e+03	+4.636e+03	+7.325e+03	+0.660
50.200	+2.114e+03	+6.301e+03	+8.756e+03	+0.749
50.400	+1.215e+03	+5.705e+03	+8.992e+03	+0.824
50.600	+1.540e+03	+5.607e+03	+7.115e+03	+0.784
50.800	+1.174e+03	+6.188e+03	+6.327e+03	+0.841
51.000	+2.165e+03	+5.096e+03	+6.853e+03	+0.702
51.200	+1.107e+03	+5.046e+03	+7.613e+03	+0.820
51.400	+1.061e+03	+6.804e+03	+6.136e+03	+0.865
51.600	+2.998e+03	+5.386e+03	+6.569e+03	+0.642
51.800	+1.327e+03	+5.885e+03	+9.036e+03	+0.816
52.000	+2.282e+03	+5.205e+03	+8.031e+03	+0.695
52.200	+1.729e+03	+5.216e+03	+6.792e+03	+0.751
52.400	+2.907e+03	+5.002e+03	+5.709e+03	+0.632
52.600	+1.422e+03	+4.564e+03	+7.466e+03	+0.762
52.800	+2.551e+03	+5.739e+03	+6.848e+03	+0.692
53.000	+1.786e+03	+6.878e+03	+7.377e+03	+0.794
53.200	+2.099e+03	+4.775e+03	+7.950e+03	+0.695
53.400	+3.135e+03	+4.088e+03	+6.916e+03	+0.566
53.600	+3.078e+03	+3.638e+03	+8.269e+03	+0.542
53.800	+6.125e+02	+6.074e+03	+8.472e+03	+0.908
54.000	+2.904e+03	+5.747e+03	+7.019e+03	+0.664
54.200	+2.573e+03	+6.930e+03	+6.959e+03	+0.729
54.400	+1.748e+03	+5.064e+03	+8.308e+03	+0.743
54.600	+1.838e+03	+6.266e+03	+8.265e+03	+0.773
54.800	+1.912e+03	+5.114e+03	+7.536e+03	+0.728
55.000	+2.145e+03	+5.833e+03	+5.122e+03	+0.731
55.200	+2.338e+03	+6.353e+03	+6.745e+03	+0.731
55.400	+2.898e+03	+5.831e+03	+7.254e+03	+0.668
55.600	+2.020e+03	+5.337e+03	+7.782e+03	+0.725
55.800	+1.865e+03	+6.388e+03	+7.788e+03	+0.774
56.000	+2.221e+03	+4.423e+03	+7.882e+03	+0.666
56.200	+2.028e+03	+3.025e+03	+5.405e+03	+0.599
56.400	+2.093e+03	+6.003e+03	+5.527e+03	+0.741
56.600	+2.670e+03	+5.247e+03	+7.703e+03	+0.663
56.800	+1.304e+03	+4.664e+03	+5.706e+03	+0.781
57.000	+2.041e+03	+6.365e+03	+6.821e+03	+0.757
57.200	+8.683e+02	+4.589e+03	+7.557e+03	+0.841
57.400	+3.125e+03	+3.059e+03	+7.651e+03	+0.495
57.600	+1.719e+03	+4.208e+03	+8.977e+03	+0.710
57.800	+9.756e+02	+5.630e+03	+8.307e+03	+0.852
58.000	+3.144e+03	+4.225e+03	+8.367e+03	+0.573
58.200	+2.304e+03	+5.782e+03	+7.936e+03	+0.715
58.400	+3.409e+03	+5.899e+03	+5.172e+03	+0.634
58.600	+2.412e+03	+6.549e+03	+5.634e+03	+0.731
58.800	+1.978e+03	+5.316e+03	+8.703e+03	+0.729
59.000	+2.495e+03	+5.385e+03	+8.643e+03	+0.683
59.200	+3.453e+03	+5.017e+03	+6.906e+03	+0.592
59.400	+1.823e+03	+4.177e+03	+5.421e+03	+0.696
59.600	+2.842e+03	+4.337e+03	+6.653e+03	+0.604
59.800	+1.693e+03	+5.485e+03	+6.734e+03	+0.764
60.000	+2.448e+03	+5.990e+03	+6.486e+03	+0.710
60.200	+1.000e+03	+4.874e+03	+8.751e+03	+0.830
60.400	+2.082e+03	+4.620e+03	+7.227e+03	+0.689
60.600	+3.869e+03	+1.085e+03	+9.442e+03	+0.219
60.800	+5.417e+03	+2.550e+03	+5.641e+03	+0.320
61.000	+5.283e+03	+3.024e+03	+4.690e+03	+0.364
61.200	+3.160e+03	+1.346e+03	+8.262e+03	+0.299
61.400	+6.242e+03	+2.472e+03	+7.673e+03	+0.284
61.600	+5.275e+03	+2.540e+03	+7.734e+03	+0.325
61.800	+5.160e+03	+9.890e+02	+5.843e+03	+0.161
62.000	+5.960e+03	+1.460e+03	+8.326e+03	+0.197
62.200	+5.537e+03	+1.230e+03	+9.496e+03	+0.182
62.400	+6.275e+03	+2.215e+03	+7.340e+03	+0.261
62.600	+4.922e+03	+1.143e+03	+6.301e+03	+0.189
62.800	+4.718e+03	+1.312e+03	+7.954e+03	+0.218
63.000	+6.286e+03	+6.031e+02	+7.877e+03	+0.088
63.200	+5.536e+03	+1.422e+03	+6.835e+03	+0.204
63.400	+5.321e+03	+2.198e+03	+8.112e+03	+0.292
63.600	+6.476e+03	+2.455e+03	+6.110e+03	+0.275
63.800	+4.160e+03	+1.558e+03	+7.905e+03	+0.272
64.000	+5.382e+03	+2.319e+03	+6.696e+03	+0.301
64.200	+5.761e+03	+2.038e+03	+6.644e+03	+0.261
64.400	+3.201e+03	+2.815e+03	+5.037e+03	+0.468
64.600	+2.047e+03	+4.634e+03	+8.904e+03	+0.694
64.800	+2.848e+03	+5.583e+03	+6.317e+03	+0.662
65.000	+1.586e+03	+6.363e+03	+7.188e+03	+0.801
65.200	+1.565e+03	+3.976e+03	+8.072e+03	+0.717
65.400	+2.089e+03	+5.833e+03	+9.375e+03	+0.736
65.600	+1.171e+03	+4.682e+03	+6.431e+03	+0.800
65.800	+2.148e+03	+4.269e+03	+7.498e+03	+0.665
66.000	+2.820e+03	+6.428e+03	+6.933e+03	+0.695
66.200	+9.480e+02	+5.634e+03	+8.187e+03	+0.856
66.400	+1.349e+03	+5.973e+03	+7.084e+03	+0.816
66.600	+1.841e+03	+3.735e+03	+5.961e+03	+0.670
66.800	+1.948e+03	+4.955e+03	+6.858e+03	+0.718
67.000	+1.819e+03	+5.283e+03	+6.981e+03	+0.744
67.200	+1.133e+03	+4.534e+03	+6.402e+03	+0.800
67.400	+1.819e+03	+5.421e+03	+7.237e+03	+0.749
67.600	+2.717e+03	+5.298e+03	+6.001e+03	+0.661
67.800	+2.045e+03	+5.287e+03	+7.167e+03	+0.721
68.000	+3.616e+03	+6.068e+03	+6.288e+03	+0.627
68.200	+1.594e+03	+4.661e+03	+7.639e+03	+0.745
68.400	+1.514e+03	+4.833e+03	+6.385e+03	+0.761
68.600	+2.289e+03	+5.649e+03	+7.781e+03	+0.712
68.800	+2.116e+03	+3.787e+03	+5.741e+03	+0.642
69.000	+1.339e+03	+3.900e+03	+7.378e+03	+0.744
69.200	+2.235e+03	+6.353e+03	+7.336e+03	+0.740
69.400	+2.528e+03	+4.586e+03	+6.280e+03	+0.645
69.600	+1.639e+03	+5.424e+03	+7.260e+03	+0.768
69.800	+1.698e+03	+5.751e+03	+7.123e+03	+0.772
70.000	+2.289e+03	+5.609e+03	+6.351e+03	+0.710
70.200	+1.756e+03	+6.069e+03	+6.987e+03	+0.776
70.400	+2.175e+03	+5.376e+03	+7.366e+03	+0.712
70.600	+2.175e+03	+4.847e+03	+7.059e+03	+0.690
70.800	+2.143e+03	+6.263e+03	+7.853e+03	+0.745
71.000	+5.172e+03	+2.305e+03	+6.559e+03	+0.308
71.200	+5.307e+03	+1.739e+03	+6.512e+03	+0.247
71.400	+5.508e+03	+2.282e+03	+5.490e+03	+0.293
71.600	+6.393e+03	+1.463e+03	+7.347e+03	+0.186
71.800	+4.553e+03	+1.706e+03	+6.240e+03	+0.273
72.000	+5.360e+03	+1.747e+03	+8.225e+03	+0.246
72.200	+4.739e+03	+2.081e+03	+8.756e+03	+0.305
72.400	+5.958e+03	+1.391e+03	+7.565e+03	+0.189
72.600	+6.269e+03	+2.255e+03	+6.002e+03	+0.265
72.800	+5.049e+03	+6.920e+02	+7.422e+03	+0.121
73.000	+5.542e+03	+1.092e+03	+7.953e+03	+0.165
73.200	+6.587e+03	+1.844e+03	+5.999e+03	+0.219
73.400	+5.441e+03	+2.031e+03	+7.012e+03	+0.272
73.600	+6.232e+03	+1.201e+03	+6.879e+03	+0.162
73.800	+4.705e+03	+1.573e+03	+8.084e+03	+0.251
74.000	+4.830e+03	+2.257e+03	+5.061e+03	+0.318
74.200	+4.711e+03	+1.456e+03	+9.785e+03	+0.236
74.400	+6.282e+03	+3.196e+03	+7.928e+03	+0.337
74.600	+5.725e+03	+1.740e+03	+7.279e+03	+0.233
74.800	+5.780e+03	+1.223e+03	+8.557e+03	+0.175
75.000	+5.042e+03	+2.079e+03	+7.180e+03	+0.292
75.200	+1.670e+03	+5.039e+03	+7.183e+03	+0.751
75.400	+1.709e+03	+4.132e+03	+6.649e+03	+0.707
75.600	+1.441e+03	+5.221e+03	+6.497e+03	+0.784
75.800	+2.282e+03	+4.677e+03	+6.842e+03	+0.672
76.000	+2.018e+03	+4.671e+03	+8.675e+03	+0.698
76.200	+5.986e+03	+1.280e+03	+8.763e+03	+0.176
76.400	+4.479e+03	+1.539e+03	+6.743e+03	+0.256
76.600	+6.136e+03	+2.346e+03	+7.554e+03	+0.277
76.800	+5.450e+03	+9.137e+02	+7.695e+03	+0.144
77.000	+4.593e+03	+2.880e+03	+7.479e+03	+0.385
77.200	+4.342e+03	+2.787e+03	+6.038e+03	+0.391
77.400	+6.399e+03	+2.137e+03	+6.394e+03	+0.250
77.600	+5.664e+03	+1.568e+03	+9.039e+03	+0.217
77.800	+5.628e+03	+8.241e+02	+6.549e+03	+0.128
78.000	+6.280e+03	+6.297e+02	+6.442e+03	+0.091
78.200	+4.845e+03	+2.197e+03	+6.645e+03	+0.312
78.400	+7.060e+03	+2.196e+03	+7.510e+03	+0.237
78.600	+4.926e+03	+1.538e+03	+6.158e+03	+0.238
78.800	+4.480e+03	+1.068e+03	+6.798e+03	+0.193
79.000	+4.308e+03	+1.843e+03	+5.595e+03	+0.300
79.200	+4.633e+03	+1.926e+03	+6.046e+03	+0.294
79.400	+6.883e+03	+1.744e+03	+6.917e+03	+0.202
79.600	+4.601e+03	+8.698e+02	+7.885e+03	+0.159
79.800	+5.333e+03	+1.761e+03	+8.616e+03	+0.248
80.000	+5.355e+03	+9.609e+02	+5.872e+03	+0.152
80.200	+5.424e+03	+1.633e+03	+7.212e+03	+0.231
80.400	+6.059e+03	+1.952e+03	+9.109e+03	+0.244
80.600	+6.102e+03	+2.799e+03	+6.353e+03	+0.314
80.800	+5.474e+03	+7.211e+02	+8.611e+03	+0.116
81.000	+5.213e+03	+1.776e+03	+6.971e+03	+0.254
81.200	+6.739e+03	+1.639e+03	+6.737e+03	+0.196
81.400	+4.573e+03	+1.656e+03	+6.360e+03	+0.266
81.600	+3.473e+03	+1.972e+03	+8.592e+03	+0.362
81.800	+6.405e+03	+1.451e+03	+6.131e+03	+0.185
82.000	+4.822e+03	+1.301e+03	+5.778e+03	+0.212
82.200	+6.664e+03	+1.732e+03	+6.778e+03	+0.206
82.400	+6.611e+03	+2.872e+03	+8.781e+03	+0.303
82.600	+4.487e+03	+7.548e+02	+8.774e+03	+0.144
82.800	+4.235e+03	+2.094e+03	+6.794e+03	+0.331
83.000	+5.165e+03	+1.070e+03	+7.939e+03	+0.172
83.200	+6.250e+03	+8.119e+02	+6.945e+03	+0.115
83.400	+5.412e+03	+2.573e+03	+8.972e+03	+0.322
83.600	+6.071e+03	+9.669e+02	+6.492e+03	+0.137
83.800	+6.117e+03	+2.118e+03	+8.905e+03	+0.257
84.000	+4.006e+03	+3.275e+03	+7.030e+03	+0.450
84.200	+1.929e+03	+4.885e+03	+7.574e+03	+0.717
84.400	+2.066e+03	+5.072e+03	+6.532e+03	+0.711
84.600	+3.035e+03	+4.203e+03	+7.788e+03	+0.581
84.800	+1.982e+03	+4.647e+03	+6.067e+03	+0.701
85.000	+2.630e+03	+5.777e+03	+5.897e+03	+0.687
85.200	+2.035e+03	+7.006e+03	+6.434e+03	+0.775
85.400	+1.228e+03	+4.889e+03	+7.310e+03	+0.799
85.600	+1.627e+03	+6.316e+03	+7.208e+03	+0.795
85.800	+1.592e+03	+3.926e+03	+6.751e+03	+0.711
86.000	+2.549e+03	+6.450e+03	+6.376e+03	+0.717
86.200	+2.562e+03	+4.008e+03	+8.155e+03	+0.610
86.400	+2.572e+03	+5.363e+03	+8.399e+03	+0.676
86.600	+1.411e+03	+5.596e+03	+5.854e+03	+0.799
86.800	+2.857e+03	+5.694e+03	+5.779e+03	+0.666
87.000	+8.567e+02	+5.470e+03	+7.616e+03	+0.865
87.200	+1.170e+03	+6.111e+03	+6.178e+03	+0.839
87.400	+5.194e+03	+3.633e+03	+8.153e+03	+0.412
87.600	+5.522e+03	+1.359e+03	+9.359e+03	+0.198
87.800	+4.810e+03	+1.814e+03	+7.553e+03	+0.274
88.000	+5.243e+03	+1.628e+03	+7.402e+03	+0.237
88.200	+5.170e+03	+2.347e+03	+7.509e+03	+0.312
88.400	+3.961e+03	+2.174e+03	+7.627e+03	+0.354
88.600	+4.368e+03	+1.922e+03	+6.242e+03	+0.306
88.800	+6.185e+03	+1.083e+03	+6.252e+03	+0.149
89.000	+6.382e+03	+1.697e+03	+6.097e+03	+0.210
89.200	+5.526e+03	+1.094e+03	+9.321e+03	+0.165
89.400	+5.288e+03	+1.899e+03	+6.373e+03	+0.264
89.600	+4.734e+03	+5.136e+02	+7.285e+03	+0.098
89.800	+5.267e+03	+2.576e+03	+8.162e+03	+0.328
90.000	+3.819e+03	+4.953e+03	+7.416e+03	+0.565
90.200	+2.794e+03	+4.324e+03	+5.780e+03	+0.607
90.400	+2.436e+03	+4.246e+03	+6.438e+03	+0.635
90.600	+2.726e+03	+5.949e+03	+7.367e+03	+0.686
90.800	+1.338e+02	+4.598e+03	+7.008e+03	+0.972
91.000	+1.942e+03	+5.754e+03	+7.788e+03	+0.748
91.200	+1.755e+03	+5.454e+03	+5.882e+03	+0.757
91.400	+1.170e+03	+4.652e+03	+8.552e+03	+0.799
91.600	+3.615e+03	+4.277e+03	+8.584e+03	+0.542
91.800	+1.776e+03	+5.370e+03	+6.129e+03	+0.751
92.000	+1.585e+03	+3.996e+03	+8.341e+03	+0.716
92.200	+2.562e+03	+4.429e+03	+7.690e+03	+0.633
92.400	+1.832e+03	+4.541e+03	+5.619e+03	+0.713
92.600	+2.665e+03	+5.398e+03	+7.830e+03	+0.669
92.800	+6.855e+03	+1.693e+03	+7.845e+03	+0.198
93.000	+6.492e+03	+2.147e+03	+6.157e+03	+0.249
93.200	+4.122e+03	+2.488e+03	+9.434e+03	+0.376
93.400	+6.044e+03	+9.351e+02	+5.753e+03	+0.134
93.600	+4.524e+03	+2.267e+03	+7.442e+03	+0.334
93.800	+3.881e+03	+8.266e+02	+7.220e+03	+0.176
94.000	+4.361e+03	+1.130e+03	+5.647e+03	+0.206
94.200	+5.804e+03	+2.096e+03	+7.888e+03	+0.265
94.400	+5.185e+03	+1.397e+03	+4.737e+03	+0.212
94.600	+5.829e+03	+1.205e+03	+7.293e+03	+0.171
94.800	+4.125e+03	+2.002e+03	+8.176e+03	+0.327
95.000	+5.004e+03	+9.552e+02	+6.907e+03	+0.160
95.200	+5.234e+03	+6.560e+02	+7.031e+03	+0.111
95.400	+6.871e+03	+1.203e+03	+7.981e+03	+0.149
95.600	+5.884e+03	+2.052e+03	+7.910e+03	+0.259
95.800	+5.362e+03	+6.886e+02	+1.020e+04	+0.114
96.000	+6.102e+03	+2.369e+03	+7.392e+03	+0.280
96.200	+6.026e+03	+1.355e+03	+8.325e+03	+0.184
96.400	+4.799e+03	+1.718e+03	+7.279e+03	+0.264
96.600	+5.283e+03	+2.126e+03	+8.905e+03	+0.287
96.800	+5.152e+03	+2.194e+03	+7.942e+03	+0.299
97.000	+6.174e+03	+1.728e+03	+6.715e+03	+0.219
97.200	+5.763e+03	+2.178e+03	+5.887e+03	+0.274
97.400	+6.387e+03	+2.660e+03	+6.625e+03	+0.294
97.600	+4.358e+03	+5.575e+02	+9.007e+03	+0.113
97.800	+5.114e+03	+2.700e+03	+5.505e+03	+0.346
98.000	+5.943e+03	+1.399e+03	+7.032e+03	+0.191
98.200	+4.861e+03	+2.166e+03	+7.482e+03	+0.308
98.400	+4.862e+03	+1.500e+03	+7.101e+03	+0.236
98.600	+5.507e+03	+1.471e+03	+6.908e+03	+0.211
98.800	+4.731e+03	+1.810e+03	+8.097e+03	+0.277
99.000	+5.691e+03	+1.246e+03	+6.997e+03	+0.180
99.200	+3.490e+03	+1.104e+03	+7.452e+03	+0.240
99.400	+5.821e+03	+2.340e+03	+7.698e+03	+0.287
99.600	+5.296e+03	+1.630e+03	+6.282e+03	+0.235
99.800	+6.086e+03	+1.672e+03	+7.313e+03	+0.215
100.000	+5.001e+03	+2.324e+03	+6.303e+03	+0.317
100.200	+5.685e+03	+1.067e+03	+7.290e+03	+0.158
100.400	+6.108e+03	+2.062e+03	+6.619e+03	+0.252
100.600	+5.026e+03	+2.821e+03	+7.213e+03	+0.360
100.800	+7.042e+03	+2.121e+03	+5.915e+03	+0.231
101.000	+6.258e+03	+2.314e+03	+5.632e+03	+0.270
101.200	+6.145e+03	+2.201e+03	+5.923e+03	+0.264
101.400	+5.846e+03	+1.108e+03	+6.739e+03	+0.159
101.600	+5.749e+03	+9.133e+02	+7.385e+03	+0.137
101.800	+4.675e+03	+2.100e+03	+7.406e+03	+0.310
102.000	+5.224e+03	+2.095e+03	+6.675e+03	+0.286
102.200	+4.683e+03	+1.176e+03	+7.924e+03	+0.201
102.400	+4.376e+03	+2.589e+03	+9.425e+03	+0.372
102.600	+8.500e+02	+5.165e+03	+8.028e+03	+0.859
102.800	+2.237e+03	+5.149e+03	+5.048e+03	+0.697
103.000	+3.197e+03	+5.900e+03	+7.894e+03	+0.649
103.200	+2.269e+03	+5.531e+03	+7.237e+03	+0.709
103.400	+2.090e+03	+4.766e+03	+9.308e+03	+0.695
103.600	+8.853e+02	+5.725e+03	+5.166e+03	+0.866
103.800	+2.031e+03	+3.679e+03	+6.281e+03	+0.644
104.000	+7.501e+02	+5.605e+03	+5.973e+03	+0.882
104.200	+1.255e+03	+5.002e+03	+7.859e+03	+0.799
104.400	+2.819e+03	+4.071e+03	+6.424e+03	+0.591
104.600	+1.407e+03	+5.812e+03	+7.424e+03	+0.805
104.800	+1.274e+03	+4.749e+03	+6.532e+03	+0.788
105.000	+3.079e+03	+6.584e+03	+7.086e+03	+0.681
105.200	+2.026e+03	+5.214e+03	+8.141e+03	+0.720
105.400	+2.498e+03	+4.569e+03	+7.437e+03	+0.647
105.600	+1.773e+03	+5.550e+03	+9.076e+03	+0.758
105.800	+2.275e+03	+4.625e+03	+6.317e+03	+0.670
106.000	+1.402e+03	+6.739e+03	+7.452e+03	+0.828
106.200	+2.635e+03	+5.356e+03	+7.786e+03	+0.670
106.400	+2.234e+03	+5.661e+03	+7.511e+03	+0.717
106.600	+1.542e+03	+4.519e+03	+8.409e+03	+0.746
106.800	+1.351e+03	+4.710e+03	+7.535e+03	+0.777
107.000	+2.146e+03	+5.518e+03	+6.534e+03	+0.720
107.200	+2.784e+03	+4.454e+03	+7.385e+03	+0.615
107.400	+6.715e+02	+4.616e+03	+5.818e+03	+0.873
107.600	+2.794e+03	+5.346e+03	+7.580e+03	+0.657
107.800	+2.043e+03	+4.749e+03	+9.125e+03	+0.699
108.000	+2.258e+03	+5.364e+03	+7.985e+03	+0.704
108.200	+2.222e+03	+4.817e+03	+6.611e+03	+0.684
108.400	+1.391e+03	+3.599e+03	+8.179e+03	+0.721
108.600	+2.113e+03	+4.405e+03	+8.262e+03	+0.676
108.800	+3.273e+03	+5.227e+03	+7.261e+03	+0.615
109.000	+1.651e+03	+6.826e+03	+8.094e+03	+0.805
109.200	+2.197e+03	+5.298e+03	+7.885e+03	+0.707
109.400	+2.245e+03	+5.858e+03	+7.150e+03	+0.723
109.600	+2.753e+03	+4.603e+03	+8.306e+03	+0.626
109.800	+1.335e+03	+4.659e+03	+6.693e+03	+0.777
110.000	+2.024e+03	+4.281e+03	+9.188e+03	+0.679
110.200	+8.179e+02	+4.543e+03	+6.127e+03	+0.847
110.400	+4.601e+03	+2.729e+03	+7.189e+03	+0.372
110.600	+6.245e+03	+2.230e+03	+7.657e+03	+0.263
110.800	+3.997e+03	+3.602e+03	+8.331e+03	+0.474
111.000	+1.948e+03	+4.945e+03	+8.621e+03	+0.717
111.200	+1.181e+03	+4.500e+03	+5.491e+03	+0.792
111.400	+2.010e+03	+5.865e+03	+8.397e+03	+0.745
111.600	+3.105e+03	+5.482e+03	+4.180e+03	+0.638
111.800	+3.183e+03	+4.375e+03	+5.495e+03	+0.579
112.000	+1.741e+03	+5.831e+03	+8.167e+03	+0.770
112.200	+1.576e+03	+5.530e+03	+8.008e+03	+0.778
112.400	+1.655e+03	+4.253e+03	+7.091e+03	+0.720
112.600	+1.752e+03	+6.467e+03	+6.129e+03	+0.787
112.800	+3.023e+03	+4.361e+03	+8.500e+03	+0.591
113.000	+2.241e+03	+5.185e+03	+6.253e+03	+0.698
113.200	+1.640e+03	+4.192e+03	+6.941e+03	+0.719
113.400	+2.994e+03	+5.731e+03	+6.216e+03	+0.657
113.600	+2.276e+03	+4.951e+03	+7.115e+03	+0.685
113.800	+1.660e+03	+4.203e+03	+8.630e+03	+0.717
114.000	+2.126e+03	+6.006e+03	+5.419e+03	+0.739
114.200	+1.899e+03	+5.736e+03	+9.965e+03	+0.751
114.400	+2.588e+03	+3.746e+03	+7.254e+03	+0.591
114.600	+1.945e+03	+5.634e+03	+7.595e+03	+0.743
114.800	+2.129e+03	+5.122e+03	+6.667e+03	+0.706
115.000	+2.694e+03	+5.024e+03	+6.349e+03	+0.651
115.200	+2.412e+03	+4.712e+03	+4.493e+03	+0.661
115.400	+3.068e+03	+4.972e+03	+8.434e+03	+0.618
115.600	+1.893e+03	+5.705e+03	+7.085e+03	+0.751
115.800	+1.874e+03	+4.889e+03	+7.340e+03	+0.723
116.000	+2.367e+03	+5.270e+03	+7.224e+03	+0.690
116.200	+1.937e+03	+4.257e+03	+6.554e+03	+0.687
116.400	+2.285e+03	+4.481e+03	+7.575e+03	+0.662
116.600	+9.739e+02	+5.922e+03	+8.321e+03	+0.859
116.800	+1.610e+03	+5.758e+03	+7.111e+03	+0.781
117.000	+1.547e+03	+6.249e+03	+7.796e+03	+0.802
117.200	+1.123e+03	+4.573e+03	+8.786e+03	+0.803
117.400	+2.739e+03	+5.276e+03	+6.625e+03	+0.658
117.600	+2.595e+03	+5.682e+03	+6.321e+03	+0.686
117.800	+2.133e+03	+5.181e+03	+8.352e+03	+0.708
118.000	+1.620e+03	+4.797e+03	+6.077e+03	+0.748
118.200	+2.906e+03	+7.064e+03	+6.979e+03	+0.709
118.400	+2.360e+03	+4.213e+03	+8.175e+03	+0.641
118.600	+2.582e+03	+5.761e+03	+6.200e+03	+0.690
118.800	+2.925e+03	+3.862e+03	+8.439e+03	+0.569
119.000	+1.344e+03	+6.045e+03	+8.266e+03	+0.818
119.200	+1.720e+03	+6.806e+03	+5.847e+03	+0.798
119.400	+1.276e+03	+4.373e+03	+6.051e+03	+0.774
119.600	+2.189e+03	+5.324e+03	+7.799e+03	+0.709
119.800	+1.736e+03	+4.794e+03	+9.334e+03	+0.734
120.000	+8.886e+02	+5.118e+03	+8.815e+03	+0.852
120.200	+2.359e+03	+7.208e+03	+8.459e+03	+0.753
120.400	+1.329e+03	+5.581e+03	+8.448e+03	+0.808
120.600	+1.756e+03	+5.271e+03	+7.778e+03	+0.750
120.800	+2.121e+03	+5.634e+03	+6.945e+03	+0.727
121.000	+2.655e+03	+5.621e+03	+8.039e+03	+0.679
121.200	+1.998e+03	+3.938e+03	+7.154e+03	+0.663
121.400	+1.361e+03	+3.202e+03	+5.498e+03	+0.702
121.600	+2.051e+03	+4.387e+03	+6.786e+03	+0.681
121.800	+1.289e+03	+4.342e+03	+4.914e+03	+0.771
122.000	+2.024e+03	+5.185e+03	+6.858e+03	+0.719
122.200	+2.025e+03	+4.997e+03	+7.570e+03	+0.712
122.400	+3.026e+03	+4.717e+03	+6.574e+03	+0.609
122.600	+5.346e+03	+1.103e+03	+7.081e+03	+0.171
122.800	+5.841e+03	+1.404e+03	+7.922e+03	+0.194
123.000	+5.327e+03	+8.797e+02	+7.463e+03	+0.142
123.200	+6.669e+03	+2.928e+03	+7.829e+03	+0.305
123.400	+3.423e+03	+4.436e+03	+7.304e+03	+0.564
123.600	+2.306e+03	+4.683e+03	+9.337e+03	+0.670
123.800	+1.343e+03	+7.020e+03	+6.428e+03	+0.839
124.000	+6.006e+02	+5.720e+03	+7.286e+03	+0.905
124.200	+2.787e+03	+4.328e+03	+6.506e+03	+0.608
124.400	+2.478e+03	+5.919e+03	+7.566e+03	+0.705
124.600	+3.278e+03	+4.475e+03	+8.963e+03	+0.577
124.800	+1.802e+03	+5.851e+03	+6.993e+03	+0.765
125.000	+1.871e+03	+5.676e+03	+7.199e+03	+0.752
125.200	+2.435e+03	+5.428e+03	+8.316e+03	+0.690
125.400	+1.204e+03	+4.743e+03	+7.050e+03	+0.798
125.600	+2.565e+03	+4.900e+03	+6.120e+03	+0.656
125.800	+2.414e+03	+7.451e+03	+9.064e+03	+0.755
126.000	+2.061e+03	+5.250e+03	+6.058e+03	+0.718
126.200	+2.505e+03	+6.830e+03	+7.766e+03	+0.732
126.400	-9.414e+01	+7.598e+03	+8.859e+03	+1.013
126.600	+6.640e+02	+6.925e+03	+6.593e+03	+0.912
126.800	+2.983e+03	+4.939e+03	+6.737e+03	+0.623
127.000	+2.254e+03	+4.731e+03	+7.019e+03	+0.677
127.200	+2.675e+03	+4.968e+03	+7.358e+03	+0.650
127.400	+1.643e+03	+6.290e+03	+8.527e+03	+0.793
127.600	+1.810e+03	+4.469e+03	+5.483e+03	+0.712
127.800	+1.752e+03	+6.374e+03	+5.982e+03	+0.784
128.000	+1.297e+03	+6.932e+03	+6.758e+03	+0.842
128.200	+3.133e+03	+3.981e+03	+7.887e+03	+0.560
128.400	+9.692e+02	+6.522e+03	+8.407e+03	+0.871
128.600	+2.184e+03	+3.778e+03	+7.023e+03	+0.634
128.800	+2.242e+03	+5.104e+03	+9.143e+03	+0.695
129.000	+7.633e+02	+5.043e+03	+8.089e+03	+0.869
129.200	+1.910e+03	+4.055e+03	+7.613e+03	+0.680
129.400	+2.117e+03	+4.739e+03	+7.143e+03	+0.691
129.600	+1.859e+03	+4.975e+03	+7.427e+03	+0.728
129.800	+1.214e+03	+4.976e+03	+9.038e+03	+0.804
130.000	+1.832e+03	+4.537e+03	+5.571e+03	+0.712
130.200	+1.751e+03	+5.122e+03	+8.640e+03	+0.745
130.400	+2.067e+03	+6.000e+03	+7.285e+03	+0.744
130.600	+2.907e+03	+5.767e+03	+9.208e+03	+0.665
130.800	+9.863e+02	+4.639e+03	+7.657e+03	+0.825
131.000	+1.671e+03	+4.204e+03	+5.819e+03	+0.716
131.200	+1.875e+03	+4.954e+03	+6.229e+03	+0.725
131.400	+2.063e+03	+5.801e+03	+6.682e+03	+0.738
131.600	+2.759e+03	+5.664e+03	+7.586e+03	+0.672
131.800	+3.046e+03	+2.935e+03	+7.105e+03	+0.491
132.000	+6.142e+03	+1.845e+03	+6.926e+03	+0.231
132.200	+6.729e+03	+1.452e+03	+7.982e+03	+0.177
132.400	+5.796e+03	+1.119e+03	+7.985e+03	+0.162
132.600	+5.936e+03	+1.334e+03	+5.737e+03	+0.183
132.800	+6.324e+03	+2.510e+03	+7.087e+03	+0.284
133.000	+4.381e+03	+1.574e+03	+9.450e+03	+0.264
133.200	+5.829e+03	+1.371e+03	+9.352e+03	+0.190
133.400	+4.152e+03	+1.807e+03	+6.344e+03	+0.303
133.600	+5.567e+03	+1.480e+03	+7.112e+03	+0.210
133.800	+6.779e+03	+2.244e+03	+6.447e+03	+0.249
134.000	+5.244e+03	+2.044e+03	+5.434e+03	+0.280
134.200	+5.150e+03	+1.138e+03	+8.030e+03	+0.181
134.400	+6.149e+03	+9.385e+02	+7.187e+03	+0.132
134.600	+5.814e+03	+2.745e+03	+5.572e+03	+0.321
134.800	+6.100e+03	+1.969e+03	+9.424e+03	+0.244
135.000	+3.828e+03	+2.299e+03	+6.751e+03	+0.375
135.200	+4.804e+03	+1.546e+03	+7.613e+03	+0.243
135.400	+6.541e+03	+9.514e+02	+6.647e+03	+0.127
135.600	+5.842e+03	+2.155e+03	+6.489e+03	+0.269
135.800	+4.804e+03	+2.025e+03	+7.272e+03	+0.297
136.000	+5.525e+03	+6.740e+02	+7.046e+03	+0.109
136.200	+4.182e+03	+2.154e+03	+7.852e+03	+0.340
136.400	+4.853e+03	+1.418e+03	+7.390e+03	+0.226
136.600	+5.641e+03	+1.999e+03	+6.824e+03	+0.262
136.800	+7.237e+03	+2.358e+03	+8.107e+03	+0.246
137.000	+4.462e+03	+1.623e+03	+6.426e+03	+0.267
137.200	+4.816e+03	+7.686e+02	+7.457e+03	+0.138
137.400	+5.209e+03	+2.746e+03	+7.664e+03	+0.345
137.600	+5.461e+03	+1.887e+03	+6.625e+03	+0.257
137.800	+4.611e+03	+1.204e+03	+6.386e+03	+0.207
138.000	+6.986e+03	+2.083e+03	+6.653e+03	+0.230
138.200	+4.331e+03	+3.365e+03	+5.795e+03	+0.437
138.400	+5.395e+03	+2.200e+03	+7.900e+03	+0.290
138.600	+5.018e+03	+2.652e+03	+6.927e+03	+0.346
138.800	+4.606e+03	+2.590e+03	+7.364e+03	+0.360
139.000	+5.713e+03	+1.590e+03	+7.517e+03	+0.218
139.200	+5.369e+03	+1.447e+03	+8.173e+03	+0.212
139.400	+4.704e+03	+3.576e+03	+7.128e+03	+0.432
139.600	+4.793e+03	+1.707e+03	+7.174e+03	+0.263
139.800	+6.080e+03	+2.919e+03	+5.621e+03	+0.324
140.000	+4.597e+03	+1.920e+03	+7.814e+03	+0.295
140.200	+6.275e+03	+8.632e+02	+8.648e+03	+0.121
140.400	+5.739e+03	+1.755e+03	+8.087e+03	+0.234
140.600	+3.961e+03	+1.764e+03	+4.954e+03	+0.308
140.800	+6.195e+03	+1.577e+03	+5.286e+03	+0.203
141.000	+4.844e+03	+1.505e+03	+7.450e+03	+0.237
141.200	+4.728e+03	+2.548e+03	+6.445e+03	+0.350
141.400	+5.410e+03	+1.967e+03	+7.660e+03	+0.267
141.600	+6.995e+03	+1.406e+03	+7.513e+03	+0.167
141.800	+4.545e+03	+2.489e+03	+9.140e+03	+0.354
142.000	+7.722e+02	+5.147e+03	+8.851e+03	+0.870
142.200	+2.722e+03	+4.798e+03	+7.773e+03	+0.638
142.400	+1.067e+03	+4.721e+03	+7.007e+03	+0.816
142.600	+1.966e+03	+5.279e+03	+7.565e+03	+0.729
142.800	+1.765e+03	+4.485e+03	+6.532e+03	+0.718
143.000	+2.495e+03	+5.114e+03	+6.789e+03	+0.672
143.200	+2.073e+03	+6.080e+03	+7.875e+03	+0.746
143.400	+1.570e+03	+6.067e+03	+9.871e+03	+0.794
143.600	+2.495e+03	+5.948e+03	+6.673e+03	+0.705
143.800	+2.707e+03	+5.680e+03	+8.108e+03	+0.677
144.000	+2.165e+03	+4.176e+03	+6.058e+03	+0.659
144.200	+1.810e+03	+5.837e+03	+6.909e+03	+0.763
144.400	+2.405e+03	+3.436e+03	+6.917e+03	+0.588
144.600	+2.118e+03	+4.001e+03	+8.550e+03	+0.654
144.800	+2.229e+03	+5.267e+03	+5.683e+03	+0.703
145.000	+2.314e+03	+4.759e+03	+4.541e+03	+0.673
145.200	+1.697e+03	+6.293e+03	+8.021e+03	+0.788
145.400	+2.918e+03	+4.589e+03	+8.075e+03	+0.611
145.600	+8.429e+02	+6.654e+03	+7.679e+03	+0.888
145.800	+2.212e+03	+6.323e+03	+7.910e+03	+0.741
146.000	+3.126e+03	+7.687e+03	+6.229e+03	+0.711
146.200	+6.931e+02	+4.747e+03	+8.465e+03	+0.873
146.400	+3.074e+03	+3.585e+03	+7.608e+03	+0.538
146.600	+5.727e+03	+1.830e+03	+8.517e+03	+0.242
146.800	+6.374e+03	+1.410e+03	+5.926e+03	+0.181
147.000	+7.022e+03	+4.484e+02	+5.379e+03	+0.060
147.200	+5.900e+03	+2.481e+03	+8.432e+03	+0.296
147.400	+4.697e+03	+1.834e+03	+7.167e+03	+0.281
147.600	+6.275e+03	+2.156e+03	+6.451e+03	+0.256
147.800	+3.908e+03	+2.150e+03	+7.204e+03	+0.355
148.000	+2.586e+03	+5.956e+03	+4.258e+03	+0.697
148.200	+1.574e+03	+5.089e+03	+8.714e+03	+0.764
148.400	+1.160e+03	+4.683e+03	+7.209e+03	+0.801
148.600	+2.750e+03	+5.285e+03	+5.567e+03	+0.658
148.800	+1.899e+03	+3.499e+03	+6.566e+03	+0.648
149.000	+1.440e+03	+6.522e+03	+7.146e+03	+0.819
149.200	+2.161e+03	+6.048e+03	+7.573e+03	+0.737
149.400	+2.884e+03	+5.617e+03	+5.127e+03	+0.661
149.600	+1.485e+03	+4.823e+03	+7.756e+03	+0.765
149.800	+2.087e+03	+3.703e+03	+7.554e+03	+0.640
150.000	+2.484e+03	+5.313e+03	+9.262e+03	+0.681
150.200	+1.984e+03	+3.996e+03	+6.496e+03	+0.668
150.400	+1.505e+03	+5.045e+03	+6.383e+03	+0.770
150.600	+8.751e+02	+5.057e+03	+7.549e+03	+0.852
150.800	+5.333e+03	+2.494e+03	+8.265e+03	+0.319
151.000	+3.863e+03	+3.942e+03	+9.347e+03	+0.505
151.200	+1.090e+03	+3.990e+03	+5.941e+03	+0.785
151.400	+1.431e+03	+5.083e+03	+8.351e+03	+0.780
151.600	+1.757e+03	+5.957e+03	+7.152e+03	+0.772
151.800	+2.110e+03	+5.821e+03	+9.129e+03	+0.734
152.000	+1.796e+03	+5.893e+03	+6.529e+03	+0.766
152.200	+2.240e+03	+7.153e+03	+7.705e+03	+0.761
152.400	+1.677e+03	+4.706e+03	+6.534e+03	+0.737
152.600	+2.163e+03	+6.001e+03	+7.552e+03	+0.735
152.800	+1.300e+03	+5.697e+03	+7.141e+03	+0.814
153.000	+1.480e+03	+4.289e+03	+7.208e+03	+0.743
153.200	+1.281e+03	+4.961e+03	+7.261e+03	+0.795
153.400	+3.090e+03	+6.358e+03	+7.901e+03	+0.673
153.600	+2.893e+03	+4.776e+03	+8.051e+03	+0.623
153.800	+1.799e+03	+4.891e+03	+8.147e+03	+0.731
154.000	+1.762e+03	+3.710e+03	+6.244e+03	+0.678
154.200	+2.844e+03	+5.874e+03	+8.337e+03	+0.674
154.400	+1.533e+03	+5.036e+03	+9.348e+03	+0.767
154.600	+2.155e+03	+5.428e+03	+5.642e+03	+0.716
154.800	+1.792e+03	+4.826e+03	+8.896e+03	+0.729
155.000	+7.614e+02	+6.420e+03	+8.540e+03	+0.894
155.200	+1.689e+03	+4.485e+03	+7.678e+03	+0.726
155.400	+2.276e+03	+5.874e+03	+8.608e+03	+0.721
155.600	+3.476e+03	+4.755e+03	+8.302e+03	+0.578
155.800	+1.887e+03	+3.743e+03	+6.270e+03	+0.665
156.000	+2.417e+03	+4.819e+03	+7.039e+03	+0.666
156.200	+1.199e+03	+6.347e+03	+8.036e+03	+0.841
156.400	+1.919e+03	+3.720e+03	+6.036e+03	+0.660
156.600	+2.626e+03	+5.475e+03	+7.463e+03	+0.676
156.800	+3.245e+03	+4.522e+03	+7.318e+03	+0.582
157.000	+5.789e+03	+1.823e+03	+6.246e+03	+0.239
157.200	+3.694e+03	+2.483e+03	+6.784e+03	+0.402
157.400	+5.020e+03	-8.084e+00	+6.339e+03	-0.002
157.600	+5.330e+03	+1.859e+03	+7.570e+03	+0.259
157.800	+6.505e+03	+2.451e+03	+7.617e+03	+0.274
158.000	+5.452e+03	+2.766e+03	+8.038e+03	+0.337
158.200	+5.215e+03	+1.187e+03	+9.003e+03	+0.185
158.400	+6.592e+03	+2.424e+03	+6.912e+03	+0.269
158.600	+4.976e+03	+1.497e+03	+6.495e+03	+0.231
158.800	+5.829e+03	+7.946e+02	+8.082e+03	+0.120
159.000	+5.489e+03	+1.809e+03	+7.876e+03	+0.248
159.200	+4.583e+03	+1.314e+03	+8.118e+03	+0.223
159.400	+5.140e+03	+1.725e+03	+5.926e+03	+0.251
159.600	+5.932e+03	+2.332e+03	+8.018e+03	+0.282
159.800	+6.828e+03	+2.558e+03	+6.859e+03	+0.273
160.000	+4.349e+03	+7.032e+02	+6.907e+03	+0.139
160.200	+5.686e+03	+1.484e+03	+6.843e+03	+0.207
160.400	+5.637e+03	+2.663e+03	+6.704e+03	+0.321
160.600	+4.907e+03	+1.649e+03	+6.080e+03	+0.252
160.800	+5.969e+03	+1.796e+03	+6.345e+03	+0.231
161.000	+5.178e+03	+1.751e+03	+7.393e+03	+0.253
161.200	+4.495e+03	+1.605e+03	+6.391e+03	+0.263
161.400	+5.683e+03	+2.190e+03	+7.787e+03	+0.278
161.600	+6.578e+03	+2.103e+03	+6.917e+03	+0.242
161.800	+3.615e+03	+1.401e+03	+7.687e+03	+0.279
162.000	+6.312e+03	+2.090e+03	+7.453e+03	+0.249
162.200	+5.923e+03	+2.635e+03	+5.297e+03	+0.308
162.400	+6.069e+03	+1.463e+03	+7.730e+03	+0.194
162.600	+3.704e+03	+1.546e+03	+6.972e+03	+0.294
162.800	+5.524e+03	+2.407e+03	+8.394e+03	+0.304
163.000	+7.159e+03	+1.510e+03	+8.774e+03	+0.174
163.200	+5.073e+03	+7.021e+02	+8.843e+03	+0.122
163.400	+5.738e+03	+1.258e+03	+6.141e+03	+0.180
163.600	+6.468e+03	+1.070e+03	+7.404e+03	+0.142
163.800	+5.699e+03	+1.631e+03	+5.665e+03	+0.222
164.000	+7.133e+03	+2.595e+03	+6.857e+03	+0.267
164.200	+4.645e+03	+2.513e+03	+8.712e+03	+0.351
164.400	+5.845e+03	+1.796e+03	+5.908e+03	+0.235
164.600	+5.831e+03	+2.804e+03	+6.662e+03	+0.325
164.800	+5.640e+03	+1.519e+03	+7.981e+03	+0.212
165.000	+6.222e+03	+2.094e+03	+7.913e+03	+0.252
165.200	+6.079e+03	+2.393e+03	+6.858e+03	+0.282
165.400	+6.136e+03	+1.081e+03	+7.671e+03	+0.150
165.600	+6.826e+03	+2.366e+03	+5.914e+03	+0.257
165.800	+6.240e+03	+1.283e+03	+6.457e+03	+0.171
166.000	+4.487e+03	+2.589e+03	+5.797e+03	+0.366
166.200	+6.015e+03	+1.913e+03	+7.685e+03	+0.241
166.400	+6.189e+03	+2.435e+03	+7.351e+03	+0.282
166.600	+7.073e+03	+2.380e+03	+6.818e+03	+0.252
166.800	+5.975e+03	+1.784e+03	+6.175e+03	+0.230
167.000	+5.204e+03	+2.158e+03	+6.108e+03	+0.293
167.200	+5.007e+03	+1.836e+03	+6.018e+03	+0.268
167.400	+6.246e+03	+2.293e+03	+6.276e+03	+0.269
167.600	+3.653e+03	+9.656e+02	+7.416e+03	+0.209
167.800	+4.022e+03	+1.516e+03	+8.437e+03	+0.274
168.000	+6.054e+03	+1.113e+03	+7.198e+03	+0.155
168.200	+6.021e+03	+1.701e+03	+7.293e+03	+0.220
168.400	+7.037e+03	+2.643e+03	+7.169e+03	+0.273
168.600	+7.803e+03	+1.668e+03	+8.566e+03	+0.176
168.800	+8.103e+03	+1.505e+03	+8.778e+03	+0.157
169.000	+5.591e+03	+2.076e+03	+5.399e+03	+0.271
169.200	+3.943e+03	+1.874e+03	+8.986e+03	+0.322
169.400	+4.280e+03	+7.772e+02	+9.238e+03	+0.154
169.600	+4.607e+03	+1.990e+03	+6.404e+03	+0.302
169.800	+6.364e+03	+1.239e+03	+6.564e+03	+0.163
170.000	+6.446e+03	+2.759e+03	+7.369e+03	+0.300
170.200	+3.048e+03	+2.045e+03	+7.883e+03	+0.401
170.400	+5.610e+03	+1.629e+03	+7.786e+03	+0.225
170.600	+6.357e+03	+1.859e+03	+7.988e+03	+0.226
170.800	+4.933e+03	+1.267e+03	+6.313e+03	+0.204
171.000	+6.076e+03	+1.734e+03	+5.965e+03	+0.222
171.200	+5.326e+03	+2.094e+03	+7.372e+03	+0.282
171.400	+4.981e+03	+2.293e+03	+8.176e+03	+0.315
171.600	+6.640e+03	+1.087e+03	+7.673e+03	+0.141
171.800	+4.378e+03	+1.864e+03	+8.073e+03	+0.299
172.000	+4.804e+03	+9.218e+02	+8.547e+03	+0.161
172.200	+7.528e+03	+2.682e+03	+6.585e+03	+0.263
172.400	+5.001e+03	+2.090e+03	+6.991e+03	+0.295
172.600	+5.280e+03	+2.031e+03	+7.204e+03	+0.278
172.800	+5.992e+03	+1.161e+03	+6.946e+03	+0.162
173.000	+6.396e+03	+1.816e+03	+6.509e+03	+0.221
173.200	+4.783e+03	+1.871e+03	+5.151e+03	+0.281
173.400	+5.367e+03	+1.351e+03	+7.087e+03	+0.201
173.600	+5.978e+03	+1.928e+03	+8.532e+03	+0.244
173.800	+5.943e+03	+3.167e+03	+7.673e+03	+0.348
174.000	+5.985e+03	+2.901e+03	+8.375e+03	+0.326
174.200	+6.041e+03	+9.113e+02	+5.663e+03	+0.131
174.400	+2.669e+03	+1.595e+03	+5.732e+03	+0.374
174.600	+6.414e+03	+2.990e+03	+7.192e+03	+0.318
174.800	+4.303e+03	+2.116e+03	+7.099e+03	+0.330
175.000	+5.548e+03	+2.366e+03	+7.532e+03	+0.299
175.200	+4.390e+03	+2.022e+03	+8.018e+03	+0.315
175.400	+5.400e+03	+2.585e+03	+7.409e+03	+0.324
175.600	+6.372e+03	+1.974e+03	+8.075e+03	+0.237
175.800	+5.316e+03	+1.256e+03	+7.527e+03	+0.191
176.000	+5.256e+03	+1.924e+03	+7.759e+03	+0.268
176.200	+7.004e+03	+2.040e+03	+7.107e+03	+0.226
176.400	+7.256e+03	+1.782e+03	+7.116e+03	+0.197
176.600	+5.632e+03	+2.346e+03	+8.191e+03	+0.294
176.800	+6.112e+03	+2.177e+03	+5.403e+03	+0.263
177.000	+3.239e+03	+8.831e+02	+8.680e+03	+0.214
177.200	+4.710e+03	+3.810e+02	+6.788e+03	+0.075
177.400	+4.941e+03	+1.045e+03	+9.135e+03	+0.175
177.600	+7.434e+03	+2.140e+03	+4.610e+03	+0.224
177.800	+5.674e+03	+1.589e+03	+6.536e+03	+0.219
178.000	+4.630e+03	+2.296e+03	+8.095e+03	+0.332
178.200	+5.231e+03	+3.756e+02	+7.830e+03	+0.067
178.400	+6.059e+03	+1.315e+03	+5.990e+03	+0.178
178.600	+1.936e+03	+5.668e+03	+7.626e+03	+0.745
178.800	+1.465e+03	+5.596e+03	+6.652e+03	+0.793
179.000	+2.100e+03	+5.426e+03	+7.562e+03	+0.721
179.200	+3.400e+03	+5.553e+03	+8.070e+03	+0.620
179.400	+2.718e+03	+4.622e+03	+7.586e+03	+0.630
179.600	+1.504e+03	+3.616e+03	+7.461e+03	+0.706
179.800	+2.099e+03	+5.725e+03	+5.488e+03	+0.732
180.000	+1.165e+03	+4.149e+03	+7.523e+03	+0.781
180.200	+1.836e+03	+6.157e+03	+6.699e+03	+0.770
180.400	+2.299e+03	+4.170e+03	+5.895e+03	+0.645
180.600	+3.427e+03	+5.852e+03	+7.872e+03	+0.631
180.800	+2.031e+03	+5.462e+03	+7.213e+03	+0.729
181.000	+1.760e+03	+4.384e+03	+6.791e+03	+0.714
181.200	+3.054e+03	+6.166e+03	+6.708e+03	+0.669
181.400	+4.414e+03	+3.146e+03	+5.811e+03	+0.416
181.600	+4.135e+03	+7.984e+02	+7.942e+03	+0.162
181.800	+4.453e+03	+9.104e+02	+1.025e+04	+0.170
182.000	+4.893e+03	+2.335e+03	+6.476e+03	+0.323
182.200	+5.129e+03	+2.039e+03	+9.709e+03	+0.284
182.400	+5.270e+03	+2.726e+03	+5.911e+03	+0.341
182.600	+6.470e+03	+1.412e+03	+5.876e+03	+0.179
182.800	+4.803e+03	+1.950e+03	+7.900e+03	+0.289
183.000	+5.946e+03	+1.040e+03	+5.676e+03	+0.149
183.200	+4.694e+03	+8.950e+02	+6.359e+03	+0.160
183.400	+6.119e+03	+7.550e+02	+7.668e+03	+0.110
183.600	+4.494e+03	+1.935e+03	+8.324e+03	+0.301
183.800	+5.153e+03	+2.029e+03	+7.489e+03	+0.282
184.000	+5.497e+03	+9.539e+02	+7.164e+03	+0.148
184.200	+6.384e+03	+1.035e+03	+6.151e+03	+0.140
184.400	+6.596e+03	+2.212e+03	+7.806e+03	+0.251
184.600	+3.273e+03	+2.629e+03	+7.709e+03	+0.445
184.800	+1.016e+03	+5.395e+03	+8.085e+03	+0.842
185.000	+7.959e+02	+5.531e+03	+7.618e+03	+0.874
185.200	+2.478e+03	+5.577e+03	+7.656e+03	+0.692
185.400	+1.604e+03	+5.482e+03	+7.478e+03	+0.774
185.600	+2.432e+03	+4.354e+03	+7.381e+03	+0.642
185.800	+2.185e+03	+5.504e+03	+6.941e+03	+0.716
186.000	+1.191e+03	+4.606e+03	+7.387e+03	+0.795
186.200	+1.719e+03	+4.804e+03	+7.492e+03	+0.736
186.400	+1.953e+03	+6.071e+03	+6.058e+03	+0.757
186.600	+1.419e+02	+7.083e+03	+9.038e+03	+0.980
186.800	+1.041e+03	+5.483e+03	+7.695e+03	+0.840
187.000	+2.584e+03	+4.396e+03	+8.541e+03	+0.630
187.200	+2.102e+03	+4.993e+03	+1.025e+04	+0.704
187.400	+1.413e+03	+5.603e+03	+6.551e+03	+0.799
187.600	+2.544e+03	+6.293e+03	+7.558e+03	+0.712
187.800	+1.573e+03	+5.233e+03	+6.714e+03	+0.769
188.000	+2.809e+03	+5.843e+03	+8.852e+03	+0.675
188.200	+1.882e+03	+5.630e+03	+8.276e+03	+0.750
188.400	+2.476e+03	+4.870e+03	+8.414e+03	+0.663
188.600	+1.394e+03	+5.849e+03	+9.028e+03	+0.808
188.800	+2.127e+03	+4.162e+03	+8.601e+03	+0.662
189.000	+2.235e+03	+5.278e+03	+9.176e+03	+0.702
189.200	+2.245e+03	+4.925e+03	+7.188e+03	+0.687
189.400	+1.328e+03	+3.566e+03	+7.499e+03	+0.729
189.600	+2.894e+03	+5.550e+03	+5.341e+03	+0.657
189.800	+1.063e+03	+4.776e+03	+8.550e+03	+0.818
190.000	+1.780e+03	+4.009e+03	+6.538e+03	+0.693
190.200	+8.870e+02	+6.693e+03	+7.331e+03	+0.883
190.400	+6.371e+02	+5.607e+03	+6.999e+03	+0.898
190.600	+2.984e+03	+4.350e+03	+7.822e+03	+0.593
190.800	+2.801e+03	+5.774e+03	+5.912e+03	+0.673
191.000	+8.396e+02	+6.497e+03	+7.465e+03	+0.886
191.200	+2.223e+03	+4.895e+03	+7.482e+03	+0.688
191.400	+1.219e+03	+3.794e+03	+7.890e+03	+0.757
191.600	+1.425e+03	+4.950e+03	+7.555e+03	+0.776
191.800	+2.246e+03	+5.274e+03	+6.680e+03	+0.701
192.000	+5.562e+02	+5.354e+03	+6.537e+03	+0.906
192.200	+1.713e+03	+5.272e+03	+7.983e+03	+0.755
192.400	+2.508e+03	+3.988e+03	+6.432e+03	+0.614
192.600	+1.760e+03	+4.371e+03	+6.602e+03	+0.713
192.800	+2.068e+03	+5.021e+03	+9.014e+03	+0.708
193.000	+2.285e+03	+6.855e+03	+7.689e+03	+0.750
193.200	+2.361e+03	+4.335e+03	+7.383e+03	+0.647
193.400	+1.061e+03	+6.943e+03	+7.376e+03	+0.867
193.600	+2.023e+03	+4.627e+03	+8.096e+03	+0.696
193.800	+1.948e+03	+5.347e+03	+7.520e+03	+0.733
194.000	+2.719e+03	+6.479e+03	+7.638e+03	+0.704
194.200	+1.702e+03	+4.382e+03	+5.098e+03	+0.720
194.400	+1.565e+03	+4.425e+03	+7.183e+03	+0.739
194.600	+1.952e+03	+6.164e+03	+8.056e+03	+0.759
194.800	+1.828e+03	+5.137e+03	+6.357e+03	+0.738
195.000	+2.431e+03	+6.239e+03	+7.914e+03	+0.720
195.200	+1.304e+03	+5.913e+03	+5.897e+03	+0.819
195.400	+1.674e+03	+3.640e+03	+7.298e+03	+0.685
195.600	+3.159e+03	+6.871e+03	+6.028e+03	+0.685
195.800	+1.701e+03	+5.338e+03	+6.759e+03	+0.758
196.000	+2.066e+03	+5.608e+03	+5.498e+03	+0.731
196.200	+1.801e+02	+6.705e+03	+6.619e+03	+0.974
196.400	+2.586e+03	+4.960e+03	+7.241e+03	+0.657
196.600	+1.026e+03	+5.180e+03	+7.463e+03	+0.835
196.800	+3.070e+03	+5.933e+03	+6.826e+03	+0.659
197.000	+2.278e+03	+5.396e+03	+6.544e+03	+0.703
197.200	+2.377e+03	+5.002e+03	+8.636e+03	+0.678
197.400	+2.676e+03	+6.261e+03	+5.558e+03	+0.701
197.600	+3.098e+03	+5.626e+03	+7.495e+03	+0.645
197.800	+1.619e+03	+4.959e+03	+7.842e+03	+0.754
198.000	+1.905e+03	+6.385e+03	+7.008e+03	+0.770
198.200	+2.757e+03	+3.055e+03	+7.354e+03	+0.526
198.400	+3.595e+03	+6.129e+03	+5.869e+03	+0.630
198.600	+2.815e+03	+3.518e+03	+6.063e+03	+0.556
198.800	+2.065e+03	+5.998e+03	+7.863e+03	+0.744
199.000	+1.553e+03	+5.132e+03	+8.135e+03	+0.768
199.200	+2.272e+03	+4.793e+03	+7.763e+03	+0.678
199.400	+1.270e+03	+4.266e+03	+6.855e+03	+0.771
199.600	+4.708e+03	+2.103e+03	+6.214e+03	+0.309
199.800	+5.925e+03	+1.225e+03	+8.234e+03	+0.171
200.000	+5.025e+03	+2.282e+03	+5.375e+03	+0.312
200.200	+6.019e+03	+1.337e+03	+7.191e+03	+0.182
200.400	+6.077e+03	+1.781e+03	+7.265e+03	+0.227
200.600	+4.837e+03	+1.512e+03	+7.212e+03	+0.238
200.800	+2.629e+03	+1.526e+03	+7.144e+03	+0.367
201.000	+6.186e+03	+1.276e+03	+7.218e+03	+0.171
201.200	+5.548e+03	+2.406e+03	+7.280e+03	+0.302
201.400	+5.159e+03	+2.217e+03	+7.678e+03	+0.301
201.600	+4.603e+03	+3.391e+03	+5.845e+03	+0.424
201.800	+4.840e+03	+2.062e+03	+6.173e+03	+0.299
202.000	+4.431e+03	+1.498e+03	+9.306e+03	+0.253
202.200	+4.791e+03	+2.171e+03	+6.623e+03	+0.312
202.400	+4.934e+03	+2.610e+03	+8.259e+03	+0.346
202.600	+5.927e+03	+1.364e+03	+4.244e+03	+0.187
202.800	+5.790e+03	+2.687e+03	+8.124e+03	+0.317
203.000	+3.303e+03	+1.867e+03	+7.621e+03	+0.361
203.200	+6.684e+03	+2.298e+03	+8.100e+03	+0.256
203.400	+6.612e+03	+2.188e+03	+7.128e+03	+0.249
203.600	+4.919e+03	+9.318e+02	+5.293e+03	+0.159
203.800	+4.627e+03	+1.291e+03	+6.980e+03	+0.218
204.000	+5.142e+03	+3.416e+03	+5.012e+03	+0.399
204.200	+5.286e+03	+2.105e+03	+7.204e+03	+0.285
204.400	+4.495e+03	+1.758e+03	+7.186e+03	+0.281
204.600	+5.763e+03	+1.877e+03	+8.647e+03	+0.246
204.800	+4.998e+03	+1.763e+03	+7.717e+03	+0.261
205.000	+5.120e+03	+1.096e+03	+6.740e+03	+0.176
205.200	+4.616e+03	+2.436e+03	+4.912e+03	+0.345
205.400	+6.578e+03	+2.803e+03	+7.051e+03	+0.299
205.600	+6.021e+03	+1.487e+03	+5.408e+03	+0.198
205.800	+6.143e+03	+1.877e+03	+4.444e+03	+0.234
206.000	+5.920e+03	+2.053e+03	+7.417e+03	+0.257
206.200	+5.909e+03	+1.016e+03	+7.862e+03	+0.147
206.400	+5.734e+03	+1.182e+03	+6.176e+03	+0.171
206.600	+1.756e+03	+4.990e+03	+5.816e+03	+0.740
206.800	+4.386e+03	+2.936e+03	+8.324e+03	+0.401
207.000	+4.315e+03	+3.221e+03	+7.047e+03	+0.427
207.200	+3.509e+03	+3.938e+03	+6.925e+03	+0.529
207.400	+2.676e+03	+4.445e+03	+7.289e+03	+0.624
207.600	+1.425e+03	+5.890e+03	+6.439e+03	+0.805
207.800	+2.153e+03	+6.134e+03	+7.858e+03	+0.740
208.000	+2.785e+03	+3.635e+03	+7.679e+03	+0.566
208.200	+2.975e+03	+4.097e+03	+6.532e+03	+0.579
208.400	+1.086e+03	+5.634e+03	+9.498e+03	+0.838
208.600	+2.096e+03	+5.276e+03	+6.326e+03	+0.716
208.800	+1.102e+02	+5.008e+03	+1.034e+04	+0.978
209.000	+2.321e+03	+6.053e+03	+6.142e+03	+0.723
209.200	+2.941e+03	+4.692e+03	+6.610e+03	+0.615
209.400	+1.724e+03	+5.357e+03	+6.538e+03	+0.757
209.600	+2.219e+03	+5.548e+03	+8.756e+03	+0.714
209.800	+1.687e+03	+4.587e+03	+7.409e+03	+0.731
210.000	+1.488e+03	+6.685e+03	+6.958e+03	+0.818
210.200	+1.516e+03	+3.485e+03	+7.676e+03	+0.697
210.400	+2.216e+03	+4.522e+03	+5.134e+03	+0.671
210.600	+1.296e+03	+4.564e+03	+8.380e+03	+0.779
210.800	+2.011e+03	+5.774e+03	+6.427e+03	+0.742
211.000	+8.041e+02	+4.888e+03	+6.179e+03	+0.859
211.200	+1.494e+03	+7.321e+03	+7.654e+03	+0.831
211.400	+2.115e+03	+5.066e+03	+7.618e+03	+0.706
211.600	+1.736e+03	+4.878e+03	+6.979e+03	+0.738
211.800	+2.078e+03	+5.224e+03	+6.874e+03	+0.715
212.000	+2.625e+03	+4.623e+03	+8.188e+03	+0.638
212.200	+1.754e+03	+5.086e+03	+1.072e+04	+0.744
212.400	+1.436e+03	+3.698e+03	+6.449e+03	+0.720
212.600	+1.719e+03	+5.237e+03	+9.479e+03	+0.753
212.800	+2.109e+03	+4.814e+03	+8.554e+03	+0.695
213.000	+9.466e+02	+4.548e+03	+8.246e+03	+0.828
213.200	+1.471e+03	+4.935e+03	+7.031e+03	+0.770
213.400	+2.862e+03	+4.321e+03	+7.833e+03	+0.602
213.600	+1.971e+03	+5.368e+03	+4.132e+03	+0.731
213.800	+2.806e+03	+5.606e+03	+8.427e+03	+0.666
214.000	+1.193e+03	+5.335e+03	+5.704e+03	+0.817
214.200	+1.936e+03	+5.154e+03	+6.034e+03	+0.727
214.400	+1.341e+03	+5.103e+03	+6.911e+03	+0.792
214.600	+1.759e+03	+5.154e+03	+7.540e+03	+0.746
214.800	+1.385e+03	+3.833e+03	+6.696e+03	+0.735
215.000	+1.440e+03	+5.862e+03	+7.705e+03	+0.803
215.200	+1.567e+03	+5.437e+03	+6.231e+03	+0.776
215.400	+1.555e+03	+6.291e+03	+5.271e+03	+0.802
215.600	+2.217e+03	+6.017e+03	+6.237e+03	+0.731
215.800	+1.636e+03	+5.504e+03	+7.143e+03	+0.771
216.000	+4.235e+03	+3.743e+03	+6.946e+03	+0.469
216.200	+4.442e+03	+3.030e+03	+8.085e+03	+0.406
216.400	+5.506e+03	+1.743e+03	+7.244e+03	+0.240
216.600	+5.997e+03	+9.005e+02	+6.799e+03	+0.131
216.800	+6.640e+03	+2.888e+03	+5.290e+03	+0.303
217.000	+5.334e+03	+1.937e+03	+8.184e+03	+0.266
217.200	+5.434e+03	+1.426e+03	+8.514e+03	+0.208
217.400	+5.862e+03	+1.695e+03	+6.599e+03	+0.224
217.600	+3.842e+03	+1.539e+03	+8.139e+03	+0.286
217.800	+6.278e+03	+8.544e+02	+7.707e+03	+0.120
218.000	+5.883e+03	+1.979e+03	+8.038e+03	+0.252
218.200	+4.934e+03	+1.983e+03	+5.211e+03	+0.287
218.400	+4.947e+03	+2.049e+03	+7.737e+03	+0.293
218.600	+6.000e+03	+1.870e+03	+7.071e+03	+0.238
218.800	+4.179e+03	+1.082e+03	+8.328e+03	+0.206
219.000	+5.978e+03	+1.556e+03	+6.600e+03	+0.207
219.200	+4.919e+03	+1.413e+03	+6.865e+03	+0.223
219.400	+5.876e+03	+1.530e+03	+6.822e+03	+0.207
219.600	+5.888e+03	+9.301e+02	+7.894e+03	+0.136
219.800	+2.512e+03	+3.709e+03	+7.335e+03	+0.596
220.000	+1.671e+03	+4.663e+03	+8.376e+03	+0.736
220.200	+1.025e+03	+4.039e+03	+6.850e+03	+0.798
220.400	+2.260e+03	+5.108e+03	+9.008e+03	+0.693
220.600	+1.775e+03	+5.066e+03	+6.318e+03	+0.741
220.800	+2.802e+03	+6.380e+03	+6.361e+03	+0.695
221.000	+1.419e+03	+5.090e+03	+6.456e+03	+0.782
221.200	+2.039e+03	+4.997e+03	+8.647e+03	+0.710
221.400	+2.099e+03	+5.070e+03	+7.147e+03	+0.707
221.600	+1.619e+03	+5.432e+03	+8.132e+03	+0.770
221.800	+2.444e+03	+6.360e+03	+7.268e+03	+0.722
222.000	+1.982e+03	+5.509e+03	+8.194e+03	+0.735
222.200	+2.238e+03	+5.959e+03	+6.393e+03	+0.727
222.400	+1.623e+03	+4.012e+03	+7.524e+03	+0.712
222.600	-4.412e+01	+6.675e+03	+6.092e+03	+1.007
222.800	+2.296e+03	+5.864e+03	+6.470e+03	+0.719
223.000	+2.302e+03	+5.099e+03	+9.218e+03	+0.689
223.200	+2.092e+03	+4.909e+03	+7.912e+03	+0.701
223.400	+1.697e+03	+5.521e+03	+7.787e+03	+0.765
223.600	+6.214e+02	+5.339e+03	+6.629e+03	+0.896
223.800	+1.043e+03	+3.697e+03	+7.042e+03	+0.780
224.000	+2.802e+03	+5.628e+03	+7.188e+03	+0.668
224.200	+1.634e+03	+6.296e+03	+8.148e+03	+0.794
224.400	+2.062e+03	+5.104e+03	+6.312e+03	+0.712
224.600	+1.651e+03	+6.838e+03	+7.768e+03	+0.805
224.800	+1.638e+03	+3.516e+03	+8.655e+03	+0.682
225.000	+2.126e+03	+5.743e+03	+9.300e+03	+0.730
225.200	+2.591e+03	+4.902e+03	+7.917e+03	+0.654
225.400	+2.908e+03	+5.703e+03	+5.023e+03	+0.662
225.600	+1.783e+03	+5.874e+03	+6.759e+03	+0.767
225.800	+2.210e+03	+4.648e+03	+7.305e+03	+0.678
226.000	+1.379e+03	+6.791e+03	+7.474e+03	+0.831
226.200	+3.283e+03	+3.968e+03	+8.335e+03	+0.547
226.400	+4.275e+02	+5.195e+03	+7.174e+03	+0.924
226.600	+2.235e+03	+6.275e+03	+8.796e+03	+0.737
226.800	+2.402e+03	+5.291e+03	+7.937e+03	+0.688
227.000	+1.331e+03	+5.791e+03	+8.875e+03	+0.813
227.200	+1.917e+03	+6.118e+03	+7.198e+03	+0.761
227.400	+1.087e+03	+4.042e+03	+7.803e+03	+0.788
227.600	+1.969e+03	+4.160e+03	+7.002e+03	+0.679
227.800	+2.052e+03	+6.306e+03	+6.472e+03	+0.754
228.000	+1.492e+03	+7.275e+03	+8.016e+03	+0.830
228.200	+1.192e+03	+4.816e+03	+1.105e+04	+0.802
228.400	+1.077e+03	+5.766e+03	+7.048e+03	+0.843
228.600	+2.978e+03	+4.821e+03	+6.571e+03	+0.618
228.800	+1.930e+03	+5.481e+03	+8.747e+03	+0.740
229.000	+1.537e+03	+5.684e+03	+6.262e+03	+0.787
229.200	+1.623e+03	+5.315e+03	+9.126e+03	+0.766
229.400	+2.256e+03	+6.030e+03	+7.143e+03	+0.728
229.600	+2.061e+03	+5.664e+03	+7.264e+03	+0.733
229.800	+9.362e+02	+4.718e+03	+8.055e+03	+0.834
230.000	+1.298e+03	+5.886e+03	+7.851e+03	+0.819
230.200	+1.874e+03	+5.298e+03	+7.991e+03	+0.739
230.400	+2.150e+03	+4.343e+03	+8.308e+03	+0.669
230.600	+1.481e+02	+4.697e+03	+6.513e+03	+0.969
230.800	+1.706e+03	+4.478e+03	+8.188e+03	+0.724
231.000	+2.018e+03	+5.660e+03	+7.088e+03	+0.737
231.200	+2.727e+03	+5.711e+03	+7.941e+03	+0.677
231.400	+2.374e+03	+6.385e+03	+6.055e+03	+0.729
231.600	+2.938e+03	+5.196e+03	+8.143e+03	+0.639
231.800	+2.601e+03	+5.336e+03	+5.978e+03	+0.672
232.000	+1.584e+03	+4.846e+03	+8.790e+03	+0.754
232.200	+3.549e+03	+4.502e+03	+6.313e+03	+0.559
232.400	+5.779e+03	+1.808e+03	+6.194e+03	+0.238
232.600	+7.324e+03	+3.259e+03	+7.643e+03	+0.308
232.800	+7.231e+03	+1.590e+03	+5.366e+03	+0.180
233.000	+6.377e+03	+1.768e+03	+7.231e+03	+0.217
233.200	+4.089e+03	+1.335e+03	+6.192e+03	+0.246
233.400	+4.700e+03	+1.758e+03	+5.584e+03	+0.272
233.600	+6.063e+03	+1.991e+03	+6.852e+03	+0.247
233.800	+5.181e+03	+2.352e+03	+6.636e+03	+0.312
234.000	+5.608e+03	+1.578e+03	+8.040e+03	+0.220
234.200	+5.786e+03	+2.244e+03	+5.222e+03	+0.279
234.400	+5.548e+03	+1.922e+03	+8.628e+03	+0.257
234.600	+4.439e+03	+5.157e+02	+8.792e+03	+0.104
234.800	+5.446e+03	+2.236e+03	+7.568e+03	+0.291
235.000	+5.222e+03	+2.058e+03	+7.105e+03	+0.283
235.200	+4.475e+03	+1.732e+03	+7.001e+03	+0.279
235.400	+5.764e+03	+2.844e+03	+7.512e+03	+0.330
235.600	+5.801e+03	+1.718e+03	+6.236e+03	+0.228
235.800	+5.652e+03	+1.862e+03	+7.527e+03	+0.248
236.000	+4.639e+03	+1.593e+03	+8.203e+03	+0.256
236.200	+5.300e+03	+1.476e+03	+7.170e+03	+0.218
236.400	+6.306e+03	+1.409e+03	+8.610e+03	+0.183
236.600	+5.044e+03	+1.370e+03	+7.331e+03	+0.214
236.800	+5.237e+03	+1.927e+03	+7.258e+03	+0.269
237.000	+4.730e+03	+1.099e+03	+6.998e+03	+0.189
237.200	+6.135e+03	+8.754e+02	+7.656e+03	+0.125
237.400	+4.846e+03	+2.326e+03	+7.865e+03	+0.324
237.600	+6.834e+03	+1.934e+03	+8.349e+03	+0.221
237.800	+6.044e+03	+1.793e+03	+6.612e+03	+0.229
238.000	+5.931e+03	+8.830e+02	+6.927e+03	+0.130
238.200	+6.094e+03	+1.287e+03	+9.855e+03	+0.174
238.400	+4.170e+03	+2.424e+03	+7.077e+03	+0.368
238.600	+3.588e+03	+3.381e+03	+8.339e+03	+0.485
238.800	+1.367e+03	+5.668e+03	+4.951e+03	+0.806
239.000	+1.629e+03	+5.992e+03	+5.695e+03	+0.786
239.200	+1.511e+03	+6.110e+03	+6.371e+03	+0.802
239.400	+2.660e+03	+5.554e+03	+7.425e+03	+0.676
239.600	+2.644e+03	+5.263e+03	+7.796e+03	+0.666
239.800	+2.996e+03	+5.039e+03	+7.042e+03	+0.627
240.000	+2.594e+03	+6.668e+03	+7.042e+03	+0.720
240.200	+1.684e+03	+3.374e+03	+5.560e+03	+0.667
240.400	+3.754e+03	+5.278e+03	+5.610e+03	+0.584
240.600	+1.874e+03	+4.806e+03	+5.061e+03	+0.719
240.800	+2.687e+03	+4.874e+03	+7.804e+03	+0.645
241.000	+2.223e+03	+4.798e+03	+7.306e+03	+0.683
241.200	+1.266e+03	+5.072e+03	+4.852e+03	+0.800
241.400	+2.218e+03	+4.568e+03	+8.310e+03	+0.673
241.600	+1.595e+03	+4.757e+03	+8.720e+03	+0.749
241.800	+1.915e+03	+7.076e+03	+8.155e+03	+0.787
242.000	+2.635e+03	+5.410e+03	+7.385e+03	+0.672
242.200	+2.977e+03	+5.740e+03	+6.715e+03	+0.659
