%t (s)	Idd (a.u.)	Ida (a.u.)	Iaa (a.u.)	FRET E
0.000	+3.200e+03	+1.209e+03	+7.962e+03	+0.274
0.200	+6.859e+03	+2.096e+03	+8.208e+03	+0.234
0.400	+5.478e+03	+1.384e+03	+7.119e+03	+0.202
0.600	+5.260e+03	+1.499e+03	+8.709e+03	+0.222
0.800	+6.248e+03	+1.571e+03	+9.255e+03	+0.201
1.000	+4.680e+03	+1.373e+03	+8.630e+03	+0.227
1.200	+4.858e+03	+2.375e+03	+6.414e+03	+0.328
1.400	+6.014e+03	+1.335e+03	+6.333e+03	+0.182
1.600	+5.108e+03	+1.285e+03	+7.251e+03	+0.201
1.800	+6.150e+03	+2.671e+03	+6.456e+03	+0.303
2.000	+5.330e+03	+2.436e+03	+5.927e+03	+0.314
2.200	+6.279e+03	+1.384e+03	+8.867e+03	+0.181
2.400	+3.590e+03	+2.557e+03	+8.786e+03	+0.416
2.600	+6.266e+03	+1.039e+03	+7.096e+03	+0.142
2.800	+5.436e+03	+2.949e+03	+8.423e+03	+0.352
3.000	+5.595e+03	+1.827e+03	+8.828e+03	+0.246
3.200	+5.268e+03	+5.411e+02	+7.825e+03	+0.093
3.400	+4.827e+03	+2.041e+03	+5.762e+03	+0.297
3.600	+7.430e+03	+1.912e+03	+6.904e+03	+0.205
3.800	+4.673e+03	+2.318e+03	+6.598e+03	+0.332
4.000	+6.181e+03	+1.087e+03	+6.352e+03	+0.150
4.200	+6.498e+03	+1.389e+03	+6.903e+03	+0.176
4.400	+6.195e+03	+1.815e+03	+7.524e+03	+0.227
4.600	+5.081e+03	+1.938e+03	+5.623e+03	+0.276
4.800	+6.283e+03	+6.411e+02	+8.250e+03	+0.093
5.000	+4.887e+03	+2.428e+03	+7.177e+03	+0.332
5.200	+3.322e+03	+3.314e+03	+7.320e+03	+0.499
5.400	+2.389e+03	+5.528e+03	+6.814e+03	+0.698
5.600	+2.259e+03	+6.388e+03	+6.997e+03	+0.739
5.800	+1.012e+03	+4.296e+03	+6.823e+03	+0.809
6.000	+2.149e+03	+6.665e+03	+5.913e+03	+0.756
6.200	+2.596e+03	+4.603e+03	+7.201e+03	+0.639
6.400	+1.429e+03	+4.704e+03	+6.930e+03	+0.767
6.600	+2.446e+03	+3.516e+03	+9.282e+03	+0.590
6.800	+1.510e+03	+5.624e+03	+5.807e+03	+0.788
7.000	+2.322e+03	+4.800e+03	+7.032e+03	+0.674
7.200	+2.520e+03	+5.324e+03	+5.446e+03	+0.679
7.400	+3.007e+03	+6.360e+03	+8.007e+03	+0.679
7.600	+1.781e+03	+6.122e+03	+7.708e+03	+0.775
7.800	+1.561e+03	+5.349e+03	+8.000e+03	+0.774
8.000	+2.129e+03	+4.440e+03	+5.881e+03	+0.676
8.200	+2.809e+03	+6.032e+03	+7.829e+03	+0.682
8.400	+1.932e+03	+5.684e+03	+4.581e+03	+0.746
8.600	+2.351e+03	+6.187e+03	+6.689e+03	+0.725
8.800	+9.848e+02	+4.634e+03	+6.956e+03	+0.825
9.000	+3.756e+03	+4.388e+03	+9.020e+03	+0.539
9.200	+2.406e+03	+5.077e+03	+7.416e+03	+0.678
9.400	+2.186e+03	+4.586e+03	+6.909e+03	+0.677
9.600	+1.614e+03	+4.253e+03	+6.520e+03	+0.725
9.800	+1.811e+03	+5.154e+03	+6.334e+03	+0.740
10.000	+9.873e+02	+4.461e+03	+8.136e+03	+0.819
10.200	+1.319e+03	+5.220e+03	+7.772e+03	+0.798
10.400	+5.633e+03	+2.281e+03	+5.943e+03	+0.288
10.600	+5.792e+03	+1.386e+03	+7.568e+03	+0.193
10.800	+5.321e+03	+1.801e+03	+8.512e+03	+0.253
11.000	+8.129e+03	+9.987e+02	+8.315e+03	+0.109
11.200	+3.902e+03	+2.524e+03	+6.635e+03	+0.393
11.400	+4.735e+03	+2.573e+03	+7.806e+03	+0.352
11.600	+6.460e+03	+5.616e+02	+7.935e+03	+0.080
11.800	+5.654e+03	+2.262e+03	+5.926e+03	+0.286
12.000	+3.777e+03	+3.995e+03	+6.542e+03	+0.514
12.200	+2.610e+03	+7.053e+03	+5.795e+03	+0.730
12.400	+2.002e+03	+4.885e+03	+7.306e+03	+0.709
12.600	+1.385e+03	+5.521e+03	+7.161e+03	+0.799
12.800	+2.384e+03	+5.304e+03	+8.031e+03	+0.690
13.000	+2.409e+03	+5.448e+03	+6.089e+03	+0.693
13.200	+2.093e+03	+5.325e+03	+7.598e+03	+0.718
13.400	+6.705e+02	+6.234e+03	+7.497e+03	+0.903
13.600	+2.118e+03	+5.591e+03	+8.545e+03	+0.725
13.800	+2.117e+03	+4.378e+03	+6.951e+03	+0.674
14.000	+1.493e+03	+5.957e+03	+8.374e+03	+0.800
14.200	+4.684e+03	+3.550e+03	+8.878e+03	+0.431
14.400	+5.367e+03	+1.583e+03	+7.897e+03	+0.228
14.600	+5.407e+03	+1.523e+03	+6.508e+03	+0.220
14.800	+4.964e+03	+1.446e+03	+9.123e+03	+0.226
15.000	+5.279e+03	+3.007e+03	+7.532e+03	+0.363
15.200	+6.587e+03	+1.590e+03	+6.568e+03	+0.194
15.400	+5.667e+03	+4.430e+02	+6.396e+03	+0.072
15.600	+4.760e+03	+1.607e+03	+5.080e+03	+0.252
15.800	+5.945e+03	+2.316e+03	+7.848e+03	+0.280
16.000	+5.285e+03	+1.634e+03	+6.898e+03	+0.236
16.200	+6.395e+03	+1.356e+03	+7.455e+03	+0.175
16.400	+4.339e+03	+1.638e+03	+8.797e+03	+0.274
16.600	+4.343e+03	+1.837e+03	+8.296e+03	+0.297
16.800	+5.558e+03	+1.383e+03	+7.785e+03	+0.199
17.000	+5.919e+03	+1.311e+03	+6.334e+03	+0.181
17.200	+5.718e+03	+1.478e+03	+5.314e+03	+0.205
17.400	+5.229e+03	+1.400e+03	+7.212e+03	+0.211
17.600	+5.275e+03	+2.106e+03	+6.036e+03	+0.285
17.800	+6.372e+03	+1.404e+03	+8.902e+03	+0.181
18.000	+4.966e+03	+2.547e+03	+7.772e+03	+0.339
18.200	+5.057e+03	+2.630e+03	+7.312e+03	+0.342
18.400	+7.026e+03	+1.540e+03	+6.817e+03	+0.180
18.600	+6.673e+03	+2.485e+03	+5.575e+03	+0.271
18.800	+5.603e+03	+1.627e+03	+8.310e+03	+0.225
19.000	+7.404e+03	+1.457e+03	+7.959e+03	+0.164
19.200	+5.288e+03	+2.024e+03	+8.702e+03	+0.277
19.400	+5.611e+03	+2.220e+03	+6.890e+03	+0.283
19.600	+5.423e+03	+5.501e+02	+6.611e+03	+0.092
19.800	+4.898e+03	+2.373e+03	+7.506e+03	+0.326
20.000	+4.530e+03	+1.241e+03	+9.106e+03	+0.215
20.200	+6.066e+03	+2.235e+03	+5.315e+03	+0.269
20.400	+4.457e+03	+1.851e+03	+8.276e+03	+0.293
20.600	+4.831e+03	+2.204e+03	+6.734e+03	+0.313
20.800	+6.542e+03	+7.122e+02	+7.014e+03	+0.098
21.000	+5.089e+03	+2.061e+03	+7.691e+03	+0.288
21.200	+5.684e+03	+5.186e+02	+6.223e+03	+0.084
21.400	+6.450e+03	+1.755e+03	+4.570e+03	+0.214
21.600	+4.312e+03	+1.579e+03	+4.983e+03	+0.268
21.800	+5.176e+03	+1.859e+03	+6.606e+03	+0.264
22.000	+6.297e+03	+1.301e+03	+4.136e+03	+0.171
22.200	+5.570e+03	+2.538e+03	+6.695e+03	+0.313
22.400	+5.763e+03	+1.489e+03	+7.233e+03	+0.205
22.600	+4.421e+03	+2.297e+03	+6.944e+03	+0.342
22.800	+5.340e+03	+2.243e+03	+4.457e+03	+0.296
23.000	+7.210e+03	+1.863e+03	+7.287e+03	+0.205
23.200	+4.364e+03	+1.888e+03	+5.461e+03	+0.302
23.400	+6.563e+03	+2.018e+03	+7.172e+03	+0.235
23.600	+6.018e+03	+2.268e+03	+8.695e+03	+0.274
23.800	+6.382e+03	+7.081e+02	+6.236e+03	+0.100
24.000	+4.696e+03	+9.645e+02	+7.598e+03	+0.170
24.200	+5.991e+03	+2.838e+03	+8.360e+03	+0.321
24.400	+6.596e+03	+1.298e+03	+9.083e+03	+0.164
24.600	+6.654e+03	+1.068e+03	+7.572e+03	+0.138
24.800	+5.454e+03	+2.160e+03	+7.054e+03	+0.284
25.000	+6.333e+03	+1.644e+03	+5.341e+03	+0.206
25.200	+4.895e+03	+1.467e+03	+6.710e+03	+0.231
25.400	+5.555e+03	+2.377e+03	+7.727e+03	+0.300
25.600	+6.855e+03	+1.297e+03	+7.065e+03	+0.159
25.800	+6.486e+03	+2.337e+03	+5.625e+03	+0.265
26.000	+4.025e+03	+1.395e+03	+5.699e+03	+0.257
26.200	+5.447e+03	+1.826e+03	+7.160e+03	+0.251
26.400	+6.065e+03	+2.016e+03	+6.399e+03	+0.250
26.600	+3.858e+03	+1.532e+03	+6.839e+03	+0.284
26.800	+6.045e+03	+1.269e+03	+7.408e+03	+0.173
27.000	+4.801e+03	+2.201e+03	+5.969e+03	+0.314
27.200	+6.337e+03	+1.243e+03	+8.088e+03	+0.164
27.400	+6.843e+03	+3.165e+02	+8.028e+03	+0.044
27.600	+5.247e+03	+2.288e+03	+7.664e+03	+0.304
27.800	+6.582e+03	+1.405e+03	+6.121e+03	+0.176
28.000	+7.245e+03	+1.815e+03	+7.163e+03	+0.200
28.200	+6.219e+03	+2.448e+03	+6.005e+03	+0.282
28.400	+3.663e+03	+1.311e+03	+6.438e+03	+0.264
28.600	+5.144e+03	+9.072e+02	+8.509e+03	+0.150
28.800	+5.302e+03	+1.946e+03	+1.099e+04	+0.268
29.000	+6.259e+03	+1.834e+03	+7.548e+03	+0.227
29.200	+5.589e+03	+2.209e+03	+9.576e+03	+0.283
29.400	+4.719e+03	+8.927e+02	+7.815e+03	+0.159
29.600	+5.067e+03	+1.853e+03	+6.174e+03	+0.268
29.800	+5.508e+03	+2.088e+03	+7.225e+03	+0.275
30.000	+5.764e+03	+1.911e+03	+7.849e+03	+0.249
30.200	+5.605e+03	+1.453e+03	+1.060e+04	+0.206
30.400	+6.855e+03	+1.472e+03	+7.204e+03	+0.177
30.600	+5.609e+03	+2.546e+03	+9.162e+03	+0.312
30.800	+5.354e+03	+2.005e+03	+6.428e+03	+0.272
31.000	+4.111e+03	+1.615e+03	+7.743e+03	+0.282
31.200	+5.920e+03	+1.937e+03	+6.499e+03	+0.247
31.400	+4.901e+03	+1.041e+03	+9.216e+03	+0.175
31.600	+5.032e+03	+2.158e+03	+5.762e+03	+0.300
31.800	+6.029e+03	+2.284e+03	+6.814e+03	+0.275
32.000	+6.125e+03	+2.168e+03	+7.938e+03	+0.261
32.200	+5.251e+03	+3.342e+03	+4.793e+03	+0.389
32.400	+3.795e+03	+2.425e+03	+5.794e+03	+0.390
32.600	+6.273e+03	+3.297e+02	+7.307e+03	+0.050
32.800	+7.297e+03	+1.909e+03	+7.049e+03	+0.207
33.000	+6.930e+03	+9.867e+02	+5.584e+03	+0.125
33.200	+5.193e+03	+1.212e+03	+5.243e+03	+0.189
33.400	+5.811e+03	+1.998e+03	+5.726e+03	+0.256
33.600	+5.122e+03	+2.266e+03	+8.184e+03	+0.307
33.800	+5.464e+03	+1.920e+03	+8.095e+03	+0.260
34.000	+6.069e+03	+1.504e+03	+7.053e+03	+0.199
34.200	+5.152e+03	+1.147e+03	+7.654e+03	+0.182
34.400	+5.166e+03	+1.385e+03	+7.210e+03	+0.211
34.600	+5.813e+03	+2.852e+03	+8.142e+03	+0.329
34.800	+5.119e+03	+2.433e+03	+6.755e+03	+0.322
35.000	+5.987e+03	+9.846e+02	+8.957e+03	+0.141
35.200	+5.745e+03	+2.210e+03	+7.287e+03	+0.278
35.400	+5.146e+03	+1.882e+03	+9.024e+03	+0.268
35.600	+6.155e+03	+1.857e+03	+7.328e+03	+0.232
35.800	+5.635e+03	+2.989e+03	+8.214e+03	+0.347
36.000	+5.789e+03	+1.650e+03	+9.048e+03	+0.222
36.200	+3.158e+03	+2.305e+03	+7.213e+03	+0.422
36.400	+4.202e+03	+1.943e+03	+9.473e+03	+0.316
36.600	+5.011e+03	+1.982e+03	+9.153e+03	+0.283
36.800	+3.340e+03	+3.154e+03	+7.611e+03	+0.486
37.000	+2.599e+03	+5.712e+03	+7.370e+03	+0.687
37.200	+1.616e+03	+4.282e+03	+9.571e+03	+0.726
37.400	+1.923e+03	+3.694e+03	+6.726e+03	+0.658
37.600	+1.082e+03	+2.737e+03	+8.984e+03	+0.717
37.800	+2.864e+03	+5.322e+03	+9.334e+03	+0.650
38.000	+1.254e+03	+4.431e+03	+7.713e+03	+0.779
38.200	+3.012e+03	+4.785e+03	+5.283e+03	+0.614
38.400	+1.862e+03	+4.377e+03	+6.671e+03	+0.702
38.600	+2.012e+03	+5.893e+03	+9.356e+03	+0.745
38.800	+1.428e+03	+5.588e+03	+6.211e+03	+0.796
39.000	+6.223e+02	+6.229e+03	+5.609e+03	+0.909
39.200	+3.782e+02	+4.552e+03	+6.865e+03	+0.923
39.400	+1.904e+03	+4.922e+03	+6.126e+03	+0.721
39.600	+3.648e+03	+2.781e+03	+6.491e+03	+0.433
39.800	+6.608e+03	+1.458e+02	+8.387e+03	+0.022
40.000	+5.114e+03	+2.059e+03	+7.297e+03	+0.287
40.200	+3.890e+03	+1.749e+03	+6.588e+03	+0.310
40.400	+5.672e+03	+3.015e+03	+8.049e+03	+0.347
40.600	+5.097e+03	+1.678e+03	+5.901e+03	+0.248
40.800	+6.448e+03	+2.516e+03	+7.026e+03	+0.281
41.000	+5.736e+03	+1.944e+03	+7.068e+03	+0.253
41.200	+3.017e+03	+2.253e+03	+7.915e+03	+0.428
41.400	+5.386e+03	+2.048e+03	+7.033e+03	+0.275
41.600	+4.638e+03	+1.061e+03	+9.445e+03	+0.186
41.800	+3.549e+03	+1.778e+03	+4.967e+03	+0.334
42.000	+6.386e+03	+2.101e+03	+6.872e+03	+0.248
42.200	+5.884e+03	+2.342e+03	+7.570e+03	+0.285
42.400	+6.632e+03	+2.837e+02	+6.951e+03	+0.041
42.600	+6.129e+03	+2.332e+03	+8.686e+03	+0.276
42.800	+5.746e+03	+1.737e+03	+7.045e+03	+0.232
43.000	+4.609e+03	+1.059e+03	+8.061e+03	+0.187
43.200	+5.157e+03	+1.721e+03	+7.201e+03	+0.250
43.400	+5.536e+03	+4.837e+02	+6.287e+03	+0.080
43.600	+5.880e+03	+1.914e+03	+6.058e+03	+0.246
43.800	+5.222e+03	+2.959e+03	+6.839e+03	+0.362
44.000	+5.245e+03	+1.716e+03	+6.356e+03	+0.247
44.200	+5.097e+03	+1.384e+03	+7.036e+03	+0.213
44.400	+5.586e+03	+2.170e+03	+7.268e+03	+0.280
44.600	+5.576e+03	+9.155e+02	+4.443e+03	+0.141
44.800	+5.379e+03	+1.442e+03	+7.521e+03	+0.211
45.000	+5.438e+03	+1.534e+03	+8.093e+03	+0.220
45.200	+4.222e+03	+2.364e+03	+6.457e+03	+0.359
45.400	+3.680e+03	+1.168e+03	+7.425e+03	+0.241
45.600	+4.600e+03	+1.619e+03	+6.738e+03	+0.260
45.800	+5.508e+03	+2.240e+03	+7.176e+03	+0.289
46.000	+6.140e+03	+1.865e+03	+7.352e+03	+0.233
46.200	+3.171e+03	+3.530e+03	+6.066e+03	+0.527
46.400	+1.494e+03	+6.107e+03	+7.060e+03	+0.803
46.600	+1.845e+03	+5.498e+03	+7.094e+03	+0.749
46.800	+1.467e+03	+4.459e+03	+6.455e+03	+0.752
47.000	+1.246e+03	+5.560e+03	+9.125e+03	+0.817
47.200	+2.126e+03	+6.583e+03	+7.427e+03	+0.756
47.400	+1.802e+03	+5.168e+03	+5.911e+03	+0.741
47.600	+3.745e+03	+3.337e+03	+7.334e+03	+0.471
47.800	+6.189e+03	+2.319e+03	+9.022e+03	+0.273
48.000	+5.895e+03	+1.124e+03	+7.618e+03	+0.160
48.200	+5.053e+03	+2.380e+03	+7.848e+03	+0.320
48.400	+5.550e+03	+1.877e+03	+8.032e+03	+0.253
48.600	+7.209e+03	+3.327e+03	+7.315e+03	+0.316
48.800	+5.545e+03	+9.232e+02	+8.862e+03	+0.143
49.000	+4.967e+03	+1.537e+03	+7.252e+03	+0.236
49.200	+2.518e+03	+2.514e+03	+6.007e+03	+0.500
49.400	+4.872e+03	+1.183e+03	+8.098e+03	+0.195
49.600	+5.247e+03	+1.910e+03	+6.837e+03	+0.267
49.800	+5.262e+03	+9.800e+02	+5.730e+03	+0.157
50.000	+4.902e+03	+1.031e+03	+9.387e+03	+0.174
50.200	+4.935e+03	+1.232e+03	+5.902e+03	+0.200
50.400	+6.009e+03	+2.013e+03	+6.491e+03	+0.251
50.600	+3.482e+03	+1.600e+03	+7.619e+03	+0.315
50.800	+6.321e+03	+2.667e+03	+6.157e+03	+0.297
51.000	+6.799e+03	+1.983e+03	+7.259e+03	+0.226
51.200	+4.782e+03	+1.532e+03	+9.314e+03	+0.243
51.400	+6.631e+03	+1.842e+03	+7.265e+03	+0.217
51.600	+5.619e+03	+1.760e+03	+9.023e+03	+0.239
51.800	+5.825e+03	+1.554e+03	+7.487e+03	+0.211
52.000	+5.192e+03	+1.615e+03	+8.214e+03	+0.237
52.200	+6.306e+03	+1.235e+03	+5.485e+03	+0.164
52.400	+6.077e+03	+1.439e+03	+5.525e+03	+0.191
52.600	+6.350e+03	+1.829e+03	+7.714e+03	+0.224
52.800	+6.678e+03	+1.739e+03	+6.527e+03	+0.207
53.000	+4.807e+03	+2.138e+03	+6.881e+03	+0.308
53.200	+4.689e+03	+3.683e+03	+6.250e+03	+0.440
53.400	+7.034e+03	+2.086e+03	+6.702e+03	+0.229
53.600	+6.718e+03	+1.242e+03	+7.231e+03	+0.156
53.800	+5.930e+03	+5.796e+02	+9.237e+03	+0.089
54.000	+3.930e+03	+2.712e+03	+5.801e+03	+0.408
54.200	+5.025e+03	+1.682e+03	+7.959e+03	+0.251
54.400	+5.112e+03	+1.153e+03	+6.799e+03	+0.184
54.600	+5.960e+03	+2.278e+03	+7.540e+03	+0.277
54.800	+5.678e+03	+2.803e+03	+4.779e+03	+0.331
55.000	+6.229e+03	+2.057e+03	+8.209e+03	+0.248
55.200	+4.063e+03	+1.372e+03	+7.882e+03	+0.252
55.400	+5.722e+03	+1.075e+03	+6.569e+03	+0.158
55.600	+5.864e+03	+2.522e+03	+6.804e+03	+0.301
55.800	+4.358e+03	+1.564e+03	+7.201e+03	+0.264
56.000	+4.384e+03	+2.243e+03	+8.342e+03	+0.338
56.200	+6.296e+03	+2.344e+03	+8.218e+03	+0.271
56.400	+4.915e+03	+2.869e+03	+8.334e+03	+0.369
56.600	+5.356e+03	+2.435e+03	+7.200e+03	+0.313
56.800	+6.076e+03	+2.344e+03	+6.928e+03	+0.278
57.000	+6.481e+03	+2.096e+03	+6.887e+03	+0.244
57.200	+5.045e+03	+1.577e+03	+5.846e+03	+0.238
57.400	+4.580e+03	+1.288e+03	+7.274e+03	+0.220
57.600	+4.386e+03	+1.068e+03	+7.029e+03	+0.196
57.800	+6.250e+03	+1.798e+03	+6.620e+03	+0.223
58.000	+5.893e+03	+2.260e+03	+4.775e+03	+0.277
58.200	+5.140e+03	+2.387e+03	+5.843e+03	+0.317
58.400	+4.269e+03	+1.860e+03	+6.797e+03	+0.303
58.600	+5.253e+03	+1.752e+03	+7.590e+03	+0.250
58.800	+5.656e+03	+1.831e+03	+6.571e+03	+0.245
59.000	+5.951e+03	+1.913e+03	+8.717e+03	+0.243
59.200	+5.709e+03	+1.474e+03	+5.612e+03	+0.205
59.400	+5.574e+03	+2.182e+03	+6.962e+03	+0.281
59.600	+7.353e+03	+2.039e+03	+1.094e+04	+0.217
59.800	+5.923e+03	+1.339e+03	+8.128e+03	+0.184
60.000	+4.743e+03	+2.536e+03	+5.558e+03	+0.348
60.200	+5.493e+03	+2.579e+03	+5.756e+03	+0.320
60.400	+5.583e+03	+1.270e+03	+8.770e+03	+0.185
60.600	+5.381e+03	+9.755e+02	+7.341e+03	+0.153
60.800	+4.690e+03	+1.405e+03	+8.982e+03	+0.230
61.000	+6.058e+03	+2.277e+03	+8.193e+03	+0.273
61.200	+6.636e+03	+6.887e+02	+6.757e+03	+0.094
61.400	+5.319e+03	+6.281e+02	+8.518e+03	+0.106
61.600	+6.300e+03	+1.753e+03	+7.171e+03	+0.218
61.800	+4.710e+03	+1.754e+03	+7.852e+03	+0.271
62.000	+4.122e+03	+3.387e+03	+6.591e+03	+0.451
62.200	+4.489e+03	+1.710e+03	+8.064e+03	+0.276
62.400	+5.230e+03	+2.677e+03	+6.043e+03	+0.339
62.600	+1.289e+03	+5.993e+03	+7.017e+03	+0.823
62.800	+2.592e+03	+5.819e+03	+6.097e+03	+0.692
63.000	+1.527e+03	+5.600e+03	+5.756e+03	+0.786
63.200	+2.273e+03	+5.746e+03	+7.316e+03	+0.717
63.400	+1.534e+03	+4.055e+03	+6.818e+03	+0.726
63.600	+2.583e+03	+5.965e+03	+7.355e+03	+0.698
63.800	+1.378e+03	+4.189e+03	+7.497e+03	+0.752
64.000	+2.744e+03	+6.174e+03	+5.084e+03	+0.692
64.200	+2.515e+03	+4.619e+03	+6.887e+03	+0.647
64.400	+2.477e+03	+4.540e+03	+7.756e+03	+0.647
64.600	+2.854e+03	+5.063e+03	+6.662e+03	+0.639
64.800	+2.539e+03	+6.352e+03	+7.668e+03	+0.714
65.000	+2.068e+03	+5.551e+03	+6.052e+03	+0.729
65.200	+1.145e+03	+5.821e+03	+6.258e+03	+0.836
65.400	+2.279e+03	+3.993e+03	+8.917e+03	+0.637
65.600	+1.753e+03	+3.904e+03	+6.464e+03	+0.690
65.800	+3.217e+03	+5.303e+03	+8.089e+03	+0.622
66.000	+7.152e+02	+5.872e+03	+6.767e+03	+0.891
66.200	+1.831e+03	+5.865e+03	+8.438e+03	+0.762
66.400	+4.556e+03	+3.184e+03	+8.648e+03	+0.411
66.600	+5.433e+03	+1.382e+03	+7.503e+03	+0.203
66.800	+5.970e+03	+1.328e+03	+7.163e+03	+0.182
67.000	+5.616e+03	+8.642e+02	+6.073e+03	+0.133
67.200	+4.975e+03	+2.021e+03	+8.589e+03	+0.289
67.400	+5.532e+03	+2.260e+03	+7.239e+03	+0.290
67.600	+5.563e+03	+2.108e+03	+7.016e+03	+0.275
67.800	+6.054e+03	+1.678e+03	+7.333e+03	+0.217
68.000	+6.200e+03	+2.090e+03	+7.408e+03	+0.252
68.200	+7.048e+03	+2.197e+03	+7.071e+03	+0.238
68.400	+5.487e+03	+1.181e+03	+6.833e+03	+0.177
68.600	+5.226e+03	+2.241e+03	+6.291e+03	+0.300
68.800	+5.741e+03	+2.380e+03	+7.508e+03	+0.293
69.000	+4.041e+03	+3.374e+03	+7.237e+03	+0.455
69.200	+2.374e+03	+4.969e+03	+6.085e+03	+0.677
69.400	+1.561e+03	+5.498e+03	+6.400e+03	+0.779
69.600	+2.953e+03	+5.160e+03	+5.661e+03	+0.636
69.800	+1.129e+03	+4.759e+03	+6.908e+03	+0.808
70.000	+1.144e+03	+4.181e+03	+8.824e+03	+0.785
70.200	+2.282e+03	+7.243e+03	+7.494e+03	+0.760
70.400	+8.760e+02	+5.219e+03	+8.264e+03	+0.856
70.600	+1.983e+03	+5.325e+03	+6.055e+03	+0.729
70.800	+3.356e+03	+5.749e+03	+8.431e+03	+0.631
71.000	+1.493e+03	+4.882e+03	+8.407e+03	+0.766
71.200	+9.043e+02	+6.088e+03	+6.443e+03	+0.871
71.400	+1.832e+03	+6.410e+03	+7.311e+03	+0.778
71.600	+2.738e+03	+4.428e+03	+8.685e+03	+0.618
71.800	+1.914e+03	+5.342e+03	+8.187e+03	+0.736
72.000	+1.914e+03	+5.304e+03	+7.366e+03	+0.735
72.200	+2.677e+03	+4.624e+03	+8.660e+03	+0.633
72.400	+2.907e+03	+6.237e+03	+8.117e+03	+0.682
72.600	+2.545e+03	+4.565e+03	+6.642e+03	+0.642
72.800	+2.266e+03	+5.306e+03	+6.276e+03	+0.701
73.000	+3.307e+03	+5.698e+03	+6.908e+03	+0.633
73.200	+1.473e+03	+5.231e+03	+5.022e+03	+0.780
73.400	+1.367e+03	+4.546e+03	+9.756e+03	+0.769
73.600	+2.845e+03	+5.674e+03	+9.964e+03	+0.666
73.800	+2.545e+03	+5.476e+03	+7.791e+03	+0.683
74.000	+2.933e+03	+4.677e+03	+8.168e+03	+0.615
74.200	+3.637e+03	+5.061e+03	+7.245e+03	+0.582
74.400	+2.292e+03	+4.467e+03	+8.936e+03	+0.661
74.600	+1.869e+03	+6.115e+03	+6.566e+03	+0.766
74.800	+2.174e+03	+5.810e+03	+7.425e+03	+0.728
75.000	+2.139e+03	+4.369e+03	+7.172e+03	+0.671
75.200	+1.665e+03	+4.916e+03	+6.738e+03	+0.747
75.400	+1.859e+03	+5.405e+03	+8.972e+03	+0.744
75.600	+1.429e+03	+5.532e+03	+6.851e+03	+0.795
75.800	+1.462e+03	+5.060e+03	+7.746e+03	+0.776
76.000	+2.700e+03	+5.528e+03	+5.815e+03	+0.672
76.200	+2.340e+03	+5.595e+03	+7.988e+03	+0.705
76.400	+2.123e+03	+5.029e+03	+7.483e+03	+0.703
76.600	+2.453e+03	+5.762e+03	+7.373e+03	+0.701
76.800	+1.807e+03	+5.794e+03	+7.791e+03	+0.762
77.000	+1.016e+03	+5.493e+03	+9.259e+03	+0.844
77.200	+1.773e+03	+5.154e+03	+7.610e+03	+0.744
77.400	+9.501e+02	+7.407e+03	+6.150e+03	+0.886
77.600	+7.704e+02	+4.847e+03	+7.763e+03	+0.863
77.800	+1.232e+03	+4.392e+03	+8.599e+03	+0.781
78.000	+2.365e+03	+5.159e+03	+7.236e+03	+0.686
78.200	+2.206e+03	+5.622e+03	+6.617e+03	+0.718
78.400	+1.461e+03	+6.521e+03	+8.117e+03	+0.817
78.600	+2.280e+03	+4.499e+03	+8.289e+03	+0.664
78.800	+1.107e+03	+4.965e+03	+6.384e+03	+0.818
79.000	+2.618e+03	+4.867e+03	+6.441e+03	+0.650
79.200	+1.760e+03	+3.903e+03	+7.537e+03	+0.689
79.400	+2.112e+03	+5.104e+03	+8.367e+03	+0.707
79.600	+1.077e+03	+7.029e+03	+7.449e+03	+0.867
79.800	+2.416e+03	+5.301e+03	+7.459e+03	+0.687
80.000	+1.990e+03	+4.791e+03	+7.582e+03	+0.707
80.200	+9.799e+02	+5.052e+03	+6.482e+03	+0.838
80.400	+1.717e+03	+5.494e+03	+7.445e+03	+0.762
80.600	+1.090e+03	+5.681e+03	+7.203e+03	+0.839
80.800	+2.166e+03	+5.519e+03	+7.511e+03	+0.718
81.000	+2.544e+03	+5.010e+03	+6.462e+03	+0.663
81.200	+1.870e+03	+4.412e+03	+7.552e+03	+0.702
81.400	+1.526e+03	+6.396e+03	+4.304e+03	+0.807
81.600	+3.117e+03	+5.927e+03	+7.712e+03	+0.655
81.800	+8.082e+02	+4.118e+03	+6.566e+03	+0.836
82.000	+3.175e+03	+5.742e+03	+5.623e+03	+0.644
82.200	+2.612e+03	+5.977e+03	+5.010e+03	+0.696
82.400	+3.199e+03	+6.749e+03	+6.866e+03	+0.678
82.600	+2.006e+03	+6.209e+03	+8.864e+03	+0.756
82.800	+1.210e+03	+4.663e+03	+8.077e+03	+0.794
83.000	+2.005e+03	+4.120e+03	+7.154e+03	+0.673
83.200	+3.689e+03	+3.233e+03	+6.293e+03	+0.467
83.400	+5.011e+03	+2.995e+03	+7.675e+03	+0.374
83.600	+4.472e+03	+1.630e+03	+9.142e+03	+0.267
83.800	+4.790e+03	+1.403e+03	+7.414e+03	+0.226
84.000	+5.287e+03	+2.135e+03	+8.527e+03	+0.288
84.200	+4.872e+03	+1.785e+03	+7.166e+03	+0.268
84.400	+6.683e+03	+2.413e+03	+8.463e+03	+0.265
84.600	+4.563e+03	+3.277e+03	+7.506e+03	+0.418
84.800	+4.854e+03	+2.484e+03	+7.625e+03	+0.338
85.000	+6.433e+03	+1.885e+03	+5.892e+03	+0.227
85.200	+5.733e+03	+1.928e+03	+7.972e+03	+0.252
85.400	+4.916e+03	+1.324e+03	+6.345e+03	+0.212
85.600	+4.730e+03	+5.135e+02	+6.217e+03	+0.098
85.800	+4.282e+03	+2.083e+03	+6.527e+03	+0.327
86.000	+5.831e+03	+1.940e+03	+7.762e+03	+0.250
86.200	+5.943e+03	+1.810e+03	+7.242e+03	+0.233
86.400	+4.398e+03	+1.912e+03	+6.834e+03	+0.303
86.600	+5.961e+03	+1.660e+03	+8.961e+03	+0.218
86.800	+4.639e+03	+1.692e+03	+6.497e+03	+0.267
87.000	+5.495e+03	+2.064e+03	+7.125e+03	+0.273
87.200	+6.349e+03	+1.618e+03	+6.385e+03	+0.203
87.400	+6.292e+03	+5.075e+02	+5.892e+03	+0.075
87.600	+4.918e+03	+1.828e+03	+7.393e+03	+0.271
87.800	+4.665e+03	+2.222e+03	+7.115e+03	+0.323
88.000	+4.824e+03	+2.798e+03	+7.795e+03	+0.367
88.200	+3.368e+03	+4.222e+03	+7.363e+03	+0.556
88.400	+1.909e+03	+3.598e+03	+7.475e+03	+0.653
88.600	+1.373e+03	+5.894e+03	+7.557e+03	+0.811
88.800	+3.285e+03	+6.299e+03	+6.058e+03	+0.657
89.000	+1.674e+03	+4.555e+03	+5.953e+03	+0.731
89.200	+1.596e+03	+5.845e+03	+8.647e+03	+0.786
89.400	+2.372e+03	+4.967e+03	+6.168e+03	+0.677
89.600	+1.275e+03	+5.887e+03	+5.598e+03	+0.822
89.800	+2.149e+03	+4.720e+03	+6.187e+03	+0.687
90.000	+2.329e+03	+5.672e+03	+8.131e+03	+0.709
90.200	+1.765e+03	+5.187e+03	+7.776e+03	+0.746
90.400	+1.588e+03	+4.550e+03	+8.652e+03	+0.741
90.600	+1.367e+03	+4.109e+03	+7.761e+03	+0.750
90.800	+1.474e+03	+5.021e+03	+5.088e+03	+0.773
91.000	+1.668e+03	+4.761e+03	+7.026e+03	+0.741
91.200	+1.133e+03	+5.509e+03	+7.115e+03	+0.829
91.400	+1.784e+03	+6.913e+03	+7.580e+03	+0.795
91.600	+1.249e+03	+4.072e+03	+7.311e+03	+0.765
91.800	+2.300e+03	+5.473e+03	+7.015e+03	+0.704
92.000	+8.495e+02	+4.302e+03	+7.433e+03	+0.835
92.200	+1.984e+03	+6.092e+03	+7.237e+03	+0.754
92.400	+1.238e+03	+6.071e+03	+7.644e+03	+0.831
92.600	+1.679e+03	+5.034e+03	+6.511e+03	+0.750
92.800	+2.569e+03	+4.346e+03	+6.923e+03	+0.628
93.000	+1.837e+03	+3.773e+03	+7.461e+03	+0.673
93.200	+7.850e+02	+6.010e+03	+9.080e+03	+0.884
93.400	+1.297e+03	+6.057e+03	+8.855e+03	+0.824
93.600	+2.412e+03	+4.330e+03	+7.872e+03	+0.642
93.800	+1.855e+03	+4.818e+03	+6.409e+03	+0.722
94.000	+2.543e+03	+6.863e+03	+7.172e+03	+0.730
94.200	+1.125e+03	+5.559e+03	+6.291e+03	+0.832
94.400	+1.560e+03	+3.132e+03	+7.451e+03	+0.668
94.600	+6.370e+00	+6.229e+03	+5.990e+03	+0.999
94.800	+5.375e+03	+2.595e+03	+6.458e+03	+0.326
95.000	+6.614e+03	+9.260e+02	+6.608e+03	+0.123
95.200	+5.821e+03	+2.625e+03	+6.166e+03	+0.311
95.400	+5.325e+03	+1.914e+03	+7.008e+03	+0.264
95.600	+5.728e+03	+1.794e+03	+9.966e+03	+0.239
95.800	+5.519e+03	+2.098e+03	+6.577e+03	+0.275
96.000	+5.104e+03	+1.152e+03	+7.544e+03	+0.184
96.200	+3.855e+03	+2.399e+03	+7.434e+03	+0.384
96.400	+5.276e+03	+1.253e+03	+6.300e+03	+0.192
96.600	+4.920e+03	+1.729e+03	+7.855e+03	+0.260
96.800	+5.464e+03	+1.363e+03	+7.530e+03	+0.200
97.000	+5.404e+03	+2.532e+03	+6.229e+03	+0.319
97.200	+7.335e+03	+2.498e+03	+6.609e+03	+0.254
97.400	+4.562e+03	+1.982e+03	+8.389e+03	+0.303
97.600	+5.706e+03	+3.111e+03	+8.717e+03	+0.353
97.800	+5.867e+03	+1.760e+03	+4.521e+03	+0.231
98.000	+7.026e+03	+1.864e+03	+6.884e+03	+0.210
98.200	+5.854e+03	+2.070e+03	+7.147e+03	+0.261
98.400	+5.668e+03	+1.484e+03	+6.122e+03	+0.207
98.600	+5.338e+03	+1.691e+03	+7.767e+03	+0.241
98.800	+5.912e+03	+1.071e+03	+5.272e+03	+0.153
99.000	+6.549e+03	+1.086e+03	+5.847e+03	+0.142
99.200	+6.880e+03	+2.606e+03	+6.589e+03	+0.275
99.400	+6.017e+03	+6.295e+02	+8.401e+03	+0.095
99.600	+4.041e+03	+2.195e+03	+5.854e+03	+0.352
99.800	+7.301e+03	+8.478e+02	+5.906e+03	+0.104
100.000	+7.103e+03	+9.522e+02	+8.293e+03	+0.118
100.200	+5.901e+03	+7.718e+02	+7.044e+03	+0.116
100.400	+5.469e+03	+1.821e+03	+7.992e+03	+0.250
100.600	+4.887e+03	+2.079e+03	+7.123e+03	+0.298
100.800	+5.123e+03	+1.332e+03	+6.950e+03	+0.206
101.000	+4.759e+03	+1.787e+03	+7.868e+03	+0.273
101.200	+3.837e+03	+2.338e+03	+7.067e+03	+0.379
101.400	+6.947e+03	+2.338e+03	+5.646e+03	+0.252
101.600	+5.517e+03	+1.999e+03	+7.983e+03	+0.266
101.800	+6.080e+03	+2.700e+03	+7.800e+03	+0.307
102.000	+5.078e+03	+1.965e+03	+9.248e+03	+0.279
102.200	+6.438e+03	+1.708e+03	+4.976e+03	+0.210
102.400	+5.634e+03	+7.889e+02	+7.214e+03	+0.123
102.600	+5.494e+03	+1.288e+03	+7.110e+03	+0.190
102.800	+1.808e+03	+3.797e+03	+7.323e+03	+0.677
103.000	+3.446e+03	+5.451e+03	+6.046e+03	+0.613
103.200	+2.105e+03	+4.590e+03	+6.856e+03	+0.686
103.400	+1.831e+03	+6.434e+03	+7.524e+03	+0.778
103.600	+1.193e+03	+5.270e+03	+6.236e+03	+0.815
103.800	+3.198e+03	+4.457e+03	+5.191e+03	+0.582
104.000	+2.308e+03	+5.066e+03	+5.994e+03	+0.687
104.200	+2.255e+03	+6.556e+03	+6.506e+03	+0.744
104.400	+3.095e+03	+7.039e+03	+5.946e+03	+0.695
104.600	+2.970e+03	+4.192e+03	+8.136e+03	+0.585
104.800	+1.600e+03	+6.094e+03	+6.877e+03	+0.792
105.000	+1.048e+03	+4.500e+03	+8.431e+03	+0.811
105.200	+8.063e+02	+4.075e+03	+7.655e+03	+0.835
105.400	+2.815e+03	+6.334e+03	+7.285e+03	+0.692
105.600	+2.414e+03	+4.669e+03	+6.366e+03	+0.659
105.800	+1.108e+03	+5.756e+03	+7.931e+03	+0.839
106.000	+1.665e+03	+5.578e+03	+6.496e+03	+0.770
106.200	+1.910e+03	+4.861e+03	+5.670e+03	+0.718
106.400	+2.350e+03	+4.157e+03	+7.771e+03	+0.639
106.600	+2.323e+03	+5.839e+03	+6.722e+03	+0.715
106.800	+1.851e+03	+4.823e+03	+7.601e+03	+0.723
107.000	+2.217e+02	+3.784e+03	+8.357e+03	+0.945
107.200	+3.211e+03	+7.086e+03	+7.809e+03	+0.688
107.400	+1.162e+03	+5.039e+03	+9.536e+03	+0.813
107.600	+2.071e+03	+4.895e+03	+9.148e+03	+0.703
107.800	+2.017e+02	+7.418e+03	+7.923e+03	+0.974
108.000	+1.608e+03	+5.191e+03	+6.132e+03	+0.763
108.200	+2.527e+03	+4.723e+03	+8.338e+03	+0.651
108.400	+1.969e+03	+5.448e+03	+7.557e+03	+0.735
108.600	+2.583e+03	+4.893e+03	+8.586e+03	+0.654
108.800	+2.575e+03	+4.228e+03	+6.065e+03	+0.622
109.000	+7.667e+02	+5.030e+03	+8.120e+03	+0.868
109.200	+1.007e+03	+4.337e+03	+6.294e+03	+0.812
109.400	+1.952e+03	+6.098e+03	+8.041e+03	+0.758
109.600	+1.401e+03	+4.664e+03	+8.722e+03	+0.769
109.800	+2.268e+03	+3.876e+03	+8.211e+03	+0.631
110.000	+1.904e+03	+4.330e+03	+7.377e+03	+0.695
110.200	+2.590e+03	+4.477e+03	+8.543e+03	+0.634
110.400	+1.190e+03	+6.264e+03	+6.748e+03	+0.840
110.600	+1.880e+03	+6.663e+03	+7.301e+03	+0.780
110.800	+3.002e+03	+6.599e+03	+7.174e+03	+0.687
111.000	+2.123e+03	+5.345e+03	+7.019e+03	+0.716
111.200	+2.328e+03	+4.426e+03	+6.839e+03	+0.655
111.400	+2.241e+03	+4.712e+03	+9.732e+03	+0.678
111.600	+2.057e+03	+4.972e+03	+8.887e+03	+0.707
111.800	+1.504e+03	+6.387e+03	+7.387e+03	+0.809
112.000	+1.293e+03	+6.581e+03	+8.536e+03	+0.836
112.200	+2.419e+03	+4.541e+03	+7.649e+03	+0.652
112.400	+2.478e+03	+3.953e+03	+5.634e+03	+0.615
112.600	+2.588e+03	+5.188e+03	+7.348e+03	+0.667
112.800	+1.056e+03	+5.165e+03	+7.975e+03	+0.830
113.000	+1.237e+03	+5.303e+03	+5.326e+03	+0.811
113.200	+4.034e+03	+5.245e+03	+6.422e+03	+0.565
113.400	+2.242e+03	+4.538e+03	+7.669e+03	+0.669
113.600	+7.871e+02	+6.076e+03	+8.183e+03	+0.885
113.800	+2.666e+03	+4.998e+03	+7.587e+03	+0.652
114.000	+2.236e+03	+6.205e+03	+7.280e+03	+0.735
114.200	+2.687e+03	+5.013e+03	+8.215e+03	+0.651
114.400	+2.054e+03	+6.056e+03	+6.998e+03	+0.747
114.600	+1.418e+03	+5.902e+03	+6.886e+03	+0.806
114.800	+2.345e+03	+5.931e+03	+8.409e+03	+0.717
115.000	+2.177e+03	+5.887e+03	+7.829e+03	+0.730
115.200	+2.425e+03	+5.265e+03	+6.469e+03	+0.685
115.400	+3.305e+03	+5.652e+03	+6.581e+03	+0.631
115.600	+2.235e+03	+5.372e+03	+7.944e+03	+0.706
115.800	+3.184e+03	+5.392e+03	+7.401e+03	+0.629
116.000	+1.959e+03	+6.070e+03	+7.288e+03	+0.756
116.200	+2.876e+03	+4.640e+03	+7.629e+03	+0.617
116.400	+2.397e+03	+5.295e+03	+7.717e+03	+0.688
116.600	+1.521e+03	+6.538e+03	+6.517e+03	+0.811
116.800	+2.379e+03	+4.763e+03	+6.814e+03	+0.667
117.000	+2.023e+03	+6.734e+03	+7.130e+03	+0.769
117.200	+2.622e+03	+5.060e+03	+8.568e+03	+0.659
117.400	+3.198e+03	+4.893e+03	+6.709e+03	+0.605
117.600	+1.679e+03	+6.570e+03	+8.026e+03	+0.796
117.800	+3.571e+03	+4.854e+03	+8.314e+03	+0.576
118.000	+5.057e+03	+2.128e+03	+9.173e+03	+0.296
118.200	+4.948e+03	+7.743e+02	+8.028e+03	+0.135
118.400	+4.953e+03	+2.491e+03	+6.478e+03	+0.335
118.600	+7.019e+03	+2.365e+03	+6.500e+03	+0.252
118.800	+5.043e+03	+1.368e+03	+6.403e+03	+0.213
119.000	+4.373e+03	+2.688e+03	+6.265e+03	+0.381
119.200	+1.952e+03	+4.120e+03	+7.114e+03	+0.679
119.400	+2.661e+03	+4.811e+03	+8.364e+03	+0.644
119.600	+1.208e+03	+4.639e+03	+7.481e+03	+0.793
