%t (s)	Idd (a.u.)	Ida (a.u.)	Iaa (a.u.)	FRET E
0.000	+7.176e+03	+1.052e+03	+6.684e+03	+0.128
0.200	+3.861e+03	+2.915e+03	+8.262e+03	+0.430
0.400	+4.415e+03	+2.201e+03	+8.796e+03	+0.333
0.600	+5.750e+03	+1.308e+03	+6.163e+03	+0.185
0.800	+4.888e+03	+1.651e+03	+7.581e+03	+0.253
1.000	+4.943e+03	+2.541e+03	+7.257e+03	+0.340
1.200	+3.323e+03	+4.147e+03	+8.033e+03	+0.555
1.400	+1.718e+03	+5.505e+03	+6.758e+03	+0.762
1.600	+2.603e+03	+5.919e+03	+7.966e+03	+0.695
1.800	+2.423e+03	+5.434e+03	+7.016e+03	+0.692
2.000	+2.536e+03	+6.565e+03	+7.373e+03	+0.721
2.200	+1.321e+03	+4.799e+03	+8.059e+03	+0.784
2.400	+1.543e+03	+5.408e+03	+6.784e+03	+0.778
2.600	+3.126e+03	+4.244e+03	+5.919e+03	+0.576
2.800	+3.300e+03	+2.712e+03	+7.369e+03	+0.451
3.000	+4.965e+03	+1.095e+03	+6.752e+03	+0.181
3.200	+4.988e+03	+1.658e+03	+7.108e+03	+0.249
3.400	+4.478e+03	+1.721e+03	+4.788e+03	+0.278
3.600	+7.091e+03	+1.158e+03	+6.267e+03	+0.140
3.800	+5.505e+03	+1.099e+03	+6.190e+03	+0.166
4.000	+7.006e+03	+9.723e+02	+6.933e+03	+0.122
4.200	+4.716e+03	+1.413e+03	+7.008e+03	+0.231
4.400	+5.577e+03	+2.406e+03	+7.159e+03	+0.301
4.600	+5.813e+03	+2.720e+03	+8.221e+03	+0.319
4.800	+6.008e+03	+3.470e+03	+7.467e+03	+0.366
5.000	+5.065e+03	+2.028e+03	+9.283e+03	+0.286
5.200	+1.693e+03	+1.641e+03	+6.683e+03	+0.492
5.400	+5.719e+03	+7.781e+02	+8.605e+03	+0.120
5.600	+3.661e+03	+1.159e+03	+7.729e+03	+0.240
5.800	+6.129e+03	+3.105e+02	+7.658e+03	+0.048
6.000	+5.259e+03	+1.765e+03	+6.251e+03	+0.251
6.200	+5.394e+03	+4.833e+02	+8.055e+03	+0.082
6.400	+3.436e+03	+4.003e+03	+6.465e+03	+0.538
6.600	+2.130e+03	+6.414e+03	+6.787e+03	+0.751
6.800	+1.894e+03	+5.260e+03	+7.064e+03	+0.735
7.000	+1.832e+03	+4.877e+03	+7.103e+03	+0.727
7.200	+1.747e+03	+5.031e+03	+5.893e+03	+0.742
7.400	+2.482e+03	+4.274e+03	+7.187e+03	+0.633
7.600	+2.220e+03	+5.574e+03	+5.876e+03	+0.715
7.800	+2.237e+03	+4.892e+03	+6.093e+03	+0.686
8.000	+1.926e+03	+4.196e+03	+7.133e+03	+0.685
8.200	+1.620e+03	+6.313e+03	+6.927e+03	+0.796
8.400	+1.352e+03	+5.732e+03	+8.394e+03	+0.809
8.600	+3.021e+03	+6.587e+03	+5.457e+03	+0.686
8.800	+1.777e+03	+4.918e+03	+6.764e+03	+0.735
9.000	+2.367e+02	+5.127e+03	+7.647e+03	+0.956
9.200	+6.280e+03	+1.989e+03	+6.903e+03	+0.241
9.400	+5.273e+03	+1.009e+03	+9.478e+03	+0.161
9.600	+6.176e+03	+1.394e+03	+8.394e+03	+0.184
9.800	+6.268e+03	+1.560e+03	+8.020e+03	+0.199
10.000	+4.731e+03	+1.842e+03	+8.071e+03	+0.280
10.200	+6.695e+03	+1.544e+03	+6.765e+03	+0.187
10.400	+5.272e+03	+1.778e+03	+5.915e+03	+0.252
10.600	+6.879e+03	+1.645e+03	+7.588e+03	+0.193
10.800	+5.024e+03	+1.548e+03	+8.210e+03	+0.235
11.000	+5.092e+03	+7.544e+02	+7.347e+03	+0.129
11.200	+4.757e+03	+2.318e+03	+7.118e+03	+0.328
11.400	+4.675e+03	+2.707e+03	+8.406e+03	+0.367
11.600	+1.187e+03	+4.472e+03	+6.744e+03	+0.790
11.800	+5.639e+03	+3.192e+03	+5.882e+03	+0.361
12.000	+4.997e+03	+1.573e+03	+7.602e+03	+0.239
12.200	+5.645e+03	+1.315e+03	+4.986e+03	+0.189
12.400	+3.275e+03	+1.257e+03	+6.595e+03	+0.277
12.600	+4.912e+03	+8.179e+02	+7.031e+03	+0.143
12.800	+6.724e+03	+1.661e+03	+5.860e+03	+0.198
13.000	+6.122e+03	+1.424e+03	+5.958e+03	+0.189
13.200	+4.967e+03	+2.162e+03	+7.379e+03	+0.303
13.400	+5.396e+03	+1.678e+03	+9.858e+03	+0.237
13.600	+6.242e+03	+1.584e+03	+6.812e+03	+0.202
13.800	+6.184e+03	+1.056e+03	+8.568e+03	+0.146
14.000	+4.917e+03	+1.478e+03	+8.891e+03	+0.231
14.200	+4.455e+03	+2.080e+03	+6.981e+03	+0.318
14.400	+7.315e+03	+1.188e+03	+6.524e+03	+0.140
14.600	+5.565e+03	+1.401e+03	+6.887e+03	+0.201
14.800	+4.531e+03	+2.120e+03	+5.931e+03	+0.319
15.000	+1.832e+03	+6.118e+03	+6.822e+03	+0.770
15.200	+1.266e+03	+3.820e+03	+7.494e+03	+0.751
15.400	+2.360e+03	+5.348e+03	+6.823e+03	+0.694
15.600	+1.069e+03	+4.149e+03	+7.835e+03	+0.795
15.800	+2.468e+03	+4.205e+03	+6.653e+03	+0.630
16.000	+2.830e+03	+5.099e+03	+7.766e+03	+0.643
16.200	+2.315e+03	+4.441e+03	+8.191e+03	+0.657
16.400	+1.124e+03	+3.908e+03	+6.103e+03	+0.777
16.600	+1.587e+03	+5.463e+03	+5.886e+03	+0.775
16.800	+2.053e+03	+6.151e+03	+6.344e+03	+0.750
17.000	+2.704e+03	+5.179e+03	+7.154e+03	+0.657
17.200	+1.902e+03	+5.906e+03	+6.928e+03	+0.756
17.400	+1.111e+03	+4.831e+03	+5.385e+03	+0.813
17.600	+1.902e+03	+5.774e+03	+6.082e+03	+0.752
17.800	+1.725e+03	+5.197e+03	+9.049e+03	+0.751
18.000	+2.518e+03	+6.426e+03	+7.538e+03	+0.718
18.200	+2.179e+03	+4.422e+03	+8.044e+03	+0.670
18.400	+3.173e+03	+5.282e+03	+8.101e+03	+0.625
18.600	+3.245e+03	+4.374e+03	+6.377e+03	+0.574
18.800	+1.751e+03	+6.559e+03	+9.153e+03	+0.789
19.000	+1.691e+03	+5.805e+03	+6.765e+03	+0.774
19.200	+1.604e+03	+4.804e+03	+7.754e+03	+0.750
19.400	+2.469e+03	+7.673e+03	+6.349e+03	+0.757
19.600	+2.280e+03	+5.924e+03	+5.839e+03	+0.722
19.800	+2.401e+03	+5.749e+03	+6.183e+03	+0.705
20.000	+3.408e+03	+5.584e+03	+9.474e+03	+0.621
20.200	+2.717e+03	+5.619e+03	+5.693e+03	+0.674
20.400	+2.228e+02	+3.998e+03	+6.891e+03	+0.947
20.600	+2.477e+03	+6.148e+03	+7.890e+03	+0.713
20.800	+1.962e+03	+4.342e+03	+6.714e+03	+0.689
21.000	+2.446e+03	+5.757e+03	+8.872e+03	+0.702
21.200	+2.128e+03	+4.937e+03	+7.673e+03	+0.699
21.400	+1.464e+03	+4.179e+03	+7.096e+03	+0.741
21.600	+2.114e+03	+4.718e+03	+6.625e+03	+0.691
21.800	+2.341e+03	+4.304e+03	+8.243e+03	+0.648
22.000	+3.688e+03	+3.677e+03	+7.807e+03	+0.499
22.200	+4.239e+03	+1.454e+03	+6.319e+03	+0.255
22.400	+4.502e+03	+2.436e+03	+8.529e+03	+0.351
22.600	+5.290e+03	+2.612e+03	+7.325e+03	+0.331
22.800	+5.365e+03	+1.711e+03	+5.608e+03	+0.242
23.000	+6.949e+03	+1.837e+03	+8.059e+03	+0.209
23.200	+5.460e+03	+2.412e+03	+7.692e+03	+0.306
23.400	+1.910e+03	+7.650e+03	+7.748e+03	+0.800
23.600	+4.087e+03	+5.392e+03	+7.268e+03	+0.569
23.800	+2.882e+03	+3.541e+03	+6.007e+03	+0.551
24.000	+6.858e+03	+2.069e+03	+8.450e+03	+0.232
24.200	+6.525e+03	+1.763e+03	+8.211e+03	+0.213
24.400	+5.139e+03	+2.159e+03	+6.971e+03	+0.296
24.600	+5.754e+03	+2.112e+03	+6.416e+03	+0.268
24.800	+6.711e+03	+3.005e+03	+1.015e+04	+0.309
25.000	+5.594e+03	+1.267e+03	+8.626e+03	+0.185
25.200	+6.529e+03	+1.961e+03	+6.747e+03	+0.231
25.400	+5.691e+03	+5.946e+02	+7.491e+03	+0.095
25.600	+5.398e+03	+2.915e+03	+8.802e+03	+0.351
25.800	+5.513e+03	+1.342e+03	+6.332e+03	+0.196
26.000	+5.041e+03	+2.271e+03	+7.183e+03	+0.311
26.200	+5.448e+03	+1.595e+03	+6.019e+03	+0.226
26.400	+3.767e+03	+1.544e+03	+6.727e+03	+0.291
26.600	+7.468e+03	+1.402e+03	+4.938e+03	+0.158
26.800	+3.487e+03	+6.559e+03	+7.512e+03	+0.653
27.000	+1.635e+03	+5.805e+03	+8.380e+03	+0.780
27.200	+1.282e+03	+4.999e+03	+8.426e+03	+0.796
27.400	-7.671e+02	+3.170e+03	+8.855e+03	+1.319
27.600	+1.789e+03	+4.976e+03	+8.130e+03	+0.736
27.800	+2.266e+03	+6.597e+03	+6.362e+03	+0.744
28.000	+2.188e+03	+5.351e+03	+6.109e+03	+0.710
28.200	+1.583e+03	+6.196e+03	+7.276e+03	+0.796
28.400	+2.269e+03	+5.321e+03	+8.196e+03	+0.701
28.600	+9.337e+02	+5.882e+03	+6.359e+03	+0.863
28.800	+7.871e+02	+4.335e+03	+6.444e+03	+0.846
29.000	+1.947e+03	+4.834e+03	+8.057e+03	+0.713
29.200	+2.592e+03	+4.912e+03	+7.451e+03	+0.655
29.400	+1.790e+03	+4.724e+03	+7.723e+03	+0.725
29.600	+2.313e+03	+4.132e+03	+8.135e+03	+0.641
29.800	+1.274e+03	+4.949e+03	+6.386e+03	+0.795
30.000	+1.916e+03	+6.147e+03	+5.669e+03	+0.762
30.200	+1.656e+03	+6.264e+03	+9.853e+03	+0.791
30.400	+2.928e+03	+4.672e+03	+6.599e+03	+0.615
30.600	+3.826e+03	+6.052e+03	+7.393e+03	+0.613
30.800	+2.713e+03	+5.371e+03	+7.833e+03	+0.664
31.000	+3.319e+03	+3.831e+03	+8.813e+03	+0.536
31.200	+5.355e+03	+1.726e+03	+6.403e+03	+0.244
31.400	+6.498e+03	+2.045e+03	+6.098e+03	+0.239
31.600	+5.986e+03	+8.937e+02	+8.643e+03	+0.130
31.800	+4.596e+03	+2.281e+03	+7.857e+03	+0.332
32.000	+8.422e+03	+1.612e+03	+5.624e+03	+0.161
32.200	+5.419e+03	+2.503e+03	+8.059e+03	+0.316
32.400	+4.542e+03	+1.103e+03	+6.206e+03	+0.195
32.600	+7.176e+03	+2.885e+03	+5.995e+03	+0.287
32.800	+7.271e+03	+6.036e+02	+7.191e+03	+0.077
33.000	+7.593e+03	+1.715e+03	+6.624e+03	+0.184
33.200	+5.713e+03	+1.828e+03	+7.433e+03	+0.242
33.400	+5.074e+03	+1.241e+03	+6.991e+03	+0.197
33.600	+6.078e+03	+1.102e+03	+9.255e+03	+0.153
33.800	+4.691e+03	+1.992e+03	+6.375e+03	+0.298
34.000	+4.479e+03	+1.737e+03	+6.910e+03	+0.279
34.200	+6.131e+03	+1.030e+03	+8.062e+03	+0.144
34.400	+3.452e+03	+4.201e+03	+7.537e+03	+0.549
34.600	+1.276e+03	+4.395e+03	+5.875e+03	+0.775
34.800	+5.012e+02	+4.932e+03	+6.783e+03	+0.908
35.000	+2.288e+03	+5.474e+03	+6.068e+03	+0.705
35.200	+3.089e+03	+4.404e+03	+8.570e+03	+0.588
35.400	+2.633e+03	+4.947e+03	+6.067e+03	+0.653
35.600	+9.480e+02	+4.717e+03	+6.149e+03	+0.833
35.800	+1.146e+03	+4.749e+03	+7.109e+03	+0.806
36.000	+2.301e+03	+6.087e+03	+6.610e+03	+0.726
36.200	+1.437e+03	+5.370e+03	+8.699e+03	+0.789
36.400	+1.780e+03	+5.840e+03	+7.441e+03	+0.766
36.600	+2.073e+03	+5.262e+03	+8.383e+03	+0.717
36.800	+3.778e+03	+4.314e+03	+6.724e+03	+0.533
37.000	+1.790e+03	+5.368e+03	+8.776e+03	+0.750
37.200	+1.531e+03	+5.746e+03	+8.588e+03	+0.790
37.400	+3.100e+03	+3.826e+03	+7.355e+03	+0.552
37.600	+5.139e+03	+3.130e+03	+6.003e+03	+0.379
37.800	+6.056e+03	+1.042e+03	+8.121e+03	+0.147
38.000	+4.398e+03	+1.801e+03	+7.000e+03	+0.291
38.200	+4.730e+03	+2.056e+03	+6.556e+03	+0.303
38.400	+4.879e+03	+2.838e+03	+7.185e+03	+0.368
38.600	+6.158e+03	+1.601e+03	+6.529e+03	+0.206
38.800	+5.115e+03	+1.369e+03	+7.854e+03	+0.211
39.000	+5.825e+03	+2.029e+03	+8.265e+03	+0.258
39.200	+5.798e+03	+2.373e+03	+6.119e+03	+0.290
39.400	+4.773e+03	+6.368e+02	+9.073e+03	+0.118
39.600	+5.632e+03	+3.270e+02	+7.703e+03	+0.055
39.800	+5.289e+03	+1.232e+03	+5.304e+03	+0.189
40.000	+5.136e+03	+2.177e+03	+7.550e+03	+0.298
40.200	+4.886e+03	+1.519e+03	+5.952e+03	+0.237
40.400	+5.566e+03	+2.319e+03	+7.764e+03	+0.294
40.600	+5.180e+03	+2.014e+03	+6.130e+03	+0.280
40.800	+5.713e+03	+1.725e+03	+8.594e+03	+0.232
41.000	+6.026e+03	+9.744e+02	+7.350e+03	+0.139
41.200	+6.865e+03	+2.030e+03	+6.919e+03	+0.228
41.400	+4.339e+03	+2.639e+03	+6.914e+03	+0.378
41.600	+5.440e+03	+1.959e+03	+7.392e+03	+0.265
41.800	+6.306e+03	+7.605e+02	+7.782e+03	+0.108
42.000	+5.849e+03	+9.875e+02	+8.418e+03	+0.144
42.200	+6.908e+03	+1.308e+03	+7.926e+03	+0.159
42.400	+3.269e+03	+2.233e+03	+8.867e+03	+0.406
42.600	+4.240e+03	+2.237e+03	+7.344e+03	+0.345
42.800	+6.024e+03	+1.901e+03	+6.429e+03	+0.240
43.000	+6.484e+03	+2.157e+03	+7.114e+03	+0.250
43.200	+5.573e+03	+2.241e+03	+7.247e+03	+0.287
43.400	+4.318e+03	+6.939e+02	+6.794e+03	+0.138
43.600	+4.663e+03	+2.148e+03	+9.357e+03	+0.315
43.800	+6.077e+03	+2.371e+03	+7.420e+03	+0.281
44.000	+4.963e+03	+2.048e+03	+6.978e+03	+0.292
44.200	+5.710e+03	+2.302e+03	+6.740e+03	+0.287
44.400	+5.323e+03	+3.348e+03	+6.971e+03	+0.386
44.600	+4.673e+03	+2.000e+03	+6.857e+03	+0.300
44.800	+6.629e+03	+4.089e+03	+7.400e+03	+0.382
45.000	+3.394e+03	+4.422e+03	+7.291e+03	+0.566
45.200	+2.327e+03	+4.384e+03	+8.558e+03	+0.653
45.400	+8.348e+02	+5.764e+03	+6.818e+03	+0.873
45.600	+1.922e+03	+4.036e+03	+6.857e+03	+0.677
45.800	+1.904e+03	+5.012e+03	+5.884e+03	+0.725
46.000	+1.679e+03	+5.068e+03	+8.361e+03	+0.751
46.200	+2.455e+03	+4.807e+03	+5.418e+03	+0.662
46.400	+1.445e+03	+6.559e+03	+6.295e+03	+0.819
46.600	+3.116e+03	+4.928e+03	+8.769e+03	+0.613
46.800	+2.445e+03	+5.476e+03	+7.127e+03	+0.691
47.000	+1.664e+03	+5.506e+03	+7.706e+03	+0.768
47.200	+4.350e+03	+1.896e+03	+7.583e+03	+0.304
47.400	+6.316e+03	+2.006e+03	+7.398e+03	+0.241
47.600	+7.177e+03	+2.334e+03	+7.256e+03	+0.245
47.800	+5.448e+03	+2.149e+03	+4.787e+03	+0.283
48.000	+4.992e+03	+3.401e+03	+8.789e+03	+0.405
48.200	+5.602e+03	+1.891e+03	+9.313e+03	+0.252
48.400	+5.614e+03	+2.140e+03	+5.773e+03	+0.276
48.600	+6.220e+03	+1.924e+03	+6.424e+03	+0.236
48.800	+5.354e+03	+1.834e+03	+6.391e+03	+0.255
49.000	+5.685e+03	+2.308e+03	+7.296e+03	+0.289
49.200	+4.085e+03	+3.159e+03	+6.735e+03	+0.436
49.400	+7.322e+03	+2.955e+03	+7.009e+03	+0.288
49.600	+4.551e+03	+3.326e+03	+8.041e+03	+0.422
49.800	+2.285e+03	+6.337e+03	+6.939e+03	+0.735
50.000	+2.793e+03	+5.421e+03	+6.277e+03	+0.660
50.200	+2.599e+03	+5.517e+03	+6.381e+03	+0.680
50.400	+1.246e+03	+6.523e+03	+5.518e+03	+0.840
50.600	+1.844e+03	+4.879e+03	+8.886e+03	+0.726
50.800	+2.072e+03	+4.514e+03	+4.887e+03	+0.685
51.000	+2.138e+03	+4.710e+03	+6.016e+03	+0.688
51.200	+1.658e+03	+4.365e+03	+8.648e+03	+0.725
51.400	+2.168e+03	+4.728e+03	+5.716e+03	+0.686
51.600	+2.042e+03	+5.930e+03	+7.228e+03	+0.744
51.800	+1.745e+03	+5.020e+03	+6.552e+03	+0.742
52.000	+9.556e+02	+6.068e+03	+8.294e+03	+0.864
52.200	+2.104e+03	+4.556e+03	+6.568e+03	+0.684
52.400	+2.609e+03	+6.206e+03	+6.810e+03	+0.704
52.600	+1.350e+03	+5.184e+03	+8.093e+03	+0.793
52.800	+2.495e+03	+4.982e+03	+6.463e+03	+0.666
53.000	+1.627e+03	+6.158e+03	+6.591e+03	+0.791
53.200	+1.363e+03	+6.398e+03	+6.388e+03	+0.824
53.400	+2.588e+03	+5.406e+03	+8.660e+03	+0.676
53.600	+3.162e+03	+6.414e+03	+7.528e+03	+0.670
53.800	+4.395e+03	+1.558e+03	+6.876e+03	+0.262
54.000	+6.484e+03	+2.042e+03	+7.994e+03	+0.240
54.200	+4.988e+03	+1.810e+03	+8.458e+03	+0.266
54.400	+4.908e+03	+1.724e+03	+1.051e+04	+0.260
54.600	+5.003e+03	+7.701e+02	+6.046e+03	+0.133
54.800	+6.465e+03	+1.787e+03	+8.775e+03	+0.217
55.000	+4.534e+03	+1.117e+03	+7.329e+03	+0.198
55.200	+5.892e+03	+1.873e+03	+7.674e+03	+0.241
55.400	+5.453e+03	+1.069e+03	+6.791e+03	+0.164
55.600	+5.908e+03	+1.330e+03	+5.517e+03	+0.184
55.800	+5.579e+03	+1.905e+03	+4.286e+03	+0.255
56.000	+4.968e+03	+2.006e+03	+8.782e+03	+0.288
56.200	+5.642e+03	+1.517e+03	+7.522e+03	+0.212
56.400	+6.233e+03	+2.320e+03	+6.374e+03	+0.271
56.600	+3.428e+03	+1.902e+03	+6.633e+03	+0.357
56.800	+4.090e+03	+4.169e+03	+8.286e+03	+0.505
57.000	+1.246e+03	+5.557e+03	+6.852e+03	+0.817
57.200	+2.546e+03	+5.423e+03	+6.369e+03	+0.681
57.400	+2.778e+03	+5.999e+03	+6.709e+03	+0.684
57.600	+1.016e+03	+5.134e+03	+8.788e+03	+0.835
57.800	+1.579e+03	+6.084e+03	+6.538e+03	+0.794
58.000	+2.460e+03	+4.431e+03	+6.251e+03	+0.643
58.200	+2.051e+03	+5.909e+03	+7.749e+03	+0.742
58.400	+8.343e+02	+5.756e+03	+6.208e+03	+0.873
58.600	+1.965e+03	+4.706e+03	+7.078e+03	+0.705
58.800	+2.242e+03	+4.381e+03	+8.136e+03	+0.661
59.000	+2.106e+03	+5.618e+03	+9.043e+03	+0.727
59.200	+9.014e+02	+5.494e+03	+6.364e+03	+0.859
59.400	+1.952e+03	+4.851e+03	+5.217e+03	+0.713
59.600	+1.295e+03	+4.533e+03	+6.640e+03	+0.778
59.800	+1.466e+03	+4.360e+03	+6.674e+03	+0.748
60.000	+3.401e+03	+6.828e+03	+7.481e+03	+0.667
60.200	+2.132e+03	+5.296e+03	+8.458e+03	+0.713
60.400	+1.588e+03	+4.876e+03	+8.663e+03	+0.754
60.600	+2.718e+03	+6.246e+03	+6.540e+03	+0.697
60.800	+2.572e+03	+4.882e+03	+8.652e+03	+0.655
61.000	+3.529e+03	+2.186e+03	+5.816e+03	+0.382
61.200	+5.114e+03	+3.122e+03	+7.849e+03	+0.379
61.400	+4.374e+03	+1.386e+03	+4.056e+03	+0.241
61.600	+5.554e+03	+1.683e+03	+4.007e+03	+0.233
61.800	+5.380e+03	+2.276e+03	+8.906e+03	+0.297
62.000	+4.845e+03	+2.395e+03	+6.896e+03	+0.331
62.200	+5.126e+03	+1.673e+03	+7.271e+03	+0.246
62.400	+5.852e+03	+2.899e+03	+8.504e+03	+0.331
62.600	+5.070e+03	+1.843e+03	+6.854e+03	+0.267
62.800	+4.806e+03	+2.535e+03	+6.382e+03	+0.345
63.000	+5.738e+03	+1.486e+03	+7.183e+03	+0.206
63.200	+4.921e+03	+1.622e+03	+6.488e+03	+0.248
63.400	+5.838e+03	+2.092e+03	+5.935e+03	+0.264
63.600	+6.852e+03	+2.729e+03	+8.492e+03	+0.285
63.800	+6.218e+03	+1.623e+03	+7.828e+03	+0.207
64.000	+2.961e+03	+2.124e+03	+8.757e+03	+0.418
64.200	+3.840e+03	+1.978e+03	+5.719e+03	+0.340
64.400	+5.271e+03	+1.741e+03	+6.254e+03	+0.248
64.600	+6.101e+03	+3.077e+03	+6.198e+03	+0.335
64.800	+4.805e+03	+1.712e+03	+7.120e+03	+0.263
65.000	+5.003e+03	+2.221e+03	+8.737e+03	+0.307
65.200	+5.796e+03	+1.801e+03	+8.880e+03	+0.237
65.400	+5.736e+03	+6.180e+02	+6.008e+03	+0.097
65.600	+5.229e+03	+1.269e+03	+5.955e+03	+0.195
65.800	+5.753e+03	+5.641e+02	+7.211e+03	+0.089
66.000	+5.203e+03	+2.785e+03	+7.736e+03	+0.349
66.200	+6.714e+03	+2.469e+03	+5.928e+03	+0.269
66.400	+5.414e+03	+1.734e+03	+5.892e+03	+0.243
66.600	+4.408e+03	+1.784e+03	+9.592e+03	+0.288
66.800	+6.106e+03	+1.298e+03	+7.130e+03	+0.175
67.000	+7.143e+03	+1.518e+03	+8.012e+03	+0.175
67.200	+4.355e+03	+1.422e+03	+7.917e+03	+0.246
67.400	+5.564e+03	+2.207e+03	+8.683e+03	+0.284
67.600	+7.522e+03	+1.724e+03	+7.387e+03	+0.186
67.800	+5.786e+03	+6.969e+02	+6.631e+03	+0.108
68.000	+4.680e+03	+1.563e+03	+7.168e+03	+0.250
68.200	+4.981e+03	+2.142e+03	+7.770e+03	+0.301
68.400	+4.774e+03	+1.996e+03	+8.799e+03	+0.295
68.600	+6.399e+03	+1.834e+03	+5.854e+03	+0.223
68.800	+4.991e+03	+3.360e+03	+8.536e+03	+0.402
69.000	+5.141e+03	+8.894e+02	+8.353e+03	+0.147
69.200	+5.643e+03	+1.988e+03	+7.081e+03	+0.260
69.400	+4.380e+03	+8.514e+02	+7.000e+03	+0.163
69.600	+5.692e+03	+1.269e+03	+8.865e+03	+0.182
69.800	+5.122e+03	+1.725e+03	+5.823e+03	+0.252
70.000	+4.228e+03	+2.742e+03	+7.071e+03	+0.393
70.200	+6.221e+03	+1.623e+03	+5.827e+03	+0.207
70.400	+5.392e+03	+1.202e+03	+8.122e+03	+0.182
70.600	+6.127e+03	+2.299e+03	+8.763e+03	+0.273
70.800	+6.716e+03	+1.399e+03	+7.202e+03	+0.172
71.000	+6.396e+03	+2.679e+03	+6.407e+03	+0.295
71.200	+6.209e+03	+1.532e+03	+6.593e+03	+0.198
71.400	+5.929e+03	+7.945e+02	+8.048e+03	+0.118
71.600	+6.680e+03	+2.622e+03	+6.548e+03	+0.282
71.800	+4.670e+03	+1.424e+03	+7.657e+03	+0.234
72.000	+6.207e+03	+9.690e+02	+8.673e+03	+0.135
72.200	+6.623e+03	+2.188e+03	+7.793e+03	+0.248
72.400	+5.451e+03	+2.726e+03	+6.301e+03	+0.333
72.600	+6.864e+03	+1.421e+03	+8.540e+03	+0.172
72.800	+5.266e+03	+1.370e+03	+5.949e+03	+0.206
73.000	+5.803e+03	+1.080e+03	+7.543e+03	+0.157
73.200	+4.267e+03	+1.378e+03	+6.785e+03	+0.244
73.400	+4.356e+03	+2.139e+02	+7.697e+03	+0.047
73.600	+6.553e+03	+1.916e+03	+9.306e+03	+0.226
73.800	+4.822e+03	+1.922e+03	+8.646e+03	+0.285
74.000	+4.255e+03	+1.358e+03	+7.136e+03	+0.242
74.200	+5.743e+03	+1.218e+03	+6.853e+03	+0.175
74.400	+4.131e+03	+1.388e+03	+9.444e+03	+0.251
74.600	+6.435e+03	+1.977e+03	+6.957e+03	+0.235
74.800	+4.666e+03	+6.236e+02	+6.774e+03	+0.118
75.000	+4.811e+03	+7.619e+02	+7.870e+03	+0.137
75.200	+4.052e+03	+2.127e+03	+5.850e+03	+0.344
75.400	+3.841e+03	+1.308e+03	+5.134e+03	+0.254
75.600	+5.975e+03	+1.817e+03	+5.015e+03	+0.233
75.800	+2.899e+03	+1.285e+03	+7.945e+03	+0.307
76.000	+6.231e+03	+1.676e+03	+7.486e+03	+0.212
76.200	+5.086e+03	+2.099e+03	+6.456e+03	+0.292
76.400	+5.618e+03	+1.019e+03	+5.336e+03	+0.153
76.600	+5.636e+03	+1.503e+03	+7.333e+03	+0.211
76.800	+6.082e+03	+1.902e+03	+7.472e+03	+0.238
77.000	+3.114e+03	+1.555e+03	+6.174e+03	+0.333
77.200	+4.577e+03	+1.895e+03	+6.399e+03	+0.293
77.400	+5.935e+03	+1.296e+03	+8.910e+03	+0.179
77.600	+5.328e+03	+2.483e+03	+6.738e+03	+0.318
77.800	+5.003e+03	+1.854e+03	+7.132e+03	+0.270
78.000	+5.936e+03	+1.703e+03	+6.375e+03	+0.223
78.200	+5.004e+03	+1.669e+03	+6.226e+03	+0.250
78.400	+5.340e+03	+1.166e+03	+9.759e+03	+0.179
78.600	+5.462e+03	+1.475e+03	+6.926e+03	+0.213
78.800	+5.812e+03	+3.005e+03	+6.224e+03	+0.341
79.000	+4.669e+03	+3.102e+03	+9.782e+03	+0.399
79.200	+5.761e+03	+3.508e+03	+5.985e+03	+0.378
79.400	+5.716e+03	+5.469e+02	+6.039e+03	+0.087
79.600	+6.396e+03	+8.604e+02	+7.258e+03	+0.119
79.800	+6.205e+03	+1.740e+03	+8.095e+03	+0.219
80.000	+5.758e+03	+1.837e+03	+8.405e+03	+0.242
80.200	+5.829e+03	-2.933e+02	+6.858e+03	-0.053
80.400	+6.169e+03	+1.916e+03	+7.260e+03	+0.237
80.600	+6.018e+03	+1.266e+02	+9.621e+03	+0.021
80.800	+6.517e+03	+4.279e+02	+9.063e+03	+0.062
81.000	+4.897e+03	+1.815e+03	+7.942e+03	+0.270
81.200	+6.761e+03	+1.645e+02	+6.885e+03	+0.024
81.400	+4.766e+03	+2.387e+03	+8.071e+03	+0.334
81.600	+6.585e+03	+1.276e+03	+7.315e+03	+0.162
81.800	+4.354e+03	+2.233e+03	+9.521e+03	+0.339
82.000	+6.468e+03	+1.843e+03	+8.691e+03	+0.222
82.200	+4.689e+03	+7.034e+02	+6.722e+03	+0.130
82.400	+3.904e+03	+1.475e+03	+9.294e+03	+0.274
82.600	+5.364e+03	+1.513e+03	+6.570e+03	+0.220
82.800	+5.173e+03	+1.506e+03	+6.926e+03	+0.226
83.000	+4.397e+03	+1.842e+03	+7.186e+03	+0.295
83.200	+4.255e+03	+1.148e+03	+8.067e+03	+0.213
83.400	+6.825e+03	+1.992e+03	+7.169e+03	+0.226
83.600	+4.602e+03	+1.602e+03	+7.126e+03	+0.258
83.800	+4.551e+03	+1.929e+03	+8.354e+03	+0.298
84.000	+4.562e+03	+2.497e+03	+8.444e+03	+0.354
84.200	+5.899e+03	+2.566e+03	+7.289e+03	+0.303
84.400	+5.053e+03	+1.972e+03	+6.699e+03	+0.281
84.600	+7.374e+03	+2.132e+03	+8.079e+03	+0.224
84.800	+4.894e+03	+1.756e+03	+6.324e+03	+0.264
85.000	+4.042e+03	+1.476e+03	+6.530e+03	+0.268
85.200	+6.167e+03	+2.665e+03	+8.996e+03	+0.302
85.400	+5.125e+03	+2.223e+03	+6.571e+03	+0.303
85.600	+4.185e+03	+2.306e+03	+6.148e+03	+0.355
85.800	+4.037e+03	+9.733e+02	+3.378e+03	+0.194
86.000	+6.908e+03	+1.208e+03	+7.018e+03	+0.149
86.200	+5.769e+03	+1.577e+03	+6.740e+03	+0.215
86.400	+4.838e+03	+5.290e+02	+6.762e+03	+0.099
86.600	+6.462e+03	+7.893e+02	+8.640e+03	+0.109
86.800	+6.133e+03	+2.379e+03	+7.436e+03	+0.279
87.000	+5.184e+03	+1.242e+03	+7.265e+03	+0.193
87.200	+5.131e+03	+2.571e+03	+6.320e+03	+0.334
87.400	+5.491e+03	+1.329e+03	+7.775e+03	+0.195
87.600	+5.023e+03	+1.322e+03	+5.418e+03	+0.208
87.800	+4.434e+03	+7.612e+02	+5.600e+03	+0.147
88.000	+3.067e+03	+1.197e+03	+7.411e+03	+0.281
88.200	+6.585e+03	+1.704e+03	+7.599e+03	+0.206
88.400	+5.981e+03	+2.145e+03	+7.771e+03	+0.264
88.600	+3.360e+03	+1.643e+03	+7.053e+03	+0.328
88.800	+4.566e+03	+2.189e+03	+7.181e+03	+0.324
89.000	+5.060e+03	+1.915e+03	+6.080e+03	+0.275
89.200	+4.436e+03	+2.076e+03	+9.997e+03	+0.319
89.400	+5.885e+03	+1.301e+03	+7.451e+03	+0.181
89.600	+4.924e+03	+1.083e+03	+9.272e+03	+0.180
89.800	+2.940e+03	+3.333e+03	+8.085e+03	+0.531
90.000	+8.001e+02	+4.784e+03	+8.096e+03	+0.857
90.200	+4.283e+03	+2.824e+03	+8.333e+03	+0.397
90.400	+6.208e+03	+2.833e+03	+8.320e+03	+0.313
90.600	+4.446e+03	+1.326e+03	+8.554e+03	+0.230
90.800	+5.485e+03	+1.476e+03	+8.149e+03	+0.212
91.000	+7.029e+03	+1.611e+03	+5.667e+03	+0.186
91.200	+6.690e+03	+3.969e+02	+6.332e+03	+0.056
91.400	+6.038e+03	+1.903e+03	+5.781e+03	+0.240
91.600	+6.915e+03	+1.357e+03	+7.246e+03	+0.164
91.800	+5.895e+03	+2.078e+03	+5.555e+03	+0.261
92.000	+4.957e+03	+2.830e+03	+5.803e+03	+0.363
92.200	+5.230e+03	+2.659e+03	+8.199e+03	+0.337
92.400	+5.292e+03	+1.887e+03	+5.478e+03	+0.263
92.600	+5.342e+03	+2.231e+03	+5.603e+03	+0.295
92.800	+3.961e+03	+1.568e+03	+8.605e+03	+0.284
93.000	+7.244e+03	+1.459e+03	+6.670e+03	+0.168
93.200	+4.926e+03	+2.497e+03	+7.714e+03	+0.336
93.400	+5.726e+03	+2.174e+03	+7.146e+03	+0.275
93.600	+6.205e+03	+6.119e+02	+6.570e+03	+0.090
93.800	+6.271e+03	+1.667e+03	+8.874e+03	+0.210
94.000	+4.297e+03	+1.598e+03	+6.454e+03	+0.271
94.200	+6.061e+03	+1.885e+03	+7.283e+03	+0.237
94.400	+5.029e+03	+1.986e+03	+8.534e+03	+0.283
94.600	+5.781e+03	+2.917e+03	+7.155e+03	+0.335
94.800	+6.681e+03	+1.798e+03	+7.719e+03	+0.212
95.000	+5.284e+03	+1.556e+03	+7.399e+03	+0.227
95.200	+4.704e+03	+1.044e+03	+5.881e+03	+0.182
95.400	+4.975e+03	+1.798e+03	+9.754e+03	+0.265
95.600	+4.912e+03	+1.655e+03	+7.357e+03	+0.252
95.800	+4.358e+03	+2.354e+03	+5.730e+03	+0.351
96.000	+5.904e+03	+1.963e+03	+8.187e+03	+0.249
96.200	+6.707e+03	+2.275e+03	+6.351e+03	+0.253
96.400	+6.388e+03	+1.311e+03	+7.240e+03	+0.170
96.600	+6.260e+03	+2.411e+03	+6.408e+03	+0.278
96.800	+5.750e+03	+2.327e+03	+5.621e+03	+0.288
97.000	+3.643e+03	+2.526e+03	+8.353e+03	+0.409
97.200	+5.452e+03	+1.953e+03	+7.872e+03	+0.264
97.400	+5.405e+03	+1.324e+03	+8.429e+03	+0.197
97.600	+5.224e+03	+1.359e+03	+6.166e+03	+0.206
97.800	+4.371e+03	+1.505e+03	+8.887e+03	+0.256
98.000	+5.774e+03	+2.556e+03	+9.079e+03	+0.307
98.200	+3.606e+03	+1.208e+03	+8.095e+03	+0.251
98.400	+5.936e+03	+2.031e+03	+7.578e+03	+0.255
98.600	+5.848e+03	+2.399e+03	+8.211e+03	+0.291
98.800	+4.913e+03	+1.901e+03	+7.312e+03	+0.279
99.000	+5.841e+03	+2.080e+03	+8.224e+03	+0.263
99.200	+6.834e+03	+1.950e+03	+8.104e+03	+0.222
99.400	+5.929e+03	+2.657e+03	+8.223e+03	+0.309
99.600	+4.479e+03	+1.115e+03	+6.462e+03	+0.199
99.800	+6.197e+03	+9.790e+02	+6.913e+03	+0.136
100.000	+5.460e+03	+1.889e+03	+7.000e+03	+0.257
100.200	+5.797e+03	+1.551e+03	+6.146e+03	+0.211
100.400	+6.321e+03	+3.113e+03	+5.888e+03	+0.330
100.600	+4.313e+03	+1.612e+03	+8.268e+03	+0.272
100.800	+5.093e+03	+2.210e+03	+6.816e+03	+0.303
101.000	+3.765e+03	+1.313e+03	+4.503e+03	+0.259
101.200	+4.254e+03	+1.909e+03	+7.960e+03	+0.310
101.400	+3.303e+03	+1.189e+03	+6.669e+03	+0.265
101.600	+4.749e+03	+4.162e+02	+6.412e+03	+0.081
101.800	+5.301e+03	+1.926e+03	+5.619e+03	+0.267
102.000	+5.869e+03	+2.003e+03	+6.788e+03	+0.254
102.200	+5.788e+03	+1.031e+03	+9.091e+03	+0.151
102.400	+5.079e+03	+2.524e+03	+4.976e+03	+0.332
102.600	+6.338e+03	+8.876e+02	+9.098e+03	+0.123
102.800	+5.108e+03	+5.144e+02	+8.198e+03	+0.091
103.000	+6.510e+03	+1.477e+03	+8.288e+03	+0.185
103.200	+5.608e+03	+2.123e+03	+8.141e+03	+0.275
103.400	+5.373e+03	+1.351e+03	+8.306e+03	+0.201
103.600	+5.204e+03	+2.234e+03	+8.466e+03	+0.300
103.800	+2.346e+03	+2.352e+03	+7.522e+03	+0.501
104.000	+4.377e+03	+1.525e+03	+7.482e+03	+0.258
104.200	+6.693e+03	+2.536e+03	+5.676e+03	+0.275
104.400	+4.171e+03	+2.335e+03	+7.380e+03	+0.359
104.600	+5.132e+03	+1.889e+03	+6.976e+03	+0.269
104.800	+4.403e+03	+1.914e+03	+6.685e+03	+0.303
105.000	+6.646e+03	+1.793e+03	+7.191e+03	+0.212
105.200	+4.975e+03	+1.244e+03	+7.587e+03	+0.200
105.400	+5.341e+03	+1.788e+03	+8.214e+03	+0.251
105.600	+6.815e+03	+4.613e+02	+7.854e+03	+0.063
105.800	+5.829e+03	+2.188e+03	+7.952e+03	+0.273
106.000	+6.298e+03	+2.795e+03	+9.580e+03	+0.307
106.200	+4.474e+03	+2.648e+03	+6.334e+03	+0.372
106.400	+4.950e+03	+1.277e+03	+7.562e+03	+0.205
106.600	+5.573e+03	+1.620e+03	+8.037e+03	+0.225
106.800	+6.060e+03	+2.303e+03	+7.329e+03	+0.275
107.000	+1.203e+03	+6.273e+03	+6.887e+03	+0.839
107.200	+3.794e+03	+3.677e+03	+7.407e+03	+0.492
107.400	+4.628e+03	+1.933e+03	+6.845e+03	+0.295
107.600	+4.731e+03	+1.361e+03	+8.121e+03	+0.223
107.800	+6.695e+03	+2.144e+03	+7.592e+03	+0.243
108.000	+5.539e+03	+1.749e+03	+6.934e+03	+0.240
108.200	+6.014e+03	+2.843e+03	+8.501e+03	+0.321
108.400	+5.904e+03	+4.135e+02	+7.101e+03	+0.065
108.600	+4.070e+03	+2.199e+03	+8.999e+03	+0.351
108.800	+5.892e+03	+6.968e+02	+7.021e+03	+0.106
109.000	+4.831e+03	+1.167e+03	+6.990e+03	+0.195
109.200	+5.927e+03	+7.300e+02	+6.890e+03	+0.110
109.400	+4.680e+03	+1.755e+03	+5.472e+03	+0.273
109.600	+5.461e+03	+1.419e+03	+7.816e+03	+0.206
109.800	+6.301e+03	+9.945e+02	+8.551e+03	+0.136
110.000	+5.773e+03	+1.327e+03	+9.501e+03	+0.187
110.200	+7.456e+03	+1.513e+03	+6.189e+03	+0.169
110.400	+5.146e+03	+1.101e+03	+5.693e+03	+0.176
110.600	+4.187e+03	+1.250e+03	+7.783e+03	+0.230
110.800	+4.910e+03	+1.253e+03	+7.282e+03	+0.203
111.000	+5.338e+03	+2.148e+03	+8.140e+03	+0.287
111.200	+5.973e+03	+8.358e+02	+7.606e+03	+0.123
111.400	+5.182e+03	+1.677e+03	+6.411e+03	+0.244
111.600	+6.515e+03	+2.914e+03	+8.360e+03	+0.309
111.800	+5.461e+03	+1.765e+03	+8.280e+03	+0.244
112.000	+7.137e+03	+6.355e+02	+6.761e+03	+0.082
112.200	+4.211e+03	+1.494e+03	+8.544e+03	+0.262
112.400	+6.745e+03	+1.980e+03	+6.917e+03	+0.227
112.600	+5.012e+03	+1.907e+03	+8.170e+03	+0.276
112.800	+4.674e+03	+1.577e+03	+7.412e+03	+0.252
113.000	+5.374e+03	+2.191e+03	+7.032e+03	+0.290
113.200	+6.488e+03	+8.455e+02	+6.449e+03	+0.115
113.400	+5.938e+03	+2.495e+03	+5.724e+03	+0.296
113.600	+6.421e+03	+2.230e+03	+7.599e+03	+0.258
113.800	+5.442e+03	+1.760e+03	+8.297e+03	+0.244
114.000	+5.634e+03	+2.683e+03	+7.228e+03	+0.323
114.200	+4.651e+03	+1.567e+03	+9.160e+03	+0.252
114.400	+5.757e+03	+9.998e+02	+5.855e+03	+0.148
114.600	+5.236e+03	+1.314e+03	+7.398e+03	+0.201
114.800	+5.716e+03	+1.153e+03	+8.568e+03	+0.168
115.000	+7.157e+03	+2.137e+03	+7.328e+03	+0.230
115.200	+5.558e+03	+2.197e+03	+7.894e+03	+0.283
115.400	+5.384e+03	+2.614e+03	+7.382e+03	+0.327
115.600	+6.703e+03	+1.530e+03	+6.846e+03	+0.186
115.800	+5.609e+03	+2.915e+03	+5.774e+03	+0.342
116.000	+4.420e+03	+1.982e+03	+7.610e+03	+0.310
116.200	+6.225e+03	+2.159e+03	+7.076e+03	+0.257
116.400	+3.127e+03	+1.735e+03	+6.833e+03	+0.357
116.600	+6.031e+03	+2.058e+03	+8.727e+03	+0.254
116.800	+5.133e+03	+2.468e+03	+5.201e+03	+0.325
117.000	+6.800e+03	+2.206e+03	+9.109e+03	+0.245
117.200	+4.686e+03	+2.047e+03	+7.768e+03	+0.304
117.400	+7.531e+03	+1.661e+03	+8.529e+03	+0.181
117.600	+5.760e+03	+2.403e+03	+8.853e+03	+0.294
117.800	+5.340e+03	+2.538e+03	+6.185e+03	+0.322
118.000	+6.079e+03	+2.392e+03	+5.345e+03	+0.282
118.200	+5.057e+03	+1.106e+03	+5.817e+03	+0.179
118.400	+4.866e+03	+1.131e+03	+7.629e+03	+0.189
118.600	+5.799e+03	+2.687e+03	+7.790e+03	+0.317
118.800	+5.621e+03	+2.199e+03	+8.491e+03	+0.281
119.000	+6.129e+03	+1.161e+03	+7.289e+03	+0.159
119.200	+5.582e+03	+1.106e+03	+5.564e+03	+0.165
119.400	+5.697e+03	+3.075e+02	+7.182e+03	+0.051
119.600	+4.402e+03	+1.942e+03	+5.445e+03	+0.306
119.800	+8.040e+02	+5.157e+03	+8.009e+03	+0.865
120.000	+2.481e+03	+4.877e+03	+7.122e+03	+0.663
120.200	+3.318e+03	+5.065e+03	+7.011e+03	+0.604
120.400	+2.017e+03	+5.282e+03	+6.620e+03	+0.724
120.600	+1.008e+03	+5.492e+03	+8.984e+03	+0.845
120.800	+2.519e+03	+5.112e+03	+6.855e+03	+0.670
121.000	+1.739e+03	+4.323e+03	+6.031e+03	+0.713
121.200	+1.856e+03	+4.892e+03	+6.142e+03	+0.725
121.400	+2.032e+03	+5.344e+03	+7.134e+03	+0.725
121.600	+4.566e+03	+2.897e+03	+5.378e+03	+0.388
121.800	+5.905e+03	+1.260e+03	+8.025e+03	+0.176
122.000	+6.436e+03	+1.578e+03	+7.264e+03	+0.197
122.200	+4.715e+03	+2.292e+03	+7.516e+03	+0.327
122.400	+5.804e+03	+1.660e+03	+1.023e+04	+0.222
122.600	+4.669e+03	+2.534e+03	+7.716e+03	+0.352
122.800	+4.505e+03	+1.594e+03	+5.636e+03	+0.261
123.000	+4.717e+03	+1.658e+03	+7.862e+03	+0.260
123.200	+6.624e+03	+8.472e+02	+9.197e+03	+0.113
123.400	+5.053e+03	+1.396e+03	+7.639e+03	+0.216
123.600	+5.608e+03	+1.024e+03	+8.298e+03	+0.154
123.800	+5.411e+03	+6.722e+02	+7.703e+03	+0.111
124.000	+5.557e+03	+1.279e+03	+7.184e+03	+0.187
124.200	+5.567e+03	+1.560e+03	+7.738e+03	+0.219
124.400	+5.072e+03	+2.554e+03	+7.157e+03	+0.335
124.600	+5.478e+03	+1.676e+03	+7.023e+03	+0.234
124.800	+4.666e+03	+1.749e+03	+6.760e+03	+0.273
125.000	+7.103e+03	+2.536e+03	+7.500e+03	+0.263
125.200	+4.802e+03	+6.032e+02	+7.495e+03	+0.112
125.400	+5.969e+03	+2.129e+03	+8.904e+03	+0.263
125.600	+5.984e+03	+2.003e+03	+7.380e+03	+0.251
125.800	+6.713e+03	+2.860e+03	+8.152e+03	+0.299
126.000	+6.148e+03	+1.950e+03	+7.150e+03	+0.241
126.200	+8.007e+03	+1.818e+03	+7.092e+03	+0.185
126.400	+7.498e+03	+2.185e+03	+4.997e+03	+0.226
126.600	+4.988e+03	+2.236e+03	+6.523e+03	+0.309
126.800	+3.636e+03	+1.695e+03	+8.378e+03	+0.318
127.000	+5.868e+03	+1.906e+03	+8.555e+03	+0.245
127.200	+5.121e+03	+2.031e+03	+8.264e+03	+0.284
127.400	+6.293e+03	+9.105e+02	+6.829e+03	+0.126
127.600	+5.333e+03	+1.321e+03	+9.759e+03	+0.198
127.800	+5.277e+03	+7.982e+02	+8.464e+03	+0.131
128.000	+4.924e+03	+2.419e+03	+6.282e+03	+0.329
128.200	+5.381e+03	+2.381e+03	+1.017e+04	+0.307
128.400	+7.251e+03	+1.762e+03	+8.185e+03	+0.196
128.600	+4.799e+03	+1.826e+03	+6.962e+03	+0.276
128.800	+5.355e+03	+2.190e+03	+8.449e+03	+0.290
129.000	+5.284e+03	+8.429e+02	+8.272e+03	+0.138
129.200	+5.493e+03	+2.721e+03	+6.184e+03	+0.331
129.400	+4.439e+03	+3.660e+03	+6.755e+03	+0.452
129.600	+1.856e+03	+4.310e+03	+8.996e+03	+0.699
129.800	+4.688e+03	+4.146e+03	+7.441e+03	+0.469
130.000	+5.453e+03	+2.337e+03	+7.816e+03	+0.300
130.200	+6.318e+03	+2.466e+03	+6.888e+03	+0.281
130.400	+6.004e+03	+2.142e+03	+6.710e+03	+0.263
130.600	+4.393e+03	+1.803e+03	+7.536e+03	+0.291
130.800	+4.748e+03	+1.440e+03	+8.164e+03	+0.233
131.000	+4.525e+03	+1.174e+03	+6.391e+03	+0.206
131.200	+5.959e+03	+1.665e+03	+6.693e+03	+0.218
131.400	+5.756e+03	+2.205e+03	+5.165e+03	+0.277
131.600	+5.039e+03	+1.458e+03	+7.804e+03	+0.224
131.800	+6.578e+03	+2.945e+03	+7.916e+03	+0.309
132.000	+5.502e+03	+1.500e+03	+7.993e+03	+0.214
132.200	+6.485e+03	+1.886e+03	+6.192e+03	+0.225
132.400	+5.265e+03	+2.534e+03	+6.597e+03	+0.325
132.600	+5.322e+03	+1.541e+03	+7.535e+03	+0.225
132.800	+4.697e+03	+8.784e+02	+8.312e+03	+0.158
133.000	+4.169e+03	+1.614e+03	+6.722e+03	+0.279
133.200	+3.973e+03	+1.699e+03	+6.154e+03	+0.300
133.400	+5.333e+03	+1.963e+03	+9.245e+03	+0.269
133.600	+5.458e+03	+2.200e+03	+7.494e+03	+0.287
133.800	+4.726e+03	+1.101e+03	+5.518e+03	+0.189
134.000	+5.679e+03	+1.655e+03	+7.558e+03	+0.226
134.200	+4.466e+03	+1.471e+03	+8.065e+03	+0.248
134.400	+6.577e+03	+2.131e+03	+7.433e+03	+0.245
134.600	+7.838e+03	+1.646e+03	+8.244e+03	+0.174
134.800	+6.871e+03	+1.952e+03	+7.187e+03	+0.221
135.000	+5.548e+03	+1.244e+03	+8.333e+03	+0.183
135.200	+5.915e+03	+1.979e+03	+6.593e+03	+0.251
135.400	+5.874e+03	+8.133e+02	+5.805e+03	+0.122
135.600	+5.765e+03	+3.047e+03	+5.783e+03	+0.346
135.800	+1.188e+03	+5.115e+03	+7.415e+03	+0.811
136.000	+1.185e+03	+6.202e+03	+7.338e+03	+0.840
136.200	+1.954e+03	+5.724e+03	+8.753e+03	+0.746
136.400	+2.545e+03	+3.908e+03	+8.602e+03	+0.606
136.600	+1.294e+03	+4.584e+03	+7.383e+03	+0.780
136.800	+1.933e+03	+4.883e+03	+6.962e+03	+0.716
137.000	+2.597e+03	+4.689e+03	+7.804e+03	+0.644
137.200	+2.206e+03	+5.194e+03	+8.355e+03	+0.702
137.400	+1.886e+03	+5.273e+03	+8.043e+03	+0.737
137.600	+2.323e+03	+5.869e+03	+6.386e+03	+0.716
137.800	+2.313e+03	+5.669e+03	+5.610e+03	+0.710
138.000	-4.967e+02	+5.633e+03	+9.022e+03	+1.097
138.200	+1.226e+03	+4.899e+03	+6.240e+03	+0.800
138.400	+2.227e+03	+4.510e+03	+6.858e+03	+0.669
138.600	+1.565e+03	+4.943e+03	+7.522e+03	+0.760
138.800	+1.676e+03	+4.392e+03	+6.897e+03	+0.724
139.000	+1.388e+03	+4.876e+03	+7.154e+03	+0.778
139.200	+2.764e+03	+4.877e+03	+6.131e+03	+0.638
139.400	+2.493e+03	+5.228e+03	+7.333e+03	+0.677
139.600	+2.171e+03	+5.214e+03	+7.477e+03	+0.706
139.800	+2.390e+03	+4.763e+03	+6.840e+03	+0.666
140.000	+9.816e+02	+4.949e+03	+6.742e+03	+0.834
140.200	+2.422e+03	+5.385e+03	+5.945e+03	+0.690
140.400	+2.568e+03	+4.716e+03	+7.786e+03	+0.647
140.600	+1.979e+03	+5.321e+03	+8.804e+03	+0.729
140.800	+4.296e+02	+4.540e+03	+7.032e+03	+0.914
141.000	+1.575e+03	+4.820e+03	+8.573e+03	+0.754
141.200	+1.564e+03	+4.411e+03	+5.035e+03	+0.738
141.400	+1.354e+03	+5.793e+03	+6.689e+03	+0.811
141.600	+2.273e+03	+6.447e+03	+7.994e+03	+0.739
141.800	+1.454e+03	+6.080e+03	+7.498e+03	+0.807
142.000	+2.596e+03	+6.819e+03	+5.680e+03	+0.724
142.200	+1.331e+03	+7.360e+03	+5.857e+03	+0.847
142.400	+1.336e+03	+5.324e+03	+8.365e+03	+0.799
142.600	+2.966e+02	+5.573e+03	+8.184e+03	+0.949
142.800	+2.494e+03	+4.440e+03	+6.721e+03	+0.640
143.000	+3.030e+03	+5.166e+03	+8.501e+03	+0.630
143.200	+1.927e+03	+5.043e+03	+5.000e+03	+0.724
143.400	+1.946e+03	+5.053e+03	+5.855e+03	+0.722
143.600	+1.692e+03	+6.075e+03	+6.596e+03	+0.782
143.800	+1.041e+03	+5.061e+03	+8.018e+03	+0.829
144.000	+2.206e+03	+5.274e+03	+7.701e+03	+0.705
144.200	+5.082e+03	+1.860e+03	+5.777e+03	+0.268
144.400	+6.596e+03	+1.607e+03	+7.986e+03	+0.196
144.600	+5.248e+03	+1.449e+03	+7.862e+03	+0.216
144.800	+4.696e+03	+1.832e+03	+7.996e+03	+0.281
145.000	+4.786e+03	+1.982e+03	+9.202e+03	+0.293
145.200	+4.793e+03	+2.074e+03	+8.274e+03	+0.302
145.400	+6.491e+03	+1.095e+03	+7.300e+03	+0.144
145.600	+5.420e+03	+1.028e+03	+6.108e+03	+0.159
145.800	+5.823e+03	+1.625e+03	+6.803e+03	+0.218
146.000	+7.116e+03	+2.127e+03	+9.188e+03	+0.230
146.200	+5.646e+03	+2.042e+03	+7.972e+03	+0.266
146.400	+5.482e+03	+2.644e+03	+8.579e+03	+0.325
146.600	+6.047e+03	+1.826e+03	+9.696e+03	+0.232
146.800	+6.089e+03	+1.991e+03	+7.959e+03	+0.246
147.000	+5.669e+03	+1.521e+03	+7.237e+03	+0.212
147.200	+6.105e+03	+1.882e+03	+7.004e+03	+0.236
147.400	+5.229e+03	+1.453e+03	+7.813e+03	+0.217
147.600	+6.866e+03	+2.743e+03	+7.458e+03	+0.285
147.800	+4.688e+03	+1.971e+03	+6.916e+03	+0.296
148.000	+5.766e+03	+2.340e+03	+8.904e+03	+0.289
148.200	+4.114e+03	+9.200e+02	+7.512e+03	+0.183
148.400	+6.011e+03	+2.260e+03	+7.792e+03	+0.273
148.600	+5.337e+03	+2.269e+03	+8.252e+03	+0.298
148.800	+4.857e+03	+2.348e+03	+5.577e+03	+0.326
149.000	+7.162e+03	+2.834e+03	+8.554e+03	+0.284
149.200	+3.369e+03	+4.836e+02	+7.731e+03	+0.126
149.400	+5.698e+03	+1.689e+03	+7.872e+03	+0.229
149.600	+5.184e+03	+1.554e+03	+6.271e+03	+0.231
149.800	+5.139e+03	+1.353e+03	+6.831e+03	+0.208
150.000	+5.403e+03	+2.208e+03	+7.244e+03	+0.290
150.200	+5.078e+03	+1.818e+03	+7.208e+03	+0.264
150.400	+5.862e+03	+2.571e+03	+7.518e+03	+0.305
150.600	+5.037e+03	+1.484e+03	+8.275e+03	+0.228
150.800	+4.559e+03	+1.517e+03	+8.515e+03	+0.250
151.000	+5.786e+03	+2.571e+03	+7.195e+03	+0.308
151.200	+4.340e+03	+2.705e+03	+7.622e+03	+0.384
151.400	+6.297e+03	+1.219e+03	+8.594e+03	+0.162
151.600	+5.375e+03	+2.568e+03	+6.604e+03	+0.323
151.800	+5.291e+03	+1.864e+03	+8.214e+03	+0.261
152.000	+6.517e+03	+1.813e+03	+9.002e+03	+0.218
152.200	+4.189e+03	+1.293e+03	+6.553e+03	+0.236
152.400	+6.325e+03	+2.058e+03	+6.000e+03	+0.245
152.600	+4.818e+03	+1.340e+03	+7.537e+03	+0.218
152.800	+4.840e+03	+1.679e+03	+7.120e+03	+0.258
153.000	+7.655e+03	+4.889e+02	+8.681e+03	+0.060
153.200	+5.028e+03	+1.091e+03	+6.815e+03	+0.178
153.400	+5.411e+03	+1.108e+03	+7.877e+03	+0.170
153.600	+5.710e+03	+2.694e+03	+6.679e+03	+0.321
153.800	+5.705e+03	+1.117e+03	+7.187e+03	+0.164
154.000	+2.962e+03	+1.854e+03	+4.998e+03	+0.385
154.200	+5.369e+03	+9.058e+02	+8.939e+03	+0.144
154.400	+4.116e+03	+1.290e+03	+8.223e+03	+0.239
154.600	+4.020e+03	+1.416e+03	+5.701e+03	+0.260
154.800	+4.452e+03	+1.824e+03	+7.124e+03	+0.291
155.000	+5.221e+03	+2.283e+03	+6.179e+03	+0.304
155.200	+5.586e+03	+1.875e+03	+6.107e+03	+0.251
155.400	+4.325e+03	+1.092e+03	+7.363e+03	+0.202
155.600	+5.752e+03	+1.824e+03	+8.836e+03	+0.241
155.800	+4.884e+03	+9.406e+02	+6.925e+03	+0.161
156.000	+6.506e+03	+9.299e+02	+8.142e+03	+0.125
156.200	+6.044e+03	+1.724e+03	+7.035e+03	+0.222
156.400	+5.676e+03	+1.988e+03	+7.466e+03	+0.259
156.600	+5.342e+03	+7.434e+02	+6.665e+03	+0.122
156.800	+5.548e+03	+1.626e+03	+6.308e+03	+0.227
157.000	+4.164e+03	+3.198e+03	+6.615e+03	+0.434
157.200	+3.923e+03	+1.949e+03	+8.368e+03	+0.332
157.400	+5.948e+03	+1.120e+03	+6.440e+03	+0.158
157.600	+5.421e+03	+1.451e+03	+7.014e+03	+0.211
157.800	+5.093e+03	+1.964e+03	+6.916e+03	+0.278
158.000	+5.277e+03	+1.664e+03	+6.647e+03	+0.240
158.200	+6.102e+03	+2.007e+03	+6.152e+03	+0.248
158.400	+5.843e+03	+1.268e+03	+6.558e+03	+0.178
158.600	+5.972e+03	+1.800e+03	+6.773e+03	+0.232
158.800	+5.814e+03	+6.931e+02	+6.091e+03	+0.107
159.000	+6.786e+03	+1.827e+03	+7.531e+03	+0.212
159.200	+6.441e+03	+9.940e+02	+7.429e+03	+0.134
159.400	+4.176e+03	+2.429e+03	+7.490e+03	+0.368
159.600	+4.714e+03	+1.758e+03	+7.712e+03	+0.272
159.800	+4.694e+03	+2.228e+03	+6.598e+03	+0.322
160.000	+6.178e+03	+1.670e+03	+6.905e+03	+0.213
160.200	+7.442e+03	+1.560e+03	+7.645e+03	+0.173
160.400	+3.135e+03	+2.107e+03	+8.074e+03	+0.402
160.600	+5.304e+03	+1.385e+03	+6.638e+03	+0.207
160.800	+4.982e+03	+2.208e+03	+5.824e+03	+0.307
161.000	+4.931e+03	+1.040e+03	+6.383e+03	+0.174
161.200	+6.027e+03	+2.148e+03	+6.817e+03	+0.263
161.400	+5.069e+03	+1.349e+03	+7.817e+03	+0.210
161.600	+5.833e+03	+1.193e+03	+6.048e+03	+0.170
161.800	+5.120e+03	+2.243e+03	+4.625e+03	+0.305
162.000	+5.815e+03	+2.430e+03	+6.309e+03	+0.295
162.200	+6.891e+03	+1.390e+03	+8.254e+03	+0.168
162.400	+4.731e+03	+1.516e+03	+8.033e+03	+0.243
162.600	+6.440e+03	+2.401e+03	+8.077e+03	+0.272
162.800	+5.976e+03	+1.735e+03	+8.543e+03	+0.225
163.000	+5.480e+03	+1.592e+03	+8.151e+03	+0.225
163.200	+6.541e+03	+2.190e+03	+7.272e+03	+0.251
163.400	+4.140e+03	+2.019e+03	+4.730e+03	+0.328
163.600	+5.026e+03	+2.215e+03	+6.169e+03	+0.306
163.800	+6.777e+03	+1.466e+03	+7.513e+03	+0.178
164.000	+6.073e+03	+2.275e+03	+7.547e+03	+0.273
164.200	+6.122e+03	+2.306e+03	+7.508e+03	+0.274
164.400	+4.550e+03	+1.834e+03	+8.307e+03	+0.287
164.600	+4.971e+03	+2.118e+03	+7.757e+03	+0.299
164.800	+5.791e+03	+6.455e+02	+9.373e+03	+0.100
165.000	+5.845e+03	+2.056e+03	+5.568e+03	+0.260
165.200	+4.830e+03	+7.249e+02	+8.481e+03	+0.130
165.400	+5.676e+03	+2.149e+03	+9.087e+03	+0.275
165.600	+5.357e+03	+1.809e+03	+6.395e+03	+0.252
165.800	+5.404e+03	-1.561e+02	+6.806e+03	-0.030
166.000	+5.230e+03	+2.183e+03	+8.257e+03	+0.294
166.200	+5.770e+03	+2.090e+03	+7.344e+03	+0.266
166.400	+5.442e+03	+1.055e+03	+7.609e+03	+0.162
166.600	+5.544e+03	+1.277e+03	+8.034e+03	+0.187
166.800	+5.623e+03	+2.686e+03	+7.262e+03	+0.323
167.000	+5.588e+03	+1.821e+03	+6.785e+03	+0.246
167.200	+5.722e+03	+1.099e+03	+8.219e+03	+0.161
167.400	+5.615e+03	+1.199e+03	+8.345e+03	+0.176
167.600	+5.981e+03	+2.575e+03	+8.472e+03	+0.301
167.800	+5.201e+03	+1.851e+03	+7.563e+03	+0.262
168.000	+6.189e+03	+1.996e+03	+7.446e+03	+0.244
168.200	+6.287e+03	+2.110e+03	+5.881e+03	+0.251
168.400	+6.224e+03	+1.472e+03	+5.206e+03	+0.191
168.600	+5.291e+03	+6.844e+02	+8.393e+03	+0.115
168.800	+4.845e+03	+1.815e+03	+7.819e+03	+0.273
169.000	+5.803e+03	+2.035e+03	+9.817e+03	+0.260
169.200	+4.257e+03	+1.694e+03	+8.883e+03	+0.285
169.400	+5.256e+03	+2.097e+03	+6.273e+03	+0.285
169.600	+3.029e+03	+4.623e+03	+7.751e+03	+0.604
169.800	+1.561e+03	+4.386e+03	+7.956e+03	+0.738
170.000	+1.366e+03	+4.840e+03	+7.714e+03	+0.780
170.200	+6.329e+03	+2.174e+03	+5.843e+03	+0.256
170.400	+4.962e+03	+1.274e+03	+7.416e+03	+0.204
170.600	+6.036e+03	+3.341e+03	+5.816e+03	+0.356
170.800	+4.453e+03	+1.803e+03	+6.226e+03	+0.288
171.000	+4.446e+03	+1.685e+03	+6.940e+03	+0.275
171.200	+5.220e+03	+2.657e+03	+7.398e+03	+0.337
171.400	+5.376e+03	+9.550e+02	+8.132e+03	+0.151
171.600	+5.105e+03	+2.070e+03	+6.420e+03	+0.289
171.800	+5.125e+03	+1.900e+03	+8.242e+03	+0.270
172.000	+6.841e+03	+1.640e+03	+6.384e+03	+0.193
172.200	+4.736e+03	+9.681e+02	+5.371e+03	+0.170
172.400	+6.039e+03	+2.782e+03	+5.883e+03	+0.315
172.600	+5.365e+03	+9.454e+02	+9.191e+03	+0.150
172.800	+5.415e+03	+1.336e+03	+7.003e+03	+0.198
173.000	+6.014e+03	+1.184e+03	+7.500e+03	+0.164
173.200	+3.318e+03	+4.444e+03	+8.272e+03	+0.573
173.400	+1.438e+03	+4.680e+03	+7.376e+03	+0.765
173.600	+1.627e+03	+6.474e+03	+6.474e+03	+0.799
173.800	+1.875e+03	+5.851e+03	+7.014e+03	+0.757
174.000	+1.509e+03	+5.020e+03	+8.201e+03	+0.769
174.200	+5.574e+03	+2.045e+03	+6.917e+03	+0.268
