%t (s)	Idd (a.u.)	Ida (a.u.)	Iaa (a.u.)	FRET E
0.000	+2.003e+03	+6.435e+03	+6.062e+03	+0.763
0.200	+8.849e+02	+5.959e+03	+6.246e+03	+0.871
0.400	+1.534e+03	+4.628e+03	+9.111e+03	+0.751
0.600	+1.591e+03	+4.847e+03	+7.494e+03	+0.753
0.800	+2.303e+03	+6.348e+03	+8.011e+03	+0.734
1.000	+1.842e+03	+5.158e+03	+7.956e+03	+0.737
1.200	+1.460e+03	+4.156e+03	+7.127e+03	+0.740
1.400	+2.420e+03	+6.125e+03	+7.385e+03	+0.717
1.600	+1.630e+03	+5.545e+03	+7.804e+03	+0.773
1.800	+3.331e+03	+5.316e+03	+6.192e+03	+0.615
2.000	+1.902e+03	+5.124e+03	+7.510e+03	+0.729
2.200	+1.950e+03	+6.813e+03	+7.131e+03	+0.777
2.400	+2.747e+03	+5.230e+03	+6.989e+03	+0.656
2.600	+2.888e+02	+4.800e+03	+7.320e+03	+0.943
2.800	+2.188e+03	+5.351e+03	+8.986e+03	+0.710
3.000	+1.947e+03	+6.531e+03	+8.046e+03	+0.770
3.200	+1.753e+03	+5.395e+03	+8.215e+03	+0.755
3.400	+4.370e+03	+4.728e+03	+6.603e+03	+0.520
3.600	+5.512e+03	+1.493e+03	+7.990e+03	+0.213
3.800	+4.809e+03	+1.198e+03	+6.053e+03	+0.199
4.000	+5.715e+03	+1.563e+03	+6.583e+03	+0.215
4.200	+4.964e+03	+1.290e+03	+7.144e+03	+0.206
4.400	+5.968e+03	+2.713e+03	+7.988e+03	+0.312
4.600	+5.272e+03	+1.149e+03	+6.124e+03	+0.179
4.800	+5.306e+03	+2.430e+03	+8.875e+03	+0.314
5.000	+4.114e+03	+3.560e+03	+8.092e+03	+0.464
5.200	+5.198e+03	+1.573e+03	+7.387e+03	+0.232
5.400	+4.649e+03	+1.067e+03	+6.782e+03	+0.187
5.600	+6.583e+03	+7.329e+02	+8.257e+03	+0.100
5.800	+6.376e+03	+1.644e+03	+6.215e+03	+0.205
6.000	+6.703e+03	+1.541e+03	+6.128e+03	+0.187
6.200	+4.541e+03	+2.688e+03	+7.264e+03	+0.372
6.400	+4.890e+03	+9.741e+02	+6.466e+03	+0.166
6.600	+6.773e+03	+3.149e+03	+9.379e+03	+0.317
6.800	+5.807e+03	+7.318e+02	+8.765e+03	+0.112
7.000	+3.200e+03	+4.569e+03	+7.267e+03	+0.588
7.200	+2.002e+03	+6.517e+03	+8.661e+03	+0.765
7.400	+2.343e+03	+5.224e+03	+5.999e+03	+0.690
7.600	+1.511e+03	+4.461e+03	+8.178e+03	+0.747
7.800	+2.694e+03	+5.993e+03	+7.110e+03	+0.690
8.000	+1.635e+03	+7.094e+03	+4.779e+03	+0.813
8.200	+2.141e+03	+5.469e+03	+7.815e+03	+0.719
8.400	+1.522e+03	+5.794e+03	+6.200e+03	+0.792
8.600	+1.551e+03	+5.205e+03	+9.212e+03	+0.770
8.800	+2.449e+03	+5.624e+03	+7.624e+03	+0.697
9.000	+2.237e+03	+4.572e+03	+6.087e+03	+0.671
9.200	+2.164e+03	+5.527e+03	+7.427e+03	+0.719
9.400	+1.937e+03	+5.722e+03	+6.944e+03	+0.747
9.600	+5.444e+03	+3.160e+03	+7.502e+03	+0.367
9.800	+5.460e+03	+2.168e+03	+7.048e+03	+0.284
10.000	+3.811e+03	+5.244e+02	+7.986e+03	+0.121
10.200	+6.502e+03	+1.672e+03	+6.523e+03	+0.205
10.400	+5.898e+03	+9.884e+02	+5.765e+03	+0.144
10.600	+4.978e+03	+8.636e+02	+5.600e+03	+0.148
10.800	+7.273e+03	+9.013e+02	+8.538e+03	+0.110
11.000	+4.264e+03	+1.858e+03	+6.792e+03	+0.303
11.200	+6.110e+03	+1.930e+03	+7.598e+03	+0.240
11.400	+6.076e+03	+1.799e+03	+5.385e+03	+0.228
11.600	+5.324e+03	+1.713e+03	+5.754e+03	+0.243
11.800	+3.154e+03	+1.796e+03	+5.447e+03	+0.363
12.000	+5.497e+03	+2.445e+03	+7.943e+03	+0.308
12.200	+4.145e+03	+1.188e+03	+7.220e+03	+0.223
12.400	+5.610e+03	+2.002e+03	+6.435e+03	+0.263
12.600	+7.606e+03	+1.116e+03	+8.066e+03	+0.128
12.800	+5.489e+03	+1.580e+03	+6.422e+03	+0.224
13.000	+6.431e+03	+2.479e+03	+7.103e+03	+0.278
13.200	+6.754e+03	+1.204e+03	+7.969e+03	+0.151
13.400	+5.713e+03	+1.941e+03	+7.407e+03	+0.254
13.600	+5.305e+03	+1.492e+03	+4.989e+03	+0.220
13.800	+5.823e+03	+1.042e+03	+8.095e+03	+0.152
14.000	+4.811e+03	+6.425e+02	+5.935e+03	+0.118
14.200	+5.246e+03	+1.927e+03	+6.826e+03	+0.269
14.400	+5.317e+03	+1.416e+03	+8.106e+03	+0.210
14.600	+7.745e+03	+2.809e+03	+7.232e+03	+0.266
14.800	+5.948e+03	+1.308e+03	+8.546e+03	+0.180
15.000	+5.333e+03	+2.549e+03	+6.363e+03	+0.323
15.200	+6.099e+03	+8.945e+02	+7.655e+03	+0.128
15.400	+6.336e+03	+1.901e+03	+7.199e+03	+0.231
15.600	+3.935e+03	+3.794e+02	+8.006e+03	+0.088
15.800	+6.699e+03	+1.511e+03	+7.506e+03	+0.184
16.000	+6.350e+03	+2.161e+03	+8.708e+03	+0.254
16.200	+5.561e+03	+2.644e+03	+7.029e+03	+0.322
16.400	+5.738e+03	+1.925e+03	+9.201e+03	+0.251
16.600	+5.607e+03	+2.119e+03	+8.055e+03	+0.274
16.800	+6.690e+03	+2.175e+03	+8.203e+03	+0.245
17.000	+4.603e+03	+1.582e+03	+6.212e+03	+0.256
17.200	+5.698e+03	+8.824e+02	+6.598e+03	+0.134
17.400	+5.760e+03	+1.897e+03	+8.725e+03	+0.248
17.600	+5.897e+03	+2.530e+03	+7.514e+03	+0.300
17.800	+4.480e+03	+7.816e+02	+8.576e+03	+0.149
18.000	+5.423e+03	+1.580e+03	+5.976e+03	+0.226
18.200	+6.593e+03	+1.599e+03	+6.387e+03	+0.195
18.400	+6.222e+03	+2.385e+03	+5.723e+03	+0.277
18.600	+5.710e+03	+6.490e+02	+7.309e+03	+0.102
18.800	+4.959e+03	+9.154e+02	+7.226e+03	+0.156
19.000	+6.793e+03	+1.955e+02	+8.520e+03	+0.028
19.200	+6.437e+03	+7.303e+02	+7.794e+03	+0.102
19.400	+6.438e+03	+1.127e+03	+8.275e+03	+0.149
19.600	+5.268e+03	+1.580e+03	+1.105e+04	+0.231
19.800	+6.096e+03	+3.268e+03	+6.735e+03	+0.349
20.000	+6.876e+03	+1.645e+03	+6.649e+03	+0.193
20.200	+4.819e+03	+1.920e+03	+7.050e+03	+0.285
20.400	+5.449e+03	+2.047e+03	+6.621e+03	+0.273
20.600	+5.774e+03	+1.990e+03	+8.237e+03	+0.256
20.800	+4.479e+03	+2.787e+03	+8.233e+03	+0.384
21.000	+4.578e+03	+4.476e+02	+8.300e+03	+0.089
21.200	+6.146e+03	+2.518e+03	+5.540e+03	+0.291
21.400	+4.228e+03	+1.102e+03	+7.191e+03	+0.207
21.600	+5.081e+03	+2.466e+02	+6.845e+03	+0.046
21.800	+4.088e+03	+1.911e+03	+8.098e+03	+0.319
22.000	+4.975e+03	+1.856e+03	+7.021e+03	+0.272
22.200	+6.606e+03	+1.333e+03	+6.621e+03	+0.168
22.400	+4.027e+03	+1.201e+03	+5.958e+03	+0.230
22.600	+4.667e+03	+7.046e+02	+8.847e+03	+0.131
22.800	+5.325e+03	+9.164e+02	+5.836e+03	+0.147
23.000	+5.446e+03	+1.778e+03	+7.572e+03	+0.246
23.200	+4.752e+03	+1.798e+03	+6.586e+03	+0.275
23.400	+5.292e+03	+1.807e+03	+6.913e+03	+0.255
23.600	+4.584e+03	+1.788e+03	+6.232e+03	+0.281
23.800	+6.226e+03	+1.864e+03	+9.036e+03	+0.230
24.000	+5.261e+03	+1.788e+03	+6.910e+03	+0.254
24.200	+5.217e+03	+3.138e+03	+8.198e+03	+0.376
24.400	+6.152e+03	+1.832e+03	+7.798e+03	+0.229
24.600	+7.109e+03	+9.461e+02	+6.200e+03	+0.117
24.800	+5.871e+03	+2.009e+03	+5.992e+03	+0.255
25.000	+4.891e+03	+1.162e+03	+6.693e+03	+0.192
25.200	+4.094e+03	+1.742e+03	+7.585e+03	+0.299
25.400	+4.863e+03	+3.699e+02	+8.189e+03	+0.071
25.600	+4.429e+03	-9.227e+01	+5.234e+03	-0.021
25.800	+6.519e+03	+1.525e+03	+7.726e+03	+0.190
26.000	+2.530e+03	+2.791e+03	+6.575e+03	+0.525
26.200	+2.500e+03	+5.249e+03	+7.097e+03	+0.677
26.400	+2.322e+03	+4.775e+03	+7.969e+03	+0.673
26.600	+1.947e+03	+4.748e+03	+7.549e+03	+0.709
26.800	+2.404e+03	+5.511e+03	+6.352e+03	+0.696
27.000	+3.016e+03	+5.207e+03	+8.802e+03	+0.633
27.200	+2.258e+03	+5.028e+03	+7.949e+03	+0.690
27.400	+2.978e+03	+4.243e+03	+5.977e+03	+0.588
27.600	+1.433e+03	+6.072e+03	+4.953e+03	+0.809
27.800	+8.592e+02	+5.984e+03	+8.476e+03	+0.874
28.000	+2.223e+03	+4.791e+03	+8.451e+03	+0.683
28.200	+4.460e+03	+3.983e+03	+7.201e+03	+0.472
28.400	+6.334e+03	+1.240e+03	+5.821e+03	+0.164
28.600	+3.725e+03	+1.121e+03	+6.443e+03	+0.231
28.800	+4.854e+03	+2.492e+03	+6.510e+03	+0.339
29.000	+7.620e+03	+1.856e+03	+6.447e+03	+0.196
29.200	+6.278e+03	+2.282e+03	+7.906e+03	+0.267
29.400	+6.256e+03	+1.204e+03	+7.523e+03	+0.161
29.600	+5.951e+03	+2.091e+03	+8.171e+03	+0.260
29.800	+5.790e+03	+1.084e+03	+7.101e+03	+0.158
30.000	+4.352e+03	+1.290e+03	+8.637e+03	+0.229
30.200	+5.285e+03	+5.354e+02	+6.755e+03	+0.092
30.400	+6.084e+03	+1.316e+03	+7.049e+03	+0.178
30.600	+5.473e+03	+2.290e+03	+7.792e+03	+0.295
30.800	+4.536e+03	+1.446e+03	+9.036e+03	+0.242
31.000	+4.936e+03	+7.439e+02	+8.088e+03	+0.131
31.200	+6.127e+03	+1.725e+03	+7.293e+03	+0.220
31.400	+4.305e+03	+2.865e+03	+9.367e+03	+0.400
31.600	+5.639e+03	+1.574e+03	+6.278e+03	+0.218
31.800	+3.357e+03	+3.530e+03	+6.175e+03	+0.513
32.000	+1.698e+03	+4.436e+03	+7.109e+03	+0.723
32.200	+1.344e+03	+6.524e+03	+5.741e+03	+0.829
32.400	+2.215e+03	+3.726e+03	+7.978e+03	+0.627
32.600	+1.171e+03	+5.268e+03	+6.789e+03	+0.818
32.800	+1.091e+03	+4.732e+03	+7.903e+03	+0.813
33.000	+2.100e+03	+4.068e+03	+6.411e+03	+0.660
33.200	+1.187e+03	+5.425e+03	+7.216e+03	+0.820
33.400	+1.629e+03	+4.918e+03	+6.528e+03	+0.751
33.600	+1.836e+03	+5.620e+03	+7.285e+03	+0.754
33.800	+2.577e+03	+5.147e+03	+6.815e+03	+0.666
34.000	+1.651e+03	+4.150e+03	+6.130e+03	+0.715
34.200	+2.255e+03	+4.175e+03	+7.098e+03	+0.649
34.400	+3.430e+03	+6.943e+03	+7.572e+03	+0.669
34.600	+1.545e+03	+4.199e+03	+7.388e+03	+0.731
34.800	+1.884e+03	+4.580e+03	+8.666e+03	+0.709
35.000	+2.877e+03	+5.283e+03	+8.151e+03	+0.647
35.200	+1.936e+03	+5.409e+03	+8.724e+03	+0.736
35.400	+1.674e+03	+4.710e+03	+7.583e+03	+0.738
35.600	+6.032e+02	+4.156e+03	+7.361e+03	+0.873
35.800	+1.536e+03	+6.783e+03	+8.432e+03	+0.815
36.000	+1.504e+03	+4.573e+03	+8.496e+03	+0.753
36.200	+1.487e+03	+5.456e+03	+6.453e+03	+0.786
36.400	+2.384e+03	+3.755e+03	+8.112e+03	+0.612
36.600	+9.921e+02	+5.206e+03	+4.720e+03	+0.840
36.800	+2.734e+03	+5.097e+03	+5.722e+03	+0.651
37.000	+1.985e+03	+5.318e+03	+5.871e+03	+0.728
37.200	+2.410e+03	+5.740e+03	+6.148e+03	+0.704
37.400	+1.499e+03	+5.840e+03	+6.671e+03	+0.796
37.600	+2.975e+03	+5.600e+03	+7.511e+03	+0.653
37.800	+1.588e+03	+5.591e+03	+7.688e+03	+0.779
38.000	+2.931e+03	+4.733e+03	+9.390e+03	+0.618
38.200	+1.634e+03	+6.014e+03	+6.728e+03	+0.786
38.400	+2.029e+03	+4.660e+03	+7.665e+03	+0.697
38.600	+2.435e+03	+6.046e+03	+8.056e+03	+0.713
38.800	+2.936e+03	+4.962e+03	+7.536e+03	+0.628
39.000	+6.649e+02	+4.247e+03	+7.481e+03	+0.865
39.200	+1.976e+03	+5.977e+03	+7.428e+03	+0.752
39.400	+1.759e+03	+5.926e+03	+8.891e+03	+0.771
39.600	+1.907e+03	+6.790e+03	+3.597e+03	+0.781
39.800	+7.989e+02	+4.771e+03	+6.091e+03	+0.857
40.000	+2.556e+03	+5.185e+03	+7.908e+03	+0.670
40.200	+1.713e+03	+3.547e+03	+6.795e+03	+0.674
40.400	+2.142e+03	+5.417e+03	+8.825e+03	+0.717
40.600	+1.763e+03	+3.033e+03	+6.149e+03	+0.632
40.800	+2.126e+03	+5.437e+03	+7.903e+03	+0.719
41.000	+2.201e+03	+5.349e+03	+6.673e+03	+0.708
41.200	+1.315e+03	+4.873e+03	+6.173e+03	+0.788
41.400	+1.773e+03	+4.734e+03	+6.393e+03	+0.728
41.600	+3.046e+03	+6.407e+03	+6.988e+03	+0.678
41.800	+1.860e+03	+5.550e+03	+5.214e+03	+0.749
42.000	+2.506e+03	+5.610e+03	+7.541e+03	+0.691
42.200	+2.167e+03	+3.563e+03	+5.118e+03	+0.622
42.400	+3.532e+03	+4.688e+03	+6.581e+03	+0.570
42.600	+1.703e+03	+4.281e+03	+8.332e+03	+0.715
42.800	+1.148e+03	+6.059e+03	+5.238e+03	+0.841
43.000	+2.143e+03	+5.408e+03	+5.617e+03	+0.716
43.200	+1.103e+03	+5.219e+03	+8.392e+03	+0.825
43.400	+2.044e+03	+5.357e+03	+6.579e+03	+0.724
43.600	+1.930e+03	+5.653e+03	+8.706e+03	+0.745
43.800	+2.422e+03	+7.007e+03	+9.183e+03	+0.743
44.000	+2.185e+03	+6.122e+03	+8.357e+03	+0.737
44.200	+1.511e+03	+4.331e+03	+5.932e+03	+0.741
44.400	+2.589e+03	+6.844e+03	+7.805e+03	+0.726
44.600	+2.675e+03	+5.591e+03	+6.811e+03	+0.676
44.800	+2.049e+03	+4.811e+03	+5.115e+03	+0.701
45.000	+2.636e+03	+4.777e+03	+6.439e+03	+0.644
45.200	+2.262e+03	+5.737e+03	+7.088e+03	+0.717
45.400	+2.711e+03	+5.986e+03	+8.258e+03	+0.688
45.600	+2.697e+03	+4.521e+03	+7.921e+03	+0.626
45.800	+2.087e+03	+6.458e+03	+7.299e+03	+0.756
46.000	+2.877e+03	+4.071e+03	+5.779e+03	+0.586
46.200	+1.813e+03	+5.089e+03	+7.509e+03	+0.737
46.400	+2.060e+03	+5.311e+03	+7.118e+03	+0.721
46.600	+1.779e+03	+5.738e+03	+6.731e+03	+0.763
46.800	+1.861e+03	+5.935e+03	+6.918e+03	+0.761
47.000	+2.215e+03	+4.530e+03	+7.103e+03	+0.672
47.200	+1.353e+03	+5.464e+03	+6.690e+03	+0.802
47.400	+3.100e+03	+4.781e+03	+7.032e+03	+0.607
47.600	+1.889e+03	+6.250e+03	+8.362e+03	+0.768
47.800	+3.233e+03	+4.831e+03	+7.338e+03	+0.599
48.000	+2.775e+03	+7.047e+03	+6.539e+03	+0.717
48.200	+1.426e+03	+4.650e+03	+6.932e+03	+0.765
48.400	+1.962e+03	+4.880e+03	+6.508e+03	+0.713
48.600	+2.779e+03	+4.352e+03	+6.929e+03	+0.610
48.800	+2.919e+03	+4.425e+03	+7.129e+03	+0.603
49.000	+5.464e+03	+1.566e+03	+7.604e+03	+0.223
49.200	+4.355e+03	+2.331e+03	+7.950e+03	+0.349
49.400	+4.841e+03	+1.845e+03	+8.505e+03	+0.276
49.600	+5.570e+03	+2.929e+03	+8.223e+03	+0.345
49.800	+5.745e+03	+2.861e+03	+5.618e+03	+0.332
50.000	+4.438e+03	+1.593e+03	+9.719e+03	+0.264
50.200	+6.625e+03	+1.835e+03	+6.134e+03	+0.217
50.400	+5.208e+03	+5.371e+02	+8.377e+03	+0.093
50.600	+6.093e+03	+6.988e+02	+7.801e+03	+0.103
50.800	+5.869e+03	+1.899e+03	+9.335e+03	+0.244
51.000	+5.194e+03	+1.164e+03	+6.087e+03	+0.183
51.200	+6.696e+03	+1.253e+03	+5.333e+03	+0.158
51.400	+5.986e+03	+2.493e+03	+9.621e+03	+0.294
51.600	+5.125e+03	+1.397e+03	+7.052e+03	+0.214
51.800	+4.726e+03	+1.043e+03	+7.190e+03	+0.181
52.000	+6.004e+03	+2.223e+03	+6.447e+03	+0.270
52.200	+5.408e+03	+1.328e+03	+6.841e+03	+0.197
52.400	+5.723e+03	+1.989e+03	+7.744e+03	+0.258
52.600	+4.308e+03	+9.205e+02	+9.033e+03	+0.176
52.800	+4.676e+03	+2.420e+03	+8.116e+03	+0.341
53.000	+5.088e+03	+2.030e+03	+6.876e+03	+0.285
53.200	+5.149e+03	+2.078e+03	+7.038e+03	+0.288
53.400	+6.337e+03	+1.908e+03	+6.243e+03	+0.231
53.600	+5.526e+03	+2.267e+03	+6.547e+03	+0.291
53.800	+4.857e+03	+1.604e+03	+6.443e+03	+0.248
54.000	+4.734e+03	+1.677e+03	+8.200e+03	+0.262
54.200	+5.112e+03	+1.982e+03	+4.740e+03	+0.279
54.400	+5.938e+03	+1.547e+03	+8.533e+03	+0.207
54.600	+3.557e+03	+6.625e+02	+8.331e+03	+0.157
54.800	+3.776e+03	+1.202e+03	+5.734e+03	+0.242
55.000	+6.154e+03	+1.752e+03	+7.553e+03	+0.222
55.200	+5.772e+03	+4.085e+02	+1.036e+04	+0.066
55.400	+6.939e+03	+2.191e+03	+8.192e+03	+0.240
55.600	+7.159e+03	+2.260e+03	+7.937e+03	+0.240
55.800	+6.102e+03	+1.778e+03	+9.841e+03	+0.226
56.000	+5.778e+03	+2.336e+03	+6.157e+03	+0.288
56.200	+6.370e+03	+3.387e+02	+6.553e+03	+0.050
56.400	+4.854e+03	+1.061e+03	+8.447e+03	+0.179
56.600	+5.570e+03	+2.350e+03	+8.472e+03	+0.297
56.800	+4.788e+03	+1.985e+03	+6.703e+03	+0.293
57.000	+6.426e+03	+1.254e+03	+7.444e+03	+0.163
57.200	+5.369e+03	+2.440e+03	+7.175e+03	+0.313
57.400	+6.010e+03	+1.963e+03	+7.055e+03	+0.246
57.600	+6.294e+03	+1.809e+03	+8.038e+03	+0.223
57.800	+5.274e+03	+6.070e+02	+7.467e+03	+0.103
58.000	+6.983e+03	+1.600e+03	+7.498e+03	+0.186
58.200	+4.303e+03	+1.329e+03	+7.119e+03	+0.236
58.400	+5.229e+03	+2.160e+03	+6.068e+03	+0.292
58.600	+6.924e+03	+1.988e+03	+9.034e+03	+0.223
58.800	+6.190e+03	+1.614e+03	+7.044e+03	+0.207
59.000	+6.006e+03	+1.144e+03	+6.174e+03	+0.160
59.200	+6.027e+03	-1.224e+02	+5.848e+03	-0.021
59.400	+6.115e+03	+2.192e+03	+8.140e+03	+0.264
59.600	+5.899e+03	+2.436e+03	+7.766e+03	+0.292
59.800	+4.750e+03	+1.231e+03	+7.100e+03	+0.206
60.000	+4.989e+03	+5.575e+02	+8.577e+03	+0.101
60.200	+4.832e+03	+1.893e+03	+7.988e+03	+0.281
60.400	+4.091e+03	+1.507e+03	+8.193e+03	+0.269
60.600	+5.178e+03	+2.944e+03	+7.371e+03	+0.362
60.800	+5.428e+03	+1.945e+03	+7.011e+03	+0.264
61.000	+4.433e+03	+3.587e+02	+6.670e+03	+0.075
61.200	+6.168e+03	+2.352e+03	+7.594e+03	+0.276
61.400	+5.669e+03	+2.704e+03	+8.375e+03	+0.323
61.600	+5.418e+03	+1.699e+03	+7.559e+03	+0.239
61.800	+6.066e+03	+1.413e+03	+9.642e+03	+0.189
62.000	+4.052e+03	+1.475e+03	+8.784e+03	+0.267
62.200	+4.826e+03	+2.129e+03	+7.214e+03	+0.306
62.400	+5.422e+03	+1.987e+03	+7.071e+03	+0.268
62.600	+6.754e+03	+2.234e+03	+7.984e+03	+0.249
62.800	+5.284e+03	+1.204e+03	+6.167e+03	+0.186
63.000	+5.733e+03	+2.202e+03	+8.783e+03	+0.277
63.200	+4.610e+03	+9.249e+02	+7.675e+03	+0.167
63.400	+5.546e+03	+2.489e+03	+6.863e+03	+0.310
63.600	+4.055e+03	+1.165e+03	+7.520e+03	+0.223
63.800	+4.494e+03	+3.048e+03	+7.699e+03	+0.404
64.000	+3.852e+03	+1.678e+03	+9.206e+03	+0.303
64.200	+5.718e+03	+1.879e+03	+7.936e+03	+0.247
64.400	+4.320e+03	+1.440e+03	+5.447e+03	+0.250
64.600	+5.771e+03	+2.166e+03	+8.071e+03	+0.273
64.800	+1.947e+03	+6.660e+03	+7.576e+03	+0.774
65.000	+7.077e+02	+3.917e+03	+6.905e+03	+0.847
65.200	+2.256e+03	+4.559e+03	+9.235e+03	+0.669
65.400	+3.477e+03	+6.013e+03	+8.460e+03	+0.634
65.600	+1.333e+03	+5.504e+03	+7.113e+03	+0.805
65.800	+2.570e+03	+4.616e+03	+7.613e+03	+0.642
66.000	+3.075e+03	+4.395e+03	+6.362e+03	+0.588
66.200	+1.235e+03	+5.499e+03	+6.337e+03	+0.817
66.400	+2.701e+03	+5.346e+03	+7.648e+03	+0.664
66.600	+1.941e+03	+5.541e+03	+6.484e+03	+0.741
66.800	+1.906e+03	+5.614e+03	+8.511e+03	+0.747
67.000	+2.434e+03	+6.259e+03	+6.178e+03	+0.720
67.200	+1.822e+03	+5.539e+03	+7.740e+03	+0.753
67.400	+1.563e+03	+5.360e+03	+5.908e+03	+0.774
67.600	+2.843e+03	+4.010e+03	+6.436e+03	+0.585
67.800	+5.622e+02	+4.843e+03	+6.820e+03	+0.896
68.000	+2.597e+03	+5.933e+03	+8.253e+03	+0.696
68.200	+2.546e+03	+7.360e+03	+6.907e+03	+0.743
68.400	+4.094e+03	+4.028e+03	+7.484e+03	+0.496
68.600	+5.283e+03	+1.975e+03	+6.155e+03	+0.272
68.800	+5.943e+03	+7.627e+02	+7.598e+03	+0.114
69.000	+5.413e+03	+1.456e+03	+7.293e+03	+0.212
69.200	+6.316e+03	+8.169e+02	+7.551e+03	+0.115
69.400	+5.727e+03	+1.392e+03	+6.556e+03	+0.195
69.600	+6.204e+03	+1.937e+03	+6.953e+03	+0.238
69.800	+3.852e+03	+2.063e+03	+6.693e+03	+0.349
70.000	+1.511e+03	+3.648e+03	+9.419e+03	+0.707
70.200	+2.890e+03	+5.277e+03	+6.793e+03	+0.646
70.400	+6.783e+02	+4.334e+03	+6.256e+03	+0.865
70.600	+2.112e+03	+6.006e+03	+7.885e+03	+0.740
70.800	+2.755e+03	+5.717e+03	+7.888e+03	+0.675
71.000	+2.652e+03	+5.518e+03	+8.221e+03	+0.675
71.200	+2.544e+03	+4.688e+03	+7.805e+03	+0.648
71.400	+1.416e+03	+5.339e+03	+5.375e+03	+0.790
71.600	+1.020e+03	+4.953e+03	+5.946e+03	+0.829
71.800	+5.414e+03	+2.495e+03	+7.627e+03	+0.315
72.000	+6.005e+03	+2.492e+03	+6.151e+03	+0.293
72.200	+3.885e+03	+2.397e+03	+7.445e+03	+0.382
72.400	+6.068e+03	+9.588e+02	+7.331e+03	+0.136
72.600	+6.526e+03	+1.265e+03	+6.690e+03	+0.162
72.800	+6.762e+03	+1.823e+03	+7.750e+03	+0.212
73.000	+7.832e+03	+2.209e+03	+7.075e+03	+0.220
73.200	+3.798e+03	+2.763e+03	+8.498e+03	+0.421
73.400	+5.248e+03	+1.542e+03	+7.451e+03	+0.227
73.600	+5.482e+03	+1.717e+03	+7.481e+03	+0.238
73.800	+6.350e+03	+2.232e+03	+8.571e+03	+0.260
74.000	+5.644e+03	+2.481e+03	+7.605e+03	+0.305
74.200	+5.159e+03	+2.185e+03	+6.345e+03	+0.298
74.400	+6.842e+03	+1.889e+03	+6.325e+03	+0.216
74.600	+5.109e+03	+1.613e+03	+8.407e+03	+0.240
74.800	+4.938e+03	+1.808e+03	+6.468e+03	+0.268
75.000	+4.662e+03	+1.351e+03	+8.468e+03	+0.225
75.200	+3.700e+03	+2.137e+03	+8.986e+03	+0.366
75.400	+5.782e+03	+1.381e+03	+9.245e+03	+0.193
75.600	+5.568e+03	+1.303e+03	+7.879e+03	+0.190
75.800	+5.305e+03	+1.794e+03	+4.629e+03	+0.253
76.000	+6.083e+03	+2.150e+03	+8.606e+03	+0.261
76.200	+5.001e+03	+2.884e+03	+6.690e+03	+0.366
76.400	+5.530e+03	+1.852e+03	+7.613e+03	+0.251
76.600	+4.507e+03	+1.685e+03	+7.764e+03	+0.272
76.800	+4.269e+03	+2.349e+03	+8.618e+03	+0.355
77.000	+5.573e+03	+2.190e+03	+6.534e+03	+0.282
77.200	+4.250e+03	+2.056e+03	+7.270e+03	+0.326
77.400	+5.910e+03	+1.511e+03	+5.430e+03	+0.204
77.600	+5.091e+03	+1.201e+03	+6.499e+03	+0.191
77.800	+5.511e+03	+2.903e+03	+6.800e+03	+0.345
78.000	+7.360e+03	+2.670e+03	+6.936e+03	+0.266
78.200	+6.129e+03	+2.207e+03	+7.670e+03	+0.265
78.400	+5.276e+03	+1.813e+03	+7.703e+03	+0.256
78.600	+4.695e+03	+2.128e+03	+4.573e+03	+0.312
78.800	+4.645e+03	+2.248e+03	+5.965e+03	+0.326
79.000	+5.428e+03	+1.033e+03	+5.424e+03	+0.160
79.200	+7.681e+03	+2.592e+03	+7.946e+03	+0.252
79.400	+6.437e+03	+9.716e+02	+6.787e+03	+0.131
79.600	+5.587e+03	+1.961e+03	+9.386e+03	+0.260
79.800	+5.445e+03	+2.326e+03	+8.774e+03	+0.299
80.000	+6.204e+03	+5.835e+02	+8.688e+03	+0.086
80.200	+4.634e+03	+1.753e+03	+5.600e+03	+0.274
80.400	+5.627e+03	+1.045e+03	+6.497e+03	+0.157
80.600	+5.550e+03	+1.422e+03	+6.893e+03	+0.204
80.800	+6.380e+03	+1.264e+03	+5.373e+03	+0.165
81.000	+3.956e+03	+2.821e+03	+7.746e+03	+0.416
81.200	+4.062e+03	+1.309e+03	+5.677e+03	+0.244
81.400	+3.850e+03	+1.992e+03	+9.202e+03	+0.341
81.600	+5.892e+03	+1.962e+03	+5.540e+03	+0.250
81.800	+6.305e+03	+6.177e+02	+4.959e+03	+0.089
82.000	+5.489e+03	+2.224e+03	+9.392e+03	+0.288
82.200	+4.611e+03	+1.648e+03	+7.529e+03	+0.263
82.400	+5.320e+03	+2.784e+03	+8.063e+03	+0.344
82.600	+6.761e+03	+2.447e+03	+7.006e+03	+0.266
82.800	+5.561e+03	+1.519e+03	+5.030e+03	+0.215
83.000	+5.101e+03	+2.250e+03	+5.569e+03	+0.306
83.200	+4.699e+03	+1.088e+03	+9.410e+03	+0.188
83.400	+4.927e+03	+2.537e+03	+8.183e+03	+0.340
83.600	+3.130e+03	+2.875e+03	+7.749e+03	+0.479
83.800	+8.097e+02	+5.615e+03	+5.845e+03	+0.874
84.000	+1.791e+03	+4.482e+03	+7.525e+03	+0.714
84.200	+1.112e+03	+5.873e+03	+7.079e+03	+0.841
84.400	+1.441e+03	+5.685e+03	+7.635e+03	+0.798
84.600	+2.607e+03	+4.644e+03	+6.723e+03	+0.640
84.800	+2.125e+03	+4.165e+03	+7.942e+03	+0.662
85.000	+3.159e+03	+4.726e+03	+7.664e+03	+0.599
85.200	+8.392e+02	+6.564e+03	+6.946e+03	+0.887
85.400	+1.950e+03	+4.992e+03	+7.628e+03	+0.719
85.600	+2.454e+03	+4.936e+03	+8.095e+03	+0.668
85.800	+1.451e+03	+4.480e+03	+8.148e+03	+0.755
86.000	+2.967e+03	+4.299e+03	+5.925e+03	+0.592
86.200	+2.197e+03	+5.881e+03	+6.727e+03	+0.728
86.400	+1.182e+03	+4.986e+03	+7.000e+03	+0.808
86.600	+2.377e+03	+4.661e+03	+6.277e+03	+0.662
86.800	+3.507e+03	+2.660e+03	+7.154e+03	+0.431
87.000	+4.647e+03	+9.662e+02	+7.711e+03	+0.172
87.200	+5.289e+03	+1.315e+03	+8.912e+03	+0.199
87.400	+5.634e+03	+1.659e+03	+7.650e+03	+0.227
87.600	+5.532e+03	+1.412e+03	+6.279e+03	+0.203
87.800	+5.308e+03	+2.359e+03	+7.910e+03	+0.308
88.000	+5.140e+03	+3.352e+03	+8.288e+03	+0.395
88.200	+5.370e+03	+1.924e+03	+6.442e+03	+0.264
88.400	+4.315e+03	+2.184e+03	+6.664e+03	+0.336
88.600	+4.930e+03	+1.953e+03	+5.805e+03	+0.284
88.800	+5.498e+03	+2.571e+03	+6.403e+03	+0.319
89.000	+5.278e+03	+1.186e+03	+8.754e+03	+0.183
89.200	+4.042e+03	+2.719e+03	+6.978e+03	+0.402
89.400	+6.832e+03	+2.646e+03	+5.307e+03	+0.279
89.600	+8.112e+03	+1.805e+03	+5.251e+03	+0.182
89.800	+4.611e+03	+1.356e+03	+8.983e+03	+0.227
90.000	+6.296e+03	+1.410e+03	+6.020e+03	+0.183
90.200	+5.428e+03	+2.384e+03	+7.848e+03	+0.305
90.400	+7.079e+03	+1.319e+03	+8.412e+03	+0.157
90.600	+4.453e+03	+1.094e+03	+8.355e+03	+0.197
90.800	+5.657e+03	+1.102e+03	+6.344e+03	+0.163
91.000	+6.672e+03	+1.530e+03	+6.012e+03	+0.187
91.200	+5.543e+03	+2.382e+03	+6.163e+03	+0.301
91.400	+7.012e+03	+9.251e+02	+8.438e+03	+0.117
91.600	+6.368e+03	+1.997e+03	+8.425e+03	+0.239
91.800	+5.825e+03	+1.767e+03	+7.407e+03	+0.233
92.000	+4.196e+03	+1.267e+03	+8.389e+03	+0.232
92.200	+5.244e+03	+9.779e+02	+6.517e+03	+0.157
92.400	+7.344e+03	+2.082e+03	+7.517e+03	+0.221
92.600	+4.499e+03	+2.244e+03	+5.609e+03	+0.333
92.800	+5.347e+03	+1.238e+03	+7.960e+03	+0.188
93.000	+4.916e+03	+2.158e+03	+7.318e+03	+0.305
93.200	+6.016e+03	+1.886e+03	+8.633e+03	+0.239
93.400	+6.507e+03	+1.116e+03	+7.231e+03	+0.146
93.600	+6.204e+03	+1.484e+03	+8.652e+03	+0.193
93.800	+6.024e+03	+1.707e+03	+7.527e+03	+0.221
94.000	+5.968e+03	+1.623e+03	+7.395e+03	+0.214
94.200	+5.182e+03	+1.940e+03	+6.720e+03	+0.272
94.400	+4.253e+03	+1.563e+03	+7.078e+03	+0.269
94.600	+5.522e+03	+2.984e+03	+7.931e+03	+0.351
94.800	+5.559e+03	+1.139e+03	+6.147e+03	+0.170
95.000	+5.500e+03	+9.647e+02	+7.271e+03	+0.149
95.200	+5.541e+03	+1.956e+03	+7.794e+03	+0.261
95.400	+6.058e+03	+2.599e+03	+5.402e+03	+0.300
95.600	+4.891e+03	+2.089e+03	+5.685e+03	+0.299
95.800	+6.460e+03	+2.072e+03	+5.576e+03	+0.243
96.000	+4.637e+03	+1.596e+03	+7.069e+03	+0.256
96.200	+2.640e+03	+3.753e+03	+6.930e+03	+0.587
96.400	+2.408e+03	+5.144e+03	+8.350e+03	+0.681
96.600	+3.129e+03	+5.780e+03	+6.383e+03	+0.649
96.800	+2.354e+03	+5.513e+03	+5.232e+03	+0.701
97.000	+2.776e+03	+6.013e+03	+3.706e+03	+0.684
97.200	+1.474e+03	+4.155e+03	+8.430e+03	+0.738
97.400	+8.853e+02	+6.469e+03	+7.251e+03	+0.880
97.600	+1.897e+03	+5.472e+03	+6.827e+03	+0.743
97.800	+4.468e+03	+5.638e+03	+6.319e+03	+0.558
98.000	+2.007e+03	+3.420e+03	+6.707e+03	+0.630
98.200	+2.048e+03	+3.585e+03	+8.544e+03	+0.636
98.400	+1.765e+03	+4.337e+03	+8.476e+03	+0.711
98.600	+4.879e+03	+3.970e+03	+7.473e+03	+0.449
98.800	+6.681e+03	+2.478e+03	+7.009e+03	+0.271
99.000	+5.356e+03	+2.868e+03	+5.782e+03	+0.349
99.200	+6.055e+03	+1.576e+03	+7.785e+03	+0.207
99.400	+5.964e+03	+1.559e+03	+6.768e+03	+0.207
99.600	+5.551e+03	+1.273e+03	+7.161e+03	+0.187
99.800	+3.898e+03	+3.931e+03	+7.266e+03	+0.502
100.000	+1.697e+03	+4.307e+03	+8.298e+03	+0.717
100.200	+1.851e+03	+4.866e+03	+6.411e+03	+0.724
100.400	+2.538e+03	+5.191e+03	+7.647e+03	+0.672
100.600	+2.047e+03	+6.177e+03	+7.167e+03	+0.751
100.800	+1.661e+03	+5.425e+03	+6.540e+03	+0.766
101.000	+1.525e+03	+7.508e+03	+8.183e+03	+0.831
101.200	+1.631e+03	+3.516e+03	+7.247e+03	+0.683
101.400	+3.443e+03	+5.904e+03	+6.043e+03	+0.632
101.600	+2.461e+03	+5.528e+03	+6.128e+03	+0.692
101.800	+2.593e+03	+4.687e+03	+6.894e+03	+0.644
102.000	+1.569e+03	+5.496e+03	+7.202e+03	+0.778
102.200	+2.613e+03	+5.121e+03	+5.827e+03	+0.662
102.400	+1.541e+03	+4.882e+03	+7.983e+03	+0.760
102.600	+5.777e+02	+6.024e+03	+9.622e+03	+0.912
102.800	+1.849e+03	+4.173e+03	+7.489e+03	+0.693
103.000	+1.467e+03	+7.059e+03	+5.823e+03	+0.828
103.200	+1.073e+03	+5.688e+03	+8.477e+03	+0.841
103.400	+1.751e+03	+4.591e+03	+6.425e+03	+0.724
103.600	+2.732e+03	+5.139e+03	+4.842e+03	+0.653
103.800	+1.674e+03	+6.300e+03	+7.724e+03	+0.790
104.000	+1.578e+03	+4.836e+03	+7.042e+03	+0.754
104.200	+2.999e+03	+5.584e+03	+7.841e+03	+0.651
104.400	+2.997e+03	+6.936e+03	+8.351e+03	+0.698
104.600	+1.670e+03	+6.535e+03	+8.265e+03	+0.796
104.800	+1.262e+03	+5.505e+03	+8.320e+03	+0.813
105.000	+2.696e+03	+5.435e+03	+9.158e+03	+0.668
105.200	+5.274e+03	+1.625e+03	+8.196e+03	+0.235
105.400	+5.027e+03	+2.709e+03	+6.718e+03	+0.350
105.600	+5.616e+03	+2.371e+03	+6.769e+03	+0.297
105.800	+6.058e+03	+1.898e+03	+7.186e+03	+0.239
106.000	+5.518e+03	+1.105e+03	+7.691e+03	+0.167
106.200	+4.431e+03	+1.243e+03	+5.359e+03	+0.219
106.400	+6.008e+03	+1.343e+03	+8.568e+03	+0.183
106.600	+5.611e+03	+1.813e+03	+7.015e+03	+0.244
106.800	+5.511e+03	+1.582e+03	+4.850e+03	+0.223
107.000	+6.656e+03	+4.951e+02	+8.519e+03	+0.069
107.200	+4.034e+03	+1.063e+03	+8.306e+03	+0.209
107.400	+6.117e+03	+1.623e+03	+6.939e+03	+0.210
107.600	+4.576e+03	+1.592e+03	+8.505e+03	+0.258
107.800	+4.983e+03	+1.413e+03	+8.984e+03	+0.221
108.000	+7.358e+03	+1.509e+03	+7.047e+03	+0.170
108.200	+6.282e+03	+1.486e+03	+7.480e+03	+0.191
108.400	+5.251e+03	+2.705e+03	+5.371e+03	+0.340
108.600	+5.688e+03	+1.843e+03	+6.516e+03	+0.245
108.800	+5.115e+03	+1.597e+03	+6.808e+03	+0.238
109.000	+4.506e+03	+2.286e+03	+6.620e+03	+0.337
109.200	+5.441e+03	+1.615e+03	+6.779e+03	+0.229
109.400	+5.035e+03	+1.508e+03	+8.134e+03	+0.230
109.600	+6.521e+03	+1.456e+03	+6.926e+03	+0.182
109.800	+6.945e+03	+1.290e+03	+7.458e+03	+0.157
110.000	+4.444e+03	+2.222e+03	+8.780e+03	+0.333
110.200	+4.694e+03	+2.027e+03	+7.353e+03	+0.302
110.400	+6.307e+03	+1.552e+03	+5.984e+03	+0.198
110.600	+6.627e+03	+1.300e+03	+8.257e+03	+0.164
110.800	+4.890e+03	+1.909e+03	+7.729e+03	+0.281
111.000	+5.337e+03	+1.631e+03	+8.357e+03	+0.234
111.200	+4.928e+03	+8.283e+02	+6.539e+03	+0.144
111.400	+6.148e+03	+1.370e+03	+8.575e+03	+0.182
111.600	+5.483e+03	+2.729e+03	+4.645e+03	+0.332
111.800	+6.276e+03	+1.127e+03	+8.167e+03	+0.152
112.000	+5.158e+03	+1.662e+03	+6.271e+03	+0.244
112.200	+6.527e+03	+1.563e+03	+6.557e+03	+0.193
112.400	+5.141e+03	+1.832e+03	+7.054e+03	+0.263
112.600	+3.949e+03	+1.550e+03	+6.889e+03	+0.282
112.800	+3.383e+03	+3.997e+03	+7.196e+03	+0.542
113.000	+2.532e+03	+5.285e+03	+8.076e+03	+0.676
113.200	+2.292e+03	+5.561e+03	+7.396e+03	+0.708
113.400	+1.864e+03	+6.624e+03	+8.242e+03	+0.780
113.600	+3.046e+03	+5.206e+03	+7.404e+03	+0.631
113.800	+1.459e+03	+7.177e+03	+8.709e+03	+0.831
114.000	+1.937e+03	+4.699e+03	+9.257e+03	+0.708
114.200	+5.946e+03	+2.520e+03	+5.237e+03	+0.298
114.400	+4.825e+03	+1.182e+03	+7.691e+03	+0.197
114.600	+6.638e+03	+2.407e+03	+6.302e+03	+0.266
114.800	+5.575e+03	+1.426e+03	+7.319e+03	+0.204
115.000	+5.913e+03	+1.430e+03	+7.572e+03	+0.195
115.200	+6.931e+03	+2.999e+03	+9.652e+03	+0.302
115.400	+6.377e+03	+1.631e+03	+8.795e+03	+0.204
115.600	+5.719e+03	+1.540e+03	+7.846e+03	+0.212
115.800	+5.735e+03	+4.445e+02	+8.382e+03	+0.072
116.000	+6.341e+03	+2.104e+03	+5.949e+03	+0.249
116.200	+6.288e+03	+1.799e+03	+7.364e+03	+0.222
116.400	+5.485e+03	+1.559e+03	+7.909e+03	+0.221
116.600	+5.968e+03	+5.706e+02	+5.205e+03	+0.087
116.800	+5.240e+03	+1.041e+03	+6.877e+03	+0.166
117.000	+4.749e+03	+2.245e+03	+6.735e+03	+0.321
117.200	+4.924e+03	+1.225e+03	+6.956e+03	+0.199
117.400	+6.208e+03	+2.203e+03	+6.787e+03	+0.262
117.600	+5.391e+03	+7.153e+02	+7.451e+03	+0.117
117.800	+6.802e+03	+2.793e+03	+6.617e+03	+0.291
118.000	+6.247e+03	+1.018e+03	+7.223e+03	+0.140
118.200	+6.402e+03	+1.037e+03	+6.294e+03	+0.139
118.400	+5.618e+03	+1.902e+03	+7.945e+03	+0.253
118.600	+6.237e+03	+9.173e+02	+6.722e+03	+0.128
118.800	+6.097e+03	+8.654e+02	+7.592e+03	+0.124
119.000	+7.148e+03	+2.503e+03	+6.321e+03	+0.259
119.200	+7.422e+03	+1.733e+03	+6.598e+03	+0.189
119.400	+4.388e+03	+1.861e+03	+5.241e+03	+0.298
119.600	+4.653e+03	+2.506e+03	+6.558e+03	+0.350
119.800	+6.557e+03	+2.231e+03	+5.211e+03	+0.254
120.000	+7.584e+03	+2.336e+03	+7.433e+03	+0.236
120.200	+6.312e+03	+1.330e+03	+8.162e+03	+0.174
120.400	+5.419e+03	+9.816e+02	+8.218e+03	+0.153
120.600	+7.136e+03	+2.430e+03	+7.008e+03	+0.254
120.800	+4.219e+03	+2.629e+03	+7.532e+03	+0.384
121.000	+6.810e+03	+1.941e+03	+8.543e+03	+0.222
121.200	+5.870e+03	+1.986e+02	+5.803e+03	+0.033
121.400	+5.405e+03	+2.256e+03	+7.292e+03	+0.294
121.600	+4.484e+03	+1.263e+03	+7.805e+03	+0.220
121.800	+4.875e+03	+3.118e+02	+8.214e+03	+0.060
122.000	+7.015e+03	+1.051e+03	+7.619e+03	+0.130
122.200	+4.743e+03	+2.011e+03	+6.167e+03	+0.298
122.400	+5.344e+03	+2.599e+03	+7.248e+03	+0.327
122.600	+6.366e+03	+2.575e+03	+6.747e+03	+0.288
122.800	+6.211e+03	+1.411e+03	+6.230e+03	+0.185
123.000	+5.881e+03	+1.754e+03	+6.545e+03	+0.230
123.200	+6.326e+03	+4.342e+02	+7.403e+03	+0.064
123.400	+6.494e+03	+1.437e+03	+8.400e+03	+0.181
123.600	+3.989e+03	+1.639e+03	+6.270e+03	+0.291
