%t (s)	Idd (a.u.)	Ida (a.u.)	Iaa (a.u.)	FRET E
0.000	+1.574e+03	+4.391e+03	+8.512e+03	+0.736
0.200	+1.663e+03	+4.752e+03	+7.179e+03	+0.741
0.400	+2.114e+03	+5.353e+03	+7.752e+03	+0.717
0.600	+1.404e+03	+5.162e+03	+7.445e+03	+0.786
0.800	+2.592e+03	+5.795e+03	+7.126e+03	+0.691
1.000	+1.800e+03	+7.044e+03	+7.527e+03	+0.796
1.200	+1.689e+03	+4.528e+03	+7.399e+03	+0.728
1.400	+2.993e+03	+6.343e+03	+5.848e+03	+0.679
1.600	+4.679e+02	+5.002e+03	+6.900e+03	+0.914
1.800	+4.506e+03	+1.553e+03	+7.921e+03	+0.256
2.000	+2.039e+03	+4.604e+03	+6.394e+03	+0.693
2.200	+2.304e+03	+4.332e+03	+7.303e+03	+0.653
2.400	+5.359e+03	+1.970e+03	+6.840e+03	+0.269
2.600	+5.981e+03	+1.371e+03	+5.398e+03	+0.187
2.800	+4.560e+03	+2.303e+03	+7.112e+03	+0.336
3.000	+6.063e+03	+1.568e+03	+5.614e+03	+0.206
3.200	+6.532e+03	+2.039e+03	+6.946e+03	+0.238
3.400	+5.654e+03	+2.369e+03	+5.949e+03	+0.295
3.600	+4.397e+03	+1.552e+03	+9.725e+03	+0.261
3.800	+5.625e+03	+1.763e+03	+8.539e+03	+0.239
4.000	+2.762e+03	+5.109e+03	+7.256e+03	+0.649
4.200	+1.693e+03	+5.367e+03	+8.522e+03	+0.760
4.400	+2.127e+03	+5.774e+03	+5.661e+03	+0.731
4.600	+1.576e+03	+5.868e+03	+7.287e+03	+0.788
4.800	+2.917e+03	+4.101e+03	+7.709e+03	+0.584
5.000	+2.545e+03	+5.995e+03	+7.461e+03	+0.702
5.200	+1.441e+03	+4.877e+03	+7.834e+03	+0.772
5.400	+1.740e+03	+4.625e+03	+7.775e+03	+0.727
5.600	+1.663e+03	+5.758e+03	+8.455e+03	+0.776
5.800	+1.933e+03	+5.170e+03	+7.551e+03	+0.728
6.000	+2.813e+03	+5.468e+03	+6.798e+03	+0.660
6.200	+2.706e+03	+6.923e+03	+7.446e+03	+0.719
6.400	+1.763e+03	+5.360e+03	+9.231e+03	+0.752
6.600	+3.095e+03	+5.552e+03	+6.614e+03	+0.642
6.800	+5.751e+02	+6.657e+03	+5.079e+03	+0.920
7.000	+3.014e+03	+5.799e+03	+6.542e+03	+0.658
7.200	+3.361e+03	+5.676e+03	+7.585e+03	+0.628
7.400	+2.734e+03	+3.956e+03	+6.418e+03	+0.591
7.600	+2.039e+03	+5.775e+03	+7.791e+03	+0.739
7.800	+1.602e+03	+5.940e+03	+7.454e+03	+0.788
8.000	+2.436e+03	+6.864e+03	+6.945e+03	+0.738
8.200	+2.945e+03	+5.526e+03	+7.893e+03	+0.652
8.400	+1.712e+03	+4.846e+03	+8.361e+03	+0.739
8.600	+1.866e+03	+4.305e+03	+8.718e+03	+0.698
8.800	+1.928e+03	+4.710e+03	+8.186e+03	+0.710
9.000	+1.991e+03	+5.901e+03	+4.911e+03	+0.748
9.200	+1.073e+03	+3.940e+03	+5.288e+03	+0.786
9.400	+1.198e+03	+4.603e+03	+5.523e+03	+0.793
9.600	+2.283e+03	+7.003e+03	+5.841e+03	+0.754
9.800	+3.491e+03	+5.370e+03	+7.212e+03	+0.606
10.000	+1.720e+03	+6.079e+03	+8.233e+03	+0.779
10.200	+2.177e+03	+5.841e+03	+8.541e+03	+0.728
10.400	+7.368e+02	+5.986e+03	+6.018e+03	+0.890
10.600	+2.781e+03	+4.433e+03	+7.742e+03	+0.614
10.800	+4.276e+03	+2.251e+03	+6.384e+03	+0.345
11.000	+6.493e+03	+2.043e+03	+8.478e+03	+0.239
11.200	+5.509e+03	+1.720e+03	+6.591e+03	+0.238
11.400	+6.201e+03	+2.120e+03	+7.157e+03	+0.255
11.600	+6.077e+03	+1.295e+03	+7.261e+03	+0.176
11.800	+5.252e+03	+1.158e+03	+7.382e+03	+0.181
12.000	+6.146e+03	+1.730e+03	+7.505e+03	+0.220
12.200	+4.936e+03	+7.236e+02	+6.426e+03	+0.128
12.400	+5.656e+03	+1.447e+03	+8.908e+03	+0.204
12.600	+4.900e+03	+1.304e+03	+6.311e+03	+0.210
12.800	+4.554e+03	+2.461e+03	+7.959e+03	+0.351
13.000	+2.008e+03	+5.981e+03	+7.183e+03	+0.749
13.200	+2.196e+03	+4.558e+03	+6.372e+03	+0.675
13.400	+2.122e+03	+3.982e+03	+7.632e+03	+0.652
13.600	+1.531e+03	+4.365e+03	+8.169e+03	+0.740
13.800	+1.713e+03	+4.410e+03	+7.263e+03	+0.720
14.000	+2.112e+03	+5.009e+03	+7.470e+03	+0.703
14.200	+2.111e+03	+4.522e+03	+6.700e+03	+0.682
14.400	+3.364e+03	+5.715e+03	+7.762e+03	+0.629
14.600	+3.831e+03	+5.621e+03	+6.254e+03	+0.595
14.800	+1.738e+03	+5.758e+03	+6.579e+03	+0.768
15.000	+2.301e+03	+6.016e+03	+7.382e+03	+0.723
15.200	+1.969e+03	+4.941e+03	+8.680e+03	+0.715
15.400	+1.925e+03	+5.525e+03	+7.844e+03	+0.742
15.600	+3.350e+03	+5.186e+03	+7.006e+03	+0.608
15.800	+2.403e+03	+6.329e+03	+7.014e+03	+0.725
16.000	+2.322e+03	+4.369e+03	+7.694e+03	+0.653
16.200	+2.543e+03	+6.003e+03	+5.375e+03	+0.702
16.400	+1.933e+03	+5.358e+03	+7.875e+03	+0.735
16.600	+1.006e+03	+5.929e+03	+8.732e+03	+0.855
16.800	+3.035e+03	+6.342e+03	+7.845e+03	+0.676
17.000	+2.234e+03	+4.365e+03	+7.106e+03	+0.661
17.200	+1.480e+03	+6.350e+03	+8.263e+03	+0.811
17.400	+1.439e+03	+4.285e+03	+5.148e+03	+0.749
17.600	+1.407e+03	+5.558e+03	+8.420e+03	+0.798
17.800	+3.422e+03	+3.690e+03	+7.414e+03	+0.519
18.000	+5.101e+03	+9.920e+02	+7.461e+03	+0.163
18.200	+8.024e+03	+1.721e+03	+6.703e+03	+0.177
18.400	+4.179e+03	+1.603e+03	+5.890e+03	+0.277
18.600	+4.389e+03	+1.773e+03	+8.296e+03	+0.288
18.800	+4.960e+03	+1.899e+03	+3.863e+03	+0.277
19.000	+5.525e+03	+1.694e+03	+8.014e+03	+0.235
19.200	+5.803e+03	+1.733e+03	+7.300e+03	+0.230
19.400	+5.261e+03	+2.634e+03	+5.457e+03	+0.334
19.600	+5.305e+03	+1.231e+03	+6.683e+03	+0.188
19.800	+5.407e+03	+1.151e+03	+7.619e+03	+0.176
20.000	+4.768e+03	+2.449e+03	+7.701e+03	+0.339
20.200	+5.914e+03	+2.411e+03	+7.919e+03	+0.290
20.400	+5.981e+03	+2.073e+03	+6.468e+03	+0.257
20.600	+7.599e+03	+2.501e+03	+8.222e+03	+0.248
20.800	+6.076e+03	+3.575e+03	+8.703e+03	+0.370
21.000	+7.081e+03	+1.364e+03	+7.761e+03	+0.162
21.200	+6.028e+03	+1.504e+03	+8.092e+03	+0.200
21.400	+6.518e+03	+1.915e+03	+5.863e+03	+0.227
21.600	+5.331e+03	+1.081e+03	+9.616e+03	+0.169
21.800	+5.746e+03	+2.804e+03	+7.595e+03	+0.328
22.000	+6.173e+03	+1.369e+03	+7.840e+03	+0.182
22.200	+6.105e+03	+2.791e+03	+6.448e+03	+0.314
22.400	+4.445e+03	+2.206e+03	+6.325e+03	+0.332
22.600	+5.905e+03	+1.906e+03	+5.665e+03	+0.244
22.800	+5.075e+03	+2.332e+03	+8.089e+03	+0.315
23.000	+5.965e+03	+1.725e+03	+8.647e+03	+0.224
23.200	+5.632e+03	+2.127e+03	+8.484e+03	+0.274
23.400	+5.307e+03	+2.496e+03	+8.576e+03	+0.320
23.600	+6.723e+03	+2.286e+03	+5.801e+03	+0.254
23.800	+6.177e+03	+4.397e+02	+5.109e+03	+0.066
24.000	+5.804e+03	+1.876e+03	+4.742e+03	+0.244
24.200	+5.924e+03	+2.161e+03	+7.786e+03	+0.267
24.400	+5.881e+03	+1.183e+03	+8.734e+03	+0.168
24.600	+4.888e+03	+7.629e+02	+7.132e+03	+0.135
24.800	+5.939e+03	+2.075e+03	+9.404e+03	+0.259
25.000	+5.684e+03	+2.594e+03	+7.882e+03	+0.313
25.200	+6.336e+03	+1.026e+03	+7.474e+03	+0.139
25.400	+6.673e+03	+1.983e+03	+6.701e+03	+0.229
25.600	+5.596e+03	+2.645e+02	+7.482e+03	+0.045
25.800	+5.518e+03	+1.564e+03	+7.930e+03	+0.221
26.000	+4.073e+03	+1.475e+03	+6.408e+03	+0.266
26.200	+5.458e+03	+1.248e+03	+7.344e+03	+0.186
26.400	+6.494e+03	+2.014e+03	+6.952e+03	+0.237
26.600	+5.012e+03	+1.368e+03	+5.151e+03	+0.214
26.800	+6.274e+03	+1.818e+03	+8.161e+03	+0.225
27.000	+3.180e+03	+9.110e+02	+7.784e+03	+0.223
27.200	+5.757e+03	+2.422e+03	+8.162e+03	+0.296
27.400	+5.130e+03	+2.513e+03	+8.227e+03	+0.329
27.600	+6.280e+03	+1.832e+03	+7.046e+03	+0.226
27.800	+4.958e+03	+7.658e+02	+7.222e+03	+0.134
28.000	+5.354e+03	+2.050e+03	+6.565e+03	+0.277
28.200	+6.170e+03	+2.499e+03	+6.026e+03	+0.288
28.400	+6.310e+03	+2.346e+03	+6.565e+03	+0.271
28.600	+5.535e+03	+1.494e+03	+8.790e+03	+0.213
28.800	+5.908e+03	+1.708e+03	+7.353e+03	+0.224
29.000	+6.425e+03	+1.296e+03	+5.202e+03	+0.168
29.200	+6.930e+03	+1.492e+03	+7.574e+03	+0.177
29.400	+6.638e+03	+1.556e+03	+7.305e+03	+0.190
29.600	+5.519e+03	+2.047e+03	+6.491e+03	+0.271
29.800	+5.694e+03	+3.232e+03	+8.490e+03	+0.362
30.000	+4.406e+03	+2.026e+03	+7.119e+03	+0.315
30.200	+4.729e+03	+1.604e+03	+8.127e+03	+0.253
30.400	+4.029e+03	+1.587e+03	+7.167e+03	+0.283
30.600	+5.170e+03	+8.291e+02	+8.215e+03	+0.138
30.800	+5.834e+03	+1.366e+03	+7.432e+03	+0.190
31.000	+5.238e+03	+2.185e+03	+9.054e+03	+0.294
31.200	+5.757e+03	+1.366e+03	+6.663e+03	+0.192
31.400	+5.182e+03	+2.105e+03	+6.668e+03	+0.289
31.600	+5.747e+03	+6.038e+02	+6.474e+03	+0.095
31.800	+6.714e+03	+2.456e+03	+5.221e+03	+0.268
32.000	+4.564e+03	+2.353e+03	+6.073e+03	+0.340
32.200	+5.054e+03	+1.280e+03	+9.469e+03	+0.202
32.400	+4.695e+03	+1.882e+03	+8.249e+03	+0.286
32.600	+5.520e+03	+2.136e+03	+6.899e+03	+0.279
32.800	+4.492e+03	+1.034e+03	+7.112e+03	+0.187
33.000	+5.925e+03	+1.742e+03	+8.319e+03	+0.227
33.200	+7.082e+03	+1.828e+03	+6.846e+03	+0.205
33.400	+4.360e+03	+2.231e+03	+7.572e+03	+0.338
33.600	+5.341e+03	+9.833e+02	+9.683e+03	+0.155
33.800	+5.837e+03	+2.807e+03	+6.733e+03	+0.325
34.000	+6.355e+03	+2.119e+03	+6.515e+03	+0.250
34.200	+4.336e+03	+2.872e+03	+7.973e+03	+0.398
34.400	+5.520e+03	+2.936e+03	+8.086e+03	+0.347
34.600	+7.039e+03	+1.781e+03	+6.476e+03	+0.202
34.800	+6.138e+03	+1.652e+03	+6.789e+03	+0.212
35.000	+5.011e+03	+1.898e+03	+8.143e+03	+0.275
35.200	+5.103e+03	+1.900e+03	+7.030e+03	+0.271
35.400	+6.478e+03	+2.145e+03	+6.308e+03	+0.249
35.600	+6.079e+03	+1.926e+03	+8.088e+03	+0.241
35.800	+4.630e+03	+1.390e+03	+6.604e+03	+0.231
36.000	+4.548e+03	+2.118e+03	+7.741e+03	+0.318
36.200	+5.685e+03	+1.967e+03	+8.007e+03	+0.257
36.400	+4.682e+03	+7.721e+02	+7.867e+03	+0.142
36.600	+5.185e+03	-2.628e+02	+7.629e+03	-0.053
36.800	+4.740e+03	+1.866e+03	+7.290e+03	+0.282
37.000	+4.851e+03	+8.111e+02	+6.803e+03	+0.143
37.200	+4.222e+03	+1.045e+03	+7.797e+03	+0.198
37.400	+5.513e+03	+1.999e+03	+7.304e+03	+0.266
37.600	+6.559e+03	+1.979e+03	+8.702e+03	+0.232
37.800	+6.006e+03	+2.106e+03	+7.179e+03	+0.260
38.000	+5.070e+03	+2.435e+03	+5.864e+03	+0.324
38.200	+7.089e+03	+1.570e+03	+7.280e+03	+0.181
38.400	+4.265e+03	+1.517e+03	+5.244e+03	+0.262
38.600	+4.045e+03	+2.079e+03	+8.669e+03	+0.339
38.800	+6.303e+03	+1.792e+03	+6.559e+03	+0.221
39.000	+4.961e+03	+1.325e+03	+6.855e+03	+0.211
39.200	+4.194e+03	+1.093e+03	+6.126e+03	+0.207
39.400	+5.747e+03	+1.991e+03	+6.090e+03	+0.257
39.600	+5.355e+03	+1.509e+03	+7.962e+03	+0.220
39.800	+5.394e+03	+2.009e+03	+7.798e+03	+0.271
40.000	+5.276e+03	+1.314e+03	+6.517e+03	+0.199
40.200	+5.950e+03	+1.248e+03	+8.459e+03	+0.173
40.400	+4.624e+03	+2.317e+03	+8.129e+03	+0.334
40.600	+6.139e+03	+2.058e+03	+5.955e+03	+0.251
40.800	+6.569e+03	+1.612e+03	+6.266e+03	+0.197
41.000	+5.212e+03	+6.678e+02	+6.875e+03	+0.114
41.200	+4.568e+03	+1.920e+03	+6.276e+03	+0.296
41.400	+2.959e+03	+4.772e+03	+6.874e+03	+0.617
41.600	+1.514e+03	+6.190e+03	+7.463e+03	+0.803
41.800	+1.994e+03	+6.126e+03	+8.044e+03	+0.754
42.000	+7.893e+02	+4.349e+03	+7.262e+03	+0.846
42.200	+1.226e+03	+3.425e+03	+7.617e+03	+0.736
42.400	+1.716e+03	+4.625e+03	+7.413e+03	+0.729
42.600	+2.613e+03	+5.031e+03	+5.454e+03	+0.658
42.800	+2.208e+03	+4.538e+03	+5.343e+03	+0.673
43.000	+2.645e+03	+7.022e+03	+5.944e+03	+0.726
43.200	+2.131e+03	+5.125e+03	+6.376e+03	+0.706
43.400	+5.607e+02	+5.427e+03	+8.257e+03	+0.906
43.600	+2.485e+03	+5.572e+03	+6.936e+03	+0.692
43.800	+3.049e+03	+4.313e+03	+6.908e+03	+0.586
44.000	+2.314e+03	+5.170e+03	+5.936e+03	+0.691
44.200	+2.844e+03	+4.439e+03	+3.965e+03	+0.609
44.400	+1.762e+03	+4.676e+03	+7.843e+03	+0.726
44.600	+1.819e+03	+5.208e+03	+6.981e+03	+0.741
44.800	+1.510e+03	+4.454e+03	+6.362e+03	+0.747
45.000	+5.567e+02	+4.859e+03	+8.304e+03	+0.897
45.200	+1.626e+03	+5.202e+03	+7.677e+03	+0.762
45.400	+1.437e+03	+5.107e+03	+6.550e+03	+0.780
45.600	+3.004e+03	+3.673e+03	+7.335e+03	+0.550
45.800	+1.910e+03	+5.921e+03	+7.357e+03	+0.756
46.000	+2.299e+03	+7.166e+03	+8.491e+03	+0.757
46.200	+2.706e+03	+5.130e+03	+8.200e+03	+0.655
46.400	+2.544e+03	+6.817e+03	+8.068e+03	+0.728
46.600	+1.291e+03	+4.911e+03	+6.309e+03	+0.792
46.800	+1.358e+03	+3.366e+03	+5.712e+03	+0.713
47.000	+1.743e+03	+5.142e+03	+7.958e+03	+0.747
47.200	+1.617e+03	+5.304e+03	+9.072e+03	+0.766
47.400	+1.089e+03	+5.237e+03	+7.243e+03	+0.828
47.600	+2.328e+03	+4.734e+03	+7.985e+03	+0.670
47.800	+2.642e+03	+5.360e+03	+6.938e+03	+0.670
48.000	+2.725e+03	+4.453e+03	+6.998e+03	+0.620
48.200	+2.419e+03	+5.427e+03	+7.871e+03	+0.692
48.400	+1.910e+03	+4.958e+03	+7.795e+03	+0.722
48.600	+1.480e+03	+4.896e+03	+7.198e+03	+0.768
48.800	+4.174e+03	+4.241e+03	+7.212e+03	+0.504
49.000	+5.197e+03	+9.236e+02	+6.191e+03	+0.151
49.200	+4.348e+03	+1.616e+03	+7.696e+03	+0.271
49.400	+4.965e+03	+1.123e+03	+7.152e+03	+0.184
49.600	+5.316e+03	+2.710e+03	+6.293e+03	+0.338
49.800	+5.016e+03	+2.016e+03	+6.661e+03	+0.287
50.000	+4.850e+03	+1.675e+03	+8.956e+03	+0.257
50.200	+5.982e+03	+1.599e+03	+6.716e+03	+0.211
50.400	+4.729e+03	+1.062e+03	+7.662e+03	+0.183
50.600	+5.607e+03	+1.593e+03	+6.313e+03	+0.221
50.800	+4.743e+03	+1.569e+03	+8.951e+03	+0.249
51.000	+6.201e+03	+9.749e+02	+8.014e+03	+0.136
51.200	+6.443e+03	+2.363e+03	+8.283e+03	+0.268
51.400	+5.165e+03	+2.381e+03	+6.388e+03	+0.316
51.600	+7.047e+03	+2.828e+03	+7.919e+03	+0.286
51.800	+6.372e+03	+1.732e+03	+8.459e+03	+0.214
52.000	+4.363e+03	+1.451e+03	+7.707e+03	+0.250
52.200	+5.657e+03	+9.752e+02	+7.572e+03	+0.147
52.400	+5.652e+03	+1.122e+03	+8.196e+03	+0.166
52.600	+4.533e+03	+1.119e+03	+7.767e+03	+0.198
52.800	+4.734e+03	+1.808e+03	+9.654e+03	+0.276
53.000	+6.789e+03	+2.294e+03	+8.408e+03	+0.253
53.200	+6.400e+03	+2.132e+03	+7.178e+03	+0.250
53.400	+5.919e+03	+1.981e+03	+7.070e+03	+0.251
53.600	+2.103e+03	+5.707e+03	+5.684e+03	+0.731
53.800	+2.067e+03	+4.366e+03	+8.343e+03	+0.679
54.000	+4.340e+02	+6.871e+03	+5.356e+03	+0.941
54.200	+3.283e+03	+5.135e+03	+8.823e+03	+0.610
54.400	+2.941e+03	+5.226e+03	+8.860e+03	+0.640
54.600	+1.546e+02	+6.033e+03	+5.884e+03	+0.975
54.800	+1.848e+03	+6.014e+03	+7.994e+03	+0.765
55.000	+1.787e+03	+6.077e+03	+7.039e+03	+0.773
55.200	+1.723e+03	+4.488e+03	+8.483e+03	+0.723
55.400	+1.435e+03	+5.753e+03	+8.320e+03	+0.800
55.600	+2.434e+03	+5.287e+03	+7.372e+03	+0.685
55.800	+2.113e+03	+5.812e+03	+1.030e+04	+0.733
56.000	+2.535e+03	+5.497e+03	+7.290e+03	+0.684
56.200	+2.408e+03	+4.931e+03	+8.296e+03	+0.672
56.400	+2.571e+03	+5.076e+03	+6.370e+03	+0.664
56.600	+1.901e+03	+5.417e+03	+6.487e+03	+0.740
56.800	+1.131e+03	+4.273e+03	+7.984e+03	+0.791
57.000	+2.062e+03	+3.839e+03	+8.010e+03	+0.651
57.200	+1.827e+03	+7.171e+03	+7.707e+03	+0.797
57.400	+3.358e+03	+4.960e+03	+7.694e+03	+0.596
57.600	+1.576e+03	+5.630e+03	+9.341e+03	+0.781
57.800	+1.838e+03	+5.007e+03	+8.989e+03	+0.732
58.000	+2.466e+03	+4.607e+03	+6.025e+03	+0.651
58.200	+1.992e+03	+5.453e+03	+5.138e+03	+0.732
58.400	+1.144e+03	+6.788e+03	+7.923e+03	+0.856
58.600	+3.086e+03	+5.256e+03	+7.072e+03	+0.630
58.800	+1.203e+03	+4.943e+03	+9.339e+03	+0.804
59.000	+1.532e+03	+5.998e+03	+7.625e+03	+0.797
59.200	+3.659e+02	+5.604e+03	+7.470e+03	+0.939
59.400	+1.086e+03	+5.676e+03	+5.993e+03	+0.839
59.600	+1.082e+03	+5.720e+03	+7.785e+03	+0.841
59.800	+1.803e+03	+5.037e+03	+5.807e+03	+0.736
60.000	+2.322e+03	+4.906e+03	+7.412e+03	+0.679
60.200	+3.247e+03	+6.075e+03	+7.203e+03	+0.652
60.400	+2.336e+03	+5.097e+03	+6.143e+03	+0.686
60.600	+1.834e+03	+6.127e+03	+6.453e+03	+0.770
60.800	+7.994e+02	+5.403e+03	+7.253e+03	+0.871
61.000	+3.340e+03	+5.533e+03	+6.756e+03	+0.624
61.200	+3.043e+03	+3.736e+03	+7.621e+03	+0.551
61.400	+2.383e+03	+4.244e+03	+6.090e+03	+0.640
61.600	+1.552e+03	+4.703e+03	+8.054e+03	+0.752
61.800	+1.877e+03	+4.656e+03	+7.917e+03	+0.713
62.000	+3.206e+03	+3.814e+03	+8.485e+03	+0.543
62.200	+5.881e+03	+7.822e+02	+6.974e+03	+0.117
62.400	+5.286e+03	+1.941e+03	+9.136e+03	+0.269
62.600	+6.235e+03	+2.651e+03	+6.502e+03	+0.298
62.800	+4.535e+03	+1.665e+03	+9.659e+03	+0.269
63.000	+5.361e+03	+2.770e+03	+7.489e+03	+0.341
63.200	+5.179e+03	+2.364e+03	+7.985e+03	+0.313
63.400	+4.220e+03	+2.472e+03	+5.758e+03	+0.369
63.600	+4.052e+03	+2.329e+03	+6.046e+03	+0.365
63.800	+6.104e+03	+1.949e+03	+6.974e+03	+0.242
64.000	+4.467e+03	+2.897e+03	+7.560e+03	+0.393
64.200	+5.415e+03	+2.443e+03	+6.598e+03	+0.311
64.400	+5.165e+03	+1.722e+03	+6.535e+03	+0.250
64.600	+5.653e+03	+1.963e+03	+7.226e+03	+0.258
64.800	+4.438e+03	+1.058e+03	+9.480e+03	+0.193
65.000	+5.677e+03	+2.364e+03	+7.697e+03	+0.294
65.200	+5.515e+03	+1.099e+03	+6.569e+03	+0.166
65.400	+5.220e+03	+2.080e+03	+7.402e+03	+0.285
65.600	+5.227e+03	+1.446e+03	+7.831e+03	+0.217
65.800	+4.392e+03	+6.785e+02	+8.780e+03	+0.134
66.000	+4.780e+03	+2.614e+03	+9.704e+03	+0.354
66.200	+5.266e+03	+7.794e+02	+8.297e+03	+0.129
66.400	+5.527e+03	+9.899e+02	+6.228e+03	+0.152
66.600	+7.203e+03	+2.726e+03	+9.656e+03	+0.275
66.800	+4.213e+03	+4.519e+02	+8.363e+03	+0.097
67.000	+5.160e+03	+2.164e+03	+7.988e+03	+0.295
67.200	+6.543e+03	+2.106e+03	+7.074e+03	+0.243
67.400	+4.771e+03	+1.339e+03	+7.359e+03	+0.219
67.600	+4.886e+03	+1.666e+03	+8.484e+03	+0.254
67.800	+5.370e+03	+1.205e+03	+5.604e+03	+0.183
68.000	+5.277e+03	+1.988e+03	+8.181e+03	+0.274
68.200	+5.253e+03	+1.077e+03	+6.015e+03	+0.170
68.400	+6.340e+03	+1.818e+03	+8.887e+03	+0.223
68.600	+4.772e+03	+9.650e+02	+7.269e+03	+0.168
68.800	+4.400e+03	+1.513e+03	+6.316e+03	+0.256
69.000	+6.620e+03	+1.567e+03	+8.758e+03	+0.191
69.200	+4.651e+03	+1.621e+03	+8.095e+03	+0.258
69.400	+6.651e+03	+2.393e+03	+8.140e+03	+0.265
69.600	+6.443e+03	+1.812e+03	+5.631e+03	+0.220
69.800	+7.464e+03	+1.691e+03	+7.051e+03	+0.185
70.000	+5.046e+03	+2.310e+03	+7.878e+03	+0.314
70.200	+4.885e+03	+1.255e+03	+5.517e+03	+0.204
70.400	+5.620e+03	+1.929e+03	+8.886e+03	+0.256
70.600	+6.115e+03	+1.419e+03	+7.701e+03	+0.188
70.800	+5.614e+03	+1.795e+03	+5.398e+03	+0.242
71.000	+5.525e+03	+2.451e+03	+8.063e+03	+0.307
71.200	+5.374e+03	+2.993e+03	+7.369e+03	+0.358
71.400	+5.792e+03	+1.767e+03	+6.752e+03	+0.234
71.600	+4.211e+03	+1.972e+03	+6.181e+03	+0.319
71.800	+4.224e+03	+1.465e+03	+6.115e+03	+0.257
72.000	+6.127e+03	+2.115e+03	+5.974e+03	+0.257
72.200	+5.924e+03	+9.554e+02	+6.739e+03	+0.139
72.400	+5.655e+03	+1.222e+03	+8.291e+03	+0.178
72.600	+6.667e+03	+8.801e+02	+5.170e+03	+0.117
72.800	+5.366e+03	+2.986e+03	+7.010e+03	+0.358
73.000	+5.593e+03	+1.115e+03	+8.429e+03	+0.166
73.200	+5.873e+03	+1.870e+02	+8.414e+03	+0.031
73.400	+5.407e+03	+1.647e+03	+5.523e+03	+0.233
73.600	+4.117e+03	+1.506e+03	+7.224e+03	+0.268
73.800	+6.301e+03	+2.664e+03	+6.824e+03	+0.297
74.000	+4.809e+03	+1.234e+03	+8.190e+03	+0.204
74.200	+5.014e+03	+1.893e+03	+7.893e+03	+0.274
74.400	+6.171e+03	+1.339e+03	+7.660e+03	+0.178
74.600	+4.821e+03	+2.272e+03	+8.204e+03	+0.320
74.800	+6.671e+03	+9.790e+02	+7.968e+03	+0.128
75.000	+6.639e+03	+2.143e+03	+6.203e+03	+0.244
75.200	+3.761e+03	+1.371e+03	+6.616e+03	+0.267
75.400	+4.925e+03	+1.468e+03	+7.291e+03	+0.230
75.600	+4.950e+03	+1.339e+03	+4.914e+03	+0.213
75.800	+5.244e+03	+1.746e+03	+9.390e+03	+0.250
76.000	+5.170e+03	+2.169e+03	+8.501e+03	+0.296
76.200	+5.169e+03	+2.117e+03	+7.044e+03	+0.291
76.400	+4.905e+03	+3.438e+03	+8.345e+03	+0.412
76.600	+1.682e+03	+4.771e+03	+9.625e+03	+0.739
76.800	+1.295e+03	+5.082e+03	+7.305e+03	+0.797
77.000	+2.869e+03	+6.689e+03	+8.185e+03	+0.700
77.200	+3.122e+03	+4.728e+03	+6.543e+03	+0.602
77.400	+6.026e+03	+1.797e+03	+8.769e+03	+0.230
77.600	+5.842e+03	+1.720e+03	+7.127e+03	+0.227
77.800	+5.516e+03	+2.006e+03	+6.047e+03	+0.267
78.000	+5.227e+03	+2.029e+03	+5.934e+03	+0.280
78.200	+7.308e+03	+1.389e+03	+6.594e+03	+0.160
78.400	+6.439e+03	+1.688e+03	+5.377e+03	+0.208
78.600	+4.455e+03	+2.126e+03	+7.239e+03	+0.323
78.800	+4.051e+03	+1.870e+03	+6.876e+03	+0.316
79.000	+4.594e+03	+2.243e+03	+7.385e+03	+0.328
79.200	+4.926e+03	+6.374e+02	+6.839e+03	+0.115
79.400	+6.328e+03	+1.956e+03	+7.544e+03	+0.236
79.600	+5.057e+03	+1.423e+03	+8.872e+03	+0.220
79.800	+4.609e+03	+6.872e+02	+6.797e+03	+0.130
80.000	+3.894e+03	+2.079e+03	+6.418e+03	+0.348
80.200	+5.211e+03	+2.050e+03	+6.134e+03	+0.282
80.400	+4.951e+03	+2.209e+03	+7.337e+03	+0.309
80.600	+5.472e+03	+1.490e+03	+7.682e+03	+0.214
80.800	+6.020e+03	+1.929e+03	+6.656e+03	+0.243
81.000	+3.802e+03	+2.082e+03	+9.228e+03	+0.354
81.200	+6.015e+03	+1.967e+03	+6.582e+03	+0.246
81.400	+4.540e+03	+2.315e+03	+6.482e+03	+0.338
81.600	+4.676e+03	+1.202e+03	+7.569e+03	+0.205
81.800	+4.175e+03	+1.093e+03	+7.257e+03	+0.207
82.000	+5.915e+03	+2.441e+03	+5.774e+03	+0.292
82.200	+1.705e+03	+5.811e+03	+6.995e+03	+0.773
82.400	+2.286e+03	+5.703e+03	+6.834e+03	+0.714
82.600	+1.482e+03	+6.212e+03	+7.914e+03	+0.807
82.800	+1.476e+03	+6.305e+03	+7.038e+03	+0.810
83.000	+1.861e+03	+5.408e+03	+8.648e+03	+0.744
83.200	+1.730e+03	+5.693e+03	+5.700e+03	+0.767
83.400	+1.549e+03	+5.077e+03	+8.009e+03	+0.766
83.600	+2.128e+03	+4.770e+03	+7.310e+03	+0.691
83.800	+1.440e+03	+5.507e+03	+7.534e+03	+0.793
84.000	+1.324e+03	+5.019e+03	+6.832e+03	+0.791
84.200	+2.182e+03	+6.263e+03	+6.164e+03	+0.742
84.400	+2.290e+03	+4.993e+03	+9.433e+03	+0.686
84.600	+9.500e+02	+6.468e+03	+7.636e+03	+0.872
84.800	+1.634e+03	+6.050e+03	+6.896e+03	+0.787
85.000	+1.451e+03	+5.136e+03	+6.915e+03	+0.780
85.200	+2.028e+03	+6.848e+03	+5.249e+03	+0.772
85.400	+1.919e+03	+5.501e+03	+1.161e+04	+0.741
85.600	+2.539e+03	+4.718e+03	+7.615e+03	+0.650
85.800	+2.450e+03	+3.733e+03	+8.311e+03	+0.604
86.000	+2.330e+03	+4.667e+03	+8.378e+03	+0.667
86.200	+1.809e+03	+5.244e+03	+7.212e+03	+0.744
86.400	+2.058e+03	+4.903e+03	+7.330e+03	+0.704
86.600	+1.685e+03	+5.096e+03	+7.049e+03	+0.752
86.800	+1.659e+03	+4.956e+03	+6.166e+03	+0.749
87.000	+3.090e+03	+6.154e+03	+6.925e+03	+0.666
87.200	+5.897e+02	+4.838e+03	+6.522e+03	+0.891
87.400	+3.359e+03	+5.520e+03	+6.686e+03	+0.622
87.600	+2.475e+03	+5.258e+03	+6.831e+03	+0.680
87.800	+1.665e+03	+5.479e+03	+7.971e+03	+0.767
88.000	+2.256e+03	+5.267e+03	+8.503e+03	+0.700
88.200	+1.865e+03	+4.684e+03	+6.710e+03	+0.715
88.400	+2.480e+03	+3.718e+03	+5.454e+03	+0.600
88.600	+1.805e+03	+5.960e+03	+7.356e+03	+0.768
88.800	+2.284e+03	+6.685e+03	+7.160e+03	+0.745
89.000	+2.808e+03	+5.598e+03	+8.319e+03	+0.666
89.200	+5.306e+02	+5.302e+03	+6.716e+03	+0.909
89.400	+2.698e+03	+5.365e+03	+7.774e+03	+0.665
89.600	+1.954e+03	+3.616e+03	+6.763e+03	+0.649
89.800	+2.986e+03	+5.472e+03	+6.833e+03	+0.647
90.000	+1.180e+03	+4.936e+03	+8.301e+03	+0.807
90.200	+1.898e+03	+6.265e+03	+7.403e+03	+0.767
90.400	+2.230e+03	+4.850e+03	+5.098e+03	+0.685
90.600	+1.612e+03	+4.633e+03	+7.554e+03	+0.742
90.800	+7.899e+02	+3.970e+03	+6.300e+03	+0.834
91.000	+1.601e+03	+6.592e+03	+5.349e+03	+0.805
91.200	+2.166e+03	+4.593e+03	+5.371e+03	+0.680
91.400	+1.914e+03	+6.261e+03	+7.497e+03	+0.766
91.600	+2.843e+03	+3.733e+03	+6.805e+03	+0.568
91.800	+1.375e+03	+6.179e+03	+8.973e+03	+0.818
92.000	+2.226e+03	+5.473e+03	+8.823e+03	+0.711
92.200	+1.696e+03	+4.761e+03	+8.074e+03	+0.737
92.400	+2.382e+03	+4.723e+03	+8.148e+03	+0.665
92.600	+3.221e+03	+5.871e+03	+7.196e+03	+0.646
92.800	+2.045e+03	+4.338e+03	+7.438e+03	+0.680
93.000	+1.263e+03	+5.161e+03	+7.418e+03	+0.803
93.200	+1.764e+03	+6.249e+03	+6.028e+03	+0.780
93.400	+1.069e+03	+4.571e+03	+9.271e+03	+0.810
93.600	+2.910e+03	+6.431e+03	+8.331e+03	+0.688
93.800	+1.376e+03	+6.706e+03	+7.260e+03	+0.830
94.000	+1.926e+03	+5.145e+03	+8.100e+03	+0.728
94.200	+1.702e+03	+4.550e+03	+7.205e+03	+0.728
94.400	+1.623e+03	+6.471e+03	+6.374e+03	+0.800
94.600	+1.219e+03	+5.248e+03	+6.697e+03	+0.812
94.800	+5.597e+02	+4.830e+03	+8.012e+03	+0.896
95.000	+1.297e+03	+3.539e+03	+8.471e+03	+0.732
95.200	+1.314e+03	+3.955e+03	+7.649e+03	+0.751
95.400	+8.904e+02	+4.546e+03	+7.807e+03	+0.836
95.600	+3.555e+03	+4.612e+03	+5.756e+03	+0.565
95.800	+2.370e+03	+5.681e+03	+8.944e+03	+0.706
96.000	+3.038e+03	+5.654e+03	+7.986e+03	+0.650
96.200	+1.802e+03	+5.707e+03	+7.547e+03	+0.760
96.400	+5.607e+02	+3.832e+03	+8.060e+03	+0.872
96.600	+2.044e+03	+4.536e+03	+8.059e+03	+0.689
96.800	+1.644e+03	+4.384e+03	+9.673e+03	+0.727
97.000	+5.084e+03	+1.843e+03	+6.239e+03	+0.266
97.200	+5.259e+03	+1.552e+03	+9.157e+03	+0.228
97.400	+6.956e+03	+1.349e+03	+7.753e+03	+0.162
97.600	+7.357e+03	+8.675e+02	+5.880e+03	+0.105
97.800	+6.282e+03	+2.460e+03	+7.693e+03	+0.281
98.000	+4.806e+03	+2.982e+03	+8.410e+03	+0.383
98.200	+6.362e+03	+2.175e+03	+9.470e+03	+0.255
98.400	+3.094e+03	+3.843e+03	+5.400e+03	+0.554
98.600	+2.802e+03	+5.131e+03	+7.534e+03	+0.647
98.800	+1.426e+03	+5.536e+03	+9.303e+03	+0.795
99.000	+1.586e+03	+4.925e+03	+6.268e+03	+0.756
99.200	+2.159e+03	+6.801e+03	+6.952e+03	+0.759
99.400	+1.025e+03	+5.359e+03	+5.959e+03	+0.839
99.600	+2.237e+03	+5.289e+03	+7.128e+03	+0.703
99.800	+1.879e+03	+5.452e+03	+7.804e+03	+0.744
100.000	+8.896e+02	+5.026e+03	+6.349e+03	+0.850
100.200	+1.088e+03	+4.173e+03	+6.289e+03	+0.793
100.400	+2.131e+03	+6.614e+03	+8.250e+03	+0.756
100.600	+1.345e+03	+3.513e+03	+6.664e+03	+0.723
100.800	+2.465e+03	+4.926e+03	+6.546e+03	+0.666
101.000	+2.016e+03	+5.857e+03	+7.120e+03	+0.744
101.200	+1.484e+03	+6.550e+03	+6.481e+03	+0.815
101.400	+2.120e+03	+6.652e+03	+6.737e+03	+0.758
101.600	+1.215e+03	+4.815e+03	+6.136e+03	+0.799
101.800	+2.764e+03	+6.353e+03	+6.659e+03	+0.697
102.000	+1.592e+03	+4.458e+03	+7.120e+03	+0.737
102.200	+1.284e+03	+5.385e+03	+6.656e+03	+0.807
102.400	+2.672e+03	+5.036e+03	+6.656e+03	+0.653
102.600	+1.646e+03	+5.082e+03	+6.923e+03	+0.755
102.800	+1.895e+03	+5.874e+03	+6.778e+03	+0.756
103.000	+1.909e+03	+6.677e+03	+7.653e+03	+0.778
103.200	+1.827e+03	+5.683e+03	+7.232e+03	+0.757
103.400	+1.442e+03	+5.255e+03	+8.495e+03	+0.785
103.600	+3.382e+03	+6.356e+03	+7.025e+03	+0.653
103.800	+2.890e+03	+6.076e+03	+7.151e+03	+0.678
104.000	+1.972e+03	+4.820e+03	+6.787e+03	+0.710
104.200	+4.722e+03	+2.312e+03	+7.053e+03	+0.329
104.400	+7.089e+03	+1.463e+03	+7.439e+03	+0.171
104.600	+5.411e+03	+1.831e+03	+7.384e+03	+0.253
104.800	+7.219e+03	+1.277e+03	+7.431e+03	+0.150
105.000	+4.939e+03	+1.763e+03	+7.119e+03	+0.263
105.200	+6.354e+03	+1.317e+03	+6.769e+03	+0.172
105.400	+6.282e+03	+2.322e+03	+6.926e+03	+0.270
105.600	+4.239e+03	+1.810e+03	+8.067e+03	+0.299
105.800	+4.614e+03	+1.564e+03	+7.587e+03	+0.253
106.000	+6.904e+03	+1.727e+03	+5.750e+03	+0.200
106.200	+5.070e+03	+1.250e+03	+8.515e+03	+0.198
106.400	+5.410e+03	+2.090e+03	+5.535e+03	+0.279
106.600	+6.321e+03	+1.614e+03	+6.139e+03	+0.203
106.800	+5.401e+03	+1.979e+03	+6.474e+03	+0.268
107.000	+6.254e+03	+1.785e+03	+7.069e+03	+0.222
107.200	+6.949e+03	+1.326e+03	+9.519e+03	+0.160
107.400	+3.866e+03	+1.213e+03	+7.552e+03	+0.239
107.600	+3.954e+03	+1.354e+03	+4.987e+03	+0.255
107.800	+4.952e+03	+1.522e+03	+6.679e+03	+0.235
108.000	+5.197e+03	+2.405e+03	+7.229e+03	+0.316
108.200	+4.869e+03	+1.532e+03	+8.182e+03	+0.239
108.400	+4.836e+03	+2.151e+03	+6.902e+03	+0.308
108.600	+4.133e+03	+2.456e+03	+6.413e+03	+0.373
108.800	+5.282e+03	+2.972e+03	+6.958e+03	+0.360
109.000	+4.493e+03	+1.358e+03	+5.966e+03	+0.232
109.200	+3.939e+03	+1.907e+03	+5.596e+03	+0.326
109.400	+4.629e+03	+1.323e+03	+6.759e+03	+0.222
109.600	+5.864e+03	+2.013e+03	+7.577e+03	+0.256
109.800	+6.419e+03	+1.712e+03	+8.288e+03	+0.211
110.000	+5.884e+03	+2.454e+03	+9.905e+03	+0.294
110.200	+5.964e+03	+2.495e+03	+6.870e+03	+0.295
110.400	+5.569e+03	+1.360e+03	+7.436e+03	+0.196
110.600	+4.036e+03	+7.443e+02	+5.211e+03	+0.156
110.800	+4.564e+03	+1.260e+03	+6.092e+03	+0.216
111.000	+4.909e+03	+1.615e+03	+5.831e+03	+0.248
111.200	+5.033e+03	+1.398e+03	+6.131e+03	+0.217
111.400	+5.079e+03	+2.052e+03	+8.186e+03	+0.288
111.600	+7.986e+03	+3.156e+03	+6.210e+03	+0.283
111.800	+3.155e+03	+1.436e+03	+6.479e+03	+0.313
112.000	+7.367e+03	+2.235e+03	+5.910e+03	+0.233
112.200	+4.743e+03	+2.011e+03	+6.437e+03	+0.298
112.400	+5.413e+03	+2.537e+03	+6.004e+03	+0.319
112.600	+5.063e+03	+1.491e+03	+6.592e+03	+0.227
112.800	+5.411e+03	+2.495e+03	+8.253e+03	+0.316
113.000	+5.116e+03	+2.939e+03	+8.499e+03	+0.365
113.200	+5.885e+03	+1.677e+03	+8.612e+03	+0.222
113.400	+4.290e+03	+2.424e+03	+5.951e+03	+0.361
113.600	+5.158e+03	+1.816e+03	+7.377e+03	+0.260
113.800	+5.036e+03	+1.744e+03	+7.158e+03	+0.257
114.000	+5.017e+03	+2.441e+03	+7.514e+03	+0.327
114.200	+5.588e+03	+1.124e+03	+6.701e+03	+0.167
114.400	+5.126e+03	+1.129e+03	+7.786e+03	+0.180
114.600	+5.693e+03	+1.833e+03	+8.584e+03	+0.244
114.800	+4.617e+03	+1.902e+03	+6.755e+03	+0.292
115.000	+6.397e+03	+1.097e+03	+8.505e+03	+0.146
115.200	+5.981e+03	+1.648e+03	+8.137e+03	+0.216
115.400	+6.740e+03	+3.271e+03	+7.628e+03	+0.327
115.600	+7.053e+03	+1.234e+03	+6.727e+03	+0.149
115.800	+4.561e+03	+2.455e+03	+5.718e+03	+0.350
116.000	+4.980e+03	+1.347e+03	+8.562e+03	+0.213
116.200	+5.748e+03	+1.837e+03	+8.694e+03	+0.242
116.400	+2.229e+03	+4.007e+03	+6.573e+03	+0.643
116.600	+1.899e+03	+5.351e+03	+8.552e+03	+0.738
116.800	+2.561e+03	+4.521e+03	+6.207e+03	+0.638
117.000	+1.440e+03	+5.710e+03	+8.816e+03	+0.799
117.200	+2.960e+03	+4.967e+03	+8.841e+03	+0.627
117.400	+2.824e+03	+5.972e+03	+7.695e+03	+0.679
117.600	+2.010e+03	+5.442e+03	+6.244e+03	+0.730
117.800	+1.724e+03	+5.162e+03	+7.320e+03	+0.750
118.000	+1.612e+03	+4.984e+03	+7.814e+03	+0.756
118.200	+1.832e+03	+5.022e+03	+8.555e+03	+0.733
118.400	+2.224e+03	+6.137e+03	+8.744e+03	+0.734
118.600	+1.241e+03	+5.783e+03	+7.828e+03	+0.823
118.800	+2.916e+03	+5.542e+03	+8.239e+03	+0.655
119.000	-1.992e+02	+4.976e+03	+5.928e+03	+1.042
119.200	+1.696e+03	+6.347e+03	+9.170e+03	+0.789
119.400	+1.618e+03	+6.805e+03	+7.765e+03	+0.808
119.600	+2.249e+03	+4.534e+03	+6.519e+03	+0.668
119.800	+2.536e+03	+5.155e+03	+6.822e+03	+0.670
120.000	+1.180e+03	+5.812e+03	+7.841e+03	+0.831
120.200	+1.810e+03	+5.172e+03	+6.798e+03	+0.741
120.400	+1.962e+03	+5.304e+03	+7.590e+03	+0.730
120.600	+2.977e+03	+5.654e+03	+8.427e+03	+0.655
120.800	+2.138e+03	+5.471e+03	+7.894e+03	+0.719
121.000	+2.102e+03	+4.330e+03	+6.545e+03	+0.673
121.200	+7.578e+02	+4.030e+03	+9.268e+03	+0.842
121.400	+1.789e+03	+4.524e+03	+5.619e+03	+0.717
121.600	+4.335e+03	+3.435e+03	+7.560e+03	+0.442
121.800	+5.640e+03	+1.779e+03	+7.689e+03	+0.240
122.000	+5.608e+03	+1.708e+03	+8.900e+03	+0.233
122.200	+5.920e+03	+1.466e+03	+6.675e+03	+0.198
122.400	+7.659e+03	+3.907e+02	+7.809e+03	+0.049
122.600	+6.153e+03	+2.346e+03	+6.377e+03	+0.276
122.800	+5.426e+03	+2.573e+03	+6.260e+03	+0.322
123.000	+4.792e+03	+1.596e+03	+7.512e+03	+0.250
123.200	+4.662e+03	+9.583e+02	+6.261e+03	+0.171
123.400	+6.492e+03	+2.539e+03	+8.485e+03	+0.281
123.600	+5.423e+03	+1.288e+03	+3.613e+03	+0.192
123.800	+5.815e+03	+1.984e+03	+8.325e+03	+0.254
124.000	+5.661e+03	+8.862e+02	+8.802e+03	+0.135
124.200	+6.044e+03	+1.775e+03	+8.392e+03	+0.227
124.400	+5.484e+03	+2.740e+03	+8.238e+03	+0.333
124.600	+3.654e+03	+1.923e+03	+9.283e+03	+0.345
124.800	+6.814e+03	+2.631e+03	+9.457e+03	+0.279
125.000	+4.598e+03	+1.044e+03	+7.084e+03	+0.185
125.200	+3.703e+03	+2.039e+03	+8.392e+03	+0.355
125.400	+5.258e+03	+2.198e+03	+7.305e+03	+0.295
125.600	+4.828e+03	+9.976e+02	+6.452e+03	+0.171
125.800	+4.530e+03	+2.115e+03	+6.661e+03	+0.318
126.000	+5.058e+03	+1.585e+03	+6.977e+03	+0.239
126.200	+6.160e+03	+2.021e+03	+8.235e+03	+0.247
126.400	+7.867e+03	+3.326e+03	+6.943e+03	+0.297
126.600	+6.902e+03	+1.837e+03	+6.875e+03	+0.210
126.800	+5.370e+03	+1.252e+03	+9.128e+03	+0.189
127.000	+6.553e+03	+2.153e+03	+9.070e+03	+0.247
127.200	+6.674e+03	+1.788e+03	+7.990e+03	+0.211
127.400	+5.668e+03	+5.472e+02	+6.821e+03	+0.088
127.600	+5.483e+03	+1.630e+03	+8.289e+03	+0.229
127.800	+5.816e+03	+1.984e+03	+6.549e+03	+0.254
128.000	+6.379e+03	+2.252e+03	+6.823e+03	+0.261
128.200	+5.476e+03	+1.595e+03	+5.717e+03	+0.226
128.400	+6.876e+03	+1.795e+03	+6.839e+03	+0.207
128.600	+5.215e+03	+4.394e+02	+6.190e+03	+0.078
128.800	+6.711e+03	+1.508e+03	+8.422e+03	+0.184
129.000	+5.977e+03	+1.336e+03	+7.890e+03	+0.183
129.200	+7.231e+03	+1.964e+03	+9.098e+03	+0.214
129.400	+5.275e+03	+5.069e+02	+7.368e+03	+0.088
129.600	+4.715e+03	+2.190e+03	+8.133e+03	+0.317
129.800	+3.956e+03	+2.455e+03	+8.161e+03	+0.383
130.000	+7.675e+03	+1.724e+03	+6.512e+03	+0.183
130.200	+6.468e+03	+1.071e+03	+7.802e+03	+0.142
130.400	+5.262e+03	+1.207e+03	+6.155e+03	+0.187
130.600	+5.504e+03	+1.817e+03	+6.434e+03	+0.248
130.800	+4.640e+03	+2.353e+03	+8.793e+03	+0.336
131.000	+5.991e+03	+1.096e+03	+6.664e+03	+0.155
131.200	+4.920e+03	+8.467e+02	+8.417e+03	+0.147
131.400	+5.831e+03	+1.231e+03	+6.308e+03	+0.174
131.600	+4.830e+03	+2.237e+03	+8.452e+03	+0.317
131.800	+7.011e+03	+2.594e+03	+6.087e+03	+0.270
132.000	+5.743e+03	+1.079e+03	+7.549e+03	+0.158
132.200	+6.369e+03	+1.943e+03	+7.703e+03	+0.234
132.400	+4.475e+03	+1.522e+03	+7.342e+03	+0.254
132.600	+5.284e+03	+3.649e+02	+7.505e+03	+0.065
132.800	+4.701e+03	+1.727e+03	+6.037e+03	+0.269
133.000	+6.953e+03	+2.375e+03	+6.135e+03	+0.255
133.200	+3.906e+03	+2.299e+03	+6.585e+03	+0.370
133.400	+4.575e+03	+1.182e+03	+8.405e+03	+0.205
133.600	+6.200e+03	+1.743e+03	+7.337e+03	+0.219
133.800	+5.487e+03	+1.609e+03	+7.335e+03	+0.227
134.000	+4.386e+03	+1.663e+03	+6.699e+03	+0.275
134.200	+6.332e+03	+9.275e+02	+4.998e+03	+0.128
134.400	+6.379e+03	+1.869e+03	+6.876e+03	+0.227
134.600	+6.175e+03	+1.414e+03	+6.773e+03	+0.186
134.800	+5.186e+03	+9.230e+02	+7.430e+03	+0.151
135.000	+5.937e+03	+2.133e+03	+9.797e+03	+0.264
135.200	+5.495e+03	+2.179e+03	+7.332e+03	+0.284
135.400	+6.652e+03	+1.796e+03	+8.777e+03	+0.213
135.600	+2.878e+03	+5.450e+03	+8.128e+03	+0.654
135.800	-4.227e+02	+5.118e+03	+7.824e+03	+1.090
136.000	+2.077e+03	+5.826e+03	+8.280e+03	+0.737
136.200	+1.900e+03	+3.954e+03	+6.068e+03	+0.675
136.400	+2.591e+03	+3.048e+03	+7.147e+03	+0.541
136.600	+1.269e+03	+6.219e+03	+7.433e+03	+0.831
136.800	+1.439e+03	+5.140e+03	+8.343e+03	+0.781
137.000	+1.548e+03	+6.051e+03	+5.282e+03	+0.796
137.200	+1.589e+03	+5.359e+03	+7.291e+03	+0.771
137.400	+3.269e+03	+5.119e+03	+5.269e+03	+0.610
137.600	+2.824e+03	+3.086e+03	+6.530e+03	+0.522
137.800	+4.990e+03	+1.325e+03	+7.727e+03	+0.210
138.000	+5.319e+03	+1.683e+03	+5.145e+03	+0.240
138.200	+6.666e+03	+2.008e+03	+8.127e+03	+0.231
138.400	+6.207e+03	+7.369e+02	+6.573e+03	+0.106
138.600	+5.273e+03	+1.839e+03	+5.708e+03	+0.259
138.800	+5.058e+03	+2.716e+03	+5.525e+03	+0.349
139.000	+5.551e+03	+1.956e+03	+7.290e+03	+0.261
139.200	+7.644e+03	+1.087e+03	+7.609e+03	+0.125
139.400	+5.384e+03	+1.825e+03	+7.301e+03	+0.253
139.600	+5.342e+03	+1.048e+03	+8.434e+03	+0.164
139.800	+6.936e+03	+2.399e+03	+5.767e+03	+0.257
140.000	+7.820e+03	+7.300e+02	+8.747e+03	+0.085
140.200	+5.441e+03	+2.404e+03	+5.613e+03	+0.306
140.400	+5.363e+03	+2.181e+03	+4.301e+03	+0.289
140.600	+3.985e+03	+1.959e+03	+6.920e+03	+0.330
140.800	+5.283e+03	+2.422e+02	+6.767e+03	+0.044
141.000	+3.798e+03	+1.935e+03	+5.897e+03	+0.338
141.200	+6.942e+03	+2.088e+03	+6.690e+03	+0.231
141.400	+5.083e+03	+1.210e+03	+7.583e+03	+0.192
141.600	+4.858e+03	+1.645e+03	+5.452e+03	+0.253
141.800	+6.837e+03	+1.348e+03	+7.904e+03	+0.165
142.000	+4.908e+03	+1.581e+03	+6.979e+03	+0.244
142.200	+5.358e+03	+2.628e+03	+6.674e+03	+0.329
142.400	+5.366e+03	+2.360e+03	+6.042e+03	+0.305
142.600	+6.978e+03	+1.180e+03	+7.085e+03	+0.145
142.800	+4.277e+03	+2.033e+03	+8.835e+03	+0.322
143.000	+6.240e+03	+2.734e+03	+6.849e+03	+0.305
143.200	+5.425e+03	+1.387e+03	+7.945e+03	+0.204
143.400	+6.175e+03	+2.509e+03	+6.874e+03	+0.289
143.600	+4.840e+03	+2.208e+03	+7.197e+03	+0.313
143.800	+3.726e+03	+9.349e+02	+7.146e+03	+0.201
144.000	+4.830e+03	+3.325e+03	+8.317e+03	+0.408
144.200	+4.899e+03	+1.348e+03	+8.290e+03	+0.216
144.400	+5.975e+03	+1.687e+03	+8.123e+03	+0.220
144.600	+5.099e+03	+1.831e+03	+5.152e+03	+0.264
144.800	+4.635e+03	+1.767e+03	+9.943e+03	+0.276
145.000	+5.803e+03	+2.698e+03	+7.083e+03	+0.317
145.200	+5.103e+03	+2.268e+03	+7.314e+03	+0.308
145.400	+4.510e+03	+1.556e+03	+6.932e+03	+0.257
145.600	+4.622e+03	+1.848e+03	+8.195e+03	+0.286
145.800	+6.332e+03	+1.640e+03	+8.081e+03	+0.206
146.000	+4.607e+03	+1.436e+03	+8.038e+03	+0.238
146.200	+6.937e+03	+1.592e+03	+8.260e+03	+0.187
146.400	+5.743e+03	+1.351e+03	+8.080e+03	+0.190
146.600	+5.908e+03	+2.338e+03	+7.833e+03	+0.284
146.800	+5.780e+03	+2.215e+03	+6.708e+03	+0.277
147.000	+5.526e+03	+9.132e+02	+6.642e+03	+0.142
147.200	+7.057e+03	+1.149e+02	+7.659e+03	+0.016
147.400	+5.574e+03	+1.026e+03	+7.325e+03	+0.155
147.600	+4.264e+03	+2.336e+03	+7.457e+03	+0.354
147.800	+5.832e+03	+1.495e+03	+7.055e+03	+0.204
148.000	+5.871e+03	+2.573e+03	+7.848e+03	+0.305
148.200	+5.495e+03	+2.099e+03	+6.922e+03	+0.276
148.400	+6.593e+03	+1.976e+03	+9.555e+03	+0.231
148.600	+4.659e+03	+3.067e+03	+6.788e+03	+0.397
148.800	+6.677e+03	+1.161e+03	+6.048e+03	+0.148
149.000	+4.323e+03	+2.282e+03	+6.059e+03	+0.345
149.200	+6.931e+03	+1.935e+03	+9.266e+03	+0.218
149.400	+6.287e+03	+2.374e+03	+6.440e+03	+0.274
149.600	+4.124e+03	+1.540e+03	+6.183e+03	+0.272
149.800	+4.445e+03	+1.483e+03	+8.811e+03	+0.250
150.000	+5.825e+03	+1.998e+03	+7.241e+03	+0.255
150.200	+4.211e+03	+1.959e+03	+7.569e+03	+0.317
150.400	+5.898e+03	+1.706e+03	+7.150e+03	+0.224
150.600	+5.486e+03	+2.253e+03	+7.026e+03	+0.291
150.800	+2.429e+03	+4.749e+03	+7.061e+03	+0.662
151.000	+1.735e+03	+6.108e+03	+6.055e+03	+0.779
151.200	+1.604e+03	+4.574e+03	+7.043e+03	+0.740
151.400	+1.265e+03	+5.170e+03	+6.280e+03	+0.803
151.600	+1.830e+03	+4.505e+03	+7.587e+03	+0.711
151.800	+1.837e+03	+4.197e+03	+8.264e+03	+0.696
152.000	+1.581e+03	+4.632e+03	+7.077e+03	+0.746
152.200	+3.020e+03	+4.614e+03	+7.858e+03	+0.604
152.400	+1.554e+03	+4.329e+03	+6.474e+03	+0.736
152.600	+2.317e+03	+6.353e+03	+7.815e+03	+0.733
152.800	+1.765e+03	+5.667e+03	+7.664e+03	+0.762
153.000	+1.813e+03	+6.354e+03	+7.611e+03	+0.778
153.200	+1.187e+03	+5.793e+03	+7.444e+03	+0.830
153.400	+2.576e+03	+3.712e+03	+6.449e+03	+0.590
153.600	+4.689e+03	+1.532e+03	+6.899e+03	+0.246
153.800	+5.622e+03	+1.624e+03	+5.466e+03	+0.224
154.000	+5.203e+03	+1.367e+03	+7.053e+03	+0.208
154.200	+5.360e+03	+1.779e+03	+7.289e+03	+0.249
154.400	+5.628e+03	+1.376e+03	+6.496e+03	+0.196
154.600	+3.335e+03	+1.493e+03	+7.233e+03	+0.309
154.800	+4.274e+03	+1.955e+03	+5.844e+03	+0.314
155.000	+5.026e+03	+1.519e+03	+7.771e+03	+0.232
155.200	+5.288e+03	+2.455e+03	+8.333e+03	+0.317
155.400	+4.010e+03	+1.668e+03	+5.950e+03	+0.294
155.600	+3.189e+03	+5.384e+02	+7.672e+03	+0.144
155.800	+5.775e+03	+1.771e+03	+6.361e+03	+0.235
156.000	+6.630e+03	+7.543e+02	+4.899e+03	+0.102
156.200	+5.692e+03	+1.834e+03	+6.039e+03	+0.244
156.400	+6.946e+03	+2.217e+03	+7.846e+03	+0.242
156.600	+5.772e+03	+1.909e+03	+8.094e+03	+0.249
156.800	+5.246e+03	+2.723e+03	+7.995e+03	+0.342
157.000	+4.848e+03	+2.015e+03	+6.383e+03	+0.294
157.200	+6.595e+03	+9.197e+02	+8.614e+03	+0.122
157.400	+6.414e+03	+2.290e+03	+6.865e+03	+0.263
157.600	+5.123e+03	+1.749e+03	+5.700e+03	+0.254
157.800	+3.753e+03	+1.092e+03	+6.613e+03	+0.225
158.000	+5.659e+03	+2.053e+03	+8.006e+03	+0.266
158.200	+4.570e+03	+2.317e+03	+7.887e+03	+0.336
158.400	+6.113e+03	+1.556e+03	+9.720e+03	+0.203
158.600	+3.738e+03	+6.010e+02	+6.162e+03	+0.138
158.800	+3.707e+03	+1.167e+03	+7.413e+03	+0.239
159.000	+6.228e+03	+1.291e+03	+9.073e+03	+0.172
159.200	+6.409e+03	+2.376e+03	+8.966e+03	+0.271
159.400	+4.824e+03	+1.741e+03	+7.821e+03	+0.265
159.600	+6.679e+03	+2.848e+03	+6.832e+03	+0.299
159.800	+5.253e+03	+3.004e+03	+5.875e+03	+0.364
160.000	+6.460e+03	+1.948e+03	+7.500e+03	+0.232
160.200	+5.865e+03	+1.236e+03	+7.226e+03	+0.174
160.400	+6.115e+03	+2.015e+03	+6.117e+03	+0.248
160.600	+5.209e+03	+1.058e+03	+7.967e+03	+0.169
160.800	+6.225e+03	+1.635e+03	+5.105e+03	+0.208
161.000	+5.881e+03	+1.358e+03	+6.476e+03	+0.188
161.200	+5.742e+03	+1.025e+03	+9.379e+03	+0.151
161.400	+5.088e+03	+1.420e+03	+5.557e+03	+0.218
161.600	+6.428e+03	+3.623e+03	+6.955e+03	+0.360
161.800	+4.094e+03	+4.530e+02	+6.459e+03	+0.100
162.000	+5.011e+03	+2.180e+03	+8.382e+03	+0.303
162.200	+5.913e+03	+2.960e+03	+6.773e+03	+0.334
162.400	+5.710e+03	+2.254e+03	+7.404e+03	+0.283
162.600	+6.265e+03	+1.621e+03	+7.098e+03	+0.206
162.800	+5.146e+03	+8.278e+02	+8.283e+03	+0.139
163.000	+7.001e+03	+2.650e+03	+6.391e+03	+0.275
163.200	+7.425e+03	+1.778e+03	+6.291e+03	+0.193
163.400	+5.391e+03	+2.220e+03	+5.467e+03	+0.292
163.600	+6.517e+03	+1.869e+03	+9.006e+03	+0.223
163.800	+5.026e+03	+2.121e+03	+7.193e+03	+0.297
164.000	+5.400e+03	+1.929e+03	+5.187e+03	+0.263
164.200	+4.331e+03	+1.983e+03	+7.344e+03	+0.314
164.400	+4.791e+03	+2.009e+03	+6.410e+03	+0.295
164.600	+3.863e+03	+2.482e+03	+8.390e+03	+0.391
164.800	+5.565e+03	+2.148e+03	+7.278e+03	+0.278
165.000	+4.272e+03	+1.403e+03	+5.823e+03	+0.247
165.200	+5.869e+03	+1.402e+03	+7.404e+03	+0.193
165.400	+5.345e+03	+1.900e+03	+7.646e+03	+0.262
165.600	+4.812e+03	+2.208e+03	+7.189e+03	+0.314
