%t (s)	Idd (a.u.)	Ida (a.u.)	Iaa (a.u.)	FRET E
0.000	+5.499e+03	+2.567e+03	+6.480e+03	+0.318
0.200	+7.888e+03	-1.717e+02	+8.386e+03	-0.022
0.400	+5.353e+03	+1.925e+03	+4.901e+03	+0.264
0.600	+5.412e+03	+1.475e+03	+6.716e+03	+0.214
0.800	+5.237e+03	+1.988e+03	+7.803e+03	+0.275
1.000	+6.612e+03	+1.568e+03	+8.856e+03	+0.192
1.200	+4.587e+03	+1.740e+03	+5.699e+03	+0.275
1.400	+6.300e+03	+1.993e+03	+9.560e+03	+0.240
1.600	+5.409e+03	+2.383e+03	+8.959e+03	+0.306
1.800	+4.976e+03	+1.094e+03	+8.577e+03	+0.180
2.000	+4.558e+03	+1.120e+03	+6.854e+03	+0.197
2.200	+4.835e+03	+2.576e+03	+7.525e+03	+0.348
2.400	+6.858e+03	+9.798e+02	+7.793e+03	+0.125
2.600	+6.160e+03	+8.806e+02	+6.279e+03	+0.125
2.800	+5.409e+03	+9.244e+02	+7.400e+03	+0.146
3.000	+5.026e+03	+1.949e+03	+5.145e+03	+0.279
3.200	+5.047e+03	+2.058e+03	+7.835e+03	+0.290
3.400	+5.847e+03	+1.853e+03	+5.525e+03	+0.241
3.600	+4.541e+03	+7.880e+02	+5.699e+03	+0.148
3.800	+5.701e+03	+6.760e+02	+7.122e+03	+0.106
4.000	+6.838e+03	+1.567e+03	+7.266e+03	+0.186
4.200	+4.858e+03	+3.081e+02	+7.632e+03	+0.060
4.400	+6.815e+03	+1.952e+03	+7.951e+03	+0.223
4.600	+4.348e+03	+1.912e+03	+9.032e+03	+0.305
4.800	+5.644e+03	+2.446e+03	+8.217e+03	+0.302
5.000	+5.927e+03	+1.460e+03	+7.650e+03	+0.198
5.200	+5.194e+03	+2.036e+03	+6.756e+03	+0.282
5.400	+4.696e+03	+1.474e+03	+6.589e+03	+0.239
5.600	+7.391e+03	+2.059e+03	+8.499e+03	+0.218
5.800	+4.340e+03	+2.267e+03	+9.952e+03	+0.343
6.000	+7.097e+03	+1.955e+03	+6.743e+03	+0.216
6.200	+5.548e+03	+2.069e+03	+8.038e+03	+0.272
6.400	+5.746e+03	+2.294e+03	+8.258e+03	+0.285
6.600	+5.501e+03	+1.688e+03	+5.393e+03	+0.235
6.800	+6.020e+03	+2.593e+03	+3.958e+03	+0.301
7.000	+6.230e+03	+2.438e+03	+6.817e+03	+0.281
7.200	+4.799e+03	+1.686e+03	+5.291e+03	+0.260
7.400	+6.755e+03	+1.346e+03	+6.387e+03	+0.166
7.600	+6.379e+03	+2.283e+03	+7.374e+03	+0.264
7.800	+5.482e+03	+1.111e+03	+8.856e+03	+0.169
8.000	+4.785e+03	+2.282e+03	+6.731e+03	+0.323
8.200	+5.458e+03	+1.784e+03	+8.453e+03	+0.246
8.400	+4.519e+03	+1.234e+03	+6.538e+03	+0.215
8.600	+5.614e+03	+1.506e+03	+6.367e+03	+0.212
8.800	+4.602e+03	+1.202e+03	+7.252e+03	+0.207
9.000	+4.054e+03	+1.150e+03	+7.335e+03	+0.221
9.200	+6.406e+03	+1.966e+03	+8.364e+03	+0.235
9.400	+4.656e+03	+1.782e+03	+6.784e+03	+0.277
9.600	+5.264e+03	+8.105e+02	+8.163e+03	+0.133
9.800	+5.005e+03	+1.176e+03	+7.830e+03	+0.190
10.000	+4.557e+03	+1.005e+03	+6.172e+03	+0.181
10.200	+5.481e+03	+1.041e+03	+8.818e+03	+0.160
10.400	+4.631e+03	+2.622e+03	+6.253e+03	+0.361
10.600	+7.565e+03	+1.810e+03	+5.182e+03	+0.193
10.800	+4.847e+03	+1.540e+02	+5.897e+03	+0.031
11.000	+6.666e+03	+1.786e+03	+6.361e+03	+0.211
11.200	+5.177e+03	+1.835e+03	+7.258e+03	+0.262
11.400	+6.262e+03	+1.198e+03	+8.387e+03	+0.161
11.600	+5.588e+03	+1.443e+03	+6.765e+03	+0.205
11.800	+6.192e+03	+2.622e+03	+7.159e+03	+0.297
12.000	+5.130e+03	+1.180e+03	+9.793e+03	+0.187
12.200	+5.840e+03	+1.815e+03	+6.685e+03	+0.237
12.400	+5.965e+03	+1.907e+03	+7.436e+03	+0.242
12.600	+6.436e+03	+2.090e+03	+7.784e+03	+0.245
12.800	+5.834e+03	+6.854e+02	+7.678e+03	+0.105
13.000	+6.653e+03	+6.148e+02	+7.200e+03	+0.085
13.200	+6.381e+03	+1.539e+03	+9.060e+03	+0.194
13.400	+5.660e+03	+6.021e+02	+7.128e+03	+0.096
13.600	+4.873e+03	+1.767e+03	+9.321e+03	+0.266
13.800	+6.638e+03	+2.767e+03	+8.532e+03	+0.294
14.000	+6.202e+03	+2.191e+03	+7.892e+03	+0.261
14.200	+6.314e+03	+1.616e+03	+6.899e+03	+0.204
14.400	+6.845e+03	+1.423e+03	+5.855e+03	+0.172
14.600	+6.004e+03	+2.467e+03	+6.135e+03	+0.291
14.800	+5.077e+03	+2.909e+03	+8.596e+03	+0.364
15.000	+1.838e+03	+4.951e+03	+7.038e+03	+0.729
15.200	+2.042e+03	+4.172e+03	+5.826e+03	+0.671
15.400	+2.984e+03	+3.768e+03	+1.021e+04	+0.558
15.600	+2.432e+03	+4.985e+03	+6.749e+03	+0.672
15.800	+2.812e+03	+5.679e+03	+8.428e+03	+0.669
16.000	+3.191e+03	+4.832e+03	+5.462e+03	+0.602
16.200	+2.463e+03	+4.197e+03	+7.746e+03	+0.630
16.400	+1.892e+03	+5.120e+03	+6.706e+03	+0.730
16.600	+2.778e+03	+4.982e+03	+7.037e+03	+0.642
16.800	+7.920e+02	+5.892e+03	+7.898e+03	+0.882
17.000	+1.557e+03	+5.150e+03	+7.668e+03	+0.768
17.200	+2.262e+03	+5.184e+03	+6.271e+03	+0.696
17.400	+1.125e+03	+5.188e+03	+8.365e+03	+0.822
17.600	+2.102e+03	+5.524e+03	+7.271e+03	+0.724
17.800	+2.313e+03	+6.003e+03	+7.000e+03	+0.722
18.000	+1.557e+03	+4.366e+03	+7.927e+03	+0.737
18.200	+2.615e+03	+5.826e+03	+6.382e+03	+0.690
18.400	+3.361e+03	+2.163e+03	+5.461e+03	+0.392
18.600	+4.912e+03	+2.035e+03	+7.665e+03	+0.293
18.800	+6.257e+03	+1.897e+03	+7.876e+03	+0.233
19.000	+5.522e+03	+2.333e+03	+8.309e+03	+0.297
19.200	+6.166e+03	+1.766e+03	+7.515e+03	+0.223
19.400	+4.896e+03	+2.407e+03	+7.574e+03	+0.330
19.600	+5.643e+03	+1.565e+03	+7.356e+03	+0.217
19.800	+5.991e+03	+1.694e+03	+7.931e+03	+0.220
20.000	+4.899e+03	+1.926e+03	+7.232e+03	+0.282
20.200	+6.377e+03	+1.756e+03	+8.172e+03	+0.216
20.400	+3.903e+03	+1.351e+03	+6.542e+03	+0.257
20.600	+5.556e+03	+1.204e+03	+6.476e+03	+0.178
20.800	+6.745e+03	+1.996e+03	+7.323e+03	+0.228
21.000	+6.428e+03	+2.679e+03	+8.270e+03	+0.294
21.200	+4.565e+03	+1.475e+03	+6.872e+03	+0.244
21.400	+4.570e+03	+1.409e+03	+6.896e+03	+0.236
21.600	+3.647e+03	+1.224e+03	+7.794e+03	+0.251
21.800	+4.329e+03	+2.075e+03	+6.424e+03	+0.324
22.000	+7.256e+03	+2.828e+03	+7.309e+03	+0.280
22.200	+6.251e+03	+1.359e+03	+5.647e+03	+0.179
22.400	+5.937e+03	+1.622e+03	+5.604e+03	+0.215
22.600	+6.342e+03	+1.869e+03	+7.800e+03	+0.228
22.800	+6.344e+03	+1.299e+03	+7.180e+03	+0.170
23.000	+4.456e+03	+1.555e+03	+6.974e+03	+0.259
23.200	+5.050e+03	+1.491e+03	+7.707e+03	+0.228
23.400	+5.352e+03	+8.867e+02	+7.710e+03	+0.142
23.600	+3.176e+03	+1.342e+03	+8.181e+03	+0.297
23.800	+4.592e+03	+3.031e+03	+5.987e+03	+0.398
24.000	+6.692e+03	+1.616e+03	+5.002e+03	+0.194
24.200	+6.834e+03	+6.639e+02	+6.194e+03	+0.089
24.400	+5.019e+03	+2.035e+03	+6.801e+03	+0.289
24.600	+5.301e+03	+2.854e+03	+8.267e+03	+0.350
24.800	+5.914e+03	+2.553e+03	+8.163e+03	+0.302
25.000	+4.988e+03	+1.203e+03	+6.132e+03	+0.194
25.200	+5.564e+03	+2.556e+03	+6.777e+03	+0.315
25.400	+4.668e+03	+2.693e+03	+6.784e+03	+0.366
25.600	+5.710e+03	+1.675e+03	+8.537e+03	+0.227
25.800	+6.686e+03	+2.182e+03	+7.383e+03	+0.246
26.000	+6.311e+03	+2.321e+03	+5.325e+03	+0.269
26.200	+6.434e+03	+8.998e+02	+6.982e+03	+0.123
26.400	+5.794e+03	+2.353e+03	+7.066e+03	+0.289
26.600	+3.971e+03	+1.503e+03	+7.942e+03	+0.275
26.800	+5.877e+03	+1.715e+03	+6.487e+03	+0.226
27.000	+5.627e+03	+2.100e+03	+7.253e+03	+0.272
27.200	+5.039e+03	+1.897e+03	+5.510e+03	+0.274
27.400	+6.406e+03	+2.424e+03	+7.229e+03	+0.274
27.600	+8.101e+03	+2.078e+03	+7.291e+03	+0.204
27.800	+5.877e+03	+8.286e+02	+7.745e+03	+0.124
28.000	+4.992e+03	+1.949e+03	+7.975e+03	+0.281
28.200	+5.012e+03	+1.190e+03	+6.520e+03	+0.192
28.400	+4.679e+03	+2.348e+03	+9.720e+03	+0.334
28.600	+3.902e+03	+1.807e+03	+6.804e+03	+0.317
28.800	+5.860e+03	+2.441e+03	+8.540e+03	+0.294
29.000	+5.688e+03	+8.293e+02	+6.586e+03	+0.127
29.200	+7.311e+03	+2.181e+03	+7.399e+03	+0.230
29.400	+5.747e+03	+1.080e+03	+7.236e+03	+0.158
29.600	+4.428e+03	+2.656e+03	+7.738e+03	+0.375
29.800	+5.359e+03	+1.162e+03	+7.085e+03	+0.178
30.000	+7.175e+03	+7.063e+02	+7.956e+03	+0.090
30.200	+6.357e+03	+1.582e+03	+7.420e+03	+0.199
30.400	+7.094e+03	+2.028e+03	+8.217e+03	+0.222
30.600	+5.319e+03	+2.010e+03	+6.196e+03	+0.274
30.800	+7.034e+03	+2.405e+03	+4.465e+03	+0.255
31.000	+4.677e+03	+2.151e+03	+8.607e+03	+0.315
31.200	+5.916e+03	+1.324e+03	+8.458e+03	+0.183
31.400	+6.055e+03	+1.898e+03	+7.321e+03	+0.239
31.600	+6.744e+03	+1.721e+03	+8.716e+03	+0.203
31.800	+5.968e+03	+7.329e+02	+6.874e+03	+0.109
32.000	+7.841e+03	+1.432e+03	+5.058e+03	+0.154
32.200	+4.989e+03	+1.764e+03	+8.520e+03	+0.261
32.400	+5.041e+03	+3.191e+02	+4.627e+03	+0.060
32.600	+5.331e+03	+1.756e+03	+6.206e+03	+0.248
32.800	+5.042e+03	+1.393e+03	+7.836e+03	+0.216
33.000	+6.093e+03	+1.614e+03	+6.076e+03	+0.209
33.200	+5.977e+03	+1.209e+03	+6.956e+03	+0.168
33.400	+5.915e+03	+2.634e+03	+7.560e+03	+0.308
33.600	+6.977e+03	+2.014e+03	+7.234e+03	+0.224
33.800	+6.011e+03	+8.852e+02	+7.828e+03	+0.128
34.000	+4.751e+03	+2.151e+03	+8.074e+03	+0.312
34.200	+5.876e+03	+1.689e+03	+8.007e+03	+0.223
34.400	+4.065e+03	+1.158e+03	+7.611e+03	+0.222
34.600	+3.633e+03	+1.436e+03	+7.583e+03	+0.283
34.800	+5.303e+03	+1.373e+03	+8.850e+03	+0.206
35.000	+5.928e+03	+1.689e+03	+5.901e+03	+0.222
35.200	+4.640e+03	+1.126e+03	+7.227e+03	+0.195
35.400	+5.072e+03	+1.562e+03	+7.762e+03	+0.235
35.600	+4.673e+03	+9.715e+02	+6.925e+03	+0.172
35.800	+6.676e+03	+4.212e+02	+9.426e+03	+0.059
36.000	+7.240e+03	+1.726e+03	+5.891e+03	+0.193
36.200	+6.096e+03	+2.007e+03	+5.127e+03	+0.248
36.400	+6.450e+03	+2.682e+03	+7.179e+03	+0.294
36.600	+6.220e+03	+2.320e+03	+7.220e+03	+0.272
36.800	+5.054e+03	+1.480e+03	+8.422e+03	+0.227
37.000	+6.096e+03	+1.873e+03	+8.962e+03	+0.235
37.200	+5.393e+03	+1.433e+03	+7.658e+03	+0.210
37.400	+2.945e+03	+4.971e+03	+6.286e+03	+0.628
37.600	+6.450e+02	+5.983e+03	+8.632e+03	+0.903
37.800	+2.389e+03	+3.371e+03	+6.623e+03	+0.585
38.000	+1.328e+03	+4.918e+03	+8.553e+03	+0.787
38.200	+2.105e+03	+4.263e+03	+7.868e+03	+0.669
38.400	+2.536e+03	+4.509e+03	+7.022e+03	+0.640
38.600	+2.707e+03	+4.758e+03	+5.784e+03	+0.637
38.800	+3.184e+03	+4.320e+03	+6.069e+03	+0.576
39.000	+8.712e+02	+4.336e+03	+6.148e+03	+0.833
39.200	+2.039e+03	+5.197e+03	+8.147e+03	+0.718
39.400	+1.561e+03	+5.372e+03	+7.437e+03	+0.775
39.600	+3.074e+03	+4.367e+03	+4.498e+03	+0.587
39.800	+4.824e+03	+1.852e+03	+7.470e+03	+0.277
40.000	+5.870e+03	+2.519e+03	+7.314e+03	+0.300
40.200	+5.956e+03	+2.591e+03	+6.299e+03	+0.303
40.400	+5.464e+03	+2.385e+03	+9.455e+03	+0.304
40.600	+6.248e+03	+1.817e+03	+7.026e+03	+0.225
40.800	+7.552e+03	+1.237e+03	+8.632e+03	+0.141
41.000	+6.050e+03	+2.727e+03	+9.146e+03	+0.311
41.200	+6.560e+03	+1.818e+03	+6.180e+03	+0.217
41.400	+5.679e+03	+1.143e+03	+8.395e+03	+0.168
41.600	+5.990e+03	+1.150e+03	+6.280e+03	+0.161
41.800	+6.551e+03	+1.156e+03	+7.212e+03	+0.150
42.000	+5.315e+03	+2.132e+03	+5.731e+03	+0.286
42.200	+3.633e+03	+3.779e+03	+7.062e+03	+0.510
42.400	+2.250e+03	+5.838e+03	+7.091e+03	+0.722
42.600	+2.752e+03	+5.048e+03	+7.290e+03	+0.647
42.800	+1.754e+03	+6.571e+03	+6.496e+03	+0.789
43.000	+2.720e+03	+3.468e+03	+9.738e+03	+0.560
43.200	+2.270e+03	+4.990e+03	+8.051e+03	+0.687
43.400	+5.582e+03	+2.242e+03	+7.358e+03	+0.287
43.600	+6.576e+03	+3.108e+03	+7.458e+03	+0.321
43.800	+7.576e+03	+8.378e+02	+8.035e+03	+0.100
44.000	+6.806e+03	+2.075e+03	+9.097e+03	+0.234
44.200	+5.941e+03	+3.450e+02	+7.336e+03	+0.055
44.400	+4.958e+03	+1.973e+03	+5.879e+03	+0.285
44.600	+4.153e+03	+1.280e+03	+6.713e+03	+0.236
44.800	+7.003e+03	+1.212e+03	+4.929e+03	+0.148
45.000	+5.798e+03	+1.354e+03	+7.479e+03	+0.189
45.200	+3.124e+03	+1.056e+03	+6.756e+03	+0.253
45.400	+5.539e+03	+1.330e+03	+8.619e+03	+0.194
45.600	+5.060e+03	+2.013e+03	+7.139e+03	+0.285
45.800	+6.004e+03	+8.862e+02	+7.903e+03	+0.129
46.000	+4.973e+03	+1.925e+03	+8.272e+03	+0.279
46.200	+5.460e+03	+9.532e+02	+7.420e+03	+0.149
46.400	+6.855e+03	+1.486e+03	+6.348e+03	+0.178
46.600	+5.811e+03	+3.469e+03	+6.445e+03	+0.374
46.800	+6.066e+03	+1.075e+03	+7.700e+03	+0.151
47.000	+4.475e+03	+1.918e+03	+5.163e+03	+0.300
47.200	+3.437e+03	+2.786e+03	+7.254e+03	+0.448
47.400	+6.454e+03	+1.701e+03	+6.591e+03	+0.209
47.600	+6.317e+03	+1.689e+03	+6.295e+03	+0.211
47.800	+4.900e+03	+1.899e+03	+5.488e+03	+0.279
48.000	+4.929e+03	+1.911e+03	+9.037e+03	+0.279
48.200	+5.083e+03	+1.766e+03	+7.956e+03	+0.258
48.400	+5.442e+03	+2.726e+03	+8.888e+03	+0.334
48.600	+4.454e+03	+2.129e+03	+8.973e+03	+0.323
48.800	+6.683e+03	+1.920e+03	+8.455e+03	+0.223
49.000	+5.685e+03	+1.046e+03	+9.038e+03	+0.155
49.200	+5.690e+03	+1.137e+03	+7.010e+03	+0.167
49.400	+5.963e+03	+1.647e+03	+6.247e+03	+0.216
49.600	+4.978e+03	+2.016e+03	+5.224e+03	+0.288
49.800	+4.880e+03	+2.296e+03	+6.566e+03	+0.320
50.000	+6.674e+03	+1.701e+03	+6.253e+03	+0.203
50.200	+5.540e+03	+1.505e+03	+6.955e+03	+0.214
50.400	+5.619e+03	+3.451e+02	+7.278e+03	+0.058
50.600	+5.316e+03	+1.056e+03	+7.424e+03	+0.166
50.800	+5.691e+03	+1.378e+03	+6.948e+03	+0.195
51.000	+6.475e+03	+1.064e+03	+6.910e+03	+0.141
51.200	+5.721e+03	+2.585e+03	+7.478e+03	+0.311
51.400	+7.337e+03	+2.040e+03	+8.760e+03	+0.218
51.600	+2.734e+03	+3.368e+03	+7.492e+03	+0.552
51.800	+2.698e+03	+5.936e+03	+6.523e+03	+0.687
52.000	+7.631e+02	+4.348e+03	+5.827e+03	+0.851
52.200	+3.122e+03	+6.045e+03	+5.769e+03	+0.659
52.400	+1.936e+03	+4.709e+03	+7.045e+03	+0.709
52.600	+2.554e+03	+3.797e+03	+5.824e+03	+0.598
52.800	+1.473e+03	+5.954e+03	+8.193e+03	+0.802
53.000	+1.352e+03	+5.881e+03	+8.386e+03	+0.813
53.200	+1.129e+03	+5.388e+03	+5.535e+03	+0.827
53.400	+1.703e+03	+5.183e+03	+8.532e+03	+0.753
53.600	+1.287e+03	+3.716e+03	+7.374e+03	+0.743
53.800	+1.771e+03	+5.350e+03	+8.608e+03	+0.751
54.000	+2.061e+03	+5.404e+03	+7.933e+03	+0.724
54.200	+2.348e+03	+5.002e+03	+8.163e+03	+0.681
54.400	+2.758e+03	+3.525e+03	+7.622e+03	+0.561
54.600	+1.127e+03	+5.200e+03	+9.113e+03	+0.822
54.800	+5.882e+02	+5.005e+03	+7.217e+03	+0.895
55.000	+2.872e+03	+5.148e+03	+9.604e+03	+0.642
55.200	+3.014e+03	+3.584e+03	+7.712e+03	+0.543
55.400	+6.702e+03	+1.024e+03	+5.592e+03	+0.133
55.600	+6.985e+03	+1.550e+03	+5.778e+03	+0.182
55.800	+5.452e+03	+2.165e+03	+6.280e+03	+0.284
56.000	+6.881e+03	+1.907e+03	+8.341e+03	+0.217
56.200	+5.350e+03	+2.419e+03	+9.612e+03	+0.311
56.400	+4.680e+03	+2.737e+03	+8.406e+03	+0.369
56.600	+6.755e+03	+2.104e+03	+6.712e+03	+0.238
56.800	+6.437e+03	+1.862e+03	+8.773e+03	+0.224
57.000	+5.752e+03	+1.969e+03	+8.176e+03	+0.255
57.200	+4.197e+03	+1.643e+03	+7.215e+03	+0.281
57.400	+5.974e+03	+1.725e+03	+7.848e+03	+0.224
57.600	+5.408e+03	+1.843e+03	+7.554e+03	+0.254
57.800	+4.812e+03	+2.724e+03	+6.396e+03	+0.361
58.000	+4.023e+03	+1.670e+03	+6.418e+03	+0.293
58.200	+4.277e+03	+1.754e+03	+7.703e+03	+0.291
58.400	+4.755e+03	+1.711e+03	+8.840e+03	+0.265
58.600	+5.548e+03	+9.778e+02	+6.043e+03	+0.150
58.800	+5.232e+03	+6.843e+02	+6.167e+03	+0.116
59.000	+6.497e+03	+1.843e+03	+7.038e+03	+0.221
59.200	+5.228e+03	+1.871e+03	+5.825e+03	+0.264
59.400	+4.484e+03	+1.084e+03	+9.025e+03	+0.195
59.600	+5.415e+03	+2.256e+03	+6.528e+03	+0.294
59.800	+4.900e+03	+1.508e+03	+6.801e+03	+0.235
60.000	+6.043e+03	+1.837e+03	+8.972e+03	+0.233
60.200	+6.965e+03	+2.516e+03	+4.897e+03	+0.265
60.400	+5.443e+03	+2.207e+03	+7.803e+03	+0.288
60.600	+5.543e+03	+8.870e+02	+8.584e+03	+0.138
60.800	+5.833e+03	+1.610e+03	+7.312e+03	+0.216
61.000	+5.821e+03	+2.583e+03	+6.800e+03	+0.307
61.200	+2.530e+03	+4.593e+03	+5.885e+03	+0.645
61.400	+4.584e+02	+6.517e+03	+7.946e+03	+0.934
61.600	+2.160e+03	+5.128e+03	+1.011e+04	+0.704
61.800	+1.665e+03	+3.755e+03	+7.543e+03	+0.693
62.000	+2.318e+03	+5.865e+03	+5.280e+03	+0.717
62.200	+1.692e+03	+3.806e+03	+9.468e+03	+0.692
62.400	+3.037e+03	+5.589e+03	+7.316e+03	+0.648
62.600	+1.907e+03	+5.534e+03	+6.875e+03	+0.744
62.800	+1.168e+03	+4.314e+03	+6.050e+03	+0.787
63.000	+1.915e+03	+6.296e+03	+7.047e+03	+0.767
63.200	+2.948e+03	+6.213e+03	+8.961e+03	+0.678
63.400	+1.596e+03	+4.655e+03	+9.439e+03	+0.745
63.600	+3.519e+03	+3.547e+03	+7.153e+03	+0.502
63.800	+5.225e+03	+1.732e+03	+5.449e+03	+0.249
64.000	+4.450e+03	+1.720e+03	+7.761e+03	+0.279
64.200	+6.581e+03	+2.259e+03	+9.054e+03	+0.256
64.400	+6.261e+03	+1.982e+03	+7.778e+03	+0.240
64.600	+5.475e+03	+1.423e+03	+7.545e+03	+0.206
64.800	+6.754e+03	+1.279e+03	+4.246e+03	+0.159
65.000	+6.275e+03	+1.933e+03	+8.844e+03	+0.235
65.200	+5.742e+03	+2.920e+03	+8.867e+03	+0.337
65.400	+5.686e+03	+2.492e+03	+6.583e+03	+0.305
65.600	+5.473e+03	+1.679e+03	+6.603e+03	+0.235
65.800	+5.581e+03	+1.814e+03	+6.621e+03	+0.245
66.000	+3.743e+03	+2.166e+03	+8.577e+03	+0.367
66.200	+5.971e+03	+7.374e+02	+6.057e+03	+0.110
66.400	+5.936e+03	+1.434e+03	+7.410e+03	+0.195
66.600	+5.200e+03	+2.163e+03	+7.604e+03	+0.294
66.800	+5.476e+03	+1.936e+03	+6.219e+03	+0.261
67.000	+5.416e+03	+1.237e+03	+6.768e+03	+0.186
67.200	+5.784e+03	+1.815e+03	+7.533e+03	+0.239
67.400	+5.446e+03	+1.658e+03	+6.225e+03	+0.233
67.600	+6.060e+03	+1.551e+03	+7.499e+03	+0.204
67.800	+4.184e+03	+3.855e+03	+7.121e+03	+0.479
68.000	+2.284e+03	+5.264e+03	+7.331e+03	+0.697
68.200	+1.223e+03	+5.359e+03	+7.794e+03	+0.814
68.400	+2.660e+03	+4.522e+03	+7.433e+03	+0.630
68.600	+1.050e+03	+5.824e+03	+6.598e+03	+0.847
68.800	+2.250e+03	+3.735e+03	+7.064e+03	+0.624
69.000	+2.191e+03	+3.900e+03	+4.529e+03	+0.640
69.200	+8.990e+02	+4.759e+03	+7.769e+03	+0.841
69.400	+3.353e+03	+6.313e+03	+6.177e+03	+0.653
69.600	+3.048e+03	+3.817e+03	+6.485e+03	+0.556
69.800	+5.489e+03	+2.646e+03	+7.473e+03	+0.325
70.000	+5.068e+03	+2.379e+03	+6.124e+03	+0.319
70.200	+4.259e+03	+9.160e+02	+6.513e+03	+0.177
70.400	+4.470e+03	+2.034e+03	+6.569e+03	+0.313
70.600	+6.722e+03	+2.117e+03	+7.200e+03	+0.239
70.800	+7.389e+03	+1.836e+03	+6.827e+03	+0.199
71.000	+5.288e+03	+2.195e+03	+7.087e+03	+0.293
71.200	+4.759e+03	+4.087e+02	+5.340e+03	+0.079
71.400	+5.744e+03	+2.720e+03	+7.006e+03	+0.321
71.600	+6.533e+03	+1.450e+03	+5.730e+03	+0.182
71.800	+7.168e+03	+1.428e+03	+7.017e+03	+0.166
72.000	+5.265e+03	+1.592e+03	+7.135e+03	+0.232
72.200	+6.845e+03	+2.190e+03	+7.141e+03	+0.242
72.400	+4.790e+03	+1.959e+03	+6.319e+03	+0.290
72.600	+5.322e+03	+1.650e+03	+8.621e+03	+0.237
72.800	+6.306e+03	+1.543e+03	+8.189e+03	+0.197
73.000	+6.137e+03	+2.181e+03	+6.502e+03	+0.262
73.200	+5.974e+03	+2.820e+03	+6.780e+03	+0.321
73.400	+4.304e+03	+3.409e+03	+7.864e+03	+0.442
73.600	+9.898e+02	+5.395e+03	+4.153e+03	+0.845
73.800	+3.187e+03	+5.476e+03	+7.473e+03	+0.632
74.000	+3.503e+03	+5.078e+03	+6.677e+03	+0.592
74.200	+2.343e+03	+5.770e+03	+9.425e+03	+0.711
74.400	+2.651e+03	+5.353e+03	+6.219e+03	+0.669
74.600	+2.685e+03	+5.348e+03	+5.881e+03	+0.666
74.800	+1.892e+03	+5.816e+03	+7.109e+03	+0.754
75.000	+1.339e+03	+4.974e+03	+8.716e+03	+0.788
75.200	+1.165e+03	+5.500e+03	+8.548e+03	+0.825
75.400	+8.654e+02	+4.400e+03	+6.718e+03	+0.836
75.600	+2.648e+03	+5.337e+03	+6.913e+03	+0.668
75.800	+1.731e+03	+3.473e+03	+8.844e+03	+0.667
76.000	+1.752e+03	+4.762e+03	+5.737e+03	+0.731
76.200	+2.277e+03	+5.656e+03	+6.763e+03	+0.713
76.400	+2.881e+03	+5.641e+03	+8.917e+03	+0.662
76.600	+1.844e+03	+5.480e+03	+8.553e+03	+0.748
76.800	+2.257e+03	+5.047e+03	+7.536e+03	+0.691
77.000	+2.018e+03	+5.167e+03	+8.281e+03	+0.719
77.200	+2.229e+03	+4.524e+03	+5.419e+03	+0.670
77.400	+9.808e+02	+5.485e+03	+8.158e+03	+0.848
77.600	+1.068e+03	+4.925e+03	+6.632e+03	+0.822
77.800	+2.509e+03	+4.768e+03	+7.085e+03	+0.655
78.000	+2.205e+03	+4.059e+03	+7.788e+03	+0.648
78.200	+2.537e+03	+5.340e+03	+7.111e+03	+0.678
78.400	+2.072e+03	+6.475e+03	+5.755e+03	+0.758
78.600	+2.711e+03	+5.381e+03	+7.285e+03	+0.665
78.800	+7.285e+02	+5.927e+03	+9.211e+03	+0.891
79.000	+1.419e+03	+5.637e+03	+8.486e+03	+0.799
79.200	+1.869e+03	+5.338e+03	+6.560e+03	+0.741
79.400	+1.519e+03	+6.468e+03	+7.426e+03	+0.810
79.600	+2.727e+03	+4.556e+03	+7.916e+03	+0.626
79.800	+1.692e+03	+5.825e+03	+9.451e+03	+0.775
80.000	+1.980e+03	+6.472e+03	+3.905e+03	+0.766
80.200	+3.166e+03	+4.321e+03	+7.266e+03	+0.577
80.400	+1.657e+03	+4.706e+03	+7.279e+03	+0.740
80.600	+2.472e+03	+4.864e+03	+7.134e+03	+0.663
80.800	+1.506e+03	+4.435e+03	+7.711e+03	+0.747
81.000	+2.064e+03	+4.565e+03	+7.101e+03	+0.689
81.200	+1.305e+03	+5.054e+03	+6.569e+03	+0.795
81.400	+3.407e+03	+5.018e+03	+7.501e+03	+0.596
81.600	+1.730e+03	+5.448e+03	+8.036e+03	+0.759
81.800	+2.144e+03	+5.339e+03	+8.001e+03	+0.714
82.000	+2.122e+03	+4.412e+03	+8.561e+03	+0.675
82.200	+1.717e+03	+4.813e+03	+7.563e+03	+0.737
82.400	+2.257e+03	+5.224e+03	+8.665e+03	+0.698
82.600	+2.891e+03	+3.548e+03	+7.976e+03	+0.551
82.800	+5.169e+03	+1.193e+03	+9.065e+03	+0.188
83.000	+4.970e+03	+2.128e+03	+7.026e+03	+0.300
83.200	+5.266e+03	+1.555e+03	+8.225e+03	+0.228
83.400	+6.946e+03	+7.220e+02	+7.807e+03	+0.094
83.600	+2.315e+03	+5.800e+03	+7.080e+03	+0.715
83.800	+1.633e+03	+4.589e+03	+6.934e+03	+0.738
84.000	+1.631e+03	+5.141e+03	+6.391e+03	+0.759
84.200	+2.011e+03	+4.446e+03	+4.689e+03	+0.689
84.400	+2.210e+03	+5.888e+03	+5.966e+03	+0.727
84.600	+1.629e+03	+6.116e+03	+6.407e+03	+0.790
84.800	+2.198e+03	+5.641e+03	+7.868e+03	+0.720
85.000	+2.013e+03	+5.231e+03	+6.688e+03	+0.722
85.200	+1.666e+03	+4.888e+03	+6.975e+03	+0.746
85.400	+1.850e+03	+6.169e+03	+6.518e+03	+0.769
85.600	+2.120e+03	+4.835e+03	+8.990e+03	+0.695
85.800	+2.906e+03	+5.791e+03	+7.847e+03	+0.666
86.000	+1.917e+03	+7.058e+03	+7.101e+03	+0.786
86.200	+3.629e+03	+6.353e+03	+8.823e+03	+0.636
86.400	+1.070e+03	+6.713e+03	+8.651e+03	+0.862
86.600	+3.575e+03	+5.561e+03	+7.495e+03	+0.609
86.800	+1.735e+03	+5.596e+03	+6.157e+03	+0.763
87.000	+1.657e+03	+5.865e+03	+6.116e+03	+0.780
87.200	+2.368e+03	+3.682e+03	+7.590e+03	+0.609
87.400	+1.356e+03	+6.037e+03	+8.728e+03	+0.817
87.600	+3.429e+03	+4.011e+03	+6.548e+03	+0.539
87.800	+2.860e+03	+5.766e+03	+7.114e+03	+0.668
88.000	+1.249e+03	+6.119e+03	+7.848e+03	+0.830
88.200	+1.764e+03	+6.088e+03	+7.907e+03	+0.775
88.400	+1.042e+03	+5.960e+03	+7.293e+03	+0.851
88.600	+2.589e+03	+4.008e+03	+6.941e+03	+0.608
88.800	+5.587e+03	+2.227e+03	+8.220e+03	+0.285
89.000	+6.044e+03	-2.025e+01	+6.207e+03	-0.003
89.200	+5.331e+03	+1.289e+03	+7.340e+03	+0.195
89.400	+6.177e+03	+1.703e+03	+1.013e+04	+0.216
89.600	+5.229e+03	+3.119e+03	+7.156e+03	+0.374
89.800	+4.961e+03	+5.605e+02	+7.878e+03	+0.102
90.000	+4.683e+03	+2.238e+03	+8.054e+03	+0.323
90.200	+5.177e+03	+2.528e+03	+6.178e+03	+0.328
90.400	+6.094e+03	+1.105e+03	+6.320e+03	+0.153
90.600	+7.258e+03	+1.805e+03	+6.334e+03	+0.199
90.800	+5.611e+03	+2.202e+03	+6.712e+03	+0.282
91.000	+4.111e+03	+1.352e+03	+8.105e+03	+0.247
91.200	+5.370e+03	+1.371e+03	+6.818e+03	+0.203
91.400	+5.893e+03	+3.276e+03	+6.922e+03	+0.357
91.600	+2.872e+03	+2.786e+03	+7.973e+03	+0.492
91.800	+2.062e+03	+6.271e+03	+7.080e+03	+0.753
92.000	+1.057e+03	+5.946e+03	+6.843e+03	+0.849
92.200	+1.573e+03	+4.201e+03	+5.069e+03	+0.728
92.400	+2.544e+03	+6.590e+03	+6.978e+03	+0.721
92.600	+1.395e+03	+4.275e+03	+5.740e+03	+0.754
92.800	+3.040e+03	+4.615e+03	+8.101e+03	+0.603
93.000	+2.731e+03	+8.087e+03	+7.998e+03	+0.748
93.200	+2.677e+03	+5.289e+03	+6.126e+03	+0.664
93.400	+4.547e+03	+1.301e+03	+9.002e+03	+0.223
93.600	+4.341e+03	+2.025e+03	+6.095e+03	+0.318
93.800	+4.445e+03	+1.975e+03	+8.991e+03	+0.308
94.000	+6.218e+03	+1.822e+03	+8.367e+03	+0.227
94.200	+5.922e+03	+2.389e+03	+7.022e+03	+0.287
94.400	+4.336e+03	+2.845e+03	+7.757e+03	+0.396
94.600	+5.153e+03	+2.185e+03	+7.343e+03	+0.298
94.800	+5.036e+03	+5.261e+02	+6.642e+03	+0.095
95.000	+4.600e+03	+1.473e+03	+8.051e+03	+0.242
95.200	+6.240e+03	+2.120e+03	+6.520e+03	+0.254
95.400	+4.301e+03	+1.814e+03	+5.580e+03	+0.297
95.600	+6.589e+03	+1.750e+03	+4.910e+03	+0.210
95.800	+5.460e+03	+8.469e+02	+1.072e+04	+0.134
96.000	+5.125e+03	+2.630e+03	+4.698e+03	+0.339
96.200	+5.119e+03	+1.760e+03	+6.670e+03	+0.256
96.400	+7.263e+03	+2.329e+03	+6.254e+03	+0.243
96.600	+5.145e+03	+1.841e+03	+7.311e+03	+0.264
96.800	+4.834e+03	+1.310e+03	+8.111e+03	+0.213
97.000	+6.865e+03	+1.174e+03	+6.332e+03	+0.146
97.200	+5.102e+03	+2.136e+03	+7.693e+03	+0.295
97.400	+6.204e+03	+1.588e+03	+7.069e+03	+0.204
97.600	+5.790e+03	+2.234e+03	+9.984e+03	+0.278
97.800	+5.262e+03	+2.514e+03	+5.608e+03	+0.323
98.000	+5.513e+03	+1.663e+03	+7.772e+03	+0.232
98.200	+4.914e+03	+2.348e+03	+1.001e+04	+0.323
98.400	+5.710e+03	+2.556e+03	+7.211e+03	+0.309
98.600	+5.439e+03	+1.066e+03	+8.013e+03	+0.164
98.800	+5.839e+03	+7.275e+02	+6.815e+03	+0.111
99.000	+5.453e+03	+2.198e+03	+6.079e+03	+0.287
99.200	+4.579e+03	+1.492e+03	+8.630e+03	+0.246
99.400	+4.976e+03	+1.281e+03	+7.995e+03	+0.205
99.600	+5.951e+03	+1.332e+03	+8.053e+03	+0.183
99.800	+4.844e+03	+1.793e+03	+7.904e+03	+0.270
100.000	+5.317e+03	+2.707e+03	+8.889e+03	+0.337
100.200	+6.812e+03	+2.621e+03	+7.583e+03	+0.278
100.400	+6.659e+03	+2.619e+03	+6.774e+03	+0.282
100.600	+5.382e+03	+1.299e+03	+5.173e+03	+0.194
100.800	+6.287e+03	+2.785e+03	+7.895e+03	+0.307
101.000	+7.568e+03	+1.477e+03	+7.222e+03	+0.163
101.200	+6.024e+03	+1.013e+03	+6.953e+03	+0.144
101.400	+5.503e+03	+1.879e+03	+6.627e+03	+0.255
101.600	+5.431e+03	+6.859e+02	+7.011e+03	+0.112
101.800	+3.036e+03	+4.094e+03	+7.251e+03	+0.574
102.000	+3.216e+02	+4.614e+03	+6.252e+03	+0.935
102.200	+2.888e+03	+4.874e+03	+7.258e+03	+0.628
102.400	+2.573e+03	+6.039e+03	+5.256e+03	+0.701
102.600	+1.910e+03	+6.809e+03	+7.140e+03	+0.781
102.800	+1.569e+03	+5.055e+03	+7.203e+03	+0.763
103.000	+1.616e+03	+5.580e+03	+8.044e+03	+0.775
103.200	+2.460e+03	+5.152e+03	+5.725e+03	+0.677
103.400	+1.263e+03	+4.385e+03	+8.654e+03	+0.776
103.600	+1.908e+03	+5.977e+03	+8.230e+03	+0.758
103.800	+1.301e+03	+4.211e+03	+7.404e+03	+0.764
104.000	+2.074e+03	+5.174e+03	+6.274e+03	+0.714
104.200	+2.484e+03	+5.352e+03	+9.450e+03	+0.683
104.400	+2.201e+03	+5.888e+03	+6.805e+03	+0.728
104.600	+1.763e+03	+5.982e+03	+7.879e+03	+0.772
104.800	+1.750e+03	+6.246e+03	+6.119e+03	+0.781
105.000	+1.507e+03	+6.358e+03	+7.311e+03	+0.808
105.200	+3.003e+03	+6.601e+03	+6.602e+03	+0.687
105.400	+1.066e+03	+5.293e+03	+6.573e+03	+0.832
105.600	+2.537e+03	+6.692e+03	+6.413e+03	+0.725
105.800	+3.778e+03	+2.864e+03	+7.079e+03	+0.431
106.000	+5.114e+03	+2.152e+03	+9.021e+03	+0.296
106.200	+5.892e+03	+2.295e+03	+7.007e+03	+0.280
106.400	+4.351e+03	+1.700e+03	+7.142e+03	+0.281
106.600	+4.530e+03	+1.198e+03	+8.428e+03	+0.209
106.800	+5.328e+03	+1.130e+03	+8.785e+03	+0.175
107.000	+5.507e+03	+2.483e+03	+6.665e+03	+0.311
107.200	+5.869e+03	+1.710e+03	+7.684e+03	+0.226
107.400	+4.765e+03	+1.577e+03	+6.705e+03	+0.249
107.600	+6.212e+03	+1.646e+03	+6.811e+03	+0.209
107.800	+5.924e+03	+2.176e+03	+6.941e+03	+0.269
108.000	+5.257e+03	+1.016e+03	+7.833e+03	+0.162
108.200	+4.130e+03	+1.476e+03	+8.657e+03	+0.263
108.400	+6.262e+03	+1.480e+03	+7.862e+03	+0.191
108.600	+5.362e+03	+1.601e+03	+7.255e+03	+0.230
108.800	+5.156e+03	+1.542e+03	+7.196e+03	+0.230
109.000	+6.816e+03	+1.484e+03	+9.133e+03	+0.179
109.200	+6.481e+03	+2.448e+03	+6.030e+03	+0.274
109.400	+5.200e+03	+1.492e+03	+6.544e+03	+0.223
109.600	+6.410e+03	+2.250e+03	+8.362e+03	+0.260
109.800	+6.074e+03	+1.934e+03	+8.141e+03	+0.242
110.000	+4.596e+03	+1.238e+03	+6.157e+03	+0.212
110.200	+5.693e+03	+2.359e+03	+7.228e+03	+0.293
110.400	+5.995e+03	+1.851e+03	+7.086e+03	+0.236
110.600	+6.991e+03	+2.206e+03	+7.053e+03	+0.240
110.800	+5.235e+03	+2.844e+03	+7.039e+03	+0.352
111.000	+4.638e+03	+2.347e+03	+7.719e+03	+0.336
111.200	+3.787e+03	+2.062e+03	+7.624e+03	+0.353
111.400	+5.291e+03	+1.850e+03	+8.651e+03	+0.259
111.600	+5.065e+03	+9.921e+02	+8.302e+03	+0.164
111.800	+5.189e+03	+2.897e+03	+8.644e+03	+0.358
112.000	+4.741e+03	+1.044e+03	+8.939e+03	+0.181
112.200	+5.059e+03	+8.445e+02	+8.318e+03	+0.143
112.400	+4.624e+03	+2.091e+03	+5.496e+03	+0.311
112.600	+5.631e+03	+8.372e+02	+8.110e+03	+0.129
112.800	+5.114e+03	+2.551e+03	+8.490e+03	+0.333
113.000	+5.859e+03	+1.276e+03	+8.015e+03	+0.179
113.200	+6.469e+03	+9.718e+02	+7.996e+03	+0.131
113.400	+5.564e+03	+2.298e+03	+7.028e+03	+0.292
113.600	+6.147e+03	+2.849e+03	+7.253e+03	+0.317
113.800	+6.253e+03	+2.481e+03	+9.289e+03	+0.284
114.000	+5.508e+03	+1.648e+03	+6.405e+03	+0.230
114.200	+3.649e+03	+1.623e+03	+6.853e+03	+0.308
114.400	+4.897e+03	+2.064e+03	+7.030e+03	+0.296
114.600	+4.730e+03	+1.850e+03	+6.197e+03	+0.281
114.800	+4.930e+03	+2.374e+03	+9.067e+03	+0.325
115.000	+4.255e+03	+2.072e+03	+7.356e+03	+0.328
115.200	+5.829e+03	+2.259e+03	+6.627e+03	+0.279
115.400	+4.245e+03	+1.974e+03	+6.247e+03	+0.317
115.600	+5.970e+03	+1.586e+03	+6.161e+03	+0.210
115.800	+6.094e+03	+1.974e+03	+7.616e+03	+0.245
116.000	+5.670e+03	+1.180e+03	+5.987e+03	+0.172
116.200	+6.116e+03	+3.387e+03	+7.041e+03	+0.356
116.400	+5.716e+03	+1.129e+03	+7.303e+03	+0.165
116.600	+4.102e+03	+2.658e+03	+7.860e+03	+0.393
116.800	+5.117e+03	+2.240e+03	+5.367e+03	+0.304
117.000	+5.636e+03	+6.417e+02	+6.344e+03	+0.102
117.200	+5.382e+03	+1.764e+03	+8.237e+03	+0.247
117.400	+6.236e+03	+2.212e+03	+6.096e+03	+0.262
117.600	+6.677e+03	+1.567e+03	+7.676e+03	+0.190
117.800	+4.563e+03	+1.807e+03	+8.034e+03	+0.284
118.000	+4.271e+03	+1.866e+03	+7.381e+03	+0.304
118.200	+4.411e+03	+6.469e+02	+7.051e+03	+0.128
118.400	+6.417e+03	+3.123e+03	+6.217e+03	+0.327
118.600	+6.961e+03	+1.636e+03	+6.889e+03	+0.190
118.800	+5.871e+03	+1.853e+03	+6.193e+03	+0.240
119.000	+7.215e+03	+2.020e+03	+8.044e+03	+0.219
119.200	+5.398e+03	+2.184e+03	+7.245e+03	+0.288
119.400	+1.757e+03	+5.262e+03	+7.904e+03	+0.750
119.600	+3.142e+03	+5.552e+03	+7.039e+03	+0.639
119.800	+2.126e+03	+4.687e+03	+8.119e+03	+0.688
120.000	+1.587e+03	+4.771e+03	+5.860e+03	+0.750
120.200	+9.751e+02	+6.223e+03	+6.468e+03	+0.865
120.400	+2.050e+03	+5.772e+03	+7.432e+03	+0.738
120.600	+9.982e+02	+5.987e+03	+6.118e+03	+0.857
120.800	+1.200e+03	+4.038e+03	+8.267e+03	+0.771
121.000	+1.810e+03	+5.728e+03	+7.551e+03	+0.760
121.200	+1.687e+03	+5.333e+03	+7.703e+03	+0.760
121.400	+2.122e+03	+4.248e+03	+7.661e+03	+0.667
121.600	+1.339e+03	+7.240e+03	+6.726e+03	+0.844
121.800	+1.756e+03	+6.492e+03	+9.044e+03	+0.787
122.000	+5.080e+02	+5.287e+03	+8.526e+03	+0.912
122.200	+2.225e+03	+3.979e+03	+6.169e+03	+0.641
122.400	+2.238e+03	+5.599e+03	+9.251e+03	+0.714
122.600	+1.231e+03	+6.076e+03	+8.200e+03	+0.832
122.800	+2.459e+03	+5.316e+03	+8.129e+03	+0.684
123.000	+6.419e+01	+5.237e+03	+7.873e+03	+0.988
123.200	+1.788e+03	+5.386e+03	+8.037e+03	+0.751
123.400	+1.639e+03	+5.953e+03	+8.569e+03	+0.784
123.600	+2.506e+03	+5.653e+03	+8.250e+03	+0.693
123.800	+1.812e+03	+4.776e+03	+5.943e+03	+0.725
124.000	+2.501e+03	+3.650e+03	+6.030e+03	+0.593
124.200	+2.786e+03	+5.616e+03	+6.587e+03	+0.668
124.400	+2.182e+03	+5.385e+03	+8.717e+03	+0.712
124.600	+2.413e+03	+5.444e+03	+8.229e+03	+0.693
124.800	+1.920e+03	+5.771e+03	+8.944e+03	+0.750
125.000	+2.959e+03	+4.812e+03	+7.081e+03	+0.619
125.200	+1.679e+03	+6.781e+03	+7.253e+03	+0.802
125.400	+1.583e+03	+5.747e+03	+8.780e+03	+0.784
125.600	+2.108e+03	+4.706e+03	+6.740e+03	+0.691
125.800	+6.857e+02	+5.969e+03	+6.317e+03	+0.897
126.000	+7.929e+02	+4.450e+03	+6.637e+03	+0.849
126.200	+1.186e+03	+4.383e+03	+7.343e+03	+0.787
126.400	+1.103e+03	+4.261e+03	+8.025e+03	+0.794
126.600	+2.854e+03	+5.166e+03	+7.045e+03	+0.644
126.800	+2.064e+03	+6.165e+03	+5.796e+03	+0.749
127.000	+1.884e+03	+5.209e+03	+8.694e+03	+0.734
127.200	+2.255e+03	+4.206e+03	+6.845e+03	+0.651
127.400	+2.890e+03	+4.742e+03	+8.309e+03	+0.621
127.600	+1.280e+03	+5.754e+03	+6.036e+03	+0.818
127.800	+1.473e+03	+4.983e+03	+8.313e+03	+0.772
128.000	-1.536e+02	+3.853e+03	+8.160e+03	+1.042
128.200	+2.005e+03	+4.537e+03	+5.494e+03	+0.694
128.400	+1.919e+03	+3.404e+03	+7.783e+03	+0.639
128.600	+2.765e+03	+5.275e+03	+4.493e+03	+0.656
128.800	+1.926e+03	+5.582e+03	+7.005e+03	+0.744
129.000	+3.432e+03	+5.423e+03	+5.860e+03	+0.612
129.200	+3.196e+03	+6.408e+03	+8.221e+03	+0.667
129.400	+2.086e+03	+4.656e+03	+9.021e+03	+0.691
129.600	+2.341e+03	+5.586e+03	+4.854e+03	+0.705
129.800	+1.733e+03	+4.908e+03	+7.332e+03	+0.739
130.000	+2.761e+03	+7.718e+03	+5.836e+03	+0.737
130.200	+1.321e+03	+5.323e+03	+8.809e+03	+0.801
130.400	+9.001e+02	+5.423e+03	+8.454e+03	+0.858
130.600	+2.009e+03	+6.278e+03	+6.392e+03	+0.758
130.800	+7.150e+02	+3.476e+03	+6.584e+03	+0.829
131.000	+3.036e+03	+3.080e+03	+7.806e+03	+0.504
131.200	+4.914e+03	+1.945e+03	+7.185e+03	+0.284
131.400	+3.124e+03	+9.607e+02	+7.415e+03	+0.235
131.600	+4.148e+03	+2.221e+03	+5.919e+03	+0.349
131.800	+5.150e+03	+2.925e+03	+6.648e+03	+0.362
132.000	+4.331e+03	+1.585e+03	+8.289e+03	+0.268
132.200	+5.428e+03	+2.459e+03	+7.087e+03	+0.312
132.400	+5.107e+03	+7.459e+02	+7.292e+03	+0.127
132.600	+6.161e+03	+8.851e+02	+8.047e+03	+0.126
132.800	+4.791e+03	+1.921e+03	+7.830e+03	+0.286
133.000	+6.818e+03	+1.085e+03	+1.047e+04	+0.137
133.200	+5.859e+03	+6.633e+02	+8.525e+03	+0.102
133.400	+4.906e+03	+1.283e+03	+6.605e+03	+0.207
133.600	+5.543e+03	+2.223e+03	+8.491e+03	+0.286
133.800	+5.459e+03	+1.673e+03	+6.928e+03	+0.235
134.000	+3.813e+03	+1.761e+03	+5.855e+03	+0.316
134.200	+6.570e+03	+1.373e+03	+6.801e+03	+0.173
134.400	+5.450e+03	+2.301e+03	+6.784e+03	+0.297
134.600	+5.564e+03	+2.665e+03	+8.648e+03	+0.324
134.800	+5.819e+03	+2.215e+03	+8.908e+03	+0.276
135.000	+3.055e+03	+3.359e+03	+8.005e+03	+0.524
135.200	+3.138e+03	+5.311e+03	+7.879e+03	+0.629
135.400	+4.554e+03	+2.895e+03	+6.760e+03	+0.389
135.600	+5.738e+03	+2.873e+03	+7.659e+03	+0.334
135.800	+6.121e+03	+7.555e+02	+6.274e+03	+0.110
136.000	+6.894e+03	+2.508e+03	+8.396e+03	+0.267
136.200	+5.587e+03	+1.402e+03	+6.373e+03	+0.201
136.400	+6.060e+03	+2.408e+03	+8.232e+03	+0.284
136.600	+7.322e+03	+3.095e+03	+5.772e+03	+0.297
136.800	+5.774e+03	+1.121e+03	+8.395e+03	+0.163
137.000	+6.225e+03	+1.645e+03	+7.319e+03	+0.209
137.200	+6.632e+03	+2.227e+03	+7.386e+03	+0.251
137.400	+5.021e+03	+9.268e+02	+8.419e+03	+0.156
137.600	+4.184e+03	+1.529e+03	+5.718e+03	+0.268
137.800	+5.267e+03	+1.835e+03	+5.721e+03	+0.258
138.000	+6.018e+03	+9.351e+02	+9.286e+03	+0.134
138.200	+5.055e+03	+1.918e+03	+7.382e+03	+0.275
138.400	+5.357e+03	+2.188e+03	+6.561e+03	+0.290
138.600	+5.412e+03	+2.403e+03	+6.567e+03	+0.307
138.800	+3.915e+03	+2.547e+03	+7.216e+03	+0.394
139.000	+1.556e+03	+6.399e+03	+5.106e+03	+0.804
139.200	+2.609e+03	+4.841e+03	+5.364e+03	+0.650
139.400	+7.827e+02	+5.901e+03	+8.195e+03	+0.883
139.600	+1.220e+03	+5.311e+03	+7.134e+03	+0.813
139.800	+1.257e+03	+4.953e+03	+8.640e+03	+0.798
140.000	+1.972e+03	+6.115e+03	+7.562e+03	+0.756
140.200	+1.823e+03	+6.464e+03	+6.427e+03	+0.780
140.400	+3.194e+03	+6.082e+03	+6.923e+03	+0.656
140.600	+4.255e+03	+2.138e+03	+6.629e+03	+0.334
140.800	+6.031e+03	+1.577e+03	+6.286e+03	+0.207
141.000	+6.053e+03	+2.094e+03	+6.761e+03	+0.257
141.200	+5.606e+03	+1.475e+03	+5.512e+03	+0.208
141.400	+6.564e+03	+1.428e+03	+7.455e+03	+0.179
141.600	+6.459e+03	+1.609e+03	+8.136e+03	+0.199
141.800	+2.740e+03	+3.516e+03	+6.733e+03	+0.562
142.000	+9.661e+02	+5.087e+03	+7.662e+03	+0.840
142.200	+2.384e+03	+5.233e+03	+6.763e+03	+0.687
142.400	+3.558e+03	+3.832e+03	+6.746e+03	+0.519
142.600	+3.178e+03	+3.258e+03	+6.668e+03	+0.506
142.800	+1.880e+03	+5.768e+03	+8.021e+03	+0.754
143.000	+2.338e+03	+5.226e+03	+8.326e+03	+0.691
143.200	+1.126e+03	+4.950e+03	+6.470e+03	+0.815
143.400	+1.606e+03	+6.268e+03	+7.305e+03	+0.796
143.600	+1.595e+03	+5.606e+03	+6.869e+03	+0.778
143.800	+1.493e+03	+4.927e+03	+7.821e+03	+0.767
144.000	+3.762e+03	+2.467e+03	+6.813e+03	+0.396
144.200	+5.800e+03	+2.674e+03	+6.634e+03	+0.316
144.400	+5.794e+03	+2.184e+03	+6.302e+03	+0.274
144.600	+4.657e+03	+1.351e+03	+5.131e+03	+0.225
144.800	+4.738e+03	+2.145e+03	+9.006e+03	+0.312
145.000	+5.237e+03	+2.418e+03	+6.228e+03	+0.316
145.200	+7.968e+03	+1.803e+03	+8.370e+03	+0.184
145.400	+5.510e+03	+1.290e+03	+6.772e+03	+0.190
145.600	+6.021e+03	+2.538e+03	+8.346e+03	+0.297
145.800	+4.840e+03	+1.578e+03	+5.005e+03	+0.246
146.000	+5.680e+03	+1.005e+03	+6.472e+03	+0.150
146.200	+4.148e+03	+7.864e+02	+7.605e+03	+0.159
146.400	+1.720e+03	+4.888e+03	+6.848e+03	+0.740
146.600	+1.464e+03	+6.628e+03	+5.613e+03	+0.819
146.800	+2.950e+03	+5.220e+03	+8.231e+03	+0.639
147.000	+1.298e+03	+5.281e+03	+6.111e+03	+0.803
147.200	+1.800e+03	+4.467e+03	+6.814e+03	+0.713
147.400	+1.111e+03	+4.624e+03	+7.413e+03	+0.806
147.600	+2.180e+03	+5.351e+03	+6.107e+03	+0.711
147.800	+2.496e+03	+5.700e+03	+8.661e+03	+0.695
148.000	+4.476e+03	+4.205e+03	+6.248e+03	+0.484
148.200	+2.931e+03	+5.927e+03	+6.487e+03	+0.669
148.400	+9.653e+02	+6.747e+03	+6.786e+03	+0.875
148.600	+8.395e+02	+4.518e+03	+6.410e+03	+0.843
148.800	+1.973e+03	+5.400e+03	+9.550e+03	+0.732
149.000	+2.369e+03	+6.937e+03	+8.344e+03	+0.745
149.200	+2.705e+03	+6.109e+03	+7.896e+03	+0.693
149.400	+1.651e+03	+4.729e+03	+8.749e+03	+0.741
149.600	+2.317e+03	+4.339e+03	+7.013e+03	+0.652
149.800	+1.473e+03	+5.551e+03	+4.769e+03	+0.790
150.000	+1.483e+03	+5.939e+03	+7.945e+03	+0.800
150.200	+2.932e+03	+6.093e+03	+4.933e+03	+0.675
150.400	+3.728e+03	+5.532e+03	+1.035e+04	+0.597
150.600	+1.063e+03	+5.917e+03	+6.246e+03	+0.848
150.800	+2.727e+03	+5.287e+03	+6.947e+03	+0.660
151.000	+1.543e+03	+6.319e+03	+7.898e+03	+0.804
151.200	+3.646e+03	+5.801e+03	+6.960e+03	+0.614
151.400	+1.029e+03	+5.079e+03	+1.022e+04	+0.831
151.600	+2.205e+03	+5.001e+03	+5.956e+03	+0.694
151.800	+7.304e+02	+4.672e+03	+8.189e+03	+0.865
152.000	+2.775e+03	+5.336e+03	+6.528e+03	+0.658
152.200	+2.328e+03	+6.220e+03	+9.510e+03	+0.728
152.400	+4.377e+03	+5.441e+03	+9.072e+03	+0.554
152.600	+1.267e+03	+4.078e+03	+7.814e+03	+0.763
152.800	+2.509e+03	+5.316e+03	+8.002e+03	+0.679
153.000	+2.768e+03	+5.534e+03	+7.696e+03	+0.667
153.200	+2.614e+03	+2.418e+03	+8.383e+03	+0.481
153.400	+5.633e+03	+1.323e+03	+5.532e+03	+0.190
153.600	+5.482e+03	+2.090e+03	+8.096e+03	+0.276
153.800	+5.509e+03	+1.272e+03	+7.713e+03	+0.188
154.000	+4.064e+03	+9.152e+02	+8.665e+03	+0.184
154.200	+5.778e+03	+2.339e+03	+9.655e+03	+0.288
154.400	+5.992e+03	+2.697e+03	+7.426e+03	+0.310
154.600	+6.163e+03	+2.211e+03	+5.785e+03	+0.264
154.800	+5.256e+03	+2.298e+03	+7.550e+03	+0.304
155.000	+6.512e+03	+2.038e+03	+6.551e+03	+0.238
155.200	+5.689e+03	+2.385e+03	+5.255e+03	+0.295
155.400	+6.874e+03	+1.884e+03	+6.875e+03	+0.215
155.600	+6.399e+03	+1.672e+03	+7.488e+03	+0.207
155.800	+5.235e+03	+2.807e+03	+8.414e+03	+0.349
156.000	+6.604e+03	+1.695e+03	+6.073e+03	+0.204
156.200	+6.016e+03	+2.087e+03	+6.013e+03	+0.258
156.400	+4.213e+03	+1.543e+03	+7.047e+03	+0.268
156.600	+4.752e+03	+2.066e+03	+6.332e+03	+0.303
156.800	+3.731e+03	+1.747e+03	+7.033e+03	+0.319
157.000	+6.160e+03	+2.092e+03	+6.114e+03	+0.253
157.200	+6.301e+03	+1.526e+03	+7.811e+03	+0.195
157.400	+5.659e+03	+2.405e+03	+7.770e+03	+0.298
157.600	+4.199e+03	+1.728e+03	+6.997e+03	+0.292
157.800	+6.294e+03	+1.494e+03	+7.449e+03	+0.192
158.000	+1.792e+03	+5.688e+03	+1.124e+04	+0.760
158.200	+1.915e+03	+5.353e+03	+7.369e+03	+0.736
158.400	+1.568e+03	+5.608e+03	+7.342e+03	+0.781
158.600	+1.868e+03	+5.100e+03	+6.994e+03	+0.732
158.800	+8.568e+02	+5.573e+03	+8.855e+03	+0.867
159.000	+2.720e+03	+4.680e+03	+6.045e+03	+0.632
159.200	+6.696e+02	+6.447e+03	+6.877e+03	+0.906
159.400	+1.495e+03	+5.734e+03	+7.475e+03	+0.793
159.600	+2.860e+03	+5.154e+03	+8.379e+03	+0.643
159.800	+1.866e+03	+5.564e+03	+7.616e+03	+0.749
160.000	+2.516e+03	+5.589e+03	+6.830e+03	+0.690
160.200	+1.502e+03	+5.471e+03	+8.206e+03	+0.785
160.400	+1.553e+03	+5.033e+03	+8.657e+03	+0.764
160.600	+2.890e+03	+3.501e+03	+6.257e+03	+0.548
160.800	+2.931e+03	+3.945e+03	+6.716e+03	+0.574
161.000	+1.025e+03	+5.913e+03	+7.881e+03	+0.852
161.200	+1.778e+03	+4.412e+03	+7.929e+03	+0.713
161.400	+5.065e+02	+5.568e+03	+6.608e+03	+0.917
161.600	+3.442e+03	+4.332e+03	+5.985e+03	+0.557
161.800	+1.887e+03	+6.226e+03	+5.312e+03	+0.767
162.000	+2.627e+03	+5.319e+03	+5.518e+03	+0.669
162.200	+1.919e+03	+4.619e+03	+8.489e+03	+0.706
162.400	+1.756e+03	+4.463e+03	+8.830e+03	+0.718
162.600	+2.075e+03	+5.400e+03	+7.556e+03	+0.722
162.800	+3.010e+03	+4.759e+03	+6.308e+03	+0.613
163.000	+1.490e+03	+5.084e+03	+6.460e+03	+0.773
163.200	+1.960e+03	+6.178e+03	+8.988e+03	+0.759
163.400	+6.476e+02	+4.428e+03	+7.059e+03	+0.872
163.600	+8.682e+02	+6.380e+03	+7.583e+03	+0.880
163.800	+1.851e+03	+5.632e+03	+7.600e+03	+0.753
164.000	+2.449e+03	+5.463e+03	+7.925e+03	+0.690
164.200	+8.295e+02	+4.225e+03	+1.004e+04	+0.836
164.400	+2.455e+03	+5.976e+03	+6.580e+03	+0.709
164.600	+2.313e+03	+4.882e+03	+7.741e+03	+0.679
164.800	+2.134e+03	+3.588e+03	+8.040e+03	+0.627
165.000	+2.039e+03	+4.298e+03	+6.021e+03	+0.678
165.200	+1.942e+03	+4.185e+03	+5.113e+03	+0.683
165.400	+3.117e+03	+5.494e+03	+5.371e+03	+0.638
165.600	+1.945e+03	+3.555e+03	+1.029e+04	+0.646
165.800	+2.574e+03	+4.679e+03	+6.415e+03	+0.645
166.000	+1.457e+03	+5.774e+03	+7.533e+03	+0.798
166.200	+2.359e+03	+5.611e+03	+1.034e+04	+0.704
166.400	+1.421e+03	+4.912e+03	+6.587e+03	+0.776
166.600	+2.711e+03	+5.186e+03	+8.771e+03	+0.657
