%t (s)	Idd (a.u.)	Ida (a.u.)	Iaa (a.u.)	FRET E
0.000	+2.690e+03	+5.876e+03	+9.166e+03	+0.686
0.200	+9.992e+02	+6.015e+03	+5.712e+03	+0.858
0.400	+2.452e+03	+6.324e+03	+7.772e+03	+0.721
0.600	+1.416e+03	+4.873e+03	+6.281e+03	+0.775
0.800	+3.257e+03	+6.118e+03	+6.070e+03	+0.653
1.000	+2.654e+03	+4.902e+03	+7.365e+03	+0.649
1.200	+2.018e+03	+4.599e+03	+8.310e+03	+0.695
1.400	+2.738e+03	+3.735e+03	+8.755e+03	+0.577
1.600	+1.348e+03	+5.319e+03	+7.282e+03	+0.798
1.800	+2.165e+03	+5.642e+03	+8.974e+03	+0.723
2.000	+1.922e+03	+3.896e+03	+7.018e+03	+0.670
2.200	+1.312e+03	+4.501e+03	+6.531e+03	+0.774
2.400	+1.843e+03	+4.653e+03	+5.566e+03	+0.716
2.600	+2.207e+03	+4.598e+03	+6.926e+03	+0.676
2.800	+1.598e+03	+3.930e+03	+8.773e+03	+0.711
3.000	+2.213e+03	+5.521e+03	+7.767e+03	+0.714
3.200	+2.002e+03	+3.059e+03	+6.081e+03	+0.604
3.400	+1.886e+03	+5.358e+03	+7.805e+03	+0.740
3.600	+2.261e+03	+4.082e+03	+6.539e+03	+0.643
3.800	+1.693e+03	+5.581e+03	+5.838e+03	+0.767
4.000	+1.712e+03	+4.678e+03	+6.301e+03	+0.732
4.200	+1.411e+03	+6.737e+03	+8.208e+03	+0.827
4.400	+2.525e+03	+5.749e+03	+8.003e+03	+0.695
4.600	+1.922e+03	+5.426e+03	+4.850e+03	+0.738
4.800	+2.744e+03	+5.933e+03	+8.624e+03	+0.684
5.000	+1.505e+03	+7.419e+03	+8.235e+03	+0.831
5.200	+1.924e+03	+4.742e+03	+6.819e+03	+0.711
5.400	+2.638e+03	+4.594e+03	+7.022e+03	+0.635
5.600	+2.633e+03	+5.302e+03	+6.468e+03	+0.668
5.800	+2.288e+03	+5.220e+03	+8.971e+03	+0.695
6.000	+1.328e+03	+3.762e+03	+4.913e+03	+0.739
6.200	+3.323e+03	+5.844e+03	+7.261e+03	+0.638
6.400	+1.771e+03	+5.097e+03	+6.314e+03	+0.742
6.600	+3.118e+03	+6.528e+03	+8.356e+03	+0.677
6.800	+1.874e+03	+6.541e+03	+6.031e+03	+0.777
7.000	+3.516e+03	+4.586e+03	+6.254e+03	+0.566
7.200	+1.930e+03	+5.796e+03	+6.606e+03	+0.750
7.400	+2.310e+03	+4.513e+03	+7.492e+03	+0.661
7.600	+2.623e+03	+3.911e+03	+6.626e+03	+0.599
7.800	+3.140e+03	+3.508e+03	+5.369e+03	+0.528
8.000	+5.372e+03	+1.666e+03	+6.901e+03	+0.237
8.200	+4.622e+03	+1.269e+03	+7.359e+03	+0.215
8.400	+5.989e+03	+1.597e+03	+7.032e+03	+0.210
8.600	+5.778e+03	+1.672e+03	+7.939e+03	+0.224
8.800	+7.320e+03	+2.148e+03	+8.746e+03	+0.227
9.000	+6.253e+03	+1.468e+03	+5.989e+03	+0.190
9.200	+6.690e+03	+1.197e+03	+6.556e+03	+0.152
9.400	+4.090e+03	+2.063e+03	+7.072e+03	+0.335
9.600	+5.359e+03	+9.629e+02	+7.895e+03	+0.152
9.800	+5.616e+03	+1.700e+03	+8.803e+03	+0.232
10.000	+5.520e+03	+1.037e+03	+8.342e+03	+0.158
10.200	+5.224e+03	+1.355e+03	+7.290e+03	+0.206
10.400	+6.842e+03	+1.198e+03	+6.837e+03	+0.149
10.600	+5.516e+03	+1.798e+03	+7.364e+03	+0.246
10.800	+4.744e+03	+1.671e+03	+7.485e+03	+0.260
11.000	+4.851e+03	+1.791e+03	+7.426e+03	+0.270
11.200	+5.978e+03	+1.052e+03	+7.756e+03	+0.150
11.400	+6.269e+03	+1.540e+03	+8.810e+03	+0.197
11.600	+5.590e+03	+9.277e+02	+6.995e+03	+0.142
11.800	+5.959e+03	+2.158e+03	+5.907e+03	+0.266
12.000	+5.680e+03	+1.401e+03	+8.724e+03	+0.198
12.200	+5.119e+03	+2.298e+03	+7.391e+03	+0.310
12.400	+6.450e+03	+1.127e+03	+6.396e+03	+0.149
12.600	+6.714e+03	+3.075e+03	+6.599e+03	+0.314
12.800	+6.089e+03	+2.512e+03	+8.896e+03	+0.292
13.000	+5.716e+03	+1.643e+03	+9.316e+03	+0.223
13.200	+4.978e+03	+1.395e+03	+6.093e+03	+0.219
13.400	+7.086e+03	+1.260e+03	+6.878e+03	+0.151
13.600	+4.596e+03	+2.536e+03	+7.169e+03	+0.356
13.800	+5.292e+03	+1.616e+03	+8.138e+03	+0.234
14.000	+5.050e+03	+3.491e+03	+8.791e+03	+0.409
14.200	+5.695e+03	+2.810e+03	+6.927e+03	+0.330
14.400	+5.882e+03	+1.854e+03	+7.759e+03	+0.240
14.600	+5.150e+03	+1.448e+03	+6.148e+03	+0.219
14.800	+5.738e+03	+2.130e+03	+6.118e+03	+0.271
15.000	+5.662e+03	+2.385e+03	+6.193e+03	+0.296
15.200	+6.478e+03	+1.562e+03	+5.719e+03	+0.194
15.400	+5.960e+03	+1.657e+03	+8.767e+03	+0.218
15.600	+5.643e+03	+2.008e+03	+3.909e+03	+0.262
15.800	+6.584e+03	+1.558e+03	+6.961e+03	+0.191
16.000	+6.412e+03	+2.501e+03	+7.890e+03	+0.281
16.200	+4.757e+03	+2.171e+03	+7.915e+03	+0.313
16.400	+3.888e+03	+3.442e+03	+8.262e+03	+0.470
16.600	+2.205e+03	+4.443e+03	+6.602e+03	+0.668
16.800	+2.325e+03	+5.244e+03	+7.480e+03	+0.693
17.000	+2.228e+03	+5.687e+03	+9.333e+03	+0.719
17.200	+1.496e+03	+6.159e+03	+8.737e+03	+0.805
17.400	+1.714e+03	+5.121e+03	+6.421e+03	+0.749
17.600	+1.815e+03	+5.449e+03	+7.814e+03	+0.750
17.800	+1.496e+03	+5.546e+03	+8.594e+03	+0.788
18.000	+1.795e+03	+4.407e+03	+7.696e+03	+0.711
18.200	+3.426e+03	+4.685e+03	+7.774e+03	+0.578
18.400	+1.994e+03	+6.662e+03	+7.610e+03	+0.770
18.600	+2.195e+03	+4.835e+03	+8.633e+03	+0.688
18.800	+3.165e+03	+5.699e+03	+7.342e+03	+0.643
19.000	+1.904e+03	+5.812e+03	+7.366e+03	+0.753
19.200	+2.844e+03	+5.272e+03	+9.118e+03	+0.650
19.400	+1.505e+03	+4.113e+03	+7.571e+03	+0.732
19.600	+1.404e+03	+5.154e+03	+5.447e+03	+0.786
19.800	+8.579e+02	+6.181e+03	+7.619e+03	+0.878
20.000	+2.996e+03	+6.445e+03	+8.333e+03	+0.683
20.200	+1.447e+03	+4.540e+03	+7.325e+03	+0.758
20.400	+1.327e+03	+5.635e+03	+6.753e+03	+0.809
20.600	+3.158e+03	+6.864e+03	+8.620e+03	+0.685
20.800	+2.656e+03	+5.291e+03	+6.274e+03	+0.666
21.000	+1.207e+03	+6.053e+03	+6.882e+03	+0.834
21.200	+1.930e+03	+5.941e+03	+8.294e+03	+0.755
21.400	+1.592e+03	+4.844e+03	+8.494e+03	+0.753
21.600	+2.338e+03	+5.360e+03	+6.730e+03	+0.696
21.800	+2.096e+03	+4.481e+03	+5.720e+03	+0.681
22.000	+1.324e+03	+6.429e+03	+6.020e+03	+0.829
22.200	+1.689e+03	+5.580e+03	+7.178e+03	+0.768
22.400	+2.705e+03	+5.161e+03	+7.832e+03	+0.656
22.600	+2.471e+03	+5.571e+03	+6.034e+03	+0.693
22.800	+1.875e+03	+4.373e+03	+6.943e+03	+0.700
23.000	+1.764e+03	+4.421e+03	+7.458e+03	+0.715
23.200	+2.128e+03	+5.297e+03	+8.350e+03	+0.713
23.400	+2.813e+03	+4.685e+03	+8.066e+03	+0.625
23.600	+2.695e+03	+5.172e+03	+7.527e+03	+0.657
23.800	+1.502e+03	+3.871e+03	+7.075e+03	+0.720
24.000	+3.014e+03	+6.723e+03	+4.310e+03	+0.690
24.200	+1.629e+03	+4.970e+03	+8.512e+03	+0.753
24.400	+4.202e+03	+2.644e+03	+6.019e+03	+0.386
24.600	+5.467e+03	+1.229e+03	+6.974e+03	+0.184
24.800	+4.612e+03	+2.167e+03	+5.802e+03	+0.320
25.000	+5.143e+03	+1.020e+03	+6.844e+03	+0.165
25.200	+5.683e+03	+1.505e+03	+7.650e+03	+0.209
25.400	+4.948e+03	+1.107e+03	+7.613e+03	+0.183
25.600	+4.818e+03	+2.030e+03	+7.649e+03	+0.296
25.800	+3.576e+03	+1.258e+03	+6.692e+03	+0.260
26.000	+4.325e+03	+2.734e+03	+7.684e+03	+0.387
26.200	+6.251e+03	+1.752e+03	+6.427e+03	+0.219
26.400	+5.218e+03	+7.118e+02	+7.634e+03	+0.120
26.600	+6.465e+03	+1.763e+03	+7.674e+03	+0.214
26.800	+4.570e+03	+2.866e+03	+6.675e+03	+0.385
27.000	+6.397e+03	+1.684e+03	+5.436e+03	+0.208
27.200	+5.517e+03	+1.988e+03	+8.167e+03	+0.265
27.400	+3.990e+03	+3.040e+03	+7.225e+03	+0.432
27.600	+1.489e+03	+4.969e+03	+8.340e+03	+0.769
27.800	+5.423e+03	+9.436e+02	+7.093e+03	+0.148
28.000	+5.877e+03	+2.014e+03	+8.076e+03	+0.255
28.200	+4.336e+03	+3.671e+03	+7.191e+03	+0.458
28.400	+8.224e+02	+4.099e+03	+7.600e+03	+0.833
28.600	+1.784e+03	+6.175e+03	+8.497e+03	+0.776
28.800	+2.715e+03	+5.153e+03	+7.415e+03	+0.655
29.000	+4.928e+02	+5.357e+03	+5.452e+03	+0.916
29.200	+1.376e+03	+4.471e+03	+6.803e+03	+0.765
29.400	+9.856e+02	+5.308e+03	+7.686e+03	+0.843
29.600	+1.565e+03	+5.470e+03	+6.943e+03	+0.778
29.800	+3.901e+03	+1.810e+03	+7.409e+03	+0.317
30.000	+6.970e+03	+2.541e+03	+5.032e+03	+0.267
30.200	+5.738e+03	+1.635e+03	+8.019e+03	+0.222
30.400	+4.982e+03	+1.623e+03	+7.900e+03	+0.246
30.600	+4.175e+03	+1.908e+03	+8.665e+03	+0.314
30.800	+6.865e+03	+1.967e+03	+7.310e+03	+0.223
31.000	+5.399e+03	+5.952e+02	+7.313e+03	+0.099
31.200	+5.753e+03	+1.848e+03	+7.229e+03	+0.243
31.400	+6.393e+03	+1.924e+03	+5.877e+03	+0.231
31.600	+5.500e+03	+2.183e+03	+8.475e+03	+0.284
31.800	+4.063e+03	+2.167e+03	+9.528e+03	+0.348
32.000	+5.401e+03	+1.952e+03	+8.617e+03	+0.266
32.200	+5.208e+03	+1.849e+03	+6.797e+03	+0.262
32.400	+4.100e+03	+1.220e+03	+7.100e+03	+0.229
32.600	+4.915e+03	+1.508e+03	+5.797e+03	+0.235
32.800	+5.248e+03	+3.209e+03	+9.038e+03	+0.379
33.000	+5.188e+03	+2.245e+03	+7.865e+03	+0.302
33.200	+4.121e+03	+2.207e+03	+6.363e+03	+0.349
33.400	+5.637e+03	+1.492e+03	+6.160e+03	+0.209
33.600	+5.159e+03	+1.174e+03	+8.176e+03	+0.185
33.800	+5.238e+03	+1.758e+03	+6.815e+03	+0.251
34.000	+6.891e+03	+1.556e+03	+4.883e+03	+0.184
34.200	+4.488e+03	+2.053e+03	+9.515e+03	+0.314
34.400	+4.811e+03	+2.307e+03	+8.724e+03	+0.324
34.600	+5.189e+03	+1.236e+03	+6.027e+03	+0.192
34.800	+5.622e+03	+1.604e+03	+8.798e+03	+0.222
35.000	+6.483e+03	+2.842e+03	+6.095e+03	+0.305
35.200	+5.048e+03	+1.404e+03	+8.431e+03	+0.218
35.400	+6.909e+03	+2.731e+03	+7.621e+03	+0.283
35.600	+6.114e+03	+1.554e+03	+6.739e+03	+0.203
35.800	+5.418e+03	+2.140e+03	+7.360e+03	+0.283
36.000	+5.478e+03	+2.310e+03	+7.113e+03	+0.297
36.200	+5.141e+03	+2.132e+03	+8.079e+03	+0.293
36.400	+5.235e+03	+2.217e+03	+8.181e+03	+0.298
36.600	+5.954e+03	+1.797e+03	+6.764e+03	+0.232
36.800	+6.008e+03	+1.373e+03	+7.977e+03	+0.186
37.000	+5.171e+03	+2.043e+03	+6.192e+03	+0.283
37.200	+5.377e+03	+2.273e+03	+5.689e+03	+0.297
37.400	+7.592e+03	-1.482e+02	+7.160e+03	-0.020
37.600	+5.956e+03	+1.948e+03	+8.325e+03	+0.246
37.800	+5.827e+03	+2.403e+03	+7.436e+03	+0.292
38.000	+6.181e+03	+1.271e+03	+7.931e+03	+0.171
38.200	+4.573e+03	+1.445e+03	+6.706e+03	+0.240
38.400	+6.335e+03	+1.867e+03	+9.931e+03	+0.228
38.600	+4.725e+03	+1.256e+03	+8.258e+03	+0.210
38.800	+4.317e+03	+1.511e+03	+6.973e+03	+0.259
39.000	+5.689e+03	+2.476e+02	+8.004e+03	+0.042
39.200	+5.570e+03	+6.341e+02	+7.348e+03	+0.102
39.400	+5.316e+03	+1.752e+03	+7.681e+03	+0.248
39.600	+7.316e+03	+1.780e+03	+7.065e+03	+0.196
39.800	+5.005e+03	+1.329e+03	+4.859e+03	+0.210
40.000	+4.561e+03	+1.385e+03	+6.482e+03	+0.233
40.200	+4.647e+03	+1.821e+03	+7.069e+03	+0.282
40.400	+6.494e+03	+3.242e+03	+6.138e+03	+0.333
40.600	+5.407e+03	+2.955e+03	+8.022e+03	+0.353
40.800	+4.712e+03	+2.662e+03	+6.869e+03	+0.361
41.000	+4.608e+03	+1.460e+03	+7.340e+03	+0.241
41.200	+4.621e+03	+8.748e+02	+8.015e+03	+0.159
41.400	+4.528e+03	+2.899e+03	+6.634e+03	+0.390
41.600	+5.050e+03	+2.373e+03	+7.695e+03	+0.320
41.800	+6.293e+03	+3.153e+03	+8.675e+03	+0.334
42.000	+4.762e+03	+2.402e+03	+7.681e+03	+0.335
42.200	+2.032e+03	+4.221e+03	+5.769e+03	+0.675
42.400	+2.564e+03	+7.115e+03	+8.457e+03	+0.735
42.600	+3.589e+03	+5.650e+03	+8.021e+03	+0.612
42.800	+3.188e+03	+5.163e+03	+6.229e+03	+0.618
43.000	+2.377e+03	+4.849e+03	+8.445e+03	+0.671
43.200	+2.589e+03	+6.583e+03	+7.107e+03	+0.718
43.400	+1.754e+03	+6.117e+03	+8.598e+03	+0.777
43.600	+2.217e+03	+4.833e+03	+8.719e+03	+0.685
43.800	+1.828e+03	+4.343e+03	+6.552e+03	+0.704
44.000	+4.589e+03	+1.981e+03	+8.733e+03	+0.302
44.200	+6.126e+03	+1.973e+03	+8.353e+03	+0.244
44.400	+6.260e+03	+1.383e+03	+8.537e+03	+0.181
44.600	+4.751e+03	+1.045e+03	+7.583e+03	+0.180
44.800	+4.566e+03	+2.726e+03	+3.807e+03	+0.374
45.000	+5.655e+03	+4.918e+02	+8.102e+03	+0.080
45.200	+3.029e+03	+3.730e+02	+8.203e+03	+0.110
45.400	+4.905e+03	+3.298e+03	+9.058e+03	+0.402
45.600	+5.085e+03	+1.378e+03	+6.527e+03	+0.213
45.800	+5.177e+03	+1.867e+02	+7.041e+03	+0.035
46.000	+5.745e+03	+1.781e+03	+8.482e+03	+0.237
46.200	+5.807e+03	+1.191e+03	+7.857e+03	+0.170
46.400	+6.052e+03	+1.478e+03	+6.505e+03	+0.196
46.600	+5.134e+03	+1.843e+03	+6.777e+03	+0.264
46.800	+5.193e+03	+2.259e+03	+6.040e+03	+0.303
47.000	+7.197e+03	+1.759e+03	+8.724e+03	+0.196
47.200	+2.417e+03	+6.686e+03	+5.827e+03	+0.734
47.400	+1.790e+03	+5.824e+03	+6.460e+03	+0.765
47.600	+1.998e+03	+5.197e+03	+6.931e+03	+0.722
47.800	+2.908e+03	+5.395e+03	+8.284e+03	+0.650
48.000	+1.994e+03	+5.616e+03	+7.262e+03	+0.738
48.200	+1.318e+03	+5.188e+03	+9.118e+03	+0.797
48.400	+1.455e+03	+5.600e+03	+7.327e+03	+0.794
48.600	+1.258e+03	+5.357e+03	+6.321e+03	+0.810
48.800	+1.451e+03	+5.248e+03	+6.638e+03	+0.783
49.000	+1.443e+03	+6.238e+03	+8.066e+03	+0.812
49.200	+9.703e+02	+4.727e+03	+1.014e+04	+0.830
49.400	+2.708e+03	+6.146e+03	+5.699e+03	+0.694
49.600	+2.742e+03	+5.464e+03	+6.999e+03	+0.666
49.800	+2.231e+03	+5.994e+03	+7.112e+03	+0.729
50.000	+2.366e+03	+4.667e+03	+8.773e+03	+0.664
50.200	+2.502e+03	+4.700e+03	+7.140e+03	+0.653
50.400	+2.753e+03	+5.482e+03	+8.099e+03	+0.666
50.600	+3.349e+02	+6.837e+03	+8.071e+03	+0.953
50.800	+3.363e+03	+5.590e+03	+7.109e+03	+0.624
51.000	+2.723e+03	+4.869e+03	+7.538e+03	+0.641
51.200	+8.019e+02	+5.620e+03	+5.755e+03	+0.875
51.400	+1.387e+03	+3.951e+03	+6.816e+03	+0.740
51.600	+2.214e+03	+5.754e+03	+7.500e+03	+0.722
51.800	+1.921e+03	+5.068e+03	+8.644e+03	+0.725
52.000	+2.942e+03	+5.375e+03	+7.437e+03	+0.646
52.200	+2.731e+03	+5.132e+03	+6.730e+03	+0.653
52.400	+1.058e+03	+4.657e+03	+8.605e+03	+0.815
52.600	+1.989e+03	+4.540e+03	+5.937e+03	+0.695
52.800	+3.101e+03	+4.480e+03	+7.513e+03	+0.591
53.000	+2.592e+03	+4.629e+03	+7.031e+03	+0.641
53.200	+1.760e+03	+4.652e+03	+5.527e+03	+0.726
53.400	+9.331e+02	+4.830e+03	+7.485e+03	+0.838
53.600	+1.850e+03	+4.716e+03	+7.416e+03	+0.718
53.800	+1.830e+03	+4.782e+03	+7.278e+03	+0.723
54.000	+1.299e+03	+4.072e+03	+7.168e+03	+0.758
54.200	+2.282e+03	+4.811e+03	+7.446e+03	+0.678
54.400	+1.718e+03	+4.947e+03	+5.800e+03	+0.742
54.600	+3.087e+03	+4.537e+03	+7.849e+03	+0.595
54.800	+1.339e+03	+6.580e+03	+8.165e+03	+0.831
55.000	+1.792e+03	+4.972e+03	+9.048e+03	+0.735
55.200	+1.724e+03	+3.554e+03	+7.192e+03	+0.673
55.400	+1.338e+03	+5.228e+03	+6.290e+03	+0.796
55.600	+2.619e+03	+5.736e+03	+6.880e+03	+0.687
55.800	+1.958e+03	+6.251e+03	+9.044e+03	+0.761
56.000	+2.388e+03	+5.589e+03	+6.418e+03	+0.701
56.200	+1.864e+03	+6.855e+03	+7.864e+03	+0.786
56.400	+5.780e+03	+1.883e+03	+7.172e+03	+0.246
56.600	+5.434e+03	+1.897e+03	+6.625e+03	+0.259
56.800	+5.772e+03	+1.064e+03	+6.936e+03	+0.156
57.000	+6.423e+03	+1.826e+03	+7.920e+03	+0.221
57.200	+4.632e+03	+3.145e+03	+7.355e+03	+0.404
57.400	+5.384e+03	+2.158e+03	+8.672e+03	+0.286
57.600	+5.498e+03	+2.628e+03	+7.848e+03	+0.323
57.800	+5.921e+03	+1.558e+03	+4.505e+03	+0.208
58.000	+6.037e+03	+2.764e+03	+9.163e+03	+0.314
58.200	+5.155e+03	+2.530e+03	+7.174e+03	+0.329
58.400	+6.114e+03	+2.161e+03	+6.332e+03	+0.261
58.600	+4.704e+03	+1.934e+03	+5.924e+03	+0.291
58.800	+6.272e+03	+2.241e+03	+6.490e+03	+0.263
59.000	+4.650e+03	+1.949e+03	+6.073e+03	+0.295
59.200	+5.439e+03	+1.634e+03	+7.734e+03	+0.231
59.400	+5.105e+03	+2.340e+03	+7.290e+03	+0.314
59.600	+4.557e+03	+1.763e+03	+8.088e+03	+0.279
59.800	+5.246e+03	+1.333e+03	+7.837e+03	+0.203
60.000	+5.494e+03	+1.144e+03	+7.823e+03	+0.172
60.200	+4.288e+03	+1.387e+03	+6.497e+03	+0.244
60.400	+6.774e+03	+2.685e+03	+8.734e+03	+0.284
60.600	+6.573e+03	+2.338e+03	+7.253e+03	+0.262
60.800	+3.973e+03	+1.717e+03	+6.647e+03	+0.302
61.000	+4.287e+03	+2.505e+03	+6.964e+03	+0.369
61.200	+4.893e+03	+1.184e+03	+7.207e+03	+0.195
61.400	+5.913e+03	+1.198e+03	+7.956e+03	+0.168
61.600	+4.981e+03	+1.924e+03	+7.727e+03	+0.279
61.800	+5.941e+03	+1.115e+03	+7.879e+03	+0.158
62.000	+5.927e+03	+2.070e+03	+8.898e+03	+0.259
62.200	+6.436e+03	+1.800e+03	+9.007e+03	+0.219
62.400	+4.822e+03	+7.802e+02	+7.699e+03	+0.139
62.600	+5.608e+03	+1.711e+03	+7.607e+03	+0.234
62.800	+3.492e+03	+4.107e+03	+7.769e+03	+0.540
63.000	+1.785e+03	+6.495e+03	+6.534e+03	+0.784
63.200	+9.670e+02	+5.864e+03	+9.169e+03	+0.858
63.400	+1.189e+03	+5.208e+03	+7.869e+03	+0.814
63.600	+1.903e+03	+5.925e+03	+7.456e+03	+0.757
63.800	+6.825e+02	+4.811e+03	+5.861e+03	+0.876
64.000	+1.331e+03	+3.293e+03	+7.781e+03	+0.712
64.200	+2.177e+03	+5.937e+03	+6.072e+03	+0.732
64.400	+2.409e+03	+4.726e+03	+7.427e+03	+0.662
64.600	+1.910e+03	+6.268e+03	+7.285e+03	+0.766
64.800	+2.984e+03	+6.987e+03	+8.359e+03	+0.701
65.000	+2.142e+03	+4.937e+03	+6.131e+03	+0.697
65.200	+2.349e+03	+3.805e+03	+9.004e+03	+0.618
65.400	+2.308e+03	+5.698e+03	+7.462e+03	+0.712
65.600	+1.847e+03	+5.994e+03	+8.253e+03	+0.764
65.800	+2.405e+03	+5.172e+03	+8.080e+03	+0.683
66.000	+3.591e+03	+3.599e+03	+8.554e+03	+0.501
66.200	+1.887e+03	+5.811e+03	+5.181e+03	+0.755
66.400	+2.491e+03	+6.208e+03	+6.317e+03	+0.714
66.600	+1.771e+03	+4.244e+03	+6.971e+03	+0.706
66.800	+3.755e+03	+6.315e+03	+6.060e+03	+0.627
67.000	+2.172e+03	+6.736e+03	+5.320e+03	+0.756
67.200	+9.344e+02	+5.188e+03	+6.451e+03	+0.847
67.400	+2.174e+03	+5.029e+03	+7.487e+03	+0.698
67.600	+2.869e+03	+5.554e+03	+9.331e+03	+0.659
67.800	+2.497e+03	+5.229e+03	+5.956e+03	+0.677
68.000	+5.491e+02	+3.478e+03	+6.237e+03	+0.864
68.200	+1.571e+03	+3.422e+03	+7.784e+03	+0.685
68.400	+1.798e+03	+6.678e+03	+6.353e+03	+0.788
68.600	+2.509e+03	+4.191e+03	+5.673e+03	+0.626
68.800	+2.122e+03	+5.208e+03	+5.834e+03	+0.711
69.000	+1.800e+03	+4.554e+03	+6.351e+03	+0.717
69.200	+2.237e+03	+4.546e+03	+7.437e+03	+0.670
69.400	+1.614e+03	+6.549e+03	+6.420e+03	+0.802
69.600	+1.800e+03	+6.067e+03	+7.488e+03	+0.771
69.800	+6.040e+02	+5.452e+03	+8.770e+03	+0.900
70.000	+2.418e+03	+5.907e+03	+7.690e+03	+0.710
70.200	+2.841e+03	+4.941e+03	+7.050e+03	+0.635
70.400	+1.531e+03	+6.105e+03	+6.504e+03	+0.799
70.600	+2.007e+03	+4.610e+03	+6.503e+03	+0.697
70.800	+1.752e+03	+4.756e+03	+8.246e+03	+0.731
71.000	+3.390e+03	+3.806e+03	+8.653e+03	+0.529
71.200	+2.403e+03	+4.544e+03	+9.144e+03	+0.654
71.400	+2.597e+03	+4.689e+03	+7.058e+03	+0.644
71.600	+2.100e+03	+7.370e+03	+8.441e+03	+0.778
71.800	+2.634e+03	+6.206e+03	+9.095e+03	+0.702
72.000	+2.434e+03	+6.438e+03	+7.634e+03	+0.726
72.200	+3.048e+03	+5.096e+03	+6.737e+03	+0.626
72.400	+3.745e+03	+4.601e+03	+7.709e+03	+0.551
72.600	+1.660e+03	+5.678e+03	+5.056e+03	+0.774
72.800	+2.210e+03	+4.513e+03	+7.487e+03	+0.671
73.000	+3.506e+03	+5.005e+03	+6.828e+03	+0.588
73.200	+1.433e+03	+4.861e+03	+8.930e+03	+0.772
73.400	+1.933e+03	+3.960e+03	+7.386e+03	+0.672
73.600	+2.134e+03	+5.450e+03	+6.448e+03	+0.719
73.800	+2.377e+03	+4.901e+03	+5.907e+03	+0.673
74.000	+1.490e+03	+5.759e+03	+6.645e+03	+0.794
74.200	+2.756e+03	+4.197e+03	+8.058e+03	+0.604
74.400	+1.874e+03	+4.798e+03	+9.142e+03	+0.719
74.600	+2.970e+03	+5.256e+03	+8.516e+03	+0.639
74.800	+1.680e+03	+5.510e+03	+6.340e+03	+0.766
75.000	+1.752e+03	+5.664e+03	+9.146e+03	+0.764
75.200	+1.710e+03	+4.499e+03	+6.362e+03	+0.725
75.400	+2.579e+03	+6.054e+03	+8.943e+03	+0.701
75.600	+1.272e+03	+4.525e+03	+7.192e+03	+0.781
75.800	+1.626e+03	+3.219e+03	+7.444e+03	+0.664
76.000	+2.203e+03	+5.871e+03	+7.034e+03	+0.727
76.200	+3.709e+03	+6.258e+03	+5.734e+03	+0.628
76.400	+2.671e+03	+6.131e+03	+6.595e+03	+0.697
76.600	+3.132e+03	+5.065e+03	+8.967e+03	+0.618
76.800	+2.615e+03	+4.500e+03	+7.955e+03	+0.632
77.000	+1.901e+03	+5.205e+03	+8.218e+03	+0.732
77.200	+2.438e+03	+3.705e+03	+8.480e+03	+0.603
77.400	+1.193e+03	+5.342e+03	+5.548e+03	+0.817
77.600	+2.470e+03	+5.625e+03	+6.258e+03	+0.695
77.800	+1.694e+03	+3.672e+03	+7.553e+03	+0.684
78.000	+1.637e+03	+4.031e+03	+7.524e+03	+0.711
78.200	+1.110e+03	+6.110e+03	+7.907e+03	+0.846
78.400	+3.204e+03	+3.084e+03	+7.827e+03	+0.490
78.600	+6.471e+03	+2.968e+03	+6.734e+03	+0.314
78.800	+5.789e+03	+1.297e+03	+7.391e+03	+0.183
79.000	+5.831e+03	+1.905e+03	+8.741e+03	+0.246
79.200	+6.933e+03	+1.997e+03	+5.919e+03	+0.224
79.400	+6.057e+03	+2.156e+03	+7.348e+03	+0.263
79.600	+5.650e+03	+1.614e+03	+7.413e+03	+0.222
79.800	+5.470e+03	+1.303e+03	+6.294e+03	+0.192
80.000	+5.816e+03	+1.828e+03	+7.663e+03	+0.239
80.200	+5.583e+03	+1.739e+03	+8.621e+03	+0.237
80.400	+4.763e+03	+2.129e+03	+6.566e+03	+0.309
80.600	+7.319e+03	+1.922e+03	+7.513e+03	+0.208
80.800	+4.734e+03	+1.200e+03	+5.873e+03	+0.202
81.000	+7.016e+03	+7.341e+02	+6.186e+03	+0.095
81.200	+5.778e+03	+1.934e+03	+9.261e+03	+0.251
81.400	+3.198e+03	+9.478e+02	+8.617e+03	+0.229
81.600	+3.850e+03	+1.369e+03	+7.800e+03	+0.262
81.800	+6.287e+03	+1.588e+03	+7.105e+03	+0.202
82.000	+6.467e+03	+1.326e+03	+8.951e+03	+0.170
82.200	+5.878e+03	+1.776e+03	+7.189e+03	+0.232
82.400	+5.067e+03	+2.681e+03	+8.990e+03	+0.346
82.600	+3.962e+03	+1.046e+03	+8.550e+03	+0.209
82.800	+5.625e+03	+3.767e+03	+8.485e+03	+0.401
83.000	+5.319e+03	+2.416e+03	+7.591e+03	+0.312
83.200	+5.732e+03	+8.279e+02	+9.044e+03	+0.126
83.400	+6.018e+03	+2.128e+03	+6.023e+03	+0.261
83.600	+7.366e+03	+1.914e+03	+7.592e+03	+0.206
83.800	+6.185e+03	+1.954e+03	+6.434e+03	+0.240
84.000	+4.943e+03	+2.308e+03	+5.171e+03	+0.318
84.200	+5.108e+03	+1.149e+03	+8.572e+03	+0.184
84.400	+4.613e+03	+9.618e+02	+6.891e+03	+0.173
84.600	+5.405e+03	+9.028e+02	+6.533e+03	+0.143
84.800	+5.262e+03	+1.220e+03	+1.017e+04	+0.188
85.000	+6.601e+03	+2.255e+03	+6.988e+03	+0.255
85.200	+5.283e+03	+2.787e+03	+6.705e+03	+0.345
85.400	+5.185e+03	+1.395e+03	+5.921e+03	+0.212
85.600	+4.900e+03	+1.416e+03	+6.583e+03	+0.224
85.800	+5.358e+03	+2.121e+03	+6.839e+03	+0.284
86.000	+6.334e+03	+9.619e+02	+5.741e+03	+0.132
86.200	+4.281e+03	+1.268e+03	+8.327e+03	+0.228
86.400	+4.880e+03	+2.138e+03	+6.851e+03	+0.305
86.600	+4.604e+03	+1.962e+03	+7.643e+03	+0.299
86.800	+4.776e+03	+1.784e+03	+8.598e+03	+0.272
87.000	+6.232e+03	+2.239e+03	+7.323e+03	+0.264
87.200	+4.802e+03	+2.903e+03	+8.256e+03	+0.377
87.400	+5.560e+03	+1.224e+03	+8.005e+03	+0.180
87.600	+4.850e+03	+2.541e+03	+8.378e+03	+0.344
87.800	+4.592e+03	+1.148e+03	+6.426e+03	+0.200
88.000	+5.573e+03	+1.802e+03	+6.891e+03	+0.244
88.200	+3.984e+03	+1.930e+03	+6.342e+03	+0.326
88.400	+6.495e+03	+1.811e+03	+9.464e+03	+0.218
88.600	+4.131e+03	+2.011e+03	+6.472e+03	+0.327
88.800	+4.924e+03	+9.517e+02	+7.082e+03	+0.162
89.000	+4.670e+03	+1.551e+03	+7.000e+03	+0.249
89.200	+4.898e+03	+1.377e+03	+8.038e+03	+0.219
89.400	+4.587e+03	+2.120e+03	+6.937e+03	+0.316
89.600	+6.296e+03	+7.391e+02	+7.237e+03	+0.105
89.800	+6.863e+03	+1.404e+03	+6.361e+03	+0.170
90.000	+6.063e+03	+1.273e+03	+7.207e+03	+0.174
90.200	+5.811e+03	+2.295e+03	+6.900e+03	+0.283
90.400	+5.012e+03	+1.152e+03	+7.640e+03	+0.187
90.600	+5.692e+03	+3.000e+03	+7.882e+03	+0.345
90.800	+6.070e+03	+2.675e+03	+7.843e+03	+0.306
91.000	+6.886e+03	+1.660e+03	+7.467e+03	+0.194
91.200	+4.843e+03	+2.596e+03	+6.000e+03	+0.349
91.400	+6.674e+03	+2.267e+03	+5.900e+03	+0.254
91.600	+5.695e+03	+2.106e+03	+6.427e+03	+0.270
91.800	+6.142e+03	+2.525e+03	+7.058e+03	+0.291
92.000	+5.660e+03	+1.694e+03	+8.911e+03	+0.230
92.200	+6.170e+03	+2.361e+03	+6.815e+03	+0.277
92.400	+6.871e+03	+1.217e+03	+7.185e+03	+0.150
92.600	+5.421e+03	+7.383e+02	+7.848e+03	+0.120
92.800	+4.157e+03	+2.831e+03	+5.690e+03	+0.405
93.000	+5.932e+03	+2.552e+03	+7.216e+03	+0.301
93.200	+6.191e+03	+2.952e+03	+7.913e+03	+0.323
93.400	+4.627e+03	+2.681e+03	+6.813e+03	+0.367
93.600	+1.510e+03	+4.112e+03	+7.232e+03	+0.731
93.800	+1.961e+03	+6.249e+03	+6.070e+03	+0.761
94.000	+3.078e+03	+5.927e+03	+8.905e+03	+0.658
94.200	+1.905e+03	+5.587e+03	+8.490e+03	+0.746
94.400	+2.462e+03	+4.556e+03	+7.472e+03	+0.649
94.600	+1.472e+03	+5.520e+03	+7.546e+03	+0.790
94.800	+2.056e+03	+4.599e+03	+8.627e+03	+0.691
95.000	+1.422e+03	+6.335e+03	+5.788e+03	+0.817
95.200	+1.410e+03	+5.121e+03	+8.872e+03	+0.784
95.400	+2.398e+03	+5.230e+03	+8.097e+03	+0.686
95.600	+2.586e+03	+5.014e+03	+6.943e+03	+0.660
95.800	+2.569e+03	+6.434e+03	+8.285e+03	+0.715
96.000	+4.492e+02	+5.243e+03	+6.184e+03	+0.921
96.200	+4.908e+03	+3.005e+03	+8.469e+03	+0.380
96.400	+5.656e+03	+2.097e+03	+7.854e+03	+0.270
96.600	+6.499e+03	-2.438e+01	+5.905e+03	-0.004
96.800	+6.007e+03	+2.208e+03	+6.163e+03	+0.269
97.000	+4.623e+03	+2.376e+03	+6.451e+03	+0.339
97.200	+6.121e+03	+1.613e+03	+8.084e+03	+0.209
97.400	+7.856e+03	+1.570e+03	+6.120e+03	+0.167
97.600	+6.224e+03	+2.875e+03	+7.887e+03	+0.316
97.800	+3.427e+03	+1.307e+03	+5.923e+03	+0.276
98.000	+5.025e+03	+9.489e+02	+7.396e+03	+0.159
98.200	+4.318e+03	+2.744e+03	+7.927e+03	+0.389
98.400	+5.553e+03	+1.458e+03	+6.374e+03	+0.208
98.600	+4.867e+03	+1.836e+03	+7.791e+03	+0.274
98.800	+5.042e+03	+2.097e+03	+6.314e+03	+0.294
99.000	+5.937e+03	+1.929e+03	+7.017e+03	+0.245
99.200	+5.341e+03	+1.684e+03	+7.896e+03	+0.240
99.400	+4.642e+03	+2.281e+03	+6.229e+03	+0.329
99.600	+5.520e+03	+1.521e+03	+8.638e+03	+0.216
99.800	+4.251e+03	+2.060e+03	+6.307e+03	+0.326
100.000	+5.750e+03	+1.773e+03	+7.400e+03	+0.236
100.200	+6.542e+03	+1.546e+03	+7.807e+03	+0.191
100.400	+4.335e+03	+9.700e+02	+7.550e+03	+0.183
100.600	+4.328e+03	+2.061e+03	+8.197e+03	+0.323
100.800	+4.434e+03	+2.825e+03	+8.577e+03	+0.389
101.000	+3.977e+03	+1.671e+03	+7.097e+03	+0.296
101.200	+5.501e+03	+1.450e+03	+6.837e+03	+0.209
101.400	+6.326e+03	+1.025e+03	+6.999e+03	+0.139
101.600	+5.951e+03	+1.633e+03	+1.039e+04	+0.215
101.800	+5.874e+03	+1.623e+03	+5.444e+03	+0.217
102.000	+5.147e+03	+1.383e+03	+9.357e+03	+0.212
102.200	+4.414e+03	+1.961e+03	+6.407e+03	+0.308
102.400	+6.838e+03	+2.214e+03	+8.623e+03	+0.245
102.600	+4.139e+03	+2.104e+03	+7.167e+03	+0.337
102.800	+7.174e+03	+9.763e+02	+6.616e+03	+0.120
103.000	+3.207e+03	+5.230e+03	+6.091e+03	+0.620
103.200	+2.509e+03	+5.219e+03	+7.113e+03	+0.675
103.400	+1.946e+03	+5.914e+03	+7.539e+03	+0.752
103.600	+2.218e+03	+5.172e+03	+8.140e+03	+0.700
103.800	+6.211e+01	+4.442e+03	+8.022e+03	+0.986
104.000	+2.175e+03	+4.913e+03	+7.930e+03	+0.693
104.200	+1.719e+03	+4.593e+03	+7.246e+03	+0.728
104.400	+1.976e+03	+4.659e+03	+5.523e+03	+0.702
104.600	+3.654e+03	+4.103e+03	+6.699e+03	+0.529
104.800	+1.156e+03	+5.970e+03	+6.867e+03	+0.838
105.000	+1.513e+03	+4.086e+03	+8.284e+03	+0.730
105.200	+1.922e+03	+6.584e+03	+7.529e+03	+0.774
105.400	+2.279e+03	+3.159e+03	+7.656e+03	+0.581
105.600	+1.103e+03	+5.224e+03	+8.033e+03	+0.826
105.800	+1.769e+03	+5.201e+03	+7.711e+03	+0.746
106.000	+1.443e+03	+5.763e+03	+6.230e+03	+0.800
106.200	+4.402e+03	+3.296e+03	+8.963e+03	+0.428
106.400	+4.068e+03	+2.800e+03	+6.980e+03	+0.408
106.600	+2.679e+03	+5.052e+03	+6.285e+03	+0.653
106.800	+2.711e+03	+6.023e+03	+7.374e+03	+0.690
107.000	+1.495e+03	+5.487e+03	+6.628e+03	+0.786
107.200	+1.968e+03	+6.052e+03	+7.039e+03	+0.755
107.400	+6.900e+02	+5.040e+03	+7.478e+03	+0.880
107.600	+1.515e+03	+5.646e+03	+8.735e+03	+0.788
107.800	+2.301e+03	+5.641e+03	+7.272e+03	+0.710
108.000	+1.847e+03	+5.457e+03	+7.363e+03	+0.747
108.200	+2.031e+03	+6.561e+03	+6.030e+03	+0.764
108.400	+1.917e+03	+6.036e+03	+8.167e+03	+0.759
108.600	+2.188e+03	+5.076e+03	+6.889e+03	+0.699
108.800	+9.284e+02	+6.304e+03	+8.553e+03	+0.872
109.000	+1.335e+03	+6.651e+03	+6.817e+03	+0.833
109.200	+7.176e+02	+4.092e+03	+9.315e+03	+0.851
109.400	+3.077e+03	+6.035e+03	+8.259e+03	+0.662
109.600	+2.579e+03	+5.991e+03	+6.969e+03	+0.699
109.800	+1.359e+03	+5.280e+03	+7.646e+03	+0.795
110.000	+1.687e+03	+4.804e+03	+7.287e+03	+0.740
110.200	+1.215e+03	+5.738e+03	+5.996e+03	+0.825
110.400	+1.546e+03	+4.386e+03	+7.640e+03	+0.739
110.600	+1.076e+03	+5.786e+03	+6.309e+03	+0.843
110.800	+2.596e+03	+3.896e+03	+9.345e+03	+0.600
111.000	+2.014e+03	+5.120e+03	+7.230e+03	+0.718
111.200	+3.175e+03	+4.211e+03	+6.554e+03	+0.570
111.400	+3.282e+03	+3.501e+03	+6.532e+03	+0.516
111.600	+4.612e+03	+2.897e+03	+7.016e+03	+0.386
111.800	+4.603e+03	+1.297e+03	+7.345e+03	+0.220
112.000	+4.425e+03	+8.660e+02	+7.370e+03	+0.164
112.200	+5.793e+03	+2.458e+03	+6.683e+03	+0.298
112.400	+5.953e+03	+1.942e+03	+5.696e+03	+0.246
112.600	+6.306e+03	+2.611e+03	+8.317e+03	+0.293
112.800	+5.591e+03	+1.832e+03	+6.057e+03	+0.247
113.000	+5.993e+03	+1.246e+03	+6.719e+03	+0.172
113.200	+7.006e+03	+2.342e+03	+8.066e+03	+0.251
113.400	+4.373e+03	+2.217e+03	+8.459e+03	+0.336
113.600	+6.075e+03	+2.069e+03	+1.037e+04	+0.254
113.800	+4.596e+03	+2.544e+02	+6.423e+03	+0.052
114.000	+5.323e+03	+2.162e+03	+7.174e+03	+0.289
114.200	+6.610e+03	+1.127e+03	+8.370e+03	+0.146
114.400	+5.167e+03	+1.654e+03	+7.071e+03	+0.243
114.600	+3.617e+03	+3.205e+03	+7.609e+03	+0.470
114.800	+4.460e+03	+9.205e+02	+8.052e+03	+0.171
115.000	+5.338e+03	+1.414e+03	+8.338e+03	+0.209
115.200	+4.345e+03	+1.697e+03	+7.603e+03	+0.281
115.400	+5.770e+03	+7.546e+02	+9.191e+03	+0.116
115.600	+6.400e+03	+1.372e+03	+6.908e+03	+0.177
115.800	+6.592e+03	+8.499e+02	+7.341e+03	+0.114
116.000	+5.273e+03	+2.326e+03	+6.664e+03	+0.306
116.200	+4.967e+03	-1.848e+02	+7.146e+03	-0.039
116.400	+5.238e+03	+1.809e+03	+7.210e+03	+0.257
116.600	+6.194e+03	+1.996e+03	+5.575e+03	+0.244
116.800	+5.472e+03	+1.605e+03	+7.286e+03	+0.227
117.000	+4.906e+03	+1.138e+03	+6.524e+03	+0.188
117.200	+6.258e+03	+2.304e+03	+6.650e+03	+0.269
117.400	+2.601e+03	+4.299e+03	+6.900e+03	+0.623
117.600	+2.830e+03	+3.991e+03	+8.362e+03	+0.585
117.800	+1.896e+03	+5.087e+03	+8.564e+03	+0.728
118.000	+2.300e+03	+5.709e+03	+7.270e+03	+0.713
118.200	+2.043e+03	+5.675e+03	+7.747e+03	+0.735
118.400	+2.259e+03	+6.156e+03	+5.304e+03	+0.732
118.600	+1.211e+03	+5.455e+03	+5.678e+03	+0.818
118.800	+2.071e+03	+5.938e+03	+4.779e+03	+0.741
119.000	+2.828e+03	+6.702e+03	+6.018e+03	+0.703
119.200	+2.281e+03	+4.858e+03	+7.923e+03	+0.680
119.400	+2.143e+03	+5.362e+03	+8.071e+03	+0.714
119.600	+9.930e+02	+6.296e+03	+8.753e+03	+0.864
119.800	+8.129e+02	+6.062e+03	+7.049e+03	+0.882
120.000	+2.084e+03	+4.948e+03	+7.756e+03	+0.704
120.200	+2.378e+03	+6.287e+03	+5.858e+03	+0.726
120.400	+1.644e+03	+5.330e+03	+6.291e+03	+0.764
120.600	+1.996e+03	+5.523e+03	+6.210e+03	+0.735
120.800	+2.264e+03	+6.126e+03	+5.685e+03	+0.730
121.000	+1.647e+03	+6.049e+03	+8.716e+03	+0.786
121.200	+1.633e+03	+6.305e+03	+7.046e+03	+0.794
121.400	+2.079e+03	+6.264e+03	+7.737e+03	+0.751
121.600	+2.264e+03	+6.143e+03	+8.111e+03	+0.731
121.800	+1.362e+03	+4.509e+03	+5.760e+03	+0.768
122.000	+1.715e+03	+5.194e+03	+7.677e+03	+0.752
122.200	+1.343e+03	+5.148e+03	+8.852e+03	+0.793
122.400	+2.089e+03	+5.863e+03	+4.781e+03	+0.737
122.600	+1.331e+03	+4.558e+03	+6.421e+03	+0.774
122.800	+2.418e+03	+6.409e+03	+9.539e+03	+0.726
123.000	+2.553e+03	+4.780e+03	+8.283e+03	+0.652
123.200	+1.615e+03	+3.234e+03	+7.576e+03	+0.667
123.400	+2.686e+03	+5.239e+03	+7.504e+03	+0.661
123.600	+2.294e+03	+5.267e+03	+7.363e+03	+0.697
123.800	+5.336e+03	+3.323e+03	+7.036e+03	+0.384
124.000	+5.732e+03	+2.021e+03	+5.832e+03	+0.261
124.200	+5.414e+03	+2.041e+03	+9.049e+03	+0.274
124.400	+5.450e+03	+1.451e+03	+7.177e+03	+0.210
124.600	+6.220e+03	+1.656e+03	+8.739e+03	+0.210
124.800	+4.756e+03	+1.590e+03	+5.997e+03	+0.250
125.000	+4.242e+03	+4.442e+03	+7.650e+03	+0.512
125.200	+1.478e+03	+6.384e+03	+6.721e+03	+0.812
125.400	+1.965e+03	+3.803e+03	+6.656e+03	+0.659
125.600	+5.066e+03	+1.737e+03	+5.603e+03	+0.255
