%t (s)	Idd (a.u.)	Ida (a.u.)	Iaa (a.u.)	FRET E
0.000	+5.409e+03	+1.206e+03	+9.476e+03	+0.182
0.200	+4.269e+03	+1.647e+03	+7.664e+03	+0.278
0.400	+5.344e+03	+2.419e+03	+8.434e+03	+0.312
0.600	+5.807e+03	+1.388e+03	+5.816e+03	+0.193
0.800	+5.641e+03	+1.900e+03	+8.817e+03	+0.252
1.000	+4.618e+03	+1.885e+03	+7.552e+03	+0.290
1.200	+5.875e+03	+3.539e+02	+8.832e+03	+0.057
1.400	+5.001e+03	+1.847e+03	+7.625e+03	+0.270
1.600	+5.182e+03	+1.198e+03	+6.292e+03	+0.188
1.800	+5.459e+03	+2.348e+03	+4.957e+03	+0.301
2.000	+4.864e+03	+7.311e+02	+7.821e+03	+0.131
2.200	+4.291e+03	+1.878e+03	+8.010e+03	+0.304
2.400	+5.239e+03	+1.975e+03	+6.029e+03	+0.274
2.600	+6.225e+03	+9.141e+02	+7.373e+03	+0.128
2.800	+5.806e+03	+1.426e+03	+6.498e+03	+0.197
3.000	+5.819e+03	+1.494e+03	+6.712e+03	+0.204
3.200	+4.157e+03	+1.381e+03	+7.930e+03	+0.249
3.400	+4.571e+03	+1.988e+03	+7.565e+03	+0.303
3.600	+5.667e+03	+1.350e+03	+7.574e+03	+0.192
3.800	+5.050e+03	+1.733e+03	+6.383e+03	+0.255
4.000	+5.965e+03	+1.905e+03	+6.230e+03	+0.242
4.200	+6.882e+03	+1.749e+03	+8.164e+03	+0.203
4.400	+5.789e+03	+1.852e+03	+7.464e+03	+0.242
4.600	+5.284e+03	+1.836e+03	+8.145e+03	+0.258
4.800	+5.155e+03	+2.107e+03	+6.057e+03	+0.290
5.000	+6.351e+03	+1.834e+03	+8.694e+03	+0.224
5.200	+5.328e+03	+1.641e+03	+7.895e+03	+0.236
5.400	+4.050e+03	+1.104e+03	+8.704e+03	+0.214
5.600	+4.592e+03	+2.000e+03	+5.099e+03	+0.303
5.800	+4.386e+03	+3.405e+03	+6.492e+03	+0.437
6.000	+5.171e+03	+1.003e+03	+7.004e+03	+0.162
6.200	+6.303e+03	+1.924e+03	+7.270e+03	+0.234
6.400	+6.474e+03	+1.386e+03	+9.470e+03	+0.176
6.600	+5.222e+03	+2.353e+03	+6.846e+03	+0.311
6.800	+4.473e+03	+4.814e+02	+8.288e+03	+0.097
7.000	+4.652e+03	+2.596e+03	+7.507e+03	+0.358
7.200	+4.531e+03	+6.794e+02	+4.804e+03	+0.130
7.400	+4.719e+03	+3.158e+03	+6.606e+03	+0.401
7.600	+1.496e+03	+5.614e+03	+8.236e+03	+0.790
7.800	+1.201e+03	+5.706e+03	+7.926e+03	+0.826
8.000	+1.744e+03	+4.589e+03	+8.123e+03	+0.725
8.200	+2.732e+03	+3.800e+03	+8.267e+03	+0.582
8.400	+1.224e+03	+3.389e+03	+7.281e+03	+0.735
8.600	+2.070e+03	+5.441e+03	+6.635e+03	+0.724
8.800	+9.686e+02	+5.813e+03	+8.946e+03	+0.857
9.000	+2.555e+03	+5.538e+03	+8.124e+03	+0.684
9.200	+1.809e+03	+7.037e+03	+6.578e+03	+0.795
9.400	+2.264e+03	+5.265e+03	+5.598e+03	+0.699
9.600	+2.449e+03	+4.266e+03	+8.223e+03	+0.635
9.800	+1.187e+03	+3.885e+03	+6.592e+03	+0.766
10.000	+1.016e+03	+4.309e+03	+6.688e+03	+0.809
10.200	+6.977e+02	+4.836e+03	+8.317e+03	+0.874
10.400	+5.808e+02	+4.965e+03	+7.504e+03	+0.895
10.600	+1.808e+03	+5.241e+03	+4.661e+03	+0.744
10.800	+1.784e+03	+4.970e+03	+5.784e+03	+0.736
11.000	+2.511e+03	+4.203e+03	+8.947e+03	+0.626
11.200	+2.108e+03	+4.523e+03	+8.063e+03	+0.682
11.400	+1.969e+03	+5.210e+03	+7.471e+03	+0.726
11.600	+5.348e+03	+2.730e+03	+5.710e+03	+0.338
11.800	+6.409e+03	+1.798e+03	+6.403e+03	+0.219
12.000	+5.422e+03	+2.272e+03	+8.140e+03	+0.295
12.200	+5.516e+03	+1.275e+03	+5.436e+03	+0.188
12.400	+5.419e+03	+1.892e+03	+7.310e+03	+0.259
12.600	+5.387e+03	+3.252e+03	+7.225e+03	+0.376
12.800	+5.439e+03	+1.623e+03	+7.797e+03	+0.230
13.000	+5.813e+03	+2.029e+03	+6.911e+03	+0.259
13.200	+5.270e+03	+1.795e+03	+7.495e+03	+0.254
13.400	+2.870e+03	+2.805e+03	+7.440e+03	+0.494
13.600	+1.824e+03	+5.206e+03	+5.312e+03	+0.741
13.800	+1.860e+03	+5.497e+03	+8.498e+03	+0.747
14.000	+2.616e+03	+6.507e+03	+4.083e+03	+0.713
14.200	+2.568e+03	+5.363e+03	+6.475e+03	+0.676
14.400	+1.109e+03	+5.079e+03	+4.677e+03	+0.821
14.600	+2.895e+03	+4.460e+03	+8.248e+03	+0.606
14.800	+3.355e+03	+5.976e+03	+7.552e+03	+0.640
15.000	+9.826e+02	+4.831e+03	+6.581e+03	+0.831
15.200	+1.525e+03	+5.559e+03	+7.888e+03	+0.785
15.400	+1.432e+03	+5.021e+03	+6.058e+03	+0.778
15.600	+2.096e+03	+5.114e+03	+7.120e+03	+0.709
15.800	+2.232e+03	+4.545e+03	+5.444e+03	+0.671
16.000	+2.271e+03	+4.932e+03	+7.410e+03	+0.685
16.200	+2.828e+03	+3.108e+03	+7.023e+03	+0.524
16.400	+5.197e+03	+1.076e+03	+9.008e+03	+0.172
16.600	+6.304e+03	+2.557e+03	+6.354e+03	+0.289
16.800	+4.791e+03	+2.290e+03	+7.847e+03	+0.323
17.000	+6.165e+03	+2.108e+03	+7.103e+03	+0.255
17.200	+5.994e+03	+1.345e+03	+6.757e+03	+0.183
17.400	+5.607e+03	+1.470e+03	+6.721e+03	+0.208
17.600	+4.864e+03	+2.292e+03	+8.114e+03	+0.320
17.800	+6.213e+03	+1.718e+03	+7.208e+03	+0.217
18.000	+4.342e+03	+1.016e+03	+5.909e+03	+0.190
18.200	+6.745e+03	+2.394e+03	+9.022e+03	+0.262
18.400	+6.370e+03	+1.569e+03	+6.726e+03	+0.198
18.600	+5.710e+03	+1.627e+03	+8.234e+03	+0.222
18.800	+4.948e+03	+8.563e+02	+7.353e+03	+0.148
19.000	+4.628e+03	+1.926e+03	+7.326e+03	+0.294
19.200	+5.111e+03	+1.437e+03	+6.891e+03	+0.219
19.400	+5.433e+03	+2.079e+03	+7.140e+03	+0.277
19.600	+5.037e+03	+1.431e+03	+7.000e+03	+0.221
19.800	+7.204e+03	+1.833e+03	+8.571e+03	+0.203
20.000	+3.307e+03	+2.222e+03	+7.388e+03	+0.402
20.200	+4.845e+03	+1.007e+03	+5.869e+03	+0.172
20.400	+5.620e+03	+2.275e+03	+5.318e+03	+0.288
20.600	+6.112e+03	+1.702e+03	+9.634e+03	+0.218
20.800	+4.012e+03	+1.930e+03	+7.264e+03	+0.325
21.000	+5.839e+03	+1.598e+03	+6.250e+03	+0.215
21.200	+6.036e+03	+1.874e+03	+8.015e+03	+0.237
21.400	+4.717e+03	+2.260e+03	+6.040e+03	+0.324
21.600	+4.331e+03	+1.637e+03	+7.740e+03	+0.274
21.800	+4.884e+03	+1.516e+03	+5.751e+03	+0.237
22.000	+5.140e+03	+1.650e+03	+7.584e+03	+0.243
22.200	+5.931e+03	+1.491e+03	+8.292e+03	+0.201
22.400	+7.975e+03	+3.041e+03	+7.216e+03	+0.276
22.600	+4.591e+03	+2.018e+03	+6.727e+03	+0.305
22.800	+4.711e+03	+1.593e+03	+7.535e+03	+0.253
23.000	+6.216e+03	+2.237e+03	+7.731e+03	+0.265
23.200	+5.018e+03	+1.210e+03	+8.528e+03	+0.194
23.400	+6.503e+03	+2.355e+03	+5.620e+03	+0.266
23.600	+6.264e+03	+2.681e+03	+5.278e+03	+0.300
23.800	+6.990e+03	+1.139e+03	+8.171e+03	+0.140
24.000	+5.074e+03	+1.320e+03	+8.694e+03	+0.206
24.200	+5.602e+03	+2.291e+03	+8.280e+03	+0.290
24.400	+6.312e+03	+3.538e+03	+6.576e+03	+0.359
24.600	+4.565e+03	+8.818e+02	+6.729e+03	+0.162
24.800	+5.229e+03	+1.820e+03	+7.421e+03	+0.258
25.000	+2.740e+03	+4.682e+03	+7.574e+03	+0.631
25.200	+2.277e+03	+5.924e+03	+7.025e+03	+0.722
25.400	+2.397e+03	+6.030e+03	+7.155e+03	+0.716
25.600	+2.873e+03	+6.532e+03	+7.088e+03	+0.694
25.800	+9.867e+02	+5.135e+03	+9.017e+03	+0.839
26.000	+1.850e+03	+4.349e+03	+6.046e+03	+0.702
26.200	+2.084e+03	+5.112e+03	+6.481e+03	+0.710
26.400	+2.833e+03	+5.524e+03	+8.094e+03	+0.661
26.600	+7.973e+02	+5.324e+03	+7.688e+03	+0.870
26.800	+2.029e+03	+5.998e+03	+8.090e+03	+0.747
27.000	+1.395e+03	+6.178e+03	+4.408e+03	+0.816
27.200	+1.641e+03	+5.234e+03	+7.307e+03	+0.761
27.400	+3.139e+03	+4.314e+03	+5.860e+03	+0.579
27.600	+1.672e+03	+4.686e+03	+8.118e+03	+0.737
27.800	+1.915e+03	+5.663e+03	+5.095e+03	+0.747
28.000	+2.043e+03	+5.373e+03	+6.294e+03	+0.724
28.200	+1.956e+03	+5.106e+03	+7.721e+03	+0.723
28.400	+3.330e+03	+5.126e+03	+8.260e+03	+0.606
28.600	+2.424e+03	+5.800e+03	+5.503e+03	+0.705
28.800	+2.021e+03	+4.222e+03	+6.761e+03	+0.676
29.000	+1.696e+03	+5.193e+03	+8.810e+03	+0.754
29.200	+1.417e+03	+5.033e+03	+5.801e+03	+0.780
29.400	+7.221e+02	+5.216e+03	+5.863e+03	+0.878
29.600	+2.312e+03	+5.101e+03	+7.755e+03	+0.688
29.800	+1.336e+03	+6.154e+03	+5.792e+03	+0.822
30.000	+2.502e+03	+4.927e+03	+7.117e+03	+0.663
30.200	+2.006e+03	+5.480e+03	+7.022e+03	+0.732
30.400	+1.921e+03	+7.057e+03	+6.350e+03	+0.786
30.600	+2.231e+03	+4.858e+03	+8.349e+03	+0.685
30.800	+2.088e+03	+4.520e+03	+7.019e+03	+0.684
31.000	+2.979e+03	+4.713e+03	+5.634e+03	+0.613
31.200	+2.874e+03	+3.525e+03	+5.853e+03	+0.551
31.400	+1.724e+03	+5.702e+03	+7.001e+03	+0.768
31.600	+2.282e+03	+5.278e+03	+6.181e+03	+0.698
31.800	+1.681e+03	+5.346e+03	+6.967e+03	+0.761
32.000	+2.853e+03	+4.612e+03	+7.881e+03	+0.618
32.200	+2.927e+03	+5.482e+03	+7.856e+03	+0.652
32.400	+1.504e+03	+5.919e+03	+7.375e+03	+0.797
32.600	+1.222e+03	+4.678e+03	+7.824e+03	+0.793
32.800	+2.068e+03	+5.386e+03	+6.917e+03	+0.723
33.000	+2.828e+03	+5.420e+03	+7.935e+03	+0.657
33.200	+1.415e+03	+4.651e+03	+6.999e+03	+0.767
33.400	+1.977e+03	+6.044e+03	+8.614e+03	+0.753
33.600	+1.974e+03	+4.559e+03	+7.710e+03	+0.698
33.800	+3.093e+03	+5.901e+03	+5.930e+03	+0.656
34.000	+1.603e+03	+5.557e+03	+7.637e+03	+0.776
34.200	+2.532e+03	+5.401e+03	+8.224e+03	+0.681
34.400	+2.425e+03	+4.370e+03	+6.803e+03	+0.643
34.600	+3.986e+03	+2.137e+03	+6.831e+03	+0.349
34.800	+4.520e+03	+1.790e+03	+7.669e+03	+0.284
35.000	+5.633e+03	+2.582e+03	+4.954e+03	+0.314
35.200	+3.964e+03	+2.926e+03	+7.905e+03	+0.425
35.400	+5.966e+03	+1.581e+03	+6.789e+03	+0.209
35.600	+5.657e+03	+1.262e+03	+6.848e+03	+0.182
35.800	+5.589e+03	+3.111e+03	+9.837e+03	+0.358
36.000	+5.769e+03	+1.495e+03	+8.324e+03	+0.206
36.200	+5.408e+03	+1.763e+03	+6.626e+03	+0.246
36.400	+5.465e+03	+1.534e+03	+6.428e+03	+0.219
36.600	+5.952e+03	+2.131e+03	+6.847e+03	+0.264
36.800	+5.752e+03	+2.175e+03	+6.552e+03	+0.274
37.000	+4.218e+03	+2.187e+03	+7.659e+03	+0.341
37.200	+5.983e+03	+9.515e+02	+5.740e+03	+0.137
37.400	+5.011e+03	+2.246e+03	+6.262e+03	+0.310
37.600	+5.149e+03	+7.060e+02	+8.459e+03	+0.121
37.800	+3.900e+03	+1.395e+03	+7.843e+03	+0.263
38.000	+3.782e+03	+1.860e+03	+8.220e+03	+0.330
38.200	+4.312e+03	+2.583e+03	+8.501e+03	+0.375
38.400	+4.927e+03	+1.911e+03	+7.098e+03	+0.279
38.600	+5.998e+03	+1.030e+03	+7.251e+03	+0.147
38.800	+5.458e+03	+1.307e+03	+8.258e+03	+0.193
39.000	+6.831e+03	+1.977e+03	+6.254e+03	+0.224
39.200	+4.143e+03	+1.258e+03	+8.569e+03	+0.233
39.400	+7.709e+03	+1.662e+03	+9.060e+03	+0.177
39.600	+4.779e+03	+2.202e+03	+7.445e+03	+0.315
39.800	+5.637e+03	+1.555e+03	+6.317e+03	+0.216
40.000	+7.062e+03	+8.894e+02	+6.794e+03	+0.112
40.200	+4.701e+03	+2.289e+03	+7.533e+03	+0.327
40.400	+4.998e+03	+2.107e+03	+8.357e+03	+0.297
40.600	+5.039e+03	+1.960e+03	+7.246e+03	+0.280
40.800	+6.618e+03	+1.275e+03	+7.147e+03	+0.162
41.000	+5.702e+03	+2.515e+03	+7.268e+03	+0.306
41.200	+4.215e+03	+2.157e+03	+7.361e+03	+0.338
41.400	+5.431e+03	+1.608e+03	+7.851e+03	+0.228
41.600	+5.344e+03	+9.715e+02	+7.283e+03	+0.154
41.800	+6.083e+03	+1.813e+03	+5.782e+03	+0.230
42.000	+4.371e+03	+2.435e+03	+7.409e+03	+0.358
42.200	+5.854e+03	+2.996e+03	+6.987e+03	+0.339
42.400	+5.998e+03	+1.509e+03	+8.262e+03	+0.201
42.600	+5.703e+03	+1.057e+03	+4.999e+03	+0.156
42.800	+6.069e+03	+1.786e+03	+7.279e+03	+0.227
43.000	+7.114e+03	+1.267e+03	+8.307e+03	+0.151
43.200	+5.815e+03	+1.548e+03	+8.539e+03	+0.210
43.400	+6.559e+03	+2.703e+03	+7.411e+03	+0.292
43.600	+2.023e+03	+5.091e+03	+6.810e+03	+0.716
43.800	+1.357e+03	+5.706e+03	+5.799e+03	+0.808
44.000	+3.301e+03	+5.454e+03	+6.998e+03	+0.623
44.200	+3.106e+03	+4.810e+03	+7.068e+03	+0.608
44.400	+3.222e+03	+3.905e+03	+6.024e+03	+0.548
44.600	+2.404e+03	+4.663e+03	+7.793e+03	+0.660
44.800	+2.320e+03	+5.144e+03	+8.983e+03	+0.689
45.000	+1.364e+03	+4.999e+03	+8.120e+03	+0.786
45.200	+1.201e+03	+6.370e+03	+8.163e+03	+0.841
45.400	+3.049e+03	+4.660e+03	+8.092e+03	+0.604
45.600	+3.079e+03	+5.051e+03	+6.574e+03	+0.621
45.800	+2.893e+03	+5.692e+03	+6.434e+03	+0.663
46.000	+3.384e+03	+6.394e+03	+7.239e+03	+0.654
46.200	+1.273e+03	+6.160e+03	+5.002e+03	+0.829
46.400	+1.900e+03	+4.112e+03	+5.916e+03	+0.684
46.600	+1.065e+03	+5.171e+03	+7.087e+03	+0.829
46.800	+2.419e+03	+5.499e+03	+6.803e+03	+0.694
47.000	+1.762e+03	+3.992e+03	+6.125e+03	+0.694
47.200	+1.508e+03	+5.687e+03	+5.411e+03	+0.790
47.400	+2.282e+03	+5.962e+03	+8.107e+03	+0.723
47.600	+4.383e+03	+3.546e+03	+7.019e+03	+0.447
47.800	+5.471e+03	+8.539e+02	+6.878e+03	+0.135
48.000	+6.038e+03	+1.188e+03	+6.579e+03	+0.164
48.200	+4.761e+03	+1.945e+03	+6.181e+03	+0.290
48.400	+7.235e+03	+1.047e+03	+8.900e+03	+0.126
48.600	+5.421e+03	+2.534e+03	+7.513e+03	+0.319
48.800	+4.975e+03	+2.046e+03	+8.653e+03	+0.291
49.000	+4.141e+03	+1.558e+03	+6.763e+03	+0.273
49.200	+4.421e+03	+1.800e+03	+7.803e+03	+0.289
49.400	+6.920e+03	+1.707e+03	+8.254e+03	+0.198
49.600	+6.470e+03	+8.561e+02	+8.601e+03	+0.117
49.800	+5.812e+03	+2.185e+03	+8.236e+03	+0.273
50.000	+4.448e+03	+2.097e+03	+5.128e+03	+0.320
50.200	+3.760e+03	+2.589e+03	+8.537e+03	+0.408
50.400	+4.288e+03	+3.165e+03	+6.401e+03	+0.425
50.600	+5.622e+03	+2.059e+03	+6.224e+03	+0.268
50.800	+4.914e+03	+6.823e+02	+7.471e+03	+0.122
51.000	+5.090e+03	+1.540e+03	+7.413e+03	+0.232
51.200	+5.180e+03	+1.972e+03	+8.778e+03	+0.276
51.400	+5.722e+03	+5.058e+02	+6.890e+03	+0.081
51.600	+5.546e+03	+1.487e+03	+7.744e+03	+0.211
51.800	+6.906e+03	+9.703e+02	+9.062e+03	+0.123
52.000	+7.606e+03	+1.632e+03	+8.353e+03	+0.177
52.200	+6.243e+03	+2.203e+03	+6.366e+03	+0.261
52.400	+3.671e+03	+1.833e+03	+6.502e+03	+0.333
52.600	+6.904e+03	+2.356e+03	+7.084e+03	+0.254
52.800	+6.840e+03	+1.169e+03	+5.920e+03	+0.146
53.000	+7.692e+03	+1.119e+03	+8.076e+03	+0.127
53.200	+6.057e+03	+2.260e+03	+7.563e+03	+0.272
53.400	+5.777e+03	+1.547e+03	+8.656e+03	+0.211
53.600	+6.716e+03	+4.696e+02	+6.704e+03	+0.065
53.800	+6.149e+03	+1.268e+03	+7.075e+03	+0.171
54.000	+6.431e+03	+2.429e+03	+8.061e+03	+0.274
54.200	+6.349e+03	+9.986e+02	+5.183e+03	+0.136
54.400	+3.631e+03	+1.701e+03	+6.977e+03	+0.319
54.600	+6.529e+03	+1.955e+03	+4.909e+03	+0.230
54.800	+6.674e+03	+1.626e+03	+7.805e+03	+0.196
55.000	+4.584e+03	+1.348e+03	+7.168e+03	+0.227
55.200	+4.591e+03	+1.038e+03	+6.868e+03	+0.184
55.400	+5.646e+03	+1.474e+03	+6.640e+03	+0.207
55.600	+5.089e+03	+2.072e+03	+9.353e+03	+0.289
55.800	+5.553e+03	+2.108e+03	+7.245e+03	+0.275
56.000	+5.483e+03	+1.441e+03	+9.440e+03	+0.208
56.200	+4.643e+03	+1.880e+03	+5.742e+03	+0.288
56.400	+7.045e+03	+4.201e+03	+9.173e+03	+0.374
56.600	+4.392e+03	+1.351e+03	+7.273e+03	+0.235
56.800	+4.360e+03	+1.231e+03	+5.941e+03	+0.220
57.000	+5.646e+03	+1.829e+03	+8.731e+03	+0.245
57.200	+4.542e+03	+1.991e+03	+7.563e+03	+0.305
57.400	+5.452e+03	+2.734e+03	+7.533e+03	+0.334
57.600	+5.130e+03	+1.611e+03	+7.988e+03	+0.239
57.800	+7.044e+03	+1.320e+03	+7.368e+03	+0.158
58.000	+4.926e+03	+1.668e+03	+8.390e+03	+0.253
58.200	+5.040e+03	+2.567e+03	+6.982e+03	+0.337
58.400	+5.720e+03	+1.045e+03	+6.500e+03	+0.154
58.600	+4.321e+03	+1.397e+03	+5.976e+03	+0.244
58.800	+5.960e+03	+7.229e+02	+5.937e+03	+0.108
59.000	+6.583e+03	+1.784e+03	+8.088e+03	+0.213
59.200	+5.570e+03	+2.493e+03	+7.392e+03	+0.309
59.400	+5.006e+03	-1.918e+02	+6.275e+03	-0.040
59.600	+5.434e+03	+2.672e+03	+7.208e+03	+0.330
59.800	+4.806e+03	+1.855e+03	+6.015e+03	+0.278
60.000	+8.425e+03	+1.146e+03	+6.901e+03	+0.120
60.200	+5.161e+03	+2.823e+03	+7.404e+03	+0.354
60.400	+4.129e+03	+7.216e+02	+6.633e+03	+0.149
60.600	+5.118e+03	+1.693e+03	+8.592e+03	+0.249
60.800	+5.273e+03	+3.215e+03	+6.582e+03	+0.379
61.000	+2.031e+03	+6.108e+03	+7.896e+03	+0.750
61.200	+2.257e+03	+5.340e+03	+7.343e+03	+0.703
61.400	+3.513e+03	+5.695e+03	+7.073e+03	+0.619
61.600	+1.037e+03	+6.741e+03	+6.828e+03	+0.867
61.800	+1.615e+03	+5.748e+03	+8.100e+03	+0.781
62.000	+2.052e+03	+5.143e+03	+7.710e+03	+0.715
62.200	+3.174e+03	+5.972e+03	+7.855e+03	+0.653
62.400	+3.013e+03	+4.892e+03	+5.169e+03	+0.619
62.600	+2.178e+03	+5.485e+03	+8.646e+03	+0.716
62.800	+1.206e+03	+5.532e+03	+7.627e+03	+0.821
63.000	+2.215e+03	+5.688e+03	+7.089e+03	+0.720
63.200	+2.692e+03	+6.602e+03	+7.327e+03	+0.710
63.400	+1.894e+03	+4.798e+03	+5.761e+03	+0.717
63.600	+2.092e+03	+3.452e+03	+7.713e+03	+0.623
63.800	+2.920e+03	+5.265e+03	+8.550e+03	+0.643
64.000	+2.681e+03	+5.185e+03	+8.363e+03	+0.659
64.200	+3.944e+02	+4.722e+03	+6.378e+03	+0.923
64.400	+1.369e+03	+6.064e+03	+8.198e+03	+0.816
64.600	+2.406e+03	+3.378e+03	+5.726e+03	+0.584
64.800	+1.726e+03	+5.835e+03	+7.256e+03	+0.772
65.000	+2.155e+03	+5.655e+03	+7.744e+03	+0.724
65.200	+9.658e+02	+5.899e+03	+7.383e+03	+0.859
65.400	+1.842e+03	+4.927e+03	+9.787e+03	+0.728
65.600	+1.607e+03	+5.582e+03	+6.551e+03	+0.776
65.800	+1.584e+03	+5.506e+03	+9.425e+03	+0.777
66.000	+3.529e+03	+5.749e+03	+6.253e+03	+0.620
66.200	+1.174e+03	+4.650e+03	+6.216e+03	+0.798
66.400	+5.039e+01	+5.250e+03	+7.062e+03	+0.990
66.600	+1.881e+03	+5.366e+03	+6.588e+03	+0.740
66.800	+1.192e+03	+5.614e+03	+7.263e+03	+0.825
67.000	+1.112e+03	+5.098e+03	+6.564e+03	+0.821
67.200	+1.702e+03	+3.630e+03	+5.583e+03	+0.681
67.400	+1.321e+03	+7.021e+03	+4.847e+03	+0.842
67.600	+1.861e+03	+3.089e+03	+6.330e+03	+0.624
67.800	+1.550e+03	+5.205e+03	+6.995e+03	+0.771
68.000	+4.187e+03	+1.387e+03	+7.890e+03	+0.249
68.200	+5.323e+03	+1.016e+03	+8.318e+03	+0.160
68.400	+6.275e+03	+2.329e+03	+8.020e+03	+0.271
68.600	+5.487e+03	+1.464e+03	+7.446e+03	+0.211
68.800	+5.765e+03	+9.813e+02	+7.459e+03	+0.145
69.000	+4.160e+03	+2.649e+03	+6.621e+03	+0.389
69.200	+5.419e+03	+1.591e+03	+6.486e+03	+0.227
69.400	+6.292e+03	+1.537e+03	+9.090e+03	+0.196
69.600	+5.401e+03	+1.843e+03	+6.637e+03	+0.254
69.800	+4.620e+03	+1.414e+03	+7.228e+03	+0.234
70.000	+5.627e+03	+2.790e+03	+9.046e+03	+0.332
70.200	+5.571e+03	+1.158e+03	+6.211e+03	+0.172
70.400	+6.710e+03	+9.213e+02	+6.638e+03	+0.121
70.600	+7.313e+03	+6.007e+02	+7.747e+03	+0.076
70.800	+4.340e+03	+2.128e+03	+6.589e+03	+0.329
71.000	+6.400e+03	+1.060e+03	+7.421e+03	+0.142
71.200	+4.354e+03	+1.359e+03	+6.044e+03	+0.238
71.400	+7.720e+03	+1.496e+03	+8.539e+03	+0.162
71.600	+5.980e+03	+1.350e+03	+7.216e+03	+0.184
71.800	+4.787e+03	+1.139e+03	+6.444e+03	+0.192
72.000	+5.766e+03	+2.010e+03	+6.536e+03	+0.258
72.200	+4.824e+03	+2.045e+03	+6.345e+03	+0.298
72.400	+5.328e+03	+1.666e+03	+7.691e+03	+0.238
72.600	+5.949e+03	+1.851e+03	+6.748e+03	+0.237
72.800	+7.186e+03	+2.695e+03	+8.789e+03	+0.273
73.000	+6.472e+03	+6.500e+02	+8.779e+03	+0.091
73.200	+6.221e+03	+1.908e+03	+8.176e+03	+0.235
73.400	+7.152e+03	+1.877e+03	+7.721e+03	+0.208
73.600	+4.123e+03	+1.035e+03	+7.912e+03	+0.201
73.800	+6.105e+03	+2.419e+03	+9.517e+03	+0.284
74.000	+7.421e+03	+1.759e+03	+8.339e+03	+0.192
74.200	+6.012e+03	+1.926e+03	+6.840e+03	+0.243
74.400	+4.663e+03	+1.060e+03	+6.974e+03	+0.185
74.600	+5.279e+03	+2.436e+03	+8.818e+03	+0.316
74.800	+7.714e+03	+1.534e+03	+7.607e+03	+0.166
75.000	+4.507e+03	+2.135e+03	+7.393e+03	+0.321
75.200	+4.584e+03	+2.033e+03	+7.464e+03	+0.307
75.400	+6.601e+03	+1.359e+03	+6.428e+03	+0.171
75.600	+6.005e+03	+1.541e+03	+8.091e+03	+0.204
75.800	+4.592e+03	+1.903e+03	+6.855e+03	+0.293
76.000	+4.801e+03	+1.724e+03	+7.962e+03	+0.264
76.200	+3.833e+03	+3.473e+03	+6.971e+03	+0.475
76.400	+1.902e+03	+4.506e+03	+5.042e+03	+0.703
76.600	+1.741e+03	+6.049e+03	+6.749e+03	+0.777
76.800	+5.435e+02	+5.627e+03	+7.519e+03	+0.912
77.000	+1.758e+03	+5.838e+03	+7.223e+03	+0.769
77.200	+2.194e+03	+5.353e+03	+8.756e+03	+0.709
77.400	+1.085e+03	+5.983e+03	+7.380e+03	+0.846
77.600	+2.688e+03	+6.509e+03	+8.699e+03	+0.708
77.800	+3.304e+03	+5.246e+03	+7.432e+03	+0.614
78.000	+1.815e+03	+5.025e+03	+6.595e+03	+0.735
78.200	+1.818e+03	+4.432e+03	+6.679e+03	+0.709
78.400	+2.096e+03	+6.511e+03	+8.000e+03	+0.756
78.600	+1.560e+03	+4.375e+03	+7.637e+03	+0.737
78.800	+1.252e+03	+4.049e+03	+6.547e+03	+0.764
79.000	+1.382e+03	+5.903e+03	+7.589e+03	+0.810
79.200	+1.344e+03	+5.414e+03	+6.980e+03	+0.801
79.400	+1.747e+03	+6.202e+03	+6.585e+03	+0.780
79.600	+2.521e+03	+4.947e+03	+6.780e+03	+0.662
79.800	+1.745e+03	+4.725e+03	+8.522e+03	+0.730
80.000	+3.176e+03	+6.320e+03	+7.780e+03	+0.666
80.200	+2.496e+03	+4.508e+03	+6.651e+03	+0.644
80.400	+2.113e+03	+4.421e+03	+6.888e+03	+0.677
80.600	+2.141e+03	+4.228e+03	+8.725e+03	+0.664
80.800	+2.473e+03	+6.173e+03	+8.375e+03	+0.714
81.000	+2.276e+03	+4.134e+03	+7.052e+03	+0.645
81.200	+1.780e+03	+6.130e+03	+8.546e+03	+0.775
81.400	+2.116e+03	+5.133e+03	+5.434e+03	+0.708
81.600	+2.371e+03	+5.097e+03	+5.769e+03	+0.682
81.800	+1.916e+03	+6.900e+03	+6.614e+03	+0.783
82.000	+2.190e+03	+5.923e+03	+7.250e+03	+0.730
82.200	+3.566e+03	+4.040e+03	+8.070e+03	+0.531
82.400	+2.799e+03	+4.571e+03	+6.404e+03	+0.620
82.600	+1.554e+03	+6.258e+03	+6.614e+03	+0.801
82.800	+2.375e+03	+4.239e+03	+7.195e+03	+0.641
83.000	+1.949e+03	+5.933e+03	+8.533e+03	+0.753
83.200	+2.346e+03	+4.702e+03	+6.243e+03	+0.667
83.400	+1.999e+03	+5.130e+03	+7.303e+03	+0.720
83.600	+1.490e+03	+6.226e+03	+7.224e+03	+0.807
83.800	+1.725e+03	+4.576e+03	+7.799e+03	+0.726
84.000	+3.187e+03	+4.644e+03	+6.927e+03	+0.593
84.200	+8.917e+02	+4.942e+03	+9.420e+03	+0.847
84.400	+3.202e+03	+5.768e+03	+5.803e+03	+0.643
84.600	+2.253e+03	+4.789e+03	+6.732e+03	+0.680
84.800	+1.451e+03	+5.362e+03	+7.173e+03	+0.787
85.000	+2.280e+03	+6.420e+03	+7.911e+03	+0.738
85.200	+9.703e+02	+6.061e+03	+5.413e+03	+0.862
85.400	+1.076e+03	+4.411e+03	+7.519e+03	+0.804
85.600	+2.374e+02	+5.051e+03	+4.996e+03	+0.955
85.800	+1.359e+03	+4.413e+03	+6.467e+03	+0.765
86.000	+1.747e+03	+4.811e+03	+6.052e+03	+0.734
86.200	+4.450e+02	+6.862e+03	+8.316e+03	+0.939
86.400	+2.529e+03	+3.744e+03	+8.499e+03	+0.597
86.600	+1.521e+03	+4.757e+03	+8.233e+03	+0.758
86.800	+2.242e+03	+5.704e+03	+6.727e+03	+0.718
87.000	+1.297e+03	+5.795e+03	+7.350e+03	+0.817
87.200	+1.423e+03	+6.861e+03	+8.676e+03	+0.828
87.400	+1.684e+03	+4.298e+03	+5.888e+03	+0.718
87.600	+1.335e+03	+5.096e+03	+6.301e+03	+0.792
87.800	+1.362e+03	+2.756e+03	+6.997e+03	+0.669
88.000	+5.113e+02	+4.040e+03	+9.438e+03	+0.888
88.200	+4.015e+03	+2.851e+03	+6.372e+03	+0.415
88.400	+4.493e+03	+1.973e+03	+7.294e+03	+0.305
88.600	+5.583e+03	+2.108e+03	+7.616e+03	+0.274
88.800	+6.714e+03	+8.682e+02	+8.018e+03	+0.115
89.000	+5.484e+03	+1.825e+03	+7.588e+03	+0.250
89.200	+5.341e+03	+1.724e+03	+8.962e+03	+0.244
89.400	+5.887e+03	+8.887e+02	+8.505e+03	+0.131
89.600	+5.497e+03	+3.352e+03	+6.354e+03	+0.379
89.800	+4.367e+03	+2.083e+03	+8.754e+03	+0.323
90.000	+4.580e+03	+2.068e+03	+6.803e+03	+0.311
90.200	+8.005e+03	+1.089e+03	+5.881e+03	+0.120
90.400	+5.849e+03	+2.370e+03	+9.806e+03	+0.288
90.600	+7.485e+03	+3.347e+03	+5.556e+03	+0.309
90.800	+6.032e+03	+1.673e+03	+7.624e+03	+0.217
91.000	+2.289e+03	+6.455e+03	+6.360e+03	+0.738
91.200	+2.278e+03	+5.358e+03	+6.504e+03	+0.702
91.400	+2.261e+03	+5.880e+03	+6.035e+03	+0.722
91.600	+2.220e+03	+5.877e+03	+7.675e+03	+0.726
91.800	+9.806e+02	+4.656e+03	+7.204e+03	+0.826
92.000	+2.172e+03	+5.866e+03	+5.361e+03	+0.730
92.200	+2.509e+03	+5.403e+03	+6.762e+03	+0.683
92.400	+2.172e+03	+4.914e+03	+6.595e+03	+0.693
92.600	+1.120e+03	+4.587e+03	+8.024e+03	+0.804
92.800	+3.065e+03	+5.986e+03	+6.697e+03	+0.661
93.000	+2.413e+03	+5.362e+03	+7.366e+03	+0.690
93.200	+5.032e+02	+7.319e+03	+7.548e+03	+0.936
93.400	+3.508e+03	+5.326e+03	+8.291e+03	+0.603
93.600	+1.958e+03	+4.058e+03	+7.436e+03	+0.675
93.800	+1.812e+03	+5.308e+03	+7.509e+03	+0.746
94.000	+1.864e+03	+4.683e+03	+7.915e+03	+0.715
94.200	+3.185e+03	+4.667e+03	+6.486e+03	+0.594
94.400	+2.933e+03	+5.756e+03	+8.462e+03	+0.662
94.600	+2.259e+03	+4.555e+03	+8.302e+03	+0.668
94.800	+2.053e+03	+6.395e+03	+7.416e+03	+0.757
95.000	+1.449e+03	+5.544e+03	+5.756e+03	+0.793
95.200	+1.320e+03	+5.546e+03	+5.559e+03	+0.808
95.400	+4.430e+03	+3.281e+03	+8.091e+03	+0.426
95.600	+6.363e+03	+1.613e+03	+6.919e+03	+0.202
95.800	+4.844e+03	+1.883e+03	+8.671e+03	+0.280
96.000	+4.544e+03	+1.950e+03	+8.380e+03	+0.300
96.200	+5.800e+03	+2.414e+03	+4.521e+03	+0.294
96.400	+6.336e+03	+2.261e+03	+9.074e+03	+0.263
96.600	+5.288e+03	+1.446e+03	+6.416e+03	+0.215
96.800	+5.062e+03	+2.140e+03	+8.077e+03	+0.297
97.000	+4.677e+03	+1.127e+03	+7.176e+03	+0.194
97.200	+5.131e+03	+1.290e+03	+6.731e+03	+0.201
97.400	+6.521e+03	+1.903e+03	+5.924e+03	+0.226
97.600	+5.101e+03	+1.882e+03	+6.986e+03	+0.270
97.800	+5.636e+03	+1.346e+03	+7.879e+03	+0.193
98.000	+6.085e+03	+1.467e+03	+6.656e+03	+0.194
98.200	+5.646e+03	+3.051e+03	+5.896e+03	+0.351
98.400	+4.899e+03	+2.042e+03	+7.654e+03	+0.294
98.600	+6.401e+03	+1.233e+03	+5.692e+03	+0.162
98.800	+4.842e+03	+2.214e+03	+6.035e+03	+0.314
99.000	+3.714e+03	+2.773e+03	+8.259e+03	+0.427
99.200	+4.755e+03	+1.868e+03	+8.401e+03	+0.282
99.400	+6.949e+03	+2.539e+03	+8.789e+03	+0.268
99.600	+5.285e+03	+1.769e+03	+6.112e+03	+0.251
99.800	+6.396e+03	+8.624e+02	+7.860e+03	+0.119
100.000	+4.696e+03	+1.619e+03	+6.020e+03	+0.256
100.200	+5.379e+03	+2.251e+03	+7.352e+03	+0.295
100.400	+4.851e+03	+1.966e+03	+7.062e+03	+0.288
100.600	+5.843e+03	+1.371e+03	+9.557e+03	+0.190
100.800	+4.963e+03	+8.759e+02	+6.354e+03	+0.150
101.000	+5.713e+03	+1.364e+03	+6.658e+03	+0.193
101.200	+6.835e+03	+1.568e+03	+9.569e+03	+0.187
101.400	+5.621e+03	+1.006e+03	+7.480e+03	+0.152
101.600	+4.366e+03	+1.281e+03	+7.194e+03	+0.227
101.800	+5.046e+03	+2.344e+03	+7.560e+03	+0.317
102.000	+4.826e+03	+7.759e+02	+8.135e+03	+0.139
102.200	+4.383e+03	+9.093e+02	+8.264e+03	+0.172
102.400	+6.774e+03	+1.435e+03	+5.414e+03	+0.175
102.600	+6.197e+03	+1.140e+03	+6.438e+03	+0.155
102.800	+7.256e+03	+1.648e+03	+8.232e+03	+0.185
103.000	+5.159e+03	+2.295e+03	+7.316e+03	+0.308
103.200	+5.891e+03	+1.696e+03	+7.468e+03	+0.224
103.400	+5.006e+03	+1.287e+03	+7.644e+03	+0.204
103.600	+5.141e+03	+1.393e+03	+6.700e+03	+0.213
103.800	+4.685e+03	+2.285e+03	+7.220e+03	+0.328
104.000	+3.391e+03	+1.853e+03	+6.366e+03	+0.353
104.200	+4.859e+03	+1.152e+03	+8.085e+03	+0.192
104.400	+5.715e+03	+2.158e+03	+8.220e+03	+0.274
104.600	+7.606e+02	+4.609e+03	+6.835e+03	+0.858
104.800	+2.481e+03	+6.247e+03	+6.274e+03	+0.716
105.000	+2.894e+03	+4.039e+03	+8.940e+03	+0.583
105.200	+2.267e+03	+4.852e+03	+8.122e+03	+0.682
105.400	+1.127e+03	+6.900e+03	+6.413e+03	+0.860
105.600	+1.852e+03	+5.105e+03	+6.204e+03	+0.734
105.800	+3.488e+03	+6.512e+03	+8.116e+03	+0.651
106.000	+3.048e+03	+4.939e+03	+7.247e+03	+0.618
106.200	+2.339e+03	+5.078e+03	+7.201e+03	+0.685
106.400	+2.234e+03	+4.967e+03	+7.134e+03	+0.690
106.600	+1.429e+03	+5.350e+03	+5.625e+03	+0.789
106.800	+1.986e+03	+5.376e+03	+7.090e+03	+0.730
107.000	+1.674e+03	+6.088e+03	+7.311e+03	+0.784
107.200	+2.427e+03	+5.264e+03	+6.247e+03	+0.684
107.400	+2.283e+03	+3.894e+03	+8.164e+03	+0.630
107.600	+2.339e+03	+4.547e+03	+6.774e+03	+0.660
107.800	+2.391e+03	+4.786e+03	+6.748e+03	+0.667
108.000	+2.273e+03	+6.255e+03	+9.012e+03	+0.733
108.200	+2.853e+03	+3.906e+03	+8.397e+03	+0.578
108.400	+4.459e+03	+8.621e+02	+6.830e+03	+0.162
108.600	+4.684e+03	+3.049e+03	+8.306e+03	+0.394
108.800	+5.869e+03	+1.638e+03	+8.651e+03	+0.218
109.000	+5.086e+03	+1.391e+03	+9.064e+03	+0.215
109.200	+3.970e+03	+2.391e+03	+6.313e+03	+0.376
109.400	+5.629e+03	+2.093e+03	+7.995e+03	+0.271
109.600	+1.740e+03	+6.087e+03	+7.276e+03	+0.778
109.800	+7.580e+02	+4.672e+03	+8.025e+03	+0.860
110.000	+2.888e+03	+5.820e+03	+7.076e+03	+0.668
110.200	+2.863e+03	+3.433e+03	+5.531e+03	+0.545
110.400	+3.472e+03	+5.287e+03	+7.813e+03	+0.604
110.600	+1.744e+03	+7.239e+03	+5.928e+03	+0.806
110.800	+2.109e+03	+5.040e+03	+7.684e+03	+0.705
111.000	+1.581e+03	+5.886e+03	+8.126e+03	+0.788
111.200	+4.012e+03	+2.659e+03	+7.923e+03	+0.399
111.400	+4.877e+03	+1.314e+03	+6.583e+03	+0.212
111.600	+5.003e+03	+1.763e+03	+9.789e+03	+0.261
111.800	+5.724e+03	+2.104e+03	+6.234e+03	+0.269
112.000	+6.374e+03	+1.408e+03	+7.177e+03	+0.181
112.200	+4.441e+03	+2.005e+03	+6.377e+03	+0.311
112.400	+3.111e+03	+1.846e+03	+6.577e+03	+0.372
112.600	+5.271e+03	+2.374e+03	+5.773e+03	+0.311
112.800	+4.625e+03	+1.878e+03	+6.617e+03	+0.289
113.000	+5.292e+03	+1.232e+03	+6.714e+03	+0.189
113.200	+5.833e+03	+2.118e+03	+7.846e+03	+0.266
113.400	+4.900e+03	+4.673e+02	+5.842e+03	+0.087
113.600	+6.397e+03	+1.794e+03	+7.303e+03	+0.219
113.800	+6.038e+03	+1.351e+03	+5.002e+03	+0.183
114.000	+5.862e+03	+7.207e+02	+6.085e+03	+0.109
114.200	+5.316e+03	+2.396e+03	+7.898e+03	+0.311
114.400	+6.333e+03	+2.722e+03	+7.449e+03	+0.301
114.600	+3.311e+03	+2.762e+03	+6.495e+03	+0.455
114.800	+5.675e+03	+2.330e+03	+7.711e+03	+0.291
115.000	+5.521e+03	+1.955e+03	+7.381e+03	+0.261
115.200	+5.032e+03	+7.640e+02	+7.332e+03	+0.132
115.400	+5.718e+03	+3.329e+03	+6.122e+03	+0.368
115.600	+5.820e+03	+2.837e+03	+4.788e+03	+0.328
115.800	+6.775e+03	+1.538e+03	+7.718e+03	+0.185
116.000	+6.013e+03	+1.069e+03	+8.223e+03	+0.151
116.200	+4.088e+03	+1.584e+03	+7.775e+03	+0.279
116.400	+5.166e+03	+1.127e+03	+9.472e+03	+0.179
116.600	+5.482e+03	+1.764e+03	+9.068e+03	+0.243
116.800	+5.394e+03	+2.363e+03	+7.498e+03	+0.305
117.000	+5.567e+03	+2.177e+03	+6.899e+03	+0.281
117.200	+5.384e+03	+1.110e+03	+6.334e+03	+0.171
117.400	+6.377e+03	+2.210e+03	+5.792e+03	+0.257
117.600	+5.685e+03	+2.354e+03	+7.553e+03	+0.293
117.800	+5.400e+03	+1.423e+03	+8.905e+03	+0.209
118.000	+5.713e+03	+1.265e+03	+9.708e+03	+0.181
118.200	+6.354e+03	+1.055e+03	+5.971e+03	+0.142
118.400	+5.181e+03	+1.804e+03	+8.677e+03	+0.258
118.600	+5.865e+03	+2.692e+03	+6.426e+03	+0.315
118.800	+6.477e+03	+1.614e+03	+7.636e+03	+0.199
119.000	+6.398e+03	+3.404e+02	+7.140e+03	+0.051
119.200	+5.217e+03	+2.223e+03	+6.541e+03	+0.299
119.400	+5.970e+03	+1.169e+03	+6.745e+03	+0.164
119.600	+4.610e+03	+1.931e+03	+9.145e+03	+0.295
119.800	+7.742e+03	+1.627e+03	+6.152e+03	+0.174
120.000	+5.836e+03	+2.683e+03	+7.450e+03	+0.315
120.200	+5.406e+03	+1.883e+03	+9.922e+03	+0.258
120.400	+5.813e+03	+1.701e+03	+8.778e+03	+0.226
120.600	+6.906e+03	+1.954e+03	+6.066e+03	+0.221
120.800	+6.015e+03	+1.711e+03	+6.715e+03	+0.221
121.000	+4.649e+03	+2.011e+03	+7.972e+03	+0.302
121.200	+5.676e+03	+9.989e+02	+6.853e+03	+0.150
121.400	+6.454e+03	+1.996e+03	+8.051e+03	+0.236
121.600	+4.530e+03	+2.146e+03	+5.412e+03	+0.321
121.800	+5.984e+03	+1.121e+03	+7.489e+03	+0.158
122.000	+5.911e+03	+2.259e+03	+7.861e+03	+0.277
122.200	+5.757e+03	+1.251e+03	+6.893e+03	+0.178
122.400	+5.555e+03	+1.523e+03	+7.463e+03	+0.215
122.600	+5.608e+03	+1.630e+03	+6.489e+03	+0.225
122.800	+7.113e+03	+1.336e+03	+7.732e+03	+0.158
123.000	+4.802e+03	+2.211e+03	+8.231e+03	+0.315
123.200	+7.293e+03	+8.649e+02	+7.647e+03	+0.106
123.400	+6.170e+03	+1.982e+03	+5.461e+03	+0.243
123.600	+4.129e+03	+2.471e+03	+8.390e+03	+0.374
123.800	+3.940e+03	+1.010e+03	+5.671e+03	+0.204
124.000	+5.342e+03	+2.418e+03	+7.355e+03	+0.312
124.200	+6.515e+03	+2.192e+03	+7.392e+03	+0.252
124.400	+3.206e+03	+1.259e+03	+6.807e+03	+0.282
124.600	+3.534e+03	+4.189e+03	+7.497e+03	+0.542
124.800	+1.227e+03	+5.201e+03	+6.319e+03	+0.809
125.000	+2.076e+03	+5.977e+03	+6.630e+03	+0.742
125.200	+1.841e+03	+4.993e+03	+7.579e+03	+0.731
125.400	+6.345e+02	+4.120e+03	+9.071e+03	+0.867
125.600	+4.928e+03	+2.409e+03	+6.454e+03	+0.328
125.800	+4.230e+03	+1.099e+03	+5.804e+03	+0.206
126.000	+5.494e+03	+2.055e+03	+1.002e+04	+0.272
126.200	+4.175e+03	+1.351e+03	+8.852e+03	+0.244
126.400	+7.393e+03	+2.130e+03	+8.044e+03	+0.224
126.600	+6.683e+03	+2.215e+03	+8.454e+03	+0.249
126.800	+6.001e+03	+3.051e+03	+5.679e+03	+0.337
127.000	+3.400e+03	+4.955e+03	+8.313e+03	+0.593
127.200	+3.346e+03	+4.729e+03	+7.032e+03	+0.586
127.400	+1.800e+03	+5.452e+03	+7.412e+03	+0.752
127.600	+2.255e+03	+5.824e+03	+8.554e+03	+0.721
127.800	+2.377e+03	+6.019e+03	+7.024e+03	+0.717
128.000	+2.156e+03	+6.192e+03	+6.956e+03	+0.742
128.200	+1.720e+03	+6.614e+03	+6.043e+03	+0.794
128.400	+1.987e+03	+4.366e+03	+7.179e+03	+0.687
128.600	+1.059e+03	+4.170e+03	+6.481e+03	+0.797
128.800	+2.791e+03	+5.132e+03	+6.027e+03	+0.648
129.000	+2.248e+03	+5.565e+03	+6.584e+03	+0.712
129.200	+3.110e+03	+4.019e+03	+8.257e+03	+0.564
129.400	+2.625e+03	+5.769e+03	+8.720e+03	+0.687
129.600	+1.984e+03	+4.326e+03	+7.397e+03	+0.686
129.800	+1.356e+03	+5.363e+03	+8.804e+03	+0.798
130.000	+2.101e+03	+5.644e+03	+6.714e+03	+0.729
130.200	+3.279e+03	+5.315e+03	+6.700e+03	+0.618
130.400	+2.219e+03	+5.344e+03	+6.405e+03	+0.707
130.600	+2.919e+03	+4.635e+03	+7.527e+03	+0.614
130.800	+2.704e+03	+6.391e+03	+7.183e+03	+0.703
131.000	+2.043e+03	+5.211e+03	+6.617e+03	+0.718
131.200	+2.401e+03	+5.151e+03	+8.470e+03	+0.682
131.400	+2.621e+03	+5.458e+03	+6.863e+03	+0.676
131.600	+2.418e+03	+4.272e+03	+6.115e+03	+0.639
131.800	+2.452e+03	+6.387e+03	+8.197e+03	+0.723
132.000	+2.473e+03	+4.759e+03	+6.006e+03	+0.658
132.200	+1.159e+03	+6.549e+03	+7.777e+03	+0.850
132.400	+1.942e+03	+6.469e+03	+8.985e+03	+0.769
132.600	+1.824e+03	+4.760e+03	+7.317e+03	+0.723
132.800	+2.501e+03	+4.204e+03	+7.348e+03	+0.627
133.000	+2.853e+03	+4.529e+03	+8.101e+03	+0.613
133.200	+3.692e+03	+4.154e+03	+6.931e+03	+0.529
133.400	+6.610e+03	+1.464e+03	+6.591e+03	+0.181
133.600	+6.623e+03	+2.777e+03	+8.064e+03	+0.295
133.800	+5.713e+03	+1.964e+03	+9.089e+03	+0.256
134.000	+5.253e+03	+2.195e+03	+6.311e+03	+0.295
134.200	+4.629e+03	+2.349e+03	+8.266e+03	+0.337
134.400	+5.434e+03	+6.181e+02	+7.928e+03	+0.102
134.600	+6.487e+03	+6.492e+02	+6.488e+03	+0.091
134.800	+4.330e+03	+1.485e+03	+6.810e+03	+0.255
135.000	+6.198e+03	+1.491e+03	+8.177e+03	+0.194
135.200	+5.750e+03	+2.226e+03	+8.246e+03	+0.279
135.400	+5.937e+03	+2.288e+03	+6.581e+03	+0.278
135.600	+6.411e+03	+1.167e+03	+6.823e+03	+0.154
135.800	+4.095e+03	+2.108e+03	+7.284e+03	+0.340
136.000	+4.138e+03	+1.243e+03	+8.328e+03	+0.231
136.200	+6.662e+03	+1.422e+03	+8.186e+03	+0.176
136.400	+5.941e+03	+2.426e+03	+7.434e+03	+0.290
136.600	+5.602e+03	+2.671e+03	+5.712e+03	+0.323
136.800	+4.548e+03	+8.116e+02	+1.063e+04	+0.151
137.000	+4.242e+03	+1.395e+03	+8.405e+03	+0.248
137.200	+3.931e+03	+6.130e+02	+8.092e+03	+0.135
137.400	+7.579e+03	+2.427e+03	+6.731e+03	+0.243
137.600	+4.921e+03	+2.585e+03	+5.367e+03	+0.344
137.800	+6.418e+03	+2.812e+03	+8.805e+03	+0.305
138.000	+6.422e+03	+2.906e+03	+5.908e+03	+0.312
138.200	+5.394e+03	+1.189e+03	+6.481e+03	+0.181
138.400	+7.009e+03	+2.060e+03	+6.783e+03	+0.227
138.600	+4.605e+03	+1.838e+03	+6.442e+03	+0.285
138.800	+5.039e+03	+5.116e+02	+5.573e+03	+0.092
139.000	+4.116e+03	+2.147e+03	+8.034e+03	+0.343
139.200	+5.787e+03	+1.901e+03	+7.900e+03	+0.247
139.400	+5.021e+03	+6.001e+02	+7.578e+03	+0.107
139.600	+6.024e+03	+9.810e+02	+7.185e+03	+0.140
139.800	+5.784e+03	+1.036e+03	+8.307e+03	+0.152
140.000	+5.718e+03	+1.679e+03	+9.472e+03	+0.227
140.200	+5.219e+03	+2.858e+03	+6.671e+03	+0.354
140.400	+6.141e+03	+1.955e+03	+5.234e+03	+0.241
140.600	+4.721e+03	+2.742e+03	+8.338e+03	+0.367
140.800	+4.591e+03	+1.915e+03	+7.506e+03	+0.294
141.000	+5.776e+03	+2.190e+03	+6.129e+03	+0.275
141.200	+4.883e+03	+9.774e+02	+7.488e+03	+0.167
141.400	+5.423e+03	+2.308e+03	+8.305e+03	+0.299
141.600	+6.663e+03	+1.442e+03	+6.861e+03	+0.178
141.800	+5.366e+03	+7.407e+02	+7.085e+03	+0.121
142.000	+4.225e+03	+2.648e+03	+6.680e+03	+0.385
142.200	+1.026e+03	+4.232e+03	+7.979e+03	+0.805
142.400	+2.656e+03	+5.043e+03	+7.330e+03	+0.655
142.600	+3.266e+03	+5.582e+03	+7.799e+03	+0.631
142.800	+2.141e+03	+3.795e+03	+5.816e+03	+0.639
143.000	+2.014e+03	+5.424e+03	+9.058e+03	+0.729
143.200	+2.008e+03	+3.922e+03	+4.761e+03	+0.661
143.400	+1.773e+03	+4.632e+03	+7.663e+03	+0.723
143.600	+6.901e+02	+5.151e+03	+6.063e+03	+0.882
143.800	+2.457e+03	+4.610e+03	+7.938e+03	+0.652
144.000	+4.817e+03	+2.224e+03	+7.857e+03	+0.316
144.200	+5.399e+03	+1.932e+03	+7.326e+03	+0.264
144.400	+5.925e+03	+1.540e+03	+8.325e+03	+0.206
144.600	+4.854e+03	+1.168e+03	+6.167e+03	+0.194
144.800	+3.686e+03	+4.037e+03	+7.257e+03	+0.523
145.000	+1.692e+03	+4.114e+03	+5.327e+03	+0.709
145.200	+3.808e+03	+5.937e+03	+6.510e+03	+0.609
145.400	+1.450e+03	+5.033e+03	+8.049e+03	+0.776
145.600	+3.068e+03	+5.168e+03	+7.771e+03	+0.627
145.800	+1.286e+03	+5.075e+03	+6.897e+03	+0.798
146.000	+1.673e+03	+5.384e+03	+6.658e+03	+0.763
146.200	+3.078e+03	+4.308e+03	+6.051e+03	+0.583
146.400	+1.070e+03	+4.959e+03	+6.448e+03	+0.823
146.600	+2.029e+03	+5.105e+03	+6.508e+03	+0.716
146.800	+1.936e+03	+6.057e+03	+6.152e+03	+0.758
147.000	+1.452e+03	+5.353e+03	+6.871e+03	+0.787
147.200	+1.605e+03	+3.076e+03	+7.085e+03	+0.657
147.400	+1.564e+03	+5.949e+03	+7.477e+03	+0.792
147.600	+2.738e+03	+5.129e+03	+6.118e+03	+0.652
147.800	+3.174e+03	+4.968e+03	+8.442e+03	+0.610
148.000	+2.295e+03	+5.021e+03	+8.085e+03	+0.686
148.200	+1.189e+03	+4.833e+03	+6.405e+03	+0.803
148.400	+1.437e+03	+5.649e+03	+7.863e+03	+0.797
148.600	+1.341e+03	+5.090e+03	+7.131e+03	+0.791
148.800	+2.607e+03	+5.514e+03	+8.912e+03	+0.679
149.000	+1.954e+03	+4.885e+03	+6.015e+03	+0.714
149.200	+2.267e+03	+6.206e+03	+8.008e+03	+0.732
149.400	+9.270e+02	+4.581e+03	+7.247e+03	+0.832
149.600	+2.391e+03	+4.667e+03	+6.781e+03	+0.661
149.800	+5.431e+03	+1.947e+03	+6.871e+03	+0.264
150.000	+3.873e+03	+2.267e+03	+6.584e+03	+0.369
150.200	+5.890e+03	+1.205e+03	+7.284e+03	+0.170
150.400	+6.313e+03	+2.234e+03	+8.399e+03	+0.261
150.600	+6.793e+03	+2.337e+03	+8.257e+03	+0.256
150.800	+4.863e+03	+1.889e+03	+7.714e+03	+0.280
151.000	+6.957e+03	+2.002e+03	+5.193e+03	+0.223
151.200	+4.215e+03	+1.452e+03	+7.163e+03	+0.256
151.400	+4.734e+03	+1.782e+03	+5.882e+03	+0.273
151.600	+4.243e+03	+9.543e+02	+8.362e+03	+0.184
151.800	+6.103e+03	+2.687e+03	+6.665e+03	+0.306
152.000	+5.002e+03	+1.725e+03	+8.631e+03	+0.256
152.200	+4.662e+03	+2.259e+03	+7.801e+03	+0.326
152.400	+5.543e+03	+1.719e+03	+7.124e+03	+0.237
152.600	+5.312e+03	+1.917e+03	+6.386e+03	+0.265
152.800	+5.381e+03	+1.661e+03	+6.419e+03	+0.236
153.000	+3.882e+03	+2.177e+03	+6.831e+03	+0.359
153.200	+4.663e+03	+1.470e+03	+8.559e+03	+0.240
153.400	+3.908e+03	+3.627e+03	+6.756e+03	+0.481
153.600	+1.390e+03	+5.264e+03	+5.587e+03	+0.791
153.800	+3.015e+03	+4.778e+03	+5.427e+03	+0.613
154.000	+2.039e+03	+5.554e+03	+5.649e+03	+0.731
154.200	+1.488e+03	+7.366e+03	+7.406e+03	+0.832
154.400	+3.466e+03	+6.250e+03	+1.003e+04	+0.643
154.600	+2.304e+03	+5.721e+03	+7.848e+03	+0.713
154.800	+1.483e+03	+4.763e+03	+8.113e+03	+0.763
155.000	+1.840e+03	+5.940e+03	+5.513e+03	+0.763
155.200	+2.187e+03	+4.399e+03	+5.546e+03	+0.668
155.400	+5.349e+02	+4.195e+03	+7.105e+03	+0.887
155.600	+2.321e+03	+4.288e+03	+7.611e+03	+0.649
155.800	+2.143e+03	+4.726e+03	+7.780e+03	+0.688
156.000	+1.625e+03	+4.729e+03	+7.093e+03	+0.744
156.200	+2.915e+03	+6.719e+03	+6.619e+03	+0.697
156.400	+1.223e+03	+5.629e+03	+6.479e+03	+0.821
156.600	+1.917e+03	+5.359e+03	+8.492e+03	+0.737
156.800	+2.589e+03	+4.401e+03	+6.245e+03	+0.630
157.000	+4.418e+03	+2.672e+03	+7.109e+03	+0.377
157.200	+4.350e+03	+8.540e+02	+6.747e+03	+0.164
157.400	+6.781e+03	+2.294e+03	+7.861e+03	+0.253
157.600	+6.943e+03	+1.317e+03	+8.812e+03	+0.159
157.800	+5.634e+03	+2.315e+03	+8.039e+03	+0.291
158.000	+4.234e+03	+2.506e+03	+5.866e+03	+0.372
158.200	+5.821e+03	+1.269e+03	+6.197e+03	+0.179
158.400	+6.303e+03	+1.843e+03	+5.689e+03	+0.226
158.600	+5.669e+03	+1.941e+03	+5.758e+03	+0.255
158.800	+4.187e+03	+8.234e+02	+5.982e+03	+0.164
159.000	+6.854e+03	+8.957e+02	+7.619e+03	+0.116
159.200	+5.654e+03	+2.106e+03	+8.144e+03	+0.271
159.400	+6.191e+03	+8.376e+02	+7.558e+03	+0.119
159.600	+5.140e+03	+1.628e+03	+5.315e+03	+0.241
159.800	+6.607e+03	+1.498e+03	+6.256e+03	+0.185
160.000	+5.747e+03	+2.525e+03	+7.037e+03	+0.305
160.200	+5.471e+03	+1.921e+03	+6.145e+03	+0.260
160.400	+5.955e+03	+8.934e+02	+7.691e+03	+0.130
160.600	+3.972e+03	+1.324e+03	+8.912e+03	+0.250
160.800	+6.049e+03	+8.218e+02	+8.260e+03	+0.120
161.000	+6.232e+03	+2.386e+03	+7.331e+03	+0.277
161.200	+5.342e+03	+2.881e+03	+9.678e+03	+0.350
161.400	+6.331e+03	+2.279e+03	+8.137e+03	+0.265
161.600	+5.646e+03	+6.553e+02	+6.652e+03	+0.104
161.800	+4.635e+03	+1.916e+03	+5.913e+03	+0.292
162.000	+5.083e+03	+9.427e+02	+8.972e+03	+0.156
162.200	+5.891e+03	+1.710e+03	+8.555e+03	+0.225
162.400	+5.102e+03	+2.649e+03	+9.076e+03	+0.342
162.600	+4.367e+03	+1.448e+03	+7.881e+03	+0.249
162.800	+5.393e+03	+6.785e+02	+6.468e+03	+0.112
163.000	+3.306e+03	+2.543e+03	+6.851e+03	+0.435
163.200	+6.835e+03	+1.890e+03	+5.971e+03	+0.217
163.400	+5.928e+03	+2.237e+03	+7.178e+03	+0.274
163.600	+4.537e+03	+2.754e+03	+5.352e+03	+0.378
163.800	+5.829e+03	+2.066e+03	+6.755e+03	+0.262
164.000	+6.736e+03	+1.679e+03	+9.170e+03	+0.200
164.200	+6.078e+03	+2.370e+03	+7.350e+03	+0.281
164.400	+4.866e+03	+1.882e+03	+8.444e+03	+0.279
164.600	+5.693e+03	+4.886e+02	+7.244e+03	+0.079
164.800	+6.593e+03	+1.970e+03	+5.449e+03	+0.230
165.000	+6.531e+03	+1.200e+03	+7.921e+03	+0.155
165.200	+4.002e+03	+1.504e+03	+7.170e+03	+0.273
165.400	+4.596e+03	+1.767e+03	+8.241e+03	+0.278
165.600	+5.199e+03	+1.809e+03	+7.755e+03	+0.258
165.800	+6.031e+03	+1.997e+03	+7.587e+03	+0.249
166.000	+4.818e+03	+1.978e+03	+4.426e+03	+0.291
166.200	+5.973e+03	+1.442e+03	+6.661e+03	+0.194
166.400	+4.762e+03	+2.829e+03	+8.028e+03	+0.373
166.600	+6.218e+03	+3.219e+03	+7.573e+03	+0.341
166.800	+4.179e+03	+1.715e+03	+7.526e+03	+0.291
167.000	+2.898e+03	+6.936e+02	+7.872e+03	+0.193
167.200	+6.407e+03	+1.673e+03	+5.578e+03	+0.207
167.400	+5.923e+03	+1.152e+03	+6.070e+03	+0.163
167.600	+4.596e+03	+1.793e+03	+7.424e+03	+0.281
167.800	+5.971e+03	+1.160e+03	+8.262e+03	+0.163
168.000	+6.757e+03	+2.047e+03	+6.173e+03	+0.233
168.200	+4.252e+03	+2.270e+03	+5.982e+03	+0.348
168.400	+4.857e+03	+4.217e+02	+5.862e+03	+0.080
168.600	+3.773e+03	+1.747e+03	+7.263e+03	+0.316
168.800	+7.419e+03	+1.961e+03	+8.605e+03	+0.209
169.000	+4.794e+03	+1.828e+03	+7.767e+03	+0.276
169.200	+5.534e+03	+2.674e+03	+7.450e+03	+0.326
169.400	+5.327e+03	+2.540e+03	+6.077e+03	+0.323
169.600	+8.334e+03	+1.952e+03	+1.074e+04	+0.190
169.800	+5.852e+03	+1.585e+03	+7.660e+03	+0.213
170.000	+6.098e+03	+1.196e+03	+7.622e+03	+0.164
170.200	+5.400e+03	+2.405e+03	+7.907e+03	+0.308
170.400	+5.061e+03	+2.409e+03	+8.225e+03	+0.322
170.600	+5.503e+03	+8.113e+02	+7.355e+03	+0.128
170.800	+5.041e+03	+1.946e+03	+8.800e+03	+0.279
171.000	+4.660e+03	+1.681e+03	+6.365e+03	+0.265
171.200	+6.089e+03	+1.773e+03	+9.497e+03	+0.225
171.400	+4.623e+03	+1.840e+03	+5.684e+03	+0.285
171.600	+5.393e+03	+1.740e+03	+8.794e+03	+0.244
171.800	+5.973e+03	+1.687e+03	+6.441e+03	+0.220
172.000	+4.476e+03	+4.571e+02	+7.186e+03	+0.093
172.200	+5.984e+03	+1.562e+03	+8.064e+03	+0.207
172.400	+6.287e+03	+1.961e+03	+7.083e+03	+0.238
172.600	+5.899e+03	+1.381e+03	+6.605e+03	+0.190
172.800	+6.182e+03	+1.607e+03	+7.924e+03	+0.206
173.000	+6.816e+03	+2.177e+03	+8.448e+03	+0.242
173.200	+5.774e+03	+1.948e+03	+8.328e+03	+0.252
173.400	+4.811e+03	+1.844e+03	+6.300e+03	+0.277
173.600	+4.985e+03	+9.525e+02	+8.044e+03	+0.160
173.800	+1.829e+03	+4.387e+03	+9.480e+03	+0.706
174.000	+2.497e+03	+4.062e+03	+6.786e+03	+0.619
174.200	+2.526e+03	+3.666e+03	+7.369e+03	+0.592
174.400	+1.792e+03	+4.598e+03	+7.824e+03	+0.720
174.600	+2.387e+03	+4.283e+03	+4.788e+03	+0.642
174.800	+3.528e+03	+3.818e+03	+7.700e+03	+0.520
175.000	+7.401e+03	+1.667e+03	+8.230e+03	+0.184
175.200	+5.896e+03	+1.840e+03	+5.155e+03	+0.238
175.400	+7.239e+03	+1.650e+03	+8.823e+03	+0.186
175.600	+5.338e+03	+2.055e+03	+7.438e+03	+0.278
175.800	+4.897e+03	+1.365e+03	+9.467e+03	+0.218
176.000	+4.206e+03	+1.427e+03	+6.970e+03	+0.253
176.200	+3.963e+03	+1.743e+03	+7.354e+03	+0.305
176.400	+7.213e+03	+1.590e+03	+6.723e+03	+0.181
176.600	+4.899e+03	+7.665e+02	+6.495e+03	+0.135
176.800	+6.450e+03	+2.595e+03	+7.074e+03	+0.287
177.000	+4.241e+03	+1.342e+03	+7.545e+03	+0.240
177.200	+6.177e+03	+1.889e+03	+6.046e+03	+0.234
177.400	+4.072e+03	+1.938e+03	+7.271e+03	+0.322
177.600	+5.279e+03	+2.611e+03	+8.254e+03	+0.331
177.800	+5.993e+03	+3.021e+03	+6.996e+03	+0.335
178.000	+5.903e+03	+2.448e+03	+6.772e+03	+0.293
178.200	+4.546e+03	+2.132e+03	+6.827e+03	+0.319
178.400	+5.631e+03	+9.266e+02	+6.801e+03	+0.141
178.600	+5.949e+03	+1.850e+03	+7.956e+03	+0.237
178.800	+5.855e+03	+2.200e+03	+9.509e+03	+0.273
179.000	+6.185e+03	+1.950e+03	+6.742e+03	+0.240
179.200	+4.121e+03	+1.524e+03	+5.470e+03	+0.270
179.400	+5.385e+03	+4.115e+02	+7.241e+03	+0.071
179.600	+6.756e+03	+1.323e+03	+6.113e+03	+0.164
179.800	+4.991e+03	+2.647e+03	+1.072e+04	+0.347
180.000	+4.203e+03	+1.133e+03	+7.225e+03	+0.212
180.200	+7.179e+03	+1.397e+03	+6.283e+03	+0.163
180.400	+5.335e+03	+6.113e+02	+7.045e+03	+0.103
180.600	+5.914e+03	+9.064e+02	+7.397e+03	+0.133
180.800	+4.781e+03	+6.046e+02	+9.084e+03	+0.112
181.000	+5.933e+03	+1.788e+03	+7.249e+03	+0.232
181.200	+5.487e+03	+1.645e+03	+6.759e+03	+0.231
181.400	+8.250e+03	+2.505e+03	+8.637e+03	+0.233
181.600	+5.324e+03	+1.383e+03	+7.829e+03	+0.206
181.800	+5.781e+03	+2.685e+03	+9.037e+03	+0.317
182.000	+6.360e+03	+2.330e+03	+7.802e+03	+0.268
182.200	+5.951e+03	+1.661e+03	+5.009e+03	+0.218
182.400	+5.886e+03	+1.424e+03	+7.260e+03	+0.195
182.600	+5.997e+03	+2.260e+03	+5.261e+03	+0.274
182.800	+4.986e+03	+2.065e+03	+8.243e+03	+0.293
183.000	+5.630e+03	+1.218e+03	+8.630e+03	+0.178
183.200	+5.557e+03	+1.365e+03	+8.159e+03	+0.197
183.400	+5.058e+03	+1.992e+03	+6.902e+03	+0.283
183.600	+4.773e+03	+1.540e+03	+7.041e+03	+0.244
183.800	+4.943e+03	+2.566e+03	+5.301e+03	+0.342
184.000	+6.245e+03	+1.703e+03	+5.942e+03	+0.214
184.200	+5.886e+03	+2.796e+03	+7.231e+03	+0.322
184.400	+4.795e+03	+2.664e+03	+7.157e+03	+0.357
184.600	+5.649e+03	+2.449e+03	+6.169e+03	+0.302
184.800	+6.610e+03	+3.101e+03	+5.902e+03	+0.319
185.000	+5.683e+03	+2.100e+03	+6.490e+03	+0.270
185.200	+5.141e+03	+1.666e+03	+6.880e+03	+0.245
185.400	+4.141e+03	+2.408e+03	+5.070e+03	+0.368
185.600	+6.119e+03	+2.749e+03	+7.034e+03	+0.310
185.800	+5.757e+03	+2.025e+03	+7.754e+03	+0.260
186.000	+4.837e+03	+1.573e+03	+6.314e+03	+0.245
186.200	+7.472e+03	+1.623e+03	+6.153e+03	+0.178
186.400	+1.749e+03	+5.244e+03	+6.720e+03	+0.750
186.600	+2.741e+03	+3.644e+03	+7.690e+03	+0.571
186.800	+1.983e+03	+5.981e+03	+6.700e+03	+0.751
187.000	+3.440e+03	+4.350e+03	+6.880e+03	+0.558
187.200	+6.026e+03	+2.866e+03	+4.825e+03	+0.322
187.400	+5.595e+03	+2.432e+03	+7.951e+03	+0.303
187.600	+4.688e+03	+2.407e+03	+6.762e+03	+0.339
187.800	+5.307e+03	+2.339e+03	+6.135e+03	+0.306
188.000	+5.072e+03	+2.086e+03	+8.357e+03	+0.291
188.200	+5.208e+03	+2.000e+03	+6.262e+03	+0.277
188.400	+3.621e+03	+1.965e+03	+7.526e+03	+0.352
188.600	+4.898e+03	+2.673e+03	+6.652e+03	+0.353
188.800	+6.649e+03	+1.535e+03	+8.260e+03	+0.188
189.000	+6.190e+03	+1.601e+03	+5.765e+03	+0.205
189.200	+8.055e+03	+1.975e+03	+6.660e+03	+0.197
189.400	+5.208e+03	+1.975e+03	+7.480e+03	+0.275
189.600	+5.540e+03	+1.403e+03	+6.816e+03	+0.202
189.800	+6.151e+03	+8.214e+02	+6.204e+03	+0.118
190.000	+6.975e+03	+2.982e+03	+5.180e+03	+0.299
190.200	+5.398e+03	+1.038e+03	+3.300e+03	+0.161
190.400	+5.258e+03	+1.153e+03	+6.289e+03	+0.180
190.600	+4.935e+03	+2.676e+03	+6.985e+03	+0.352
190.800	+6.063e+03	+1.878e+03	+8.138e+03	+0.236
191.000	+3.885e+03	+1.087e+03	+7.055e+03	+0.219
191.200	+5.954e+03	+2.338e+03	+7.385e+03	+0.282
191.400	+4.186e+03	+7.564e+02	+8.026e+03	+0.153
191.600	+6.425e+03	+1.441e+03	+7.855e+03	+0.183
191.800	+7.135e+03	+8.183e+02	+8.807e+03	+0.103
192.000	+5.471e+03	+2.196e+03	+6.695e+03	+0.286
192.200	+4.214e+03	+1.833e+03	+6.584e+03	+0.303
192.400	+6.189e+03	+2.086e+03	+6.627e+03	+0.252
192.600	+4.325e+03	+1.749e+03	+7.645e+03	+0.288
192.800	+6.919e+03	+8.278e+02	+8.482e+03	+0.107
193.000	+4.006e+03	+2.104e+03	+7.024e+03	+0.344
193.200	+7.668e+03	+1.551e+03	+9.168e+03	+0.168
193.400	+3.983e+03	+1.619e+03	+5.894e+03	+0.289
193.600	+6.673e+03	+1.779e+03	+4.822e+03	+0.210
193.800	+5.610e+03	+2.583e+03	+6.704e+03	+0.315
194.000	+5.685e+03	+2.349e+03	+4.578e+03	+0.292
194.200	+5.466e+03	+1.836e+03	+7.801e+03	+0.251
194.400	+5.334e+03	+1.573e+03	+6.826e+03	+0.228
194.600	+6.218e+03	+9.884e+02	+8.316e+03	+0.137
194.800	+5.591e+03	+1.529e+03	+8.016e+03	+0.215
195.000	+6.645e+03	+1.804e+03	+8.205e+03	+0.214
195.200	+4.618e+03	+1.508e+03	+8.288e+03	+0.246
195.400	+1.264e+03	+6.311e+03	+8.251e+03	+0.833
195.600	+1.770e+03	+7.092e+03	+6.668e+03	+0.800
195.800	+2.081e+03	+5.609e+03	+5.713e+03	+0.729
196.000	+1.828e+03	+4.409e+03	+8.753e+03	+0.707
196.200	+3.143e+03	+6.101e+03	+8.566e+03	+0.660
196.400	+1.126e+03	+6.253e+03	+8.982e+03	+0.847
196.600	+2.045e+03	+5.515e+03	+7.277e+03	+0.729
196.800	+1.077e+03	+6.379e+03	+7.313e+03	+0.856
197.000	+1.901e+03	+5.224e+03	+7.447e+03	+0.733
197.200	+2.280e+03	+5.211e+03	+7.488e+03	+0.696
197.400	+8.520e+02	+4.913e+03	+4.871e+03	+0.852
197.600	+2.420e+03	+6.140e+03	+1.056e+04	+0.717
197.800	+1.571e+03	+4.640e+03	+6.667e+03	+0.747
198.000	+3.228e+03	+6.301e+03	+5.774e+03	+0.661
198.200	+4.442e+03	+3.345e+03	+7.334e+03	+0.430
198.400	+5.897e+03	+1.691e+03	+6.239e+03	+0.223
198.600	+5.113e+03	+2.601e+03	+6.163e+03	+0.337
198.800	+5.225e+03	+1.965e+03	+7.627e+03	+0.273
199.000	+3.804e+03	+1.787e+03	+7.680e+03	+0.320
199.200	+4.958e+03	+1.930e+03	+6.850e+03	+0.280
199.400	+4.087e+03	+1.486e+03	+8.755e+03	+0.267
199.600	+3.265e+03	+1.964e+03	+5.700e+03	+0.376
199.800	+5.149e+03	+5.582e+02	+6.332e+03	+0.098
200.000	+4.991e+03	+9.600e+02	+5.115e+03	+0.161
200.200	+4.576e+03	+1.713e+03	+7.657e+03	+0.272
200.400	+5.684e+03	+2.356e+03	+8.030e+03	+0.293
200.600	+6.576e+03	+2.795e+03	+6.838e+03	+0.298
200.800	+5.738e+03	+2.260e+03	+9.071e+03	+0.283
201.000	+5.179e+03	+1.714e+03	+7.446e+03	+0.249
201.200	+6.234e+03	+1.581e+03	+6.440e+03	+0.202
201.400	+6.830e+03	+2.067e+03	+5.616e+03	+0.232
201.600	+5.529e+03	+1.645e+03	+8.793e+03	+0.229
201.800	+5.757e+03	+2.330e+03	+5.283e+03	+0.288
202.000	+4.567e+03	+1.153e+03	+7.964e+03	+0.202
202.200	+5.153e+03	+1.331e+03	+7.308e+03	+0.205
202.400	+4.575e+03	+2.136e+03	+4.869e+03	+0.318
202.600	+4.464e+03	+2.282e+03	+8.390e+03	+0.338
202.800	+6.081e+03	+2.717e+03	+7.936e+03	+0.309
203.000	+7.289e+03	+8.110e+02	+7.155e+03	+0.100
203.200	+5.546e+03	+1.743e+03	+8.623e+03	+0.239
203.400	+4.395e+03	+1.825e+03	+7.962e+03	+0.293
203.600	+4.904e+03	+1.789e+03	+6.215e+03	+0.267
203.800	+6.145e+03	+2.210e+03	+6.499e+03	+0.265
204.000	+4.753e+03	+3.052e+03	+7.869e+03	+0.391
204.200	+3.878e+03	+8.558e+02	+7.708e+03	+0.181
204.400	+4.763e+03	+2.515e+03	+8.254e+03	+0.346
204.600	+6.026e+03	+1.951e+03	+7.418e+03	+0.245
204.800	+5.459e+03	+1.927e+03	+8.333e+03	+0.261
205.000	+5.368e+03	+1.719e+03	+7.961e+03	+0.243
205.200	+4.450e+03	+2.165e+03	+6.719e+03	+0.327
205.400	+6.036e+03	+2.872e+03	+6.533e+03	+0.322
205.600	+6.815e+03	+2.429e+03	+8.576e+03	+0.263
205.800	+6.617e+03	+1.742e+03	+6.332e+03	+0.208
206.000	+5.516e+03	+2.385e+03	+6.499e+03	+0.302
206.200	+4.615e+03	+5.374e+02	+8.328e+03	+0.104
206.400	+6.617e+03	+2.629e+03	+9.094e+03	+0.284
206.600	+5.989e+03	+1.144e+03	+6.040e+03	+0.160
206.800	+6.858e+03	+4.367e+02	+8.128e+03	+0.060
207.000	+5.416e+03	+2.342e+03	+9.310e+03	+0.302
207.200	+5.346e+03	+2.102e+03	+6.650e+03	+0.282
207.400	+5.919e+03	+1.779e+03	+7.285e+03	+0.231
207.600	+4.207e+03	+2.409e+03	+6.967e+03	+0.364
207.800	+5.383e+03	+2.883e+03	+5.269e+03	+0.349
208.000	+6.254e+03	+9.792e+02	+6.582e+03	+0.135
208.200	+6.045e+03	+2.411e+03	+7.722e+03	+0.285
208.400	+5.949e+03	+3.705e+03	+9.057e+03	+0.384
208.600	+6.094e+03	+1.642e+03	+7.970e+03	+0.212
208.800	+4.925e+03	+1.695e+03	+8.109e+03	+0.256
209.000	+6.685e+03	+1.308e+03	+6.343e+03	+0.164
209.200	+6.702e+03	+1.930e+03	+6.387e+03	+0.224
209.400	+4.656e+03	+2.211e+03	+7.694e+03	+0.322
209.600	+6.160e+03	+2.967e+03	+1.002e+04	+0.325
209.800	+4.767e+03	+1.326e+03	+7.204e+03	+0.218
210.000	+5.940e+03	-3.823e-01	+6.860e+03	-0.000
210.200	+3.646e+03	+2.066e+03	+7.170e+03	+0.362
210.400	+4.699e+03	+1.520e+03	+6.705e+03	+0.244
210.600	+5.896e+03	+2.330e+03	+7.981e+03	+0.283
210.800	+4.423e+03	+2.527e+03	+6.975e+03	+0.364
211.000	+5.154e+03	+7.994e+02	+8.452e+03	+0.134
211.200	+5.828e+03	+2.462e+03	+6.792e+03	+0.297
211.400	+5.152e+03	+2.282e+03	+6.953e+03	+0.307
211.600	+4.308e+03	+2.491e+03	+6.917e+03	+0.366
211.800	+5.807e+03	+1.616e+03	+8.192e+03	+0.218
212.000	+4.449e+03	+1.580e+03	+7.071e+03	+0.262
212.200	+6.473e+03	+1.936e+03	+8.350e+03	+0.230
212.400	+6.423e+03	+1.157e+03	+7.862e+03	+0.153
212.600	+6.416e+03	+2.216e+03	+6.875e+03	+0.257
212.800	+5.231e+03	+2.160e+03	+7.060e+03	+0.292
213.000	+7.044e+03	+1.996e+03	+7.189e+03	+0.221
213.200	+6.493e+03	+2.306e+03	+8.501e+03	+0.262
213.400	+5.601e+03	+6.803e+02	+6.252e+03	+0.108
213.600	+7.087e+03	+1.668e+03	+8.493e+03	+0.190
213.800	+4.893e+03	+2.155e+03	+8.052e+03	+0.306
214.000	+7.050e+03	+1.556e+03	+6.634e+03	+0.181
214.200	+3.831e+03	+4.886e+03	+8.102e+03	+0.560
214.400	+2.726e+03	+4.974e+03	+7.628e+03	+0.646
214.600	+1.709e+03	+5.684e+03	+7.837e+03	+0.769
214.800	+3.017e+03	+6.520e+03	+5.862e+03	+0.684
215.000	+1.081e+03	+5.012e+03	+5.992e+03	+0.823
215.200	+2.495e+03	+5.337e+03	+7.208e+03	+0.681
215.400	+2.222e+03	+5.487e+03	+8.504e+03	+0.712
215.600	+1.224e+03	+4.275e+03	+7.353e+03	+0.777
215.800	+5.249e+03	+2.976e+03	+7.327e+03	+0.362
216.000	+4.967e+03	+1.480e+03	+7.659e+03	+0.230
216.200	+5.654e+03	+7.033e+02	+7.504e+03	+0.111
216.400	+5.594e+03	+2.300e+03	+7.371e+03	+0.291
216.600	+6.624e+03	+2.429e+03	+8.790e+03	+0.268
216.800	+6.193e+03	+9.385e+02	+7.216e+03	+0.132
217.000	+6.347e+03	+1.306e+03	+9.408e+03	+0.171
217.200	+5.939e+03	+2.035e+03	+5.875e+03	+0.255
217.400	+4.154e+03	+2.730e+03	+9.202e+03	+0.397
217.600	+5.775e+03	+4.550e+02	+7.455e+03	+0.073
217.800	+5.534e+03	+2.542e+03	+7.499e+03	+0.315
218.000	+5.706e+03	+2.296e+03	+6.515e+03	+0.287
218.200	+5.950e+03	+2.198e+02	+8.445e+03	+0.036
218.400	+6.045e+03	+1.821e+03	+7.696e+03	+0.232
218.600	+4.877e+03	+9.823e+02	+7.723e+03	+0.168
218.800	+5.470e+03	+2.337e+03	+6.747e+03	+0.299
219.000	+3.614e+03	+2.340e+03	+6.667e+03	+0.393
219.200	+4.885e+03	+2.259e+03	+6.452e+03	+0.316
219.400	+5.976e+03	+1.360e+03	+6.444e+03	+0.185
219.600	+4.556e+03	+1.356e+03	+9.315e+03	+0.229
219.800	+6.687e+03	+2.522e+03	+7.119e+03	+0.274
220.000	+5.700e+03	+1.043e+03	+9.392e+03	+0.155
220.200	+3.717e+03	+1.558e+03	+7.825e+03	+0.295
220.400	+4.336e+03	+5.616e+02	+7.476e+03	+0.115
220.600	+4.276e+03	+2.608e+03	+7.222e+03	+0.379
220.800	+7.211e+03	+1.941e+03	+8.580e+03	+0.212
221.000	+5.374e+03	+9.432e+02	+7.106e+03	+0.149
221.200	+4.550e+03	+1.991e+03	+6.195e+03	+0.304
221.400	+5.180e+03	+1.252e+03	+5.048e+03	+0.195
221.600	+5.613e+03	+2.213e+03	+6.387e+03	+0.283
221.800	+4.317e+03	+1.745e+03	+7.572e+03	+0.288
222.000	+4.914e+03	+6.374e+02	+8.153e+03	+0.115
222.200	+6.961e+03	+7.968e+02	+6.476e+03	+0.103
222.400	+4.780e+03	+1.727e+03	+8.370e+03	+0.265
222.600	+3.356e+03	+1.681e+03	+7.208e+03	+0.334
222.800	+5.744e+03	+2.212e+03	+7.417e+03	+0.278
223.000	+5.311e+03	+1.524e+03	+6.945e+03	+0.223
223.200	+5.515e+03	+1.145e+03	+7.100e+03	+0.172
223.400	+5.771e+03	+1.531e+03	+6.817e+03	+0.210
223.600	+4.591e+03	+1.752e+03	+6.044e+03	+0.276
223.800	+5.259e+03	+1.098e+03	+7.663e+03	+0.173
224.000	+5.062e+03	+2.470e+03	+6.926e+03	+0.328
224.200	+5.221e+03	+1.684e+03	+7.915e+03	+0.244
224.400	+5.804e+03	+2.407e+03	+7.291e+03	+0.293
224.600	+5.057e+03	+2.111e+03	+8.740e+03	+0.294
224.800	+3.793e+03	+1.301e+03	+8.292e+03	+0.255
225.000	+4.349e+03	+1.820e+03	+5.549e+03	+0.295
225.200	+4.261e+03	+1.003e+03	+8.407e+03	+0.190
225.400	+6.170e+03	+1.643e+03	+7.419e+03	+0.210
225.600	+4.577e+03	+1.486e+03	+4.684e+03	+0.245
225.800	+6.233e+03	+2.355e+03	+7.585e+03	+0.274
226.000	+4.829e+03	+9.427e+02	+6.846e+03	+0.163
226.200	+5.222e+03	+2.001e+03	+6.574e+03	+0.277
226.400	+4.622e+03	+1.939e+03	+8.384e+03	+0.296
226.600	+5.768e+03	+1.774e+03	+8.596e+03	+0.235
226.800	+5.112e+03	+1.718e+03	+8.039e+03	+0.252
227.000	+4.842e+03	+2.110e+03	+6.765e+03	+0.303
227.200	+5.183e+03	+8.019e+02	+8.040e+03	+0.134
227.400	+7.100e+03	+2.297e+03	+7.717e+03	+0.244
227.600	+2.431e+03	+1.255e+03	+6.776e+03	+0.341
227.800	+6.387e+03	+7.014e+02	+5.666e+03	+0.099
228.000	+5.095e+03	+2.101e+03	+1.001e+04	+0.292
228.200	+3.902e+03	+1.671e+03	+7.665e+03	+0.300
228.400	+5.521e+03	+2.224e+03	+9.246e+03	+0.287
228.600	+5.366e+03	+1.141e+03	+8.325e+03	+0.175
228.800	+4.233e+03	+1.575e+03	+6.324e+03	+0.271
229.000	+6.702e+03	+9.088e+02	+8.314e+03	+0.119
229.200	+5.384e+03	+1.324e+03	+7.563e+03	+0.197
229.400	+6.422e+03	+7.378e+02	+9.561e+03	+0.103
229.600	+4.488e+03	+7.125e+02	+7.835e+03	+0.137
229.800	+6.712e+03	+1.211e+03	+6.887e+03	+0.153
230.000	+4.457e+03	+1.724e+03	+5.117e+03	+0.279
230.200	+4.457e+03	+7.187e+02	+7.858e+03	+0.139
230.400	+6.486e+03	+8.222e+02	+8.004e+03	+0.113
230.600	+5.206e+03	+1.276e+03	+7.455e+03	+0.197
230.800	+5.590e+03	+1.697e+03	+8.668e+03	+0.233
231.000	+4.521e+03	+1.716e+03	+8.789e+03	+0.275
231.200	+5.318e+03	+2.067e+03	+7.797e+03	+0.280
231.400	+5.415e+03	+2.126e+03	+7.826e+03	+0.282
231.600	+5.910e+03	+2.486e+03	+7.749e+03	+0.296
231.800	+5.689e+03	+2.263e+03	+8.203e+03	+0.285
232.000	+6.044e+03	+1.792e+03	+5.297e+03	+0.229
232.200	+5.515e+03	+1.612e+03	+7.533e+03	+0.226
232.400	+4.240e+03	+3.095e+03	+6.819e+03	+0.422
232.600	+7.010e+03	+2.273e+03	+5.701e+03	+0.245
232.800	+5.412e+03	+8.597e+02	+5.730e+03	+0.137
233.000	+5.130e+03	+1.071e+03	+6.154e+03	+0.173
233.200	+5.074e+03	+1.564e+03	+8.274e+03	+0.236
233.400	+4.643e+03	+2.463e+03	+8.872e+03	+0.347
233.600	+5.840e+03	+1.337e+03	+6.570e+03	+0.186
233.800	+3.209e+03	+2.795e+03	+7.558e+03	+0.466
234.000	+1.376e+03	+5.736e+03	+7.509e+03	+0.807
234.200	+2.241e+03	+4.581e+03	+5.957e+03	+0.672
234.400	+1.805e+03	+4.804e+03	+7.192e+03	+0.727
234.600	+2.137e+03	+4.033e+03	+8.117e+03	+0.654
234.800	+1.667e+03	+5.822e+03	+7.912e+03	+0.777
235.000	+2.422e+03	+4.868e+03	+8.947e+03	+0.668
235.200	+3.140e+03	+4.550e+03	+6.934e+03	+0.592
235.400	+2.015e+03	+3.810e+03	+8.001e+03	+0.654
235.600	+2.365e+03	+5.447e+03	+8.206e+03	+0.697
235.800	+2.366e+03	+4.410e+03	+6.295e+03	+0.651
236.000	+2.409e+03	+5.591e+03	+6.532e+03	+0.699
236.200	+1.494e+03	+4.693e+03	+4.612e+03	+0.758
236.400	+2.604e+03	+6.873e+03	+7.038e+03	+0.725
236.600	+2.691e+03	+5.207e+03	+7.111e+03	+0.659
236.800	+2.321e+03	+5.038e+03	+8.355e+03	+0.685
237.000	+2.761e+03	+4.589e+03	+6.150e+03	+0.624
237.200	+2.353e+03	+4.943e+03	+7.324e+03	+0.678
237.400	+2.606e+03	+6.198e+03	+6.100e+03	+0.704
237.600	+1.965e+03	+4.738e+03	+8.030e+03	+0.707
237.800	+2.710e+03	+4.784e+03	+8.339e+03	+0.638
238.000	+2.870e+03	+6.019e+03	+7.880e+03	+0.677
238.200	+1.256e+03	+5.198e+03	+8.162e+03	+0.805
238.400	+2.505e+03	+6.028e+03	+7.042e+03	+0.706
238.600	+1.553e+03	+5.909e+03	+5.379e+03	+0.792
238.800	+6.404e+02	+5.429e+03	+7.220e+03	+0.894
239.000	+1.572e+03	+6.496e+03	+9.075e+03	+0.805
239.200	+1.985e+03	+5.262e+03	+5.490e+03	+0.726
239.400	+1.228e+03	+5.213e+03	+6.841e+03	+0.809
239.600	+2.349e+03	+5.052e+03	+6.699e+03	+0.683
239.800	+3.316e+03	+5.832e+03	+5.945e+03	+0.638
240.000	+2.322e+03	+5.268e+03	+7.220e+03	+0.694
240.200	+2.206e+03	+4.935e+03	+6.927e+03	+0.691
240.400	+2.250e+03	+3.680e+03	+7.466e+03	+0.621
240.600	+1.219e+03	+5.389e+03	+8.119e+03	+0.815
240.800	+3.067e+03	+4.565e+03	+7.746e+03	+0.598
241.000	+1.609e+03	+5.121e+03	+6.340e+03	+0.761
241.200	+2.105e+03	+5.691e+03	+8.047e+03	+0.730
241.400	+1.950e+03	+4.902e+03	+7.301e+03	+0.715
241.600	+2.202e+03	+5.056e+03	+6.014e+03	+0.697
241.800	+2.078e+03	+3.503e+03	+8.193e+03	+0.628
242.000	+2.052e+03	+4.238e+03	+7.580e+03	+0.674
242.200	+3.874e+03	+3.464e+03	+6.305e+03	+0.472
242.400	+4.144e+03	+1.109e+03	+6.501e+03	+0.211
242.600	+4.666e+03	+1.300e+03	+1.053e+04	+0.218
242.800	+5.577e+03	+1.406e+03	+7.640e+03	+0.201
243.000	+4.776e+03	+1.409e+03	+7.851e+03	+0.228
243.200	+5.147e+03	+2.251e+03	+5.981e+03	+0.304
243.400	+5.264e+03	+2.542e+03	+7.144e+03	+0.326
243.600	+4.911e+03	+2.162e+03	+6.409e+03	+0.306
243.800	+5.936e+03	+2.882e+03	+7.099e+03	+0.327
244.000	+4.631e+03	+2.044e+03	+8.513e+03	+0.306
244.200	+5.451e+03	+8.254e+02	+6.346e+03	+0.132
244.400	+6.205e+03	+5.870e+02	+7.207e+03	+0.086
244.600	+2.704e+03	+1.730e+03	+7.065e+03	+0.390
244.800	+4.356e+03	+6.973e+02	+6.586e+03	+0.138
245.000	+6.276e+03	+2.521e+03	+7.955e+03	+0.287
245.200	+4.417e+03	+2.362e+03	+8.556e+03	+0.348
245.400	+5.229e+03	+2.166e+03	+7.990e+03	+0.293
245.600	+5.031e+03	+1.261e+03	+6.417e+03	+0.200
245.800	+5.949e+03	+2.365e+03	+7.892e+03	+0.284
246.000	+5.779e+03	+7.348e+02	+7.678e+03	+0.113
246.200	+7.240e+03	+2.461e+03	+8.859e+03	+0.254
246.400	+5.146e+03	+1.403e+03	+6.614e+03	+0.214
246.600	+5.873e+03	+3.237e+03	+8.684e+03	+0.355
246.800	+4.364e+03	+2.084e+03	+7.942e+03	+0.323
247.000	+5.250e+03	+2.469e+03	+7.036e+03	+0.320
247.200	+4.455e+03	+2.047e+03	+5.676e+03	+0.315
247.400	+3.819e+03	+1.853e+03	+7.196e+03	+0.327
247.600	+4.970e+03	+6.640e+02	+7.034e+03	+0.118
247.800	+5.615e+03	+1.500e+03	+8.422e+03	+0.211
248.000	+5.049e+03	+2.344e+03	+6.102e+03	+0.317
248.200	+4.401e+03	+2.998e+03	+7.626e+03	+0.405
248.400	+5.323e+03	+2.993e+03	+6.566e+03	+0.360
248.600	+6.477e+03	+2.019e+03	+6.118e+03	+0.238
248.800	+5.962e+03	+2.583e+03	+7.815e+03	+0.302
249.000	+7.902e+03	+1.593e+03	+7.105e+03	+0.168
249.200	+6.196e+03	+1.612e+03	+9.087e+03	+0.206
249.400	+5.552e+03	+1.337e+03	+6.527e+03	+0.194
249.600	+5.705e+03	+2.174e+03	+5.027e+03	+0.276
249.800	+4.514e+03	+1.165e+03	+7.456e+03	+0.205
250.000	+4.623e+03	+3.937e+02	+6.981e+03	+0.078
250.200	+5.141e+03	+2.733e+02	+8.678e+03	+0.050
250.400	+7.680e+03	+2.082e+03	+7.586e+03	+0.213
250.600	+6.462e+03	+1.147e+03	+8.682e+03	+0.151
250.800	+6.414e+03	+2.087e+03	+5.166e+03	+0.246
251.000	+6.242e+03	+2.294e+03	+6.001e+03	+0.269
251.200	+4.753e+03	+3.351e+03	+8.467e+03	+0.413
251.400	+5.129e+03	+1.034e+03	+7.331e+03	+0.168
251.600	+7.778e+02	+6.288e+03	+5.659e+03	+0.890
251.800	+2.643e+03	+3.846e+03	+7.532e+03	+0.593
252.000	+2.345e+03	+5.712e+03	+7.196e+03	+0.709
252.200	+3.060e+03	+4.691e+03	+6.960e+03	+0.605
252.400	+3.422e+03	+4.577e+03	+5.878e+03	+0.572
252.600	+1.201e+03	+3.683e+03	+8.355e+03	+0.754
252.800	+2.107e+03	+5.293e+03	+6.722e+03	+0.715
253.000	+2.467e+03	+4.755e+03	+6.294e+03	+0.658
253.200	+1.741e+03	+5.545e+03	+6.956e+03	+0.761
253.400	+1.566e+03	+4.556e+03	+6.524e+03	+0.744
253.600	+2.647e+03	+6.025e+03	+7.750e+03	+0.695
253.800	+2.594e+03	+4.225e+03	+7.235e+03	+0.620
254.000	+4.708e+03	+1.874e+03	+6.597e+03	+0.285
254.200	+6.500e+03	+1.473e+03	+6.251e+03	+0.185
254.400	+5.302e+03	+2.740e+03	+7.687e+03	+0.341
254.600	+6.255e+03	+9.205e+02	+6.479e+03	+0.128
254.800	+5.127e+03	+2.853e+03	+7.828e+03	+0.358
255.000	+6.306e+03	+1.807e+03	+7.336e+03	+0.223
255.200	+4.958e+03	+1.554e+03	+7.029e+03	+0.239
255.400	+5.535e+03	+2.121e+03	+6.368e+03	+0.277
255.600	+5.623e+03	+2.139e+03	+6.383e+03	+0.276
255.800	+6.697e+03	+8.520e+02	+5.980e+03	+0.113
256.000	+6.192e+03	+2.827e+03	+8.293e+03	+0.313
256.200	+5.437e+03	+1.831e+03	+8.707e+03	+0.252
256.400	+5.962e+03	+3.425e+03	+7.206e+03	+0.365
256.600	+5.793e+03	+1.511e+03	+5.462e+03	+0.207
256.800	+6.443e+03	+2.332e+03	+8.611e+03	+0.266
257.000	+4.837e+03	+1.457e+03	+7.475e+03	+0.231
257.200	+5.951e+03	+2.305e+03	+6.940e+03	+0.279
257.400	+4.916e+03	+2.752e+03	+8.263e+03	+0.359
257.600	+5.944e+03	+1.781e+03	+8.294e+03	+0.231
257.800	+3.962e+03	+1.217e+03	+9.085e+03	+0.235
258.000	+5.914e+03	+6.169e+02	+7.624e+03	+0.094
258.200	+5.304e+03	+2.555e+03	+6.295e+03	+0.325
258.400	+5.901e+03	+1.381e+03	+5.731e+03	+0.190
258.600	+5.531e+03	+1.227e+03	+6.017e+03	+0.182
258.800	+5.286e+03	+2.924e+03	+5.949e+03	+0.356
259.000	+4.671e+03	+2.336e+03	+7.898e+03	+0.333
259.200	+4.451e+03	+1.014e+03	+9.138e+03	+0.186
259.400	+5.241e+03	+2.199e+03	+5.929e+03	+0.296
259.600	+3.832e+03	+1.176e+03	+7.359e+03	+0.235
259.800	+5.316e+03	+2.366e+03	+7.765e+03	+0.308
260.000	+5.731e+03	+6.264e+02	+7.825e+03	+0.099
260.200	+3.979e+03	+2.049e+03	+7.956e+03	+0.340
260.400	+5.357e+03	+1.447e+03	+7.204e+03	+0.213
260.600	+6.840e+03	+6.481e+02	+6.573e+03	+0.087
260.800	+4.026e+03	+1.703e+03	+7.455e+03	+0.297
261.000	+4.443e+03	+1.053e+03	+7.847e+03	+0.192
261.200	+6.014e+03	+8.839e+02	+6.261e+03	+0.128
261.400	+5.602e+03	+1.760e+03	+7.917e+03	+0.239
261.600	+4.620e+03	+2.511e+03	+6.111e+03	+0.352
261.800	+6.093e+03	+1.978e+03	+6.508e+03	+0.245
262.000	+7.172e+03	+1.363e+03	+8.051e+03	+0.160
262.200	+6.462e+03	+1.608e+03	+8.270e+03	+0.199
262.400	+6.006e+03	+1.901e+03	+5.683e+03	+0.240
262.600	+7.149e+03	+9.192e+02	+7.744e+03	+0.114
262.800	+4.693e+03	+1.362e+03	+6.202e+03	+0.225
263.000	+5.961e+03	+1.429e+03	+7.601e+03	+0.193
263.200	+5.646e+03	+2.000e+03	+6.545e+03	+0.262
263.400	+5.213e+03	+2.057e+03	+8.039e+03	+0.283
263.600	+5.270e+03	+1.885e+03	+7.631e+03	+0.263
263.800	+7.415e+03	+3.285e+03	+6.067e+03	+0.307
264.000	+5.499e+03	+2.121e+03	+6.808e+03	+0.278
264.200	+6.687e+03	+1.884e+03	+7.915e+03	+0.220
264.400	+6.506e+03	+2.535e+03	+9.392e+03	+0.280
264.600	+4.689e+03	+2.563e+03	+7.738e+03	+0.353
264.800	+3.807e+03	+2.547e+03	+5.677e+03	+0.401
265.000	+4.591e+03	+1.539e+03	+7.101e+03	+0.251
265.200	+5.507e+03	+2.216e+03	+6.006e+03	+0.287
265.400	+5.206e+03	+1.536e+03	+9.369e+03	+0.228
265.600	+5.570e+03	+2.441e+03	+8.148e+03	+0.305
265.800	+7.036e+03	+2.261e+03	+6.951e+03	+0.243
266.000	+5.999e+03	+1.351e+03	+6.202e+03	+0.184
266.200	+6.072e+03	+2.905e+03	+5.965e+03	+0.324
266.400	+5.420e+03	+4.600e+02	+5.818e+03	+0.078
266.600	+4.764e+03	+1.430e+03	+7.368e+03	+0.231
266.800	+5.049e+03	+1.676e+03	+7.133e+03	+0.249
267.000	+5.714e+03	+2.241e+03	+6.522e+03	+0.282
267.200	+7.042e+03	+1.804e+03	+6.517e+03	+0.204
267.400	+4.236e+03	+2.363e+03	+7.741e+03	+0.358
267.600	+5.602e+03	+9.965e+02	+6.239e+03	+0.151
267.800	+5.441e+03	+1.052e+03	+7.401e+03	+0.162
268.000	+4.228e+03	+1.926e+03	+7.380e+03	+0.313
268.200	+7.506e+03	+2.035e+03	+7.593e+03	+0.213
268.400	+3.729e+03	+1.720e+03	+7.563e+03	+0.316
268.600	+7.874e+03	+1.042e+03	+7.737e+03	+0.117
268.800	+5.717e+03	+2.256e+03	+6.867e+03	+0.283
269.000	+5.900e+03	+1.145e+03	+8.065e+03	+0.163
269.200	+4.530e+03	+1.377e+03	+5.072e+03	+0.233
269.400	+5.088e+03	+1.568e+03	+6.621e+03	+0.236
269.600	+5.993e+03	+1.911e+03	+7.320e+03	+0.242
269.800	+4.565e+03	+1.857e+03	+8.467e+03	+0.289
270.000	+5.387e+03	+1.100e+03	+6.878e+03	+0.170
270.200	+4.865e+03	+1.648e+03	+8.175e+03	+0.253
270.400	+5.416e+03	+2.118e+03	+6.296e+03	+0.281
270.600	+4.375e+03	+1.807e+03	+7.361e+03	+0.292
270.800	+6.648e+03	+2.764e+03	+8.958e+03	+0.294
271.000	+6.754e+03	+1.308e+03	+7.130e+03	+0.162
271.200	+5.817e+03	+1.599e+03	+5.976e+03	+0.216
271.400	+6.905e+03	+2.100e+03	+9.380e+03	+0.233
271.600	+3.618e+03	+1.743e+03	+7.647e+03	+0.325
271.800	+6.196e+03	+2.271e+03	+7.351e+03	+0.268
272.000	+5.741e+03	+2.476e+03	+8.224e+03	+0.301
272.200	+4.960e+03	+1.516e+03	+7.075e+03	+0.234
272.400	+4.643e+03	+1.704e+03	+5.628e+03	+0.268
272.600	+4.300e+03	+2.309e+03	+8.134e+03	+0.349
272.800	+5.480e+03	+2.066e+03	+9.229e+03	+0.274
273.000	+5.955e+03	+2.666e+03	+7.564e+03	+0.309
273.200	+5.781e+03	+2.862e+03	+8.093e+03	+0.331
273.400	+5.223e+03	+1.893e+03	+5.336e+03	+0.266
273.600	+6.941e+03	+1.726e+03	+9.142e+03	+0.199
273.800	+5.993e+03	+1.217e+03	+6.332e+03	+0.169
274.000	+6.725e+03	+2.308e+03	+9.171e+03	+0.255
274.200	+5.001e+03	+2.235e+03	+6.733e+03	+0.309
274.400	+6.348e+03	+1.053e+03	+6.751e+03	+0.142
274.600	+5.009e+03	+1.373e+03	+6.715e+03	+0.215
274.800	+4.523e+03	+1.231e+03	+8.042e+03	+0.214
275.000	+4.723e+03	+2.383e+03	+6.541e+03	+0.335
275.200	+6.680e+03	+1.124e+03	+6.404e+03	+0.144
275.400	+5.948e+03	+3.171e+03	+6.946e+03	+0.348
275.600	+5.498e+03	+1.353e+03	+5.863e+03	+0.197
275.800	+6.124e+03	+9.372e+02	+8.102e+03	+0.133
276.000	+5.893e+03	+2.134e+03	+7.426e+03	+0.266
276.200	+5.437e+03	+1.326e+03	+8.411e+03	+0.196
276.400	+5.475e+03	+3.140e+03	+5.997e+03	+0.364
276.600	+3.864e+03	+2.540e+03	+8.380e+03	+0.397
276.800	+5.097e+03	+2.994e+03	+6.720e+03	+0.370
277.000	+6.205e+03	+2.694e+03	+7.236e+03	+0.303
277.200	+6.647e+03	+1.417e+03	+6.640e+03	+0.176
277.400	+5.804e+03	+1.540e+03	+7.544e+03	+0.210
277.600	+5.063e+03	+4.064e+02	+7.006e+03	+0.074
277.800	+4.398e+03	+2.300e+03	+9.851e+03	+0.343
278.000	+5.882e+03	+1.396e+03	+6.136e+03	+0.192
278.200	+4.899e+03	+1.997e+03	+8.559e+03	+0.290
278.400	+6.140e+03	+2.576e+03	+7.386e+03	+0.296
278.600	+4.877e+03	+1.388e+03	+8.612e+03	+0.221
278.800	+3.240e+03	+3.933e+03	+5.909e+03	+0.548
279.000	+2.137e+03	+3.970e+03	+4.926e+03	+0.650
279.200	+1.601e+03	+5.118e+03	+7.481e+03	+0.762
279.400	+2.563e+03	+6.028e+03	+8.264e+03	+0.702
279.600	+1.294e+03	+3.942e+03	+6.692e+03	+0.753
279.800	+1.613e+03	+4.686e+03	+5.261e+03	+0.744
280.000	+1.184e+03	+5.931e+03	+5.294e+03	+0.834
280.200	+1.372e+03	+4.889e+03	+8.366e+03	+0.781
280.400	+4.233e+02	+4.784e+03	+8.147e+03	+0.919
280.600	+2.273e+03	+4.335e+03	+6.134e+03	+0.656
280.800	+2.031e+03	+5.468e+03	+6.835e+03	+0.729
281.000	+2.156e+03	+7.136e+03	+7.052e+03	+0.768
281.200	+9.401e+02	+5.054e+03	+7.535e+03	+0.843
281.400	+2.489e+03	+4.458e+03	+7.220e+03	+0.642
281.600	+2.248e+03	+4.958e+03	+6.870e+03	+0.688
281.800	+1.700e+03	+4.448e+03	+7.081e+03	+0.723
282.000	+1.844e+03	+5.297e+03	+6.093e+03	+0.742
282.200	+2.047e+03	+5.177e+03	+8.426e+03	+0.717
282.400	+3.278e+03	+6.133e+03	+8.793e+03	+0.652
282.600	+2.739e+03	+4.433e+03	+6.078e+03	+0.618
282.800	+1.338e+03	+6.768e+03	+6.772e+03	+0.835
283.000	+1.839e+03	+6.294e+03	+6.560e+03	+0.774
283.200	+2.065e+03	+6.455e+03	+6.919e+03	+0.758
283.400	+1.949e+03	+5.057e+03	+7.576e+03	+0.722
283.600	+1.441e+03	+6.050e+03	+6.443e+03	+0.808
283.800	+1.939e+03	+5.093e+03	+8.660e+03	+0.724
284.000	+2.893e+03	+5.637e+03	+7.233e+03	+0.661
284.200	+2.093e+03	+5.710e+03	+9.421e+03	+0.732
284.400	+3.127e+03	+5.289e+03	+7.216e+03	+0.628
284.600	+1.469e+03	+4.771e+03	+9.559e+03	+0.765
284.800	+1.473e+03	+5.422e+03	+7.766e+03	+0.786
285.000	+1.962e+03	+3.011e+03	+6.075e+03	+0.605
285.200	+7.079e+02	+4.324e+03	+6.131e+03	+0.859
285.400	+1.393e+03	+4.695e+03	+7.247e+03	+0.771
285.600	+2.200e+03	+5.216e+03	+7.293e+03	+0.703
285.800	+1.764e+03	+3.843e+03	+7.862e+03	+0.685
286.000	+1.736e+03	+6.798e+03	+9.142e+03	+0.797
286.200	+3.057e+03	+5.247e+03	+8.205e+03	+0.632
286.400	+2.243e+03	+7.292e+03	+7.334e+03	+0.765
286.600	+2.331e+03	+6.987e+03	+6.653e+03	+0.750
286.800	+7.297e+02	+5.175e+03	+5.905e+03	+0.876
287.000	+2.318e+03	+5.177e+03	+7.582e+03	+0.691
287.200	+1.821e+03	+5.034e+03	+7.979e+03	+0.734
287.400	+2.231e+03	+5.414e+03	+6.818e+03	+0.708
287.600	+1.601e+03	+4.130e+03	+6.479e+03	+0.721
287.800	+1.729e+03	+5.808e+03	+6.903e+03	+0.771
288.000	+2.450e+03	+6.364e+03	+7.889e+03	+0.722
288.200	+1.318e+03	+6.252e+03	+7.034e+03	+0.826
288.400	+3.515e+03	+5.227e+03	+7.859e+03	+0.598
288.600	+1.895e+03	+5.434e+03	+6.530e+03	+0.741
288.800	+2.396e+03	+6.261e+03	+7.211e+03	+0.723
289.000	+2.067e+03	+5.711e+03	+6.270e+03	+0.734
289.200	+1.770e+03	+4.830e+03	+7.179e+03	+0.732
289.400	+1.980e+03	+6.052e+03	+7.179e+03	+0.754
289.600	+3.264e+03	+5.390e+03	+6.707e+03	+0.623
289.800	+1.064e+03	+6.204e+03	+7.947e+03	+0.854
290.000	+4.370e+02	+5.370e+03	+5.705e+03	+0.925
290.200	+2.409e+03	+5.581e+03	+6.758e+03	+0.698
290.400	+2.597e+03	+4.649e+03	+8.351e+03	+0.642
290.600	+1.935e+03	+5.738e+03	+7.211e+03	+0.748
290.800	+3.063e+03	+6.295e+03	+8.483e+03	+0.673
291.000	+3.149e+03	+3.885e+03	+5.300e+03	+0.552
291.200	+5.616e+03	+2.611e+03	+7.408e+03	+0.317
291.400	+5.267e+03	+1.143e+03	+7.835e+03	+0.178
291.600	+4.679e+03	+2.555e+03	+7.819e+03	+0.353
291.800	+6.934e+03	+1.890e+03	+7.330e+03	+0.214
292.000	+5.429e+03	+3.171e+02	+6.720e+03	+0.055
292.200	+7.520e+03	+1.997e+03	+7.660e+03	+0.210
292.400	+5.727e+03	+1.539e+03	+6.612e+03	+0.212
292.600	+6.139e+03	+1.545e+03	+8.141e+03	+0.201
292.800	+5.150e+03	+2.547e+03	+5.463e+03	+0.331
293.000	+6.090e+03	+1.096e+03	+5.446e+03	+0.153
293.200	+4.100e+03	+6.928e+02	+7.517e+03	+0.145
293.400	+5.722e+03	+1.132e+03	+7.870e+03	+0.165
293.600	+6.283e+03	+1.763e+03	+6.481e+03	+0.219
293.800	+5.427e+03	+1.796e+03	+8.164e+03	+0.249
294.000	+5.969e+03	+1.282e+03	+9.332e+03	+0.177
294.200	+5.320e+03	+6.117e+02	+7.552e+03	+0.103
294.400	+5.430e+03	+8.397e+02	+8.255e+03	+0.134
294.600	+2.331e+03	+4.351e+03	+7.261e+03	+0.651
294.800	+2.402e+03	+4.544e+03	+6.835e+03	+0.654
295.000	+1.165e+03	+6.391e+03	+7.700e+03	+0.846
295.200	+1.543e+03	+5.426e+03	+7.136e+03	+0.779
295.400	+2.966e+03	+6.309e+03	+7.781e+03	+0.680
295.600	+2.225e+03	+5.034e+03	+6.136e+03	+0.693
295.800	+2.428e+03	+5.790e+03	+4.728e+03	+0.705
296.000	+1.867e+03	+4.862e+03	+4.191e+03	+0.722
296.200	+1.784e+03	+4.279e+03	+8.720e+03	+0.706
296.400	+1.657e+03	+4.792e+03	+7.288e+03	+0.743
296.600	+1.445e+03	+4.053e+03	+6.573e+03	+0.737
296.800	+1.205e+03	+5.232e+03	+6.023e+03	+0.813
297.000	+3.632e+03	+6.129e+03	+6.599e+03	+0.628
297.200	+2.258e+03	+6.203e+03	+7.165e+03	+0.733
297.400	+2.072e+03	+5.408e+03	+6.265e+03	+0.723
297.600	+2.163e+03	+6.444e+03	+5.796e+03	+0.749
297.800	+1.823e+03	+4.394e+03	+5.603e+03	+0.707
298.000	+2.890e+03	+5.814e+03	+6.785e+03	+0.668
298.200	+1.794e+03	+4.154e+03	+6.955e+03	+0.698
298.400	+2.868e+03	+4.937e+03	+9.452e+03	+0.633
298.600	+1.549e+03	+4.294e+03	+6.172e+03	+0.735
298.800	+2.990e+03	+5.521e+03	+7.330e+03	+0.649
299.000	+1.652e+03	+4.445e+03	+6.547e+03	+0.729
299.200	+1.958e+03	+5.781e+03	+6.909e+03	+0.747
299.400	+2.978e+03	+7.123e+03	+7.548e+03	+0.705
299.600	+6.032e+02	+5.229e+03	+7.736e+03	+0.897
299.800	+2.073e+03	+5.548e+03	+7.140e+03	+0.728
300.000	+2.264e+03	+6.296e+03	+6.316e+03	+0.735
300.200	+1.527e+03	+3.833e+03	+9.400e+03	+0.715
300.400	+1.663e+03	+5.456e+03	+7.494e+03	+0.766
300.600	+2.086e+03	+5.405e+03	+7.986e+03	+0.722
300.800	+1.578e+03	+5.925e+03	+7.396e+03	+0.790
301.000	+3.161e+03	+5.228e+03	+6.984e+03	+0.623
301.200	+6.743e+03	+1.043e+03	+5.436e+03	+0.134
301.400	+6.206e+03	+2.908e+03	+8.107e+03	+0.319
301.600	+5.718e+03	+9.806e+02	+7.123e+03	+0.146
301.800	+4.741e+03	+1.181e+03	+7.101e+03	+0.199
302.000	+5.941e+03	+2.851e+02	+6.766e+03	+0.046
302.200	+4.522e+03	+9.061e+02	+7.993e+03	+0.167
302.400	+3.988e+03	+2.653e+03	+7.639e+03	+0.399
302.600	+3.798e+03	+2.454e+03	+5.683e+03	+0.392
302.800	+5.373e+03	+1.472e+03	+6.266e+03	+0.215
303.000	+5.150e+03	+7.507e+02	+5.312e+03	+0.127
303.200	+6.112e+03	+1.676e+03	+7.983e+03	+0.215
303.400	+4.440e+03	+2.213e+03	+7.846e+03	+0.333
303.600	+2.723e+03	+5.517e+03	+6.178e+03	+0.670
303.800	+3.908e+03	+5.774e+03	+6.300e+03	+0.596
304.000	+4.623e+02	+4.825e+03	+7.879e+03	+0.913
304.200	+1.530e+03	+4.405e+03	+5.931e+03	+0.742
304.400	+2.054e+03	+5.476e+03	+6.982e+03	+0.727
304.600	+1.930e+03	+5.878e+03	+7.758e+03	+0.753
304.800	+1.975e+03	+4.127e+03	+8.172e+03	+0.676
305.000	+1.869e+03	+5.630e+03	+7.418e+03	+0.751
305.200	+1.927e+03	+5.382e+03	+8.165e+03	+0.736
305.400	+2.035e+03	+4.937e+03	+6.892e+03	+0.708
305.600	+2.044e+03	+5.247e+03	+7.118e+03	+0.720
305.800	+4.686e+03	+1.863e+03	+8.557e+03	+0.284
306.000	+5.053e+03	+1.656e+03	+6.008e+03	+0.247
306.200	+4.743e+03	+2.034e+03	+7.418e+03	+0.300
306.400	+4.249e+03	+1.648e+03	+6.621e+03	+0.279
306.600	+5.234e+03	+1.786e+03	+8.399e+03	+0.254
306.800	+5.380e+03	+1.670e+03	+7.936e+03	+0.237
307.000	+3.449e+03	+2.593e+03	+7.921e+03	+0.429
307.200	+5.414e+03	+1.734e+03	+7.724e+03	+0.243
307.400	+5.504e+03	+2.027e+03	+7.001e+03	+0.269
307.600	+4.311e+03	+2.743e+03	+6.495e+03	+0.389
307.800	+4.049e+03	+1.731e+03	+5.925e+03	+0.299
308.000	+4.815e+03	+1.410e+03	+6.094e+03	+0.227
308.200	+3.707e+03	+3.498e+03	+7.595e+03	+0.485
308.400	+2.453e+03	+5.015e+03	+7.364e+03	+0.672
308.600	+2.115e+03	+5.595e+03	+6.124e+03	+0.726
308.800	+9.991e+02	+4.558e+03	+8.487e+03	+0.820
309.000	+2.612e+03	+5.271e+03	+7.738e+03	+0.669
309.200	+3.849e+03	+4.396e+03	+7.660e+03	+0.533
309.400	+5.739e+03	+2.405e+03	+9.136e+03	+0.295
309.600	+6.845e+03	+1.897e+03	+7.903e+03	+0.217
309.800	+5.435e+03	+2.329e+03	+6.532e+03	+0.300
310.000	+6.369e+03	+1.578e+03	+5.989e+03	+0.199
310.200	+6.303e+03	+5.993e+02	+8.295e+03	+0.087
310.400	+5.816e+03	+2.533e+03	+8.022e+03	+0.303
310.600	+5.152e+03	+1.613e+03	+8.348e+03	+0.238
310.800	+5.294e+03	+2.475e+03	+6.280e+03	+0.319
311.000	+5.276e+03	+2.364e+03	+7.119e+03	+0.309
311.200	+4.352e+03	+1.807e+03	+8.994e+03	+0.293
311.400	+6.397e+03	+1.610e+03	+6.534e+03	+0.201
311.600	+3.584e+03	+1.049e+03	+8.653e+03	+0.226
311.800	+5.850e+03	+1.832e+03	+8.406e+03	+0.238
312.000	+4.920e+03	+2.453e+03	+6.731e+03	+0.333
312.200	+6.458e+03	+2.453e+03	+6.711e+03	+0.275
312.400	+4.471e+03	+2.141e+03	+7.885e+03	+0.324
312.600	+5.376e+03	+1.706e+03	+6.661e+03	+0.241
312.800	+5.056e+03	+1.186e+03	+6.403e+03	+0.190
313.000	+5.706e+03	+1.638e+03	+8.147e+03	+0.223
313.200	+5.785e+03	+1.691e+03	+8.382e+03	+0.226
313.400	+6.112e+03	+2.684e+03	+9.035e+03	+0.305
313.600	+5.363e+03	+1.396e+03	+8.464e+03	+0.207
313.800	+5.851e+03	+2.026e+03	+8.188e+03	+0.257
314.000	+6.035e+03	+1.342e+03	+5.350e+03	+0.182
314.200	+5.432e+03	+1.292e+03	+7.070e+03	+0.192
314.400	+4.413e+03	+1.428e+03	+6.686e+03	+0.244
314.600	+6.803e+03	+2.701e+03	+8.000e+03	+0.284
314.800	+5.451e+03	+1.173e+03	+7.386e+03	+0.177
315.000	+5.825e+03	+9.585e+02	+6.777e+03	+0.141
315.200	+6.108e+03	+1.886e+03	+7.356e+03	+0.236
315.400	+5.861e+03	+1.980e+03	+8.781e+03	+0.253
315.600	+7.304e+03	+2.010e+03	+7.291e+03	+0.216
315.800	+4.485e+03	+2.088e+03	+5.601e+03	+0.318
316.000	+5.139e+03	+2.152e+03	+7.196e+03	+0.295
316.200	+6.144e+03	+2.778e+03	+7.130e+03	+0.311
316.400	+4.203e+03	+2.399e+03	+6.970e+03	+0.363
316.600	+5.259e+03	+1.295e+03	+6.838e+03	+0.198
316.800	+4.422e+03	+9.496e+02	+7.299e+03	+0.177
317.000	+3.572e+03	+1.387e+03	+9.027e+03	+0.280
317.200	+7.571e+03	+2.038e+03	+7.188e+03	+0.212
317.400	+5.387e+03	+2.536e+03	+8.466e+03	+0.320
317.600	+4.383e+03	+2.220e+03	+7.701e+03	+0.336
317.800	+5.420e+03	+1.906e+03	+6.730e+03	+0.260
318.000	+5.776e+03	+2.321e+03	+6.685e+03	+0.287
318.200	+5.760e+03	+2.250e+03	+8.308e+03	+0.281
318.400	+5.629e+03	+1.692e+03	+5.751e+03	+0.231
318.600	+5.287e+03	+3.261e+03	+5.983e+03	+0.382
318.800	+6.093e+03	+1.395e+03	+7.994e+03	+0.186
319.000	+4.978e+03	+2.109e+03	+6.951e+03	+0.298
319.200	+6.189e+03	+2.002e+03	+6.393e+03	+0.244
319.400	+5.337e+03	+1.795e+03	+4.953e+03	+0.252
319.600	+5.581e+03	+2.164e+03	+8.935e+03	+0.279
319.800	+5.469e+03	+1.229e+03	+6.119e+03	+0.184
320.000	+4.890e+03	+1.150e+03	+6.759e+03	+0.190
320.200	+4.113e+03	+1.944e+03	+7.553e+03	+0.321
320.400	+6.277e+03	+2.623e+03	+8.922e+03	+0.295
320.600	+4.357e+03	+1.419e+03	+7.917e+03	+0.246
320.800	+4.645e+03	+4.988e+02	+8.393e+03	+0.097
321.000	+6.330e+03	+1.798e+03	+7.574e+03	+0.221
321.200	+3.532e+03	+9.975e+02	+6.284e+03	+0.220
321.400	+6.191e+03	+1.622e+03	+9.076e+03	+0.208
321.600	+4.417e+03	+1.926e+03	+7.689e+03	+0.304
321.800	+5.627e+03	+2.487e+03	+9.343e+03	+0.307
322.000	+6.643e+03	+2.366e+03	+7.744e+03	+0.263
322.200	+6.622e+03	+1.448e+03	+7.945e+03	+0.179
322.400	+4.829e+03	+1.527e+03	+5.498e+03	+0.240
322.600	+5.585e+03	+1.580e+03	+6.697e+03	+0.220
322.800	+4.366e+03	+1.761e+03	+7.134e+03	+0.287
323.000	+6.543e+03	+1.479e+03	+8.620e+03	+0.184
323.200	+4.967e+03	+1.801e+03	+6.819e+03	+0.266
323.400	+6.330e+03	+1.283e+03	+5.368e+03	+0.169
323.600	+4.363e+03	+1.893e+03	+6.562e+03	+0.303
323.800	+5.431e+03	+1.749e+03	+7.757e+03	+0.244
324.000	+7.125e+03	+1.957e+03	+8.747e+03	+0.216
324.200	+7.262e+03	+8.734e+02	+8.553e+03	+0.107
324.400	+6.322e+03	+1.468e+03	+6.338e+03	+0.188
324.600	+6.871e+03	+1.829e+03	+8.170e+03	+0.210
324.800	+6.373e+03	+2.282e+03	+7.392e+03	+0.264
325.000	+6.224e+03	+1.218e+03	+6.999e+03	+0.164
325.200	+6.173e+03	+1.642e+03	+8.135e+03	+0.210
325.400	+5.641e+03	+1.743e+03	+6.238e+03	+0.236
325.600	+3.806e+03	+2.218e+03	+7.265e+03	+0.368
325.800	+4.951e+03	+2.933e+03	+7.285e+03	+0.372
326.000	+6.524e+03	+1.458e+03	+8.205e+03	+0.183
326.200	+4.649e+03	+1.356e+03	+6.299e+03	+0.226
326.400	+4.931e+03	+1.524e+03	+7.959e+03	+0.236
326.600	+6.131e+03	+1.598e+03	+7.444e+03	+0.207
326.800	+4.407e+03	+2.453e+03	+8.824e+03	+0.358
327.000	+5.234e+03	+1.898e+03	+7.907e+03	+0.266
327.200	+5.818e+03	+9.125e+02	+6.572e+03	+0.136
327.400	+4.939e+03	+1.835e+03	+7.263e+03	+0.271
327.600	+5.453e+03	+1.811e+03	+6.626e+03	+0.249
327.800	+5.658e+03	+2.123e+03	+6.080e+03	+0.273
328.000	+4.443e+03	+2.561e+03	+8.259e+03	+0.366
328.200	+5.216e+03	+2.758e+03	+6.445e+03	+0.346
328.400	+4.975e+03	+1.691e+01	+5.787e+03	+0.003
328.600	+4.825e+03	+2.050e+03	+7.300e+03	+0.298
328.800	+5.678e+03	+1.147e+03	+8.531e+03	+0.168
329.000	+5.566e+03	+2.025e+03	+8.291e+03	+0.267
329.200	+6.222e+03	+1.497e+03	+5.977e+03	+0.194
329.400	+5.397e+03	+2.328e+03	+7.091e+03	+0.301
329.600	+6.333e+03	+7.380e+02	+7.707e+03	+0.104
329.800	+6.293e+03	+2.117e+03	+7.164e+03	+0.252
330.000	+5.793e+03	+1.821e+03	+7.663e+03	+0.239
330.200	+5.409e+03	+1.871e+03	+6.471e+03	+0.257
330.400	+5.951e+03	+1.800e+03	+9.320e+03	+0.232
330.600	+4.437e+03	+1.420e+03	+5.042e+03	+0.242
330.800	+5.253e+03	+2.359e+03	+6.688e+03	+0.310
331.000	+5.340e+03	+2.219e+03	+9.333e+03	+0.294
331.200	+5.172e+03	+2.291e+03	+7.579e+03	+0.307
331.400	+4.015e+03	+2.913e+03	+7.307e+03	+0.420
331.600	+5.923e+03	+2.361e+03	+7.764e+03	+0.285
331.800	+4.773e+03	+1.813e+03	+4.400e+03	+0.275
332.000	+6.155e+03	+1.268e+03	+7.495e+03	+0.171
332.200	+5.992e+03	+2.142e+03	+8.150e+03	+0.263
332.400	+6.278e+03	+8.277e+02	+6.559e+03	+0.116
332.600	+5.227e+03	+1.856e+03	+8.250e+03	+0.262
332.800	+5.913e+03	+2.373e+03	+7.468e+03	+0.286
333.000	+6.034e+03	+2.041e+03	+9.292e+03	+0.253
333.200	+4.537e+03	+9.934e+02	+7.651e+03	+0.180
333.400	+7.254e+03	+7.165e+02	+7.208e+03	+0.090
333.600	+6.391e+03	+2.891e+02	+8.831e+03	+0.043
333.800	+4.826e+03	+9.955e+02	+5.848e+03	+0.171
334.000	+4.868e+03	+2.681e+03	+6.446e+03	+0.355
334.200	+5.238e+03	+1.366e+03	+9.606e+03	+0.207
334.400	+4.912e+03	+3.378e+03	+7.601e+03	+0.407
334.600	+4.269e+03	+1.041e+03	+7.598e+03	+0.196
334.800	+5.878e+03	+1.958e+03	+8.821e+03	+0.250
335.000	+5.894e+03	+2.187e+03	+7.268e+03	+0.271
335.200	+6.657e+03	+2.162e+03	+5.545e+03	+0.245
335.400	+7.411e+03	+2.010e+03	+6.147e+03	+0.213
335.600	+6.338e+03	+1.821e+03	+8.324e+03	+0.223
335.800	+6.073e+03	+2.668e+03	+7.191e+03	+0.305
336.000	+5.256e+03	+2.207e+03	+7.601e+03	+0.296
336.200	+5.122e+03	+2.142e+03	+9.438e+03	+0.295
336.400	+7.592e+03	+1.604e+03	+6.496e+03	+0.174
336.600	+6.567e+03	+2.490e+03	+8.481e+03	+0.275
336.800	+5.990e+03	+1.762e+03	+7.532e+03	+0.227
337.000	+4.437e+03	+1.342e+03	+7.386e+03	+0.232
337.200	+5.073e+03	+3.360e+03	+6.528e+03	+0.398
337.400	+5.244e+03	+2.562e+03	+6.179e+03	+0.328
337.600	+3.968e+03	+1.613e+03	+7.186e+03	+0.289
337.800	+3.908e+03	+3.453e+03	+7.067e+03	+0.469
338.000	+1.176e+03	+5.831e+03	+6.094e+03	+0.832
338.200	+2.077e+03	+5.313e+03	+6.774e+03	+0.719
338.400	+1.780e+03	+6.516e+03	+5.747e+03	+0.785
338.600	+2.335e+03	+5.621e+03	+6.971e+03	+0.707
338.800	+1.834e+03	+5.546e+03	+7.244e+03	+0.752
339.000	+2.905e+03	+3.195e+03	+5.551e+03	+0.524
339.200	+5.906e+03	+1.508e+03	+6.488e+03	+0.203
339.400	+6.616e+03	+1.688e+03	+7.735e+03	+0.203
339.600	+5.261e+03	+7.427e+02	+6.277e+03	+0.124
339.800	+4.985e+03	+1.800e+03	+6.375e+03	+0.265
340.000	+3.877e+03	+1.546e+03	+5.406e+03	+0.285
340.200	+5.616e+03	+7.462e+02	+8.115e+03	+0.117
340.400	+5.704e+03	+1.842e+03	+6.855e+03	+0.244
340.600	+5.464e+03	+1.449e+03	+7.167e+03	+0.210
340.800	+5.380e+03	+2.239e+03	+5.934e+03	+0.294
341.000	+5.591e+03	+1.344e+02	+7.955e+03	+0.023
341.200	+4.924e+03	+2.128e+03	+9.451e+03	+0.302
341.400	+3.974e+03	+1.407e+03	+6.183e+03	+0.262
341.600	+6.165e+03	+6.189e+02	+8.321e+03	+0.091
341.800	+4.678e+03	+1.008e+03	+8.784e+03	+0.177
342.000	+5.422e+03	+6.388e+02	+6.341e+03	+0.105
342.200	+6.003e+03	+7.923e+02	+7.023e+03	+0.117
342.400	+3.846e+03	+2.385e+03	+7.307e+03	+0.383
342.600	+3.708e+03	+1.922e+03	+5.861e+03	+0.341
342.800	+5.451e+03	+1.804e+03	+7.640e+03	+0.249
343.000	+4.815e+03	+2.044e+03	+5.830e+03	+0.298
343.200	+7.074e+03	+2.478e+03	+7.544e+03	+0.259
343.400	+3.399e+03	+2.143e+03	+7.898e+03	+0.387
343.600	+6.294e+03	+2.001e+03	+7.144e+03	+0.241
343.800	+5.992e+03	+7.388e+02	+8.406e+03	+0.110
344.000	+5.116e+03	+1.791e+03	+7.281e+03	+0.259
344.200	+5.257e+03	+1.356e+03	+8.368e+03	+0.205
344.400	+6.392e+03	+2.346e+03	+9.390e+03	+0.268
344.600	+6.717e+03	+1.931e+03	+5.871e+03	+0.223
344.800	+6.285e+03	+2.261e+03	+8.523e+03	+0.265
345.000	+5.445e+03	+2.957e+03	+7.021e+03	+0.352
345.200	+6.936e+03	+2.245e+03	+7.664e+03	+0.244
345.400	+5.521e+03	+2.164e+03	+8.332e+03	+0.282
345.600	+5.076e+03	+1.550e+03	+6.314e+03	+0.234
345.800	+6.102e+03	+2.206e+03	+8.317e+03	+0.266
346.000	+5.264e+03	+2.178e+03	+6.825e+03	+0.293
346.200	+5.783e+03	+3.491e+02	+8.192e+03	+0.057
346.400	+6.143e+03	+1.470e+03	+5.220e+03	+0.193
346.600	+5.682e+03	+2.921e+03	+9.388e+03	+0.340
346.800	+5.274e+03	+1.329e+03	+6.543e+03	+0.201
347.000	+4.823e+03	+1.883e+03	+7.748e+03	+0.281
347.200	+7.108e+03	+2.149e+03	+7.239e+03	+0.232
347.400	+6.055e+03	+1.801e+03	+5.389e+03	+0.229
347.600	+4.845e+03	+1.772e+03	+7.706e+03	+0.268
347.800	+6.933e+03	+1.487e+03	+6.750e+03	+0.177
348.000	+5.418e+03	+2.765e+03	+6.942e+03	+0.338
348.200	+6.092e+03	+1.031e+03	+6.700e+03	+0.145
348.400	+5.931e+03	+2.354e+03	+7.869e+03	+0.284
348.600	+5.182e+03	+1.607e+03	+6.097e+03	+0.237
348.800	+6.337e+03	+2.223e+03	+7.361e+03	+0.260
349.000	+4.458e+03	+2.232e+03	+9.364e+03	+0.334
349.200	+5.303e+03	+1.639e+03	+7.389e+03	+0.236
349.400	+4.379e+03	+2.034e+03	+6.549e+03	+0.317
349.600	+5.925e+03	+1.841e+03	+6.662e+03	+0.237
349.800	+6.409e+03	+1.065e+03	+8.396e+03	+0.143
350.000	+6.903e+03	+1.406e+03	+6.568e+03	+0.169
350.200	+5.117e+03	+1.675e+03	+5.634e+03	+0.247
350.400	+4.939e+03	+1.942e+03	+3.794e+03	+0.282
350.600	+6.299e+03	+1.489e+03	+8.344e+03	+0.191
350.800	+5.120e+03	+1.983e+03	+7.602e+03	+0.279
351.000	+6.595e+03	+1.937e+03	+6.862e+03	+0.227
351.200	+5.314e+03	+2.567e+03	+7.227e+03	+0.326
351.400	+5.592e+03	+1.939e+03	+8.574e+03	+0.257
351.600	+5.749e+03	+2.659e+03	+6.393e+03	+0.316
351.800	+5.467e+03	+1.353e+03	+6.481e+03	+0.198
352.000	+4.783e+03	+1.963e+03	+7.562e+03	+0.291
352.200	+5.744e+03	+2.228e+03	+5.770e+03	+0.280
352.400	+5.850e+03	+2.899e+03	+4.741e+03	+0.331
352.600	+3.177e+03	+2.780e+03	+6.161e+03	+0.467
352.800	+4.517e+03	+1.559e+03	+7.640e+03	+0.257
353.000	+4.355e+03	+1.038e+03	+8.784e+03	+0.192
353.200	+4.880e+03	+2.071e+03	+5.758e+03	+0.298
353.400	+5.098e+03	+1.867e+03	+6.945e+03	+0.268
353.600	+4.354e+03	+3.053e+03	+9.269e+03	+0.412
353.800	+5.656e+03	+1.110e+03	+9.466e+03	+0.164
354.000	+5.665e+03	+2.097e+03	+8.694e+03	+0.270
354.200	+5.523e+03	+2.308e+03	+8.368e+03	+0.295
354.400	+5.243e+03	+9.948e+02	+6.904e+03	+0.159
354.600	+6.463e+03	+2.171e+03	+7.847e+03	+0.251
354.800	+4.800e+03	+1.439e+03	+6.023e+03	+0.231
355.000	+4.760e+03	-2.295e+02	+6.055e+03	-0.051
355.200	+5.444e+03	+1.423e+03	+7.027e+03	+0.207
355.400	+3.212e+03	+1.588e+03	+8.567e+03	+0.331
355.600	+6.107e+03	+1.672e+03	+7.361e+03	+0.215
355.800	+4.477e+03	+2.380e+03	+7.615e+03	+0.347
356.000	+5.521e+03	+1.881e+03	+8.236e+03	+0.254
356.200	+5.049e+03	+1.673e+03	+5.937e+03	+0.249
356.400	+5.399e+03	+2.238e+03	+6.986e+03	+0.293
356.600	+5.317e+03	+1.518e+03	+6.195e+03	+0.222
356.800	+5.048e+03	+2.320e+03	+6.962e+03	+0.315
357.000	+5.457e+03	+8.287e+02	+5.815e+03	+0.132
357.200	+5.985e+03	+2.790e+03	+8.321e+03	+0.318
357.400	+3.973e+03	+1.059e+03	+5.670e+03	+0.210
357.600	+5.338e+03	+2.290e+03	+9.402e+03	+0.300
357.800	+5.961e+03	+2.470e+03	+6.739e+03	+0.293
358.000	+6.049e+03	+1.694e+03	+8.251e+03	+0.219
358.200	+5.077e+03	+1.116e+03	+8.353e+03	+0.180
358.400	+6.626e+03	+1.764e+03	+7.962e+03	+0.210
358.600	+5.394e+03	+2.392e+03	+7.888e+03	+0.307
358.800	+4.242e+03	+1.209e+03	+9.450e+03	+0.222
359.000	+5.930e+03	+2.103e+03	+7.912e+03	+0.262
359.200	+6.787e+03	+1.258e+03	+6.380e+03	+0.156
359.400	+5.743e+03	+1.937e+03	+8.959e+03	+0.252
359.600	+4.643e+03	+2.949e+03	+7.881e+03	+0.388
359.800	+3.557e+03	+1.538e+03	+8.620e+03	+0.302
360.000	+5.543e+03	+1.772e+03	+8.533e+03	+0.242
360.200	+6.031e+03	+2.091e+03	+7.185e+03	+0.257
360.400	+5.325e+03	+2.206e+03	+7.179e+03	+0.293
360.600	+3.735e+03	+1.041e+03	+7.293e+03	+0.218
360.800	+6.077e+03	+1.229e+03	+8.190e+03	+0.168
361.000	+6.671e+03	+2.855e+03	+8.215e+03	+0.300
361.200	+5.696e+03	+1.071e+03	+6.068e+03	+0.158
361.400	+6.637e+03	+1.173e+03	+8.679e+03	+0.150
361.600	+4.637e+03	+1.496e+03	+7.350e+03	+0.244
361.800	+5.187e+03	+2.331e+03	+6.974e+03	+0.310
362.000	+2.870e+03	+6.746e+03	+5.911e+03	+0.702
362.200	+3.183e+03	+5.791e+03	+8.933e+03	+0.645
362.400	+7.671e+02	+5.748e+03	+6.327e+03	+0.882
362.600	+3.760e+03	+4.896e+03	+8.863e+03	+0.566
362.800	+3.013e+03	+5.939e+03	+6.115e+03	+0.663
363.000	+2.247e+03	+4.683e+03	+8.241e+03	+0.676
363.200	+2.608e+03	+5.398e+03	+5.979e+03	+0.674
363.400	+2.167e+03	+4.356e+03	+7.469e+03	+0.668
363.600	+1.811e+03	+4.826e+03	+6.212e+03	+0.727
363.800	+1.618e+03	+5.617e+03	+8.116e+03	+0.776
364.000	+1.200e+03	+5.155e+03	+7.315e+03	+0.811
364.200	+8.619e+02	+3.990e+03	+7.297e+03	+0.822
364.400	+1.940e+03	+4.489e+03	+8.604e+03	+0.698
364.600	+4.738e+03	+1.567e+03	+7.044e+03	+0.249
364.800	+5.980e+03	+2.104e+03	+6.461e+03	+0.260
365.000	+5.897e+03	+2.103e+03	+7.477e+03	+0.263
365.200	+5.345e+03	+1.569e+03	+7.753e+03	+0.227
365.400	+6.800e+03	+1.609e+03	+5.181e+03	+0.191
365.600	+6.630e+03	+2.758e+03	+7.789e+03	+0.294
365.800	+6.054e+03	+2.481e+03	+8.206e+03	+0.291
366.000	+4.254e+03	+8.394e+02	+8.596e+03	+0.165
366.200	+5.100e+03	+7.040e+02	+8.268e+03	+0.121
366.400	+6.541e+03	+1.270e+03	+7.660e+03	+0.163
366.600	+5.199e+03	+1.817e+03	+7.501e+03	+0.259
366.800	+5.964e+03	+2.667e+03	+7.888e+03	+0.309
367.000	+5.357e+03	+1.341e+03	+8.275e+03	+0.200
367.200	+5.464e+03	+1.652e+03	+6.913e+03	+0.232
367.400	+5.115e+03	+3.395e+03	+8.097e+03	+0.399
367.600	+4.186e+03	+2.465e+03	+7.724e+03	+0.371
367.800	+4.064e+03	+1.738e+03	+7.289e+03	+0.300
368.000	+6.278e+03	+2.096e+03	+9.581e+03	+0.250
368.200	+5.155e+03	+1.998e+03	+6.106e+03	+0.279
368.400	+4.831e+03	+3.024e+03	+8.058e+03	+0.385
368.600	+5.775e+03	+1.625e+03	+7.649e+03	+0.220
368.800	+7.507e+03	+2.555e+03	+5.827e+03	+0.254
369.000	+6.669e+03	+7.589e+02	+7.571e+03	+0.102
369.200	+6.488e+03	+2.656e+03	+5.201e+03	+0.290
369.400	+5.457e+03	+1.440e+03	+6.136e+03	+0.209
369.600	+6.320e+03	+1.143e+03	+6.519e+03	+0.153
369.800	+5.992e+03	+1.292e+03	+6.732e+03	+0.177
370.000	+2.708e+03	+5.098e+03	+6.431e+03	+0.653
370.200	+1.112e+03	+4.891e+03	+6.799e+03	+0.815
370.400	+1.694e+03	+6.302e+03	+7.721e+03	+0.788
370.600	+1.437e+03	+6.513e+03	+7.847e+03	+0.819
370.800	+2.245e+03	+5.259e+03	+7.715e+03	+0.701
371.000	+1.739e+03	+4.598e+03	+7.924e+03	+0.726
371.200	+2.309e+03	+5.776e+03	+8.300e+03	+0.714
371.400	+1.833e+03	+5.480e+03	+6.571e+03	+0.749
371.600	+4.192e+03	+2.620e+03	+8.322e+03	+0.385
371.800	+5.718e+03	+5.820e+02	+7.395e+03	+0.092
372.000	+5.514e+03	+2.415e+03	+8.814e+03	+0.305
372.200	+5.198e+03	+2.475e+03	+6.750e+03	+0.323
372.400	+6.073e+03	+1.763e+03	+8.305e+03	+0.225
372.600	+5.464e+03	+2.149e+03	+6.853e+03	+0.282
372.800	+7.182e+03	+1.265e+03	+7.982e+03	+0.150
373.000	+4.307e+03	+1.491e+03	+7.700e+03	+0.257
373.200	+5.677e+03	+5.535e+02	+7.054e+03	+0.089
373.400	+1.475e+03	+6.436e+03	+5.163e+03	+0.814
373.600	+2.237e+03	+5.897e+03	+7.777e+03	+0.725
373.800	+2.332e+03	+5.184e+03	+7.180e+03	+0.690
374.000	+2.411e+03	+4.922e+03	+7.905e+03	+0.671
374.200	+1.351e+03	+4.640e+03	+6.375e+03	+0.775
374.400	+1.705e+03	+5.984e+03	+7.421e+03	+0.778
374.600	+2.252e+03	+4.064e+03	+9.233e+03	+0.643
374.800	+1.929e+03	+6.123e+03	+7.316e+03	+0.760
375.000	+3.566e+03	+5.024e+03	+5.508e+03	+0.585
375.200	+5.396e+03	+1.947e+03	+7.207e+03	+0.265
375.400	+5.654e+03	+3.238e+03	+7.238e+03	+0.364
375.600	+7.585e+03	+1.235e+03	+7.970e+03	+0.140
375.800	+5.955e+03	+7.662e+02	+4.699e+03	+0.114
376.000	+4.810e+03	+2.094e+03	+4.792e+03	+0.303
376.200	+1.516e+03	+5.627e+03	+9.330e+03	+0.788
376.400	+2.790e+03	+5.291e+03	+5.854e+03	+0.655
376.600	+1.648e+03	+5.577e+03	+7.856e+03	+0.772
376.800	+2.291e+03	+3.910e+03	+8.392e+03	+0.631
377.000	+1.551e+03	+4.323e+03	+5.960e+03	+0.736
377.200	+1.543e+03	+4.846e+03	+6.091e+03	+0.759
377.400	+1.349e+03	+4.554e+03	+8.155e+03	+0.772
377.600	+1.944e+03	+5.517e+03	+7.264e+03	+0.739
377.800	+1.680e+03	+4.503e+03	+9.060e+03	+0.728
378.000	+1.164e+03	+5.354e+03	+7.610e+03	+0.821
378.200	+1.738e+03	+3.305e+03	+8.750e+03	+0.655
378.400	+1.799e+03	+5.535e+03	+6.320e+03	+0.755
378.600	+2.277e+03	+5.007e+03	+6.902e+03	+0.687
378.800	+1.416e+03	+4.508e+03	+7.750e+03	+0.761
379.000	+8.804e+02	+5.585e+03	+7.191e+03	+0.864
379.200	+1.786e+03	+6.278e+03	+7.230e+03	+0.779
379.400	+1.812e+03	+5.094e+03	+8.621e+03	+0.738
379.600	+2.825e+03	+6.006e+03	+6.672e+03	+0.680
379.800	+2.304e+03	+5.696e+03	+6.613e+03	+0.712
380.000	+1.629e+03	+5.224e+03	+6.325e+03	+0.762
380.200	+1.628e+03	+4.787e+03	+8.248e+03	+0.746
380.400	+2.677e+03	+5.748e+03	+5.766e+03	+0.682
380.600	+2.449e+03	+6.196e+03	+9.087e+03	+0.717
380.800	+1.916e+03	+6.422e+03	+5.422e+03	+0.770
381.000	+2.470e+03	+5.703e+03	+7.511e+03	+0.698
381.200	+2.002e+03	+5.436e+03	+7.163e+03	+0.731
381.400	+1.470e+03	+4.315e+03	+6.998e+03	+0.746
381.600	+1.894e+03	+4.890e+03	+6.517e+03	+0.721
381.800	+8.992e+02	+6.402e+03	+7.326e+03	+0.877
382.000	+1.961e+03	+5.392e+03	+5.901e+03	+0.733
382.200	+2.009e+03	+4.803e+03	+7.944e+03	+0.705
382.400	+3.556e+03	+4.265e+03	+6.199e+03	+0.545
382.600	+5.129e+03	+2.653e+03	+7.381e+03	+0.341
382.800	+7.640e+03	+9.697e+01	+8.823e+03	+0.013
383.000	+6.211e+03	+2.318e+03	+8.035e+03	+0.272
383.200	+4.608e+03	+1.291e+03	+7.951e+03	+0.219
383.400	+4.732e+03	+2.305e+03	+8.039e+03	+0.328
383.600	+4.435e+03	+2.596e+03	+7.091e+03	+0.369
383.800	+6.670e+03	+2.041e+03	+4.962e+03	+0.234
384.000	+6.637e+03	+1.360e+03	+8.943e+03	+0.170
384.200	+5.086e+03	+1.613e+03	+6.987e+03	+0.241
384.400	+3.775e+03	+3.790e+02	+5.851e+03	+0.091
384.600	+6.646e+03	+1.691e+03	+4.873e+03	+0.203
384.800	+5.053e+03	+1.800e+03	+7.031e+03	+0.263
385.000	+4.805e+03	+2.696e+03	+7.692e+03	+0.359
385.200	+5.005e+03	+1.429e+03	+5.928e+03	+0.222
385.400	+6.682e+03	+2.234e+03	+6.949e+03	+0.251
385.600	+6.688e+03	+1.786e+03	+6.335e+03	+0.211
385.800	+6.057e+03	+2.770e+03	+7.683e+03	+0.314
386.000	+5.833e+03	+9.340e+02	+7.573e+03	+0.138
386.200	+6.348e+03	+2.102e+03	+7.128e+03	+0.249
386.400	+5.035e+03	+1.962e+03	+6.797e+03	+0.280
386.600	+6.777e+03	+9.025e+02	+8.635e+03	+0.118
386.800	+4.792e+03	+1.255e+03	+4.051e+03	+0.208
387.000	+6.358e+03	+3.487e+03	+8.279e+03	+0.354
387.200	+4.761e+03	+5.488e+02	+6.716e+03	+0.103
387.400	+4.797e+03	+1.930e+03	+6.140e+03	+0.287
387.600	+5.109e+03	+9.200e+02	+8.310e+03	+0.153
387.800	+5.990e+03	+1.854e+03	+9.602e+03	+0.236
388.000	+6.223e+03	+1.735e+03	+5.700e+03	+0.218
388.200	+4.401e+03	+1.415e+03	+8.831e+03	+0.243
388.400	+6.882e+03	+1.231e+03	+7.212e+03	+0.152
388.600	+1.954e+03	+5.049e+03	+8.109e+03	+0.721
388.800	+2.276e+03	+4.291e+03	+6.877e+03	+0.653
389.000	+1.852e+03	+4.428e+03	+5.495e+03	+0.705
389.200	+2.438e+03	+4.212e+03	+9.786e+03	+0.633
389.400	+1.699e+03	+4.117e+03	+7.187e+03	+0.708
389.600	+2.966e+03	+6.025e+03	+7.099e+03	+0.670
389.800	+2.113e+03	+5.207e+03	+7.210e+03	+0.711
390.000	+1.159e+03	+5.314e+03	+7.103e+03	+0.821
390.200	+2.453e+03	+3.349e+03	+7.158e+03	+0.577
390.400	+2.074e+03	+5.337e+03	+8.126e+03	+0.720
390.600	+2.156e+03	+6.624e+03	+7.393e+03	+0.754
390.800	+2.630e+03	+6.030e+03	+7.332e+03	+0.696
391.000	+2.095e+03	+6.112e+03	+8.132e+03	+0.745
391.200	+2.723e+03	+5.841e+03	+8.075e+03	+0.682
391.400	+2.474e+03	+5.370e+03	+6.859e+03	+0.685
391.600	+1.522e+03	+4.568e+03	+6.539e+03	+0.750
391.800	+2.019e+03	+4.165e+03	+8.006e+03	+0.674
392.000	+1.281e+03	+5.021e+03	+6.918e+03	+0.797
392.200	+1.828e+03	+5.945e+03	+7.706e+03	+0.765
392.400	+1.972e+03	+4.206e+03	+6.222e+03	+0.681
392.600	+3.078e+03	+5.481e+03	+6.522e+03	+0.640
392.800	+1.275e+03	+4.849e+03	+7.637e+03	+0.792
393.000	+3.503e+03	+6.364e+03	+4.244e+03	+0.645
393.200	+2.577e+03	+3.965e+03	+8.189e+03	+0.606
393.400	+1.433e+03	+4.721e+03	+9.175e+03	+0.767
393.600	+1.871e+03	+6.091e+03	+5.697e+03	+0.765
393.800	+2.084e+03	+5.011e+03	+6.461e+03	+0.706
394.000	+1.337e+03	+4.561e+03	+6.723e+03	+0.773
394.200	+1.969e+03	+5.154e+03	+6.501e+03	+0.724
394.400	+2.521e+03	+6.086e+03	+6.805e+03	+0.707
394.600	+1.223e+03	+5.089e+03	+9.071e+03	+0.806
394.800	+2.986e+03	+4.612e+03	+7.389e+03	+0.607
395.000	+3.113e+03	+4.689e+03	+6.453e+03	+0.601
395.200	+1.413e+03	+5.587e+03	+5.895e+03	+0.798
395.400	+2.080e+03	+5.716e+03	+6.841e+03	+0.733
395.600	+2.956e+03	+5.996e+03	+8.501e+03	+0.670
395.800	+7.373e+03	+1.717e+03	+5.774e+03	+0.189
396.000	+5.415e+03	+2.054e+03	+5.870e+03	+0.275
396.200	+5.618e+03	+1.815e+03	+7.951e+03	+0.244
396.400	+5.390e+03	+1.046e+03	+6.128e+03	+0.163
396.600	+5.986e+03	+9.875e+02	+6.015e+03	+0.142
396.800	+4.654e+03	+1.518e+03	+6.068e+03	+0.246
397.000	+5.694e+03	+1.630e+03	+8.415e+03	+0.223
397.200	+5.718e+03	+1.872e+03	+8.396e+03	+0.247
397.400	+5.377e+03	+2.112e+03	+7.853e+03	+0.282
397.600	+4.522e+03	+1.401e+03	+7.051e+03	+0.236
397.800	+6.325e+03	+1.976e+03	+6.732e+03	+0.238
398.000	+5.320e+03	+1.796e+03	+7.687e+03	+0.252
398.200	+3.362e+03	+5.520e+03	+8.451e+03	+0.622
398.400	+4.276e+03	+3.484e+03	+7.835e+03	+0.449
398.600	+6.720e+03	+1.864e+03	+8.440e+03	+0.217
398.800	+5.042e+03	+1.478e+03	+8.042e+03	+0.227
399.000	+5.261e+03	+1.244e+03	+6.491e+03	+0.191
399.200	+4.641e+03	+2.083e+03	+7.822e+03	+0.310
399.400	+5.144e+03	+2.363e+03	+8.815e+03	+0.315
399.600	+4.122e+03	+2.545e+03	+7.065e+03	+0.382
