%t (s)	Idd (a.u.)	Ida (a.u.)	Iaa (a.u.)	FRET E
0.000	+1.757e+03	+5.121e+03	+7.679e+03	+0.745
0.200	+2.186e+03	+4.617e+03	+6.827e+03	+0.679
0.400	+3.046e+03	+4.891e+03	+7.388e+03	+0.616
0.600	+1.666e+03	+4.634e+03	+6.831e+03	+0.736
0.800	+2.655e+03	+5.855e+03	+7.760e+03	+0.688
1.000	+2.070e+03	+3.874e+03	+7.602e+03	+0.652
1.200	+1.274e+03	+6.112e+03	+7.667e+03	+0.828
1.400	+2.820e+03	+3.631e+03	+6.328e+03	+0.563
1.600	+2.914e+03	+5.145e+03	+5.693e+03	+0.638
1.800	+4.760e+03	+1.890e+03	+5.394e+03	+0.284
2.000	+4.873e+03	+1.361e+03	+5.600e+03	+0.218
2.200	+4.074e+03	+2.249e+03	+8.175e+03	+0.356
2.400	+5.576e+03	+8.499e+02	+4.635e+03	+0.132
2.600	+4.300e+03	+2.051e+03	+7.948e+03	+0.323
2.800	+5.297e+03	+1.936e+03	+8.410e+03	+0.268
3.000	+6.049e+03	+1.902e+03	+9.181e+03	+0.239
3.200	+4.218e+03	+1.664e+03	+6.551e+03	+0.283
3.400	+5.848e+03	+9.353e+02	+7.334e+03	+0.138
3.600	+5.821e+03	+1.310e+03	+8.864e+03	+0.184
3.800	+4.634e+03	+2.867e+03	+7.180e+03	+0.382
4.000	+6.228e+03	+1.049e+03	+6.532e+03	+0.144
4.200	+5.277e+03	+1.155e+03	+6.628e+03	+0.180
4.400	+5.216e+03	+1.827e+03	+6.266e+03	+0.259
4.600	+5.760e+03	+1.951e+03	+7.688e+03	+0.253
4.800	+5.191e+03	+2.373e+03	+7.790e+03	+0.314
5.000	+4.845e+03	+2.371e+03	+7.619e+03	+0.329
5.200	+5.108e+03	+1.196e+03	+7.903e+03	+0.190
5.400	+5.939e+03	+2.157e+03	+7.839e+03	+0.266
5.600	+5.586e+03	+2.597e+03	+8.049e+03	+0.317
5.800	+5.581e+03	+1.239e+03	+9.777e+03	+0.182
6.000	+5.666e+03	+1.849e+03	+8.796e+03	+0.246
6.200	+4.604e+03	+7.626e+02	+8.549e+03	+0.142
6.400	+5.341e+03	+1.016e+03	+6.581e+03	+0.160
6.600	+5.886e+03	+1.387e+03	+6.600e+03	+0.191
6.800	+6.362e+03	+1.477e+03	+7.886e+03	+0.188
7.000	+5.054e+03	+1.933e+03	+5.981e+03	+0.277
7.200	+5.425e+03	+2.116e+03	+5.328e+03	+0.281
7.400	+6.755e+03	+1.371e+03	+6.125e+03	+0.169
7.600	+5.673e+03	+7.648e+02	+6.036e+03	+0.119
7.800	+5.921e+03	+1.004e+03	+6.830e+03	+0.145
8.000	+4.293e+03	+1.901e+03	+7.114e+03	+0.307
8.200	+5.749e+03	+2.359e+03	+5.790e+03	+0.291
8.400	+5.759e+03	+2.496e+03	+8.049e+03	+0.302
8.600	+5.147e+03	+1.813e+03	+5.724e+03	+0.260
8.800	+4.953e+03	+1.277e+03	+5.778e+03	+0.205
9.000	+6.358e+03	+1.210e+03	+6.896e+03	+0.160
9.200	+6.148e+03	+9.969e+02	+6.870e+03	+0.140
9.400	+5.503e+03	+2.144e+03	+8.743e+03	+0.280
9.600	+3.916e+03	+1.831e+03	+7.024e+03	+0.319
9.800	+2.945e+03	+1.402e+02	+6.857e+03	+0.045
10.000	+4.974e+03	+1.386e+03	+7.682e+03	+0.218
10.200	+5.614e+03	+1.468e+02	+7.109e+03	+0.025
10.400	+5.901e+03	+2.052e+03	+7.068e+03	+0.258
10.600	+5.264e+03	+1.683e+03	+5.920e+03	+0.242
10.800	+4.849e+03	+1.567e+03	+7.928e+03	+0.244
11.000	+4.560e+03	+1.667e+03	+5.019e+03	+0.268
11.200	+5.591e+03	+1.911e+03	+5.863e+03	+0.255
11.400	+5.002e+03	+1.345e+03	+7.181e+03	+0.212
11.600	+6.228e+03	+2.849e+03	+7.223e+03	+0.314
11.800	+6.627e+03	+1.632e+03	+5.601e+03	+0.198
12.000	+5.993e+03	+2.346e+03	+7.566e+03	+0.281
12.200	+5.979e+03	+2.069e+03	+7.518e+03	+0.257
12.400	+5.491e+03	+1.606e+03	+6.574e+03	+0.226
12.600	+4.762e+03	+1.875e+03	+6.428e+03	+0.282
12.800	+4.850e+03	+2.273e+03	+7.591e+03	+0.319
13.000	+4.712e+03	+1.365e+03	+7.303e+03	+0.225
13.200	+6.739e+03	+1.961e+03	+7.047e+03	+0.225
13.400	+5.227e+03	+2.046e+03	+7.946e+03	+0.281
13.600	+5.342e+03	+1.171e+03	+7.084e+03	+0.180
13.800	+6.338e+03	+1.718e+03	+6.776e+03	+0.213
14.000	+6.430e+03	+1.080e+03	+8.062e+03	+0.144
14.200	+4.955e+03	+1.068e+03	+7.266e+03	+0.177
14.400	+6.844e+03	+1.870e+03	+8.155e+03	+0.215
14.600	+6.334e+03	+6.118e+02	+6.259e+03	+0.088
14.800	+5.113e+03	+2.257e+03	+7.599e+03	+0.306
15.000	+5.751e+03	+1.567e+03	+8.291e+03	+0.214
15.200	+5.282e+03	+2.833e+03	+5.282e+03	+0.349
15.400	+5.409e+03	+1.340e+03	+8.823e+03	+0.199
15.600	+6.673e+03	+1.968e+03	+7.847e+03	+0.228
15.800	+6.551e+03	+9.921e+02	+7.775e+03	+0.132
16.000	+4.736e+03	+1.506e+03	+4.746e+03	+0.241
16.200	+4.833e+03	+1.943e+03	+7.330e+03	+0.287
16.400	+5.351e+03	+1.413e+03	+7.246e+03	+0.209
16.600	+5.382e+03	+2.087e+03	+6.715e+03	+0.279
16.800	+4.875e+03	+2.481e+03	+6.704e+03	+0.337
17.000	+5.488e+03	+2.016e+03	+7.140e+03	+0.269
17.200	+5.320e+03	+1.802e+03	+7.990e+03	+0.253
17.400	+3.971e+03	+1.919e+03	+9.584e+03	+0.326
17.600	+4.984e+03	+1.559e+03	+8.491e+03	+0.238
17.800	+4.924e+03	+1.258e+03	+8.371e+03	+0.204
18.000	+6.739e+03	+8.366e+02	+7.146e+03	+0.110
18.200	+4.535e+03	+1.929e+03	+7.040e+03	+0.298
18.400	+6.124e+03	+7.946e+02	+7.207e+03	+0.115
18.600	+4.476e+03	+4.407e+02	+8.184e+03	+0.090
18.800	+5.576e+03	+2.711e+03	+6.741e+03	+0.327
19.000	+5.425e+03	+1.223e+03	+7.364e+03	+0.184
19.200	+4.415e+03	+2.478e+03	+4.689e+03	+0.360
19.400	+5.836e+03	+3.300e+03	+7.834e+03	+0.361
19.600	+5.412e+03	+2.935e+03	+5.796e+03	+0.352
19.800	+6.077e+03	+1.903e+03	+5.544e+03	+0.238
20.000	+7.220e+03	+1.884e+03	+7.555e+03	+0.207
20.200	+3.940e+03	+1.412e+03	+6.326e+03	+0.264
20.400	+6.715e+03	+2.123e+03	+8.124e+03	+0.240
20.600	+8.253e+03	+1.629e+03	+7.373e+03	+0.165
20.800	+5.644e+03	+1.562e+03	+7.762e+03	+0.217
21.000	+6.364e+03	+9.296e+02	+6.940e+03	+0.127
21.200	+4.956e+03	+1.345e+03	+7.767e+03	+0.213
21.400	+5.776e+03	+1.260e+03	+6.848e+03	+0.179
21.600	+5.368e+03	+8.632e+02	+8.365e+03	+0.139
21.800	+4.230e+03	+2.013e+03	+6.207e+03	+0.322
22.000	+6.210e+03	+3.187e+03	+6.601e+03	+0.339
22.200	+5.704e+03	+1.800e+03	+9.530e+03	+0.240
22.400	+6.557e+03	+1.750e+03	+5.102e+03	+0.211
22.600	+6.587e+03	+1.960e+03	+7.068e+03	+0.229
22.800	+5.814e+03	+1.766e+03	+8.202e+03	+0.233
23.000	+6.828e+03	+2.139e+03	+7.975e+03	+0.239
23.200	+4.153e+03	+2.392e+03	+6.507e+03	+0.365
23.400	+4.044e+03	+1.906e+03	+1.032e+04	+0.320
23.600	+6.073e+03	+1.357e+03	+7.448e+03	+0.183
23.800	+6.969e+03	+1.524e+03	+5.805e+03	+0.179
24.000	+6.903e+03	+2.748e+03	+9.943e+03	+0.285
24.200	+3.819e+03	+1.202e+03	+6.507e+03	+0.239
24.400	+6.510e+03	+1.682e+03	+6.549e+03	+0.205
24.600	+4.624e+03	+1.561e+03	+8.406e+03	+0.252
24.800	+6.098e+03	+1.708e+03	+8.548e+03	+0.219
25.000	+5.810e+03	+1.291e+03	+7.671e+03	+0.182
25.200	+6.816e+03	+1.509e+03	+7.868e+03	+0.181
25.400	+5.533e+03	+1.621e+03	+6.573e+03	+0.227
25.600	+4.393e+03	+2.141e+03	+6.647e+03	+0.328
25.800	+5.625e+03	+1.992e+03	+7.747e+03	+0.261
26.000	+5.898e+03	+1.478e+03	+5.125e+03	+0.200
26.200	+5.346e+03	+2.482e+03	+5.542e+03	+0.317
26.400	+6.271e+03	+5.427e+02	+5.812e+03	+0.080
26.600	+5.445e+03	+3.858e+03	+7.383e+03	+0.415
26.800	+4.312e+03	+2.552e+03	+7.095e+03	+0.372
27.000	+7.241e+03	+3.082e+02	+8.595e+03	+0.041
27.200	+4.950e+03	+2.327e+03	+7.671e+03	+0.320
27.400	+5.964e+03	+1.432e+03	+9.219e+03	+0.194
27.600	+5.649e+03	+2.702e+03	+6.648e+03	+0.324
27.800	+5.513e+03	+2.343e+03	+6.318e+03	+0.298
28.000	+4.680e+03	+1.797e+03	+6.168e+03	+0.277
28.200	+4.939e+03	+2.282e+03	+8.876e+03	+0.316
28.400	+4.854e+03	+1.705e+03	+7.032e+03	+0.260
28.600	+4.367e+03	+1.061e+03	+6.536e+03	+0.196
28.800	+5.585e+03	+2.288e+03	+5.920e+03	+0.291
29.000	+8.093e+03	+3.196e+03	+8.349e+03	+0.283
29.200	+4.333e+03	+1.623e+03	+7.294e+03	+0.272
29.400	+5.617e+03	+1.040e+03	+6.744e+03	+0.156
29.600	+4.660e+03	+2.022e+03	+7.581e+03	+0.303
29.800	+3.865e+03	+9.175e+02	+7.859e+03	+0.192
30.000	+5.693e+03	+1.571e+03	+7.344e+03	+0.216
30.200	+5.543e+03	+2.640e+03	+5.263e+03	+0.323
30.400	+6.159e+03	+2.403e+03	+8.539e+03	+0.281
30.600	+6.086e+03	+1.346e+03	+7.970e+03	+0.181
30.800	+5.601e+03	+1.155e+03	+6.972e+03	+0.171
31.000	+3.114e+03	+1.317e+03	+5.615e+03	+0.297
31.200	+5.887e+03	+2.625e+03	+8.459e+03	+0.308
31.400	+4.260e+03	+2.059e+03	+7.292e+03	+0.326
31.600	+4.484e+03	+3.040e+03	+8.262e+03	+0.404
31.800	+5.513e+03	+1.577e+03	+7.073e+03	+0.222
32.000	+5.292e+03	+1.917e+03	+7.028e+03	+0.266
32.200	+4.486e+03	+1.996e+03	+6.718e+03	+0.308
32.400	+5.578e+03	+1.256e+03	+7.446e+03	+0.184
32.600	+4.250e+03	+3.300e+03	+7.694e+03	+0.437
32.800	+4.152e+03	+1.424e+02	+6.986e+03	+0.033
33.000	+6.210e+03	+2.956e+03	+6.782e+03	+0.322
33.200	+6.030e+03	+1.617e+03	+6.889e+03	+0.211
33.400	+5.314e+03	+1.418e+03	+5.988e+03	+0.211
33.600	+6.682e+03	+1.864e+03	+6.643e+03	+0.218
33.800	+5.921e+03	+3.302e+03	+7.668e+03	+0.358
34.000	+5.539e+03	+1.351e+03	+7.916e+03	+0.196
34.200	+5.365e+03	+1.166e+03	+7.569e+03	+0.178
34.400	+5.121e+03	+2.200e+03	+7.256e+03	+0.300
34.600	+4.141e+03	+1.594e+03	+8.167e+03	+0.278
34.800	+6.555e+03	+1.890e+03	+6.134e+03	+0.224
35.000	+4.198e+03	+2.467e+03	+6.234e+03	+0.370
35.200	+6.012e+03	+1.325e+03	+7.807e+03	+0.181
35.400	+5.422e+03	+2.408e+03	+7.629e+03	+0.308
35.600	+5.372e+03	+2.321e+03	+7.810e+03	+0.302
35.800	+5.391e+03	+2.887e+03	+7.360e+03	+0.349
36.000	+5.438e+03	+2.109e+03	+6.163e+03	+0.279
36.200	+5.475e+03	+8.528e+02	+7.158e+03	+0.135
36.400	+5.993e+03	+3.420e+03	+6.380e+03	+0.363
36.600	+4.270e+03	+2.380e+03	+5.361e+03	+0.358
36.800	+4.875e+03	+1.170e+03	+8.929e+03	+0.194
37.000	+4.683e+03	+2.608e+03	+5.869e+03	+0.358
37.200	+4.959e+03	+2.549e+03	+6.898e+03	+0.339
37.400	+5.118e+03	+6.167e+02	+9.077e+03	+0.108
37.600	+5.157e+03	+2.286e+03	+7.562e+03	+0.307
37.800	+4.929e+03	+4.243e+02	+7.750e+03	+0.079
38.000	+6.950e+03	+2.989e+03	+6.466e+03	+0.301
38.200	+5.102e+03	+2.308e+03	+8.202e+03	+0.312
38.400	+5.855e+03	+7.290e+02	+7.280e+03	+0.111
38.600	+3.891e+03	+1.948e+03	+8.018e+03	+0.334
38.800	+5.228e+03	+2.168e+03	+7.543e+03	+0.293
39.000	+5.748e+03	+2.035e+03	+7.574e+03	+0.261
39.200	+4.352e+03	+1.348e+03	+7.762e+03	+0.237
39.400	+6.882e+03	+9.912e+02	+6.915e+03	+0.126
39.600	+6.245e+03	+2.078e+03	+8.439e+03	+0.250
39.800	+4.839e+03	+2.212e+03	+4.984e+03	+0.314
40.000	+4.669e+03	+2.702e+03	+8.300e+03	+0.367
40.200	+6.098e+03	+2.011e+03	+8.762e+03	+0.248
40.400	+5.652e+03	+1.928e+03	+7.064e+03	+0.254
40.600	+5.298e+03	+2.160e+03	+6.813e+03	+0.290
40.800	+6.257e+03	+1.570e+03	+6.232e+03	+0.201
41.000	+5.375e+03	+1.961e+03	+6.170e+03	+0.267
41.200	+7.006e+03	+1.564e+03	+6.073e+03	+0.182
41.400	+5.786e+03	+1.243e+03	+6.362e+03	+0.177
41.600	+5.025e+03	+1.468e+03	+7.797e+03	+0.226
41.800	+5.580e+03	+2.604e+03	+7.718e+03	+0.318
42.000	+5.121e+03	+1.951e+03	+9.512e+03	+0.276
42.200	+5.156e+03	+2.024e+03	+6.238e+03	+0.282
42.400	+4.749e+03	+2.136e+03	+5.395e+03	+0.310
42.600	+6.638e+03	+1.481e+03	+5.034e+03	+0.182
42.800	+5.603e+03	+2.916e+03	+7.703e+03	+0.342
43.000	+6.553e+03	+2.579e+03	+6.779e+03	+0.282
43.200	+4.380e+03	+1.032e+03	+7.644e+03	+0.191
43.400	+6.003e+03	+3.168e+03	+7.862e+03	+0.345
43.600	+1.936e+03	+3.901e+03	+7.472e+03	+0.668
43.800	+1.760e+03	+6.054e+03	+8.261e+03	+0.775
44.000	+1.128e+03	+6.547e+03	+6.928e+03	+0.853
44.200	+2.184e+03	+3.495e+03	+6.608e+03	+0.616
44.400	+2.838e+03	+4.874e+03	+6.263e+03	+0.632
44.600	+2.814e+03	+3.522e+03	+6.387e+03	+0.556
44.800	+6.583e+03	+2.107e+03	+8.827e+03	+0.242
45.000	+3.800e+03	+1.804e+03	+8.301e+03	+0.322
45.200	+3.865e+03	+1.448e+03	+7.714e+03	+0.273
45.400	+4.092e+03	+1.633e+03	+7.567e+03	+0.285
45.600	+4.489e+03	+1.236e+03	+8.107e+03	+0.216
45.800	+3.590e+03	+1.760e+03	+7.664e+03	+0.329
46.000	+7.317e+03	+1.833e+03	+8.655e+03	+0.200
46.200	+7.446e+03	+2.607e+03	+6.942e+03	+0.259
46.400	+5.992e+03	+9.954e+02	+8.029e+03	+0.142
46.600	+5.195e+03	+4.377e+02	+7.925e+03	+0.078
46.800	+5.994e+03	+1.732e+03	+7.778e+03	+0.224
47.000	+5.701e+03	+9.526e+02	+4.876e+03	+0.143
47.200	+5.807e+03	+4.535e+02	+7.542e+03	+0.072
47.400	+5.160e+03	+1.879e+03	+8.286e+03	+0.267
47.600	+6.070e+03	+1.564e+03	+7.601e+03	+0.205
47.800	+5.112e+03	+2.763e+03	+7.077e+03	+0.351
48.000	+5.641e+03	+1.866e+03	+7.072e+03	+0.249
48.200	+6.343e+03	+5.175e+02	+6.694e+03	+0.075
48.400	+4.733e+03	+2.204e+03	+7.343e+03	+0.318
48.600	+3.898e+03	+2.250e+03	+8.614e+03	+0.366
48.800	+5.931e+03	+1.661e+03	+5.780e+03	+0.219
49.000	+4.783e+03	+2.416e+03	+8.747e+03	+0.336
49.200	+5.217e+03	+1.772e+03	+5.932e+03	+0.254
49.400	+4.145e+03	+2.516e+03	+6.521e+03	+0.378
49.600	+5.559e+03	+2.329e+03	+7.791e+03	+0.295
49.800	+4.147e+03	+2.286e+03	+5.109e+03	+0.355
50.000	+5.587e+03	+3.310e+03	+8.700e+03	+0.372
50.200	+2.998e+03	+5.531e+03	+7.251e+03	+0.648
50.400	+2.388e+03	+5.894e+03	+6.978e+03	+0.712
50.600	+2.020e+03	+4.659e+03	+7.021e+03	+0.698
50.800	+1.675e+03	+3.966e+03	+6.234e+03	+0.703
51.000	+5.459e+02	+5.186e+03	+7.724e+03	+0.905
51.200	+4.669e+03	+2.236e+03	+7.330e+03	+0.324
51.400	+5.348e+03	+4.082e+02	+6.776e+03	+0.071
51.600	+5.945e+03	+1.845e+03	+7.005e+03	+0.237
51.800	+4.416e+03	+2.248e+03	+9.101e+03	+0.337
52.000	+5.318e+03	+1.873e+03	+6.951e+03	+0.260
52.200	+5.897e+03	+9.308e+02	+6.244e+03	+0.136
52.400	+5.729e+03	+1.888e+03	+7.938e+03	+0.248
52.600	+5.042e+03	+1.315e+03	+7.672e+03	+0.207
52.800	+5.732e+03	+1.101e+03	+7.565e+03	+0.161
53.000	+5.005e+03	+7.874e+02	+6.323e+03	+0.136
53.200	+5.288e+03	+1.855e+03	+8.142e+03	+0.260
53.400	+5.994e+03	+1.416e+03	+8.898e+03	+0.191
53.600	+4.387e+03	+1.642e+03	+6.176e+03	+0.272
53.800	+5.454e+03	+1.424e+03	+6.500e+03	+0.207
54.000	+5.966e+03	+9.132e+02	+6.058e+03	+0.133
54.200	+4.464e+03	+1.572e+03	+6.508e+03	+0.260
54.400	+4.936e+03	+2.132e+03	+7.130e+03	+0.302
54.600	+5.815e+03	+1.621e+03	+6.884e+03	+0.218
54.800	+4.875e+03	+1.554e+03	+7.210e+03	+0.242
55.000	+6.249e+03	+2.028e+03	+7.059e+03	+0.245
55.200	+6.238e+03	+1.821e+03	+7.294e+03	+0.226
55.400	+5.720e+03	+2.718e+03	+6.209e+03	+0.322
55.600	+5.569e+03	+1.916e+03	+7.431e+03	+0.256
55.800	+5.313e+03	+2.440e+03	+5.652e+03	+0.315
56.000	+5.596e+03	+9.736e+02	+8.630e+03	+0.148
56.200	+5.544e+03	+9.874e+02	+8.026e+03	+0.151
56.400	+5.820e+03	+2.187e+03	+6.760e+03	+0.273
56.600	+5.161e+03	+1.381e+03	+7.922e+03	+0.211
56.800	+5.120e+03	+2.617e+03	+6.310e+03	+0.338
57.000	+5.213e+03	+2.494e+03	+8.202e+03	+0.324
57.200	+5.212e+03	+2.305e+03	+6.562e+03	+0.307
57.400	+3.721e+02	+7.194e+03	+7.774e+03	+0.951
57.600	+1.378e+03	+6.904e+03	+6.643e+03	+0.834
57.800	+1.219e+03	+4.614e+03	+6.423e+03	+0.791
58.000	+2.286e+03	+5.844e+03	+6.596e+03	+0.719
58.200	+6.780e+03	+2.512e+03	+8.325e+03	+0.270
58.400	+5.166e+03	+1.315e+03	+7.750e+03	+0.203
58.600	+5.109e+03	+1.491e+03	+7.467e+03	+0.226
58.800	+4.923e+03	+1.104e+03	+7.331e+03	+0.183
59.000	+5.132e+03	+1.347e+03	+7.799e+03	+0.208
59.200	+5.490e+03	+7.752e+02	+8.001e+03	+0.124
59.400	+6.604e+03	+2.551e+03	+7.591e+03	+0.279
59.600	+6.535e+03	+1.303e+03	+8.505e+03	+0.166
59.800	+7.710e+03	+8.497e+02	+7.248e+03	+0.099
60.000	+3.628e+03	+1.363e+03	+7.013e+03	+0.273
60.200	+6.291e+03	+1.054e+03	+9.239e+03	+0.144
60.400	+5.715e+03	+2.036e+03	+8.732e+03	+0.263
60.600	+6.881e+03	+2.995e+03	+6.516e+03	+0.303
60.800	+5.311e+03	+2.306e+03	+5.870e+03	+0.303
61.000	+7.042e+03	+1.707e+03	+7.482e+03	+0.195
61.200	+5.495e+03	+2.039e+03	+7.424e+03	+0.271
61.400	+5.965e+03	+1.627e+03	+8.136e+03	+0.214
61.600	+3.895e+03	+2.219e+03	+9.252e+03	+0.363
61.800	+5.793e+03	+3.005e+03	+5.579e+03	+0.342
62.000	+6.627e+03	+2.553e+03	+7.427e+03	+0.278
62.200	+4.242e+03	+2.362e+03	+7.795e+03	+0.358
62.400	+4.012e+03	+2.091e+03	+7.578e+03	+0.343
62.600	+7.200e+03	+1.489e+03	+7.730e+03	+0.171
62.800	+5.022e+03	+1.879e+03	+7.574e+03	+0.272
63.000	+5.096e+03	+1.545e+03	+7.392e+03	+0.233
63.200	+4.655e+03	+1.423e+03	+7.802e+03	+0.234
63.400	+5.823e+03	+1.858e+03	+8.273e+03	+0.242
63.600	+5.619e+03	+2.305e+03	+7.649e+03	+0.291
63.800	+5.194e+03	+1.901e+03	+7.345e+03	+0.268
64.000	+5.535e+03	+9.385e+02	+7.158e+03	+0.145
64.200	+5.795e+03	+4.722e+02	+9.714e+03	+0.075
64.400	+5.759e+03	+1.427e+03	+3.928e+03	+0.199
64.600	+5.061e+03	+3.178e+03	+8.045e+03	+0.386
64.800	+4.646e+03	+1.994e+03	+6.532e+03	+0.300
65.000	+6.300e+03	+7.657e+02	+6.616e+03	+0.108
65.200	+5.091e+03	+1.980e+03	+8.438e+03	+0.280
65.400	+5.414e+03	+2.595e+03	+6.671e+03	+0.324
65.600	+5.043e+03	+1.696e+03	+6.695e+03	+0.252
65.800	+6.198e+03	+2.562e+03	+7.957e+03	+0.292
66.000	+5.151e+03	+1.809e+03	+9.016e+03	+0.260
66.200	+4.241e+03	+1.171e+03	+7.875e+03	+0.216
66.400	+4.810e+03	+2.094e+03	+6.366e+03	+0.303
66.600	+5.386e+03	+1.847e+03	+6.030e+03	+0.255
66.800	+5.114e+03	+1.282e+03	+7.855e+03	+0.200
67.000	+6.652e+03	+1.499e+03	+7.049e+03	+0.184
67.200	+6.023e+03	+1.579e+03	+8.237e+03	+0.208
67.400	+4.499e+03	+9.192e+02	+6.033e+03	+0.170
67.600	+6.087e+03	+1.354e+03	+7.317e+03	+0.182
67.800	+6.768e+03	+2.351e+03	+8.207e+03	+0.258
68.000	+6.398e+03	+1.671e+03	+7.786e+03	+0.207
68.200	+5.190e+03	+1.208e+03	+7.740e+03	+0.189
68.400	+5.200e+03	+1.385e+03	+7.852e+03	+0.210
68.600	+3.994e+03	+1.542e+03	+7.472e+03	+0.279
68.800	+4.901e+03	+1.673e+03	+7.467e+03	+0.254
69.000	+6.679e+03	+1.824e+03	+7.200e+03	+0.214
69.200	+6.168e+03	+1.757e+03	+5.860e+03	+0.222
69.400	+4.489e+03	+2.167e+03	+7.104e+03	+0.326
69.600	+5.399e+03	+2.054e+03	+6.760e+03	+0.276
69.800	+5.099e+03	+1.208e+03	+5.614e+03	+0.192
70.000	+6.392e+03	+1.421e+03	+8.691e+03	+0.182
70.200	+4.844e+03	+1.182e+03	+7.667e+03	+0.196
70.400	+5.506e+03	+2.874e+03	+6.873e+03	+0.343
70.600	+5.409e+03	+1.781e+03	+6.194e+03	+0.248
70.800	+5.464e+03	+1.109e+03	+6.743e+03	+0.169
71.000	+4.914e+03	+1.775e+03	+7.213e+03	+0.265
71.200	+5.831e+03	+2.069e+03	+8.154e+03	+0.262
71.400	+5.595e+03	+2.444e+03	+7.778e+03	+0.304
71.600	+6.329e+03	+1.990e+03	+7.516e+03	+0.239
71.800	+5.965e+03	+2.970e+03	+5.420e+03	+0.332
72.000	+5.332e+03	+2.407e+03	+5.538e+03	+0.311
72.200	+2.238e+03	+5.152e+03	+6.832e+03	+0.697
72.400	+3.406e+03	+6.315e+03	+6.016e+03	+0.650
72.600	+1.805e+03	+5.426e+03	+6.576e+03	+0.750
72.800	+2.314e+03	+5.032e+03	+7.921e+03	+0.685
73.000	+2.074e+03	+5.698e+03	+8.859e+03	+0.733
73.200	+2.303e+03	+5.278e+03	+8.054e+03	+0.696
73.400	+1.514e+03	+5.069e+03	+5.729e+03	+0.770
73.600	+9.493e+02	+5.672e+03	+6.111e+03	+0.857
73.800	+5.067e+03	+2.183e+03	+7.829e+03	+0.301
74.000	+4.231e+03	+1.029e+03	+9.280e+03	+0.196
74.200	+4.914e+03	+8.038e+02	+5.986e+03	+0.141
74.400	+6.482e+03	+1.263e+03	+6.438e+03	+0.163
74.600	+6.543e+03	+1.182e+03	+7.696e+03	+0.153
74.800	+6.166e+03	+2.916e+03	+5.877e+03	+0.321
75.000	+5.702e+03	+1.955e+03	+8.195e+03	+0.255
75.200	+6.925e+03	+1.976e+03	+7.791e+03	+0.222
75.400	+5.801e+03	+1.736e+03	+5.982e+03	+0.230
75.600	+4.853e+03	+1.069e+03	+7.476e+03	+0.180
75.800	+5.894e+03	+1.825e+02	+6.350e+03	+0.030
76.000	+5.320e+03	+2.340e+03	+7.422e+03	+0.306
76.200	+5.042e+03	+2.090e+03	+7.613e+03	+0.293
76.400	+3.603e+03	+9.431e+02	+7.305e+03	+0.207
76.600	+6.054e+03	+2.876e+03	+1.155e+04	+0.322
76.800	+5.440e+03	+2.358e+03	+6.822e+03	+0.302
77.000	+4.721e+03	+2.176e+03	+6.829e+03	+0.315
77.200	+5.331e+03	+1.679e+03	+7.648e+03	+0.240
77.400	+6.934e+03	+2.961e+03	+8.033e+03	+0.299
77.600	+5.594e+03	+1.572e+03	+5.914e+03	+0.219
77.800	+5.653e+03	+2.129e+03	+6.919e+03	+0.274
78.000	+3.906e+03	+8.719e+02	+7.209e+03	+0.182
78.200	+6.079e+03	+1.133e+03	+7.371e+03	+0.157
78.400	+5.482e+03	+1.851e+03	+6.241e+03	+0.252
78.600	+5.194e+03	+1.534e+03	+6.205e+03	+0.228
78.800	+4.996e+03	+1.776e+03	+7.558e+03	+0.262
79.000	+5.630e+03	+1.100e+03	+7.963e+03	+0.163
79.200	+4.524e+03	+9.806e+02	+6.456e+03	+0.178
79.400	+5.516e+03	+1.873e+03	+6.853e+03	+0.253
79.600	+5.517e+03	+1.699e+03	+8.363e+03	+0.235
79.800	+4.505e+03	+1.237e+03	+5.362e+03	+0.215
80.000	+5.970e+03	+1.388e+03	+6.349e+03	+0.189
80.200	+5.506e+03	+3.050e+03	+7.633e+03	+0.356
80.400	+1.067e+03	+5.176e+03	+6.836e+03	+0.829
80.600	+3.240e+03	+4.857e+03	+6.994e+03	+0.600
80.800	+2.165e+03	+5.351e+03	+6.619e+03	+0.712
81.000	+2.374e+03	+4.735e+03	+5.782e+03	+0.666
81.200	+3.024e+03	+5.897e+03	+6.420e+03	+0.661
81.400	+1.766e+03	+6.272e+03	+7.898e+03	+0.780
81.600	+2.079e+03	+5.791e+03	+7.083e+03	+0.736
81.800	+1.389e+03	+6.391e+03	+9.126e+03	+0.821
82.000	+7.581e+02	+4.254e+03	+9.042e+03	+0.849
82.200	+2.356e+03	+4.874e+03	+7.637e+03	+0.674
82.400	+2.577e+03	+5.432e+03	+7.412e+03	+0.678
82.600	+1.571e+03	+4.158e+03	+7.953e+03	+0.726
82.800	+9.593e+02	+4.626e+03	+7.693e+03	+0.828
83.000	+2.123e+03	+5.210e+03	+7.828e+03	+0.710
83.200	+1.965e+03	+3.410e+03	+5.399e+03	+0.634
83.400	+1.678e+03	+5.882e+03	+8.097e+03	+0.778
83.600	+2.839e+03	+5.047e+03	+8.361e+03	+0.640
83.800	+2.774e+03	+5.720e+03	+6.364e+03	+0.673
84.000	+1.602e+03	+3.840e+03	+6.802e+03	+0.706
84.200	+2.288e+03	+4.906e+03	+9.090e+03	+0.682
84.400	+7.241e+02	+5.698e+03	+7.414e+03	+0.887
84.600	+2.410e+03	+5.600e+03	+8.075e+03	+0.699
84.800	+2.390e+03	+5.308e+03	+8.573e+03	+0.689
85.000	+2.857e+03	+6.282e+03	+7.458e+03	+0.687
85.200	+1.800e+03	+6.436e+03	+6.966e+03	+0.781
85.400	+1.831e+03	+5.093e+03	+5.732e+03	+0.736
85.600	+1.941e+03	+5.280e+03	+6.459e+03	+0.731
85.800	+1.653e+03	+5.446e+03	+7.486e+03	+0.767
86.000	+2.716e+03	+5.811e+03	+6.414e+03	+0.681
86.200	+1.466e+03	+4.814e+03	+6.649e+03	+0.767
86.400	+2.082e+03	+4.941e+03	+6.698e+03	+0.704
86.600	+1.890e+03	+5.862e+03	+7.179e+03	+0.756
86.800	+1.586e+03	+4.596e+03	+7.503e+03	+0.743
87.000	+1.267e+03	+5.433e+03	+7.737e+03	+0.811
87.200	+8.478e+02	+6.008e+03	+7.937e+03	+0.876
87.400	+1.450e+03	+4.918e+03	+8.095e+03	+0.772
87.600	+1.778e+03	+4.532e+03	+8.589e+03	+0.718
87.800	+1.912e+03	+6.146e+03	+6.087e+03	+0.763
88.000	+7.449e+01	+4.484e+03	+7.551e+03	+0.984
88.200	+2.563e+03	+4.605e+03	+8.080e+03	+0.642
88.400	+2.958e+03	+5.540e+03	+8.416e+03	+0.652
88.600	+1.675e+03	+2.449e+03	+7.621e+03	+0.594
88.800	+2.611e+03	+4.765e+03	+6.684e+03	+0.646
89.000	+4.458e+03	+2.591e+03	+6.119e+03	+0.368
89.200	+6.732e+03	+1.252e+03	+6.605e+03	+0.157
89.400	+4.963e+03	+1.633e+03	+6.472e+03	+0.248
89.600	+4.109e+03	+4.108e+02	+7.934e+03	+0.091
89.800	+4.755e+03	+3.183e+03	+7.119e+03	+0.401
90.000	+6.516e+03	+1.084e+03	+7.655e+03	+0.143
90.200	+5.188e+03	+2.163e+03	+7.850e+03	+0.294
90.400	+3.739e+03	+1.938e+03	+6.535e+03	+0.341
90.600	+4.925e+03	+1.979e+03	+5.680e+03	+0.287
90.800	+5.472e+03	+2.516e+03	+8.102e+03	+0.315
91.000	+2.956e+03	+4.254e+03	+6.111e+03	+0.590
91.200	+2.791e+03	+5.059e+03	+5.961e+03	+0.644
91.400	+8.178e+02	+3.098e+03	+4.964e+03	+0.791
91.600	+2.511e+03	+5.191e+03	+5.736e+03	+0.674
91.800	+2.455e+03	+5.757e+03	+6.758e+03	+0.701
92.000	+2.620e+03	+4.256e+03	+8.991e+03	+0.619
92.200	+2.116e+03	+4.134e+03	+7.046e+03	+0.661
92.400	+2.939e+03	+5.370e+03	+7.551e+03	+0.646
92.600	+1.836e+03	+3.148e+03	+6.355e+03	+0.632
92.800	+1.425e+03	+3.916e+03	+5.926e+03	+0.733
93.000	+2.010e+03	+4.170e+03	+8.921e+03	+0.675
93.200	+1.648e+03	+4.372e+03	+9.399e+03	+0.726
93.400	+2.682e+03	+5.607e+03	+7.056e+03	+0.676
93.600	+1.799e+03	+7.067e+03	+4.618e+03	+0.797
93.800	+2.744e+03	+4.692e+03	+5.447e+03	+0.631
94.000	+1.362e+03	+5.076e+03	+6.558e+03	+0.789
94.200	+2.671e+03	+5.206e+03	+8.043e+03	+0.661
94.400	+1.741e+03	+4.921e+03	+8.626e+03	+0.739
94.600	+3.329e+03	+3.826e+03	+8.363e+03	+0.535
94.800	+4.622e+03	+2.060e+03	+7.843e+03	+0.308
95.000	+5.298e+03	+2.032e+03	+7.249e+03	+0.277
95.200	+5.082e+03	+1.694e+03	+5.710e+03	+0.250
95.400	+5.486e+03	+1.471e+03	+7.337e+03	+0.211
95.600	+5.729e+03	+2.216e+03	+6.344e+03	+0.279
95.800	+5.157e+03	+2.761e+03	+6.176e+03	+0.349
96.000	+1.663e+03	+6.351e+03	+5.987e+03	+0.792
96.200	+9.251e+02	+4.383e+03	+8.636e+03	+0.826
96.400	+2.735e+03	+4.123e+03	+4.707e+03	+0.601
96.600	+1.676e+03	+5.030e+03	+5.697e+03	+0.750
96.800	+1.568e+03	+6.482e+03	+6.511e+03	+0.805
97.000	+2.618e+03	+5.626e+03	+9.376e+03	+0.682
97.200	+2.537e+03	+3.860e+03	+7.451e+03	+0.603
97.400	+2.015e+03	+3.805e+03	+7.169e+03	+0.654
97.600	+3.062e+03	+5.978e+03	+8.676e+03	+0.661
97.800	+2.679e+03	+6.442e+03	+6.598e+03	+0.706
98.000	+2.791e+03	+4.715e+03	+6.584e+03	+0.628
98.200	+2.445e+03	+5.670e+03	+8.063e+03	+0.699
98.400	+1.768e+03	+5.461e+03	+7.274e+03	+0.755
98.600	+1.882e+03	+4.189e+03	+9.181e+03	+0.690
98.800	+1.229e+03	+5.426e+03	+6.252e+03	+0.815
99.000	+1.106e+03	+5.770e+03	+5.673e+03	+0.839
99.200	+2.995e+03	+5.126e+03	+7.776e+03	+0.631
99.400	+1.413e+03	+5.242e+03	+7.959e+03	+0.788
99.600	+2.561e+03	+5.811e+03	+7.233e+03	+0.694
99.800	+1.697e+03	+4.041e+03	+7.146e+03	+0.704
100.000	+1.347e+03	+6.287e+03	+5.967e+03	+0.824
100.200	+9.973e+02	+5.454e+03	+6.254e+03	+0.845
100.400	+1.455e+03	+4.999e+03	+5.428e+03	+0.775
100.600	+1.913e+03	+6.259e+03	+7.813e+03	+0.766
100.800	+2.162e+03	+5.613e+03	+7.009e+03	+0.722
101.000	+1.384e+03	+4.506e+03	+5.430e+03	+0.765
101.200	+1.618e+03	+4.764e+03	+6.096e+03	+0.747
101.400	+2.917e+03	+6.177e+03	+9.126e+03	+0.679
101.600	+2.340e+03	+5.616e+03	+5.743e+03	+0.706
101.800	+1.998e+03	+4.867e+03	+5.697e+03	+0.709
102.000	+1.689e+03	+4.494e+03	+7.256e+03	+0.727
102.200	+2.113e+03	+5.501e+03	+4.750e+03	+0.722
102.400	+5.536e+02	+5.035e+03	+4.962e+03	+0.901
102.600	+1.935e+03	+4.465e+03	+7.866e+03	+0.698
102.800	+1.815e+03	+5.019e+03	+7.042e+03	+0.734
103.000	+1.853e+03	+4.344e+03	+7.281e+03	+0.701
103.200	+1.031e+03	+6.172e+03	+8.768e+03	+0.857
103.400	+1.780e+03	+4.923e+03	+8.661e+03	+0.735
103.600	+1.828e+03	+3.877e+03	+8.382e+03	+0.680
103.800	+2.493e+03	+5.706e+03	+6.711e+03	+0.696
104.000	+1.482e+03	+6.327e+03	+6.895e+03	+0.810
104.200	+1.740e+03	+5.608e+03	+7.550e+03	+0.763
104.400	+7.025e+02	+5.146e+03	+7.102e+03	+0.880
104.600	+1.368e+03	+3.603e+03	+6.368e+03	+0.725
104.800	+2.875e+03	+4.213e+03	+6.111e+03	+0.594
105.000	+2.446e+03	+5.305e+03	+7.760e+03	+0.684
105.200	+3.738e+03	+6.002e+03	+7.108e+03	+0.616
105.400	+3.149e+03	+4.544e+03	+7.222e+03	+0.591
105.600	+2.501e+03	+4.689e+03	+9.268e+03	+0.652
105.800	+2.312e+03	+5.974e+03	+7.326e+03	+0.721
106.000	+6.738e+02	+4.785e+03	+5.493e+03	+0.877
106.200	+2.441e+03	+5.288e+03	+6.600e+03	+0.684
106.400	+1.756e+03	+6.476e+03	+5.739e+03	+0.787
106.600	+2.099e+03	+4.845e+03	+5.727e+03	+0.698
106.800	+2.002e+03	+5.206e+03	+6.734e+03	+0.722
107.000	+4.688e+03	+2.114e+03	+7.425e+03	+0.311
107.200	+4.408e+03	+2.416e+03	+7.153e+03	+0.354
107.400	+6.626e+03	+9.898e+02	+7.308e+03	+0.130
107.600	+5.817e+03	+1.724e+03	+6.859e+03	+0.229
107.800	+4.331e+03	+1.223e+03	+7.403e+03	+0.220
108.000	+6.669e+03	+1.029e+03	+9.529e+03	+0.134
108.200	+4.808e+03	+2.410e+03	+9.064e+03	+0.334
108.400	+4.615e+03	+2.665e+03	+6.937e+03	+0.366
108.600	+4.969e+03	+1.503e+03	+6.728e+03	+0.232
108.800	+7.102e+03	+2.360e+03	+8.725e+03	+0.249
109.000	+4.846e+03	+8.296e+02	+8.679e+03	+0.146
109.200	+3.604e+03	+1.968e+03	+4.849e+03	+0.353
109.400	+7.255e+03	+6.683e+02	+6.561e+03	+0.084
109.600	+2.924e+03	+4.277e+03	+6.292e+03	+0.594
109.800	+1.699e+03	+6.155e+03	+6.317e+03	+0.784
110.000	+1.848e+03	+6.711e+03	+6.608e+03	+0.784
110.200	+2.570e+03	+5.949e+03	+6.446e+03	+0.698
110.400	+1.199e+03	+4.095e+03	+6.166e+03	+0.773
110.600	+1.765e+03	+6.095e+03	+7.432e+03	+0.775
110.800	+1.375e+03	+6.219e+03	+7.334e+03	+0.819
111.000	+2.329e+03	+4.840e+03	+6.097e+03	+0.675
111.200	+2.049e+03	+3.785e+03	+6.268e+03	+0.649
111.400	+1.471e+03	+4.886e+03	+7.162e+03	+0.769
111.600	+1.336e+03	+5.356e+03	+8.360e+03	+0.800
111.800	+2.062e+03	+5.385e+03	+5.471e+03	+0.723
112.000	+2.232e+03	+4.678e+03	+7.649e+03	+0.677
112.200	+1.338e+03	+4.107e+03	+7.457e+03	+0.754
112.400	+2.512e+03	+6.367e+03	+7.503e+03	+0.717
112.600	+1.384e+03	+5.614e+03	+7.519e+03	+0.802
112.800	+1.665e+03	+5.704e+03	+7.019e+03	+0.774
113.000	+1.875e+03	+5.101e+03	+8.614e+03	+0.731
113.200	+3.522e+02	+5.733e+03	+6.956e+03	+0.942
113.400	+1.356e+03	+4.688e+03	+5.629e+03	+0.776
113.600	+2.904e+03	+4.838e+03	+7.197e+03	+0.625
113.800	+3.201e+03	+5.521e+03	+7.745e+03	+0.633
114.000	+1.689e+03	+5.326e+03	+5.893e+03	+0.759
114.200	+4.307e+03	+1.475e+03	+5.705e+03	+0.255
114.400	+3.148e+03	+3.979e+03	+7.532e+03	+0.558
114.600	+1.772e+03	+4.559e+03	+7.753e+03	+0.720
114.800	+2.617e+03	+6.646e+03	+8.577e+03	+0.717
115.000	+2.008e+03	+4.903e+03	+7.393e+03	+0.709
115.200	+1.624e+03	+5.335e+03	+7.105e+03	+0.767
115.400	+1.512e+03	+5.289e+03	+6.934e+03	+0.778
115.600	+2.159e+03	+5.757e+03	+6.840e+03	+0.727
115.800	+1.250e+03	+3.898e+03	+7.563e+03	+0.757
116.000	+2.089e+03	+5.681e+03	+7.996e+03	+0.731
116.200	+2.197e+03	+4.595e+03	+6.776e+03	+0.677
116.400	+1.175e+03	+5.326e+03	+7.522e+03	+0.819
116.600	+1.281e+03	+7.053e+03	+8.344e+03	+0.846
116.800	+2.184e+03	+4.919e+03	+7.881e+03	+0.692
117.000	+2.666e+03	+5.867e+03	+6.392e+03	+0.688
117.200	+3.329e+03	+5.716e+03	+6.482e+03	+0.632
117.400	+6.893e+03	+2.199e+03	+8.255e+03	+0.242
117.600	+4.332e+03	+1.636e+03	+5.766e+03	+0.274
117.800	+4.989e+03	+1.107e+03	+7.835e+03	+0.182
118.000	+6.480e+03	+1.716e+03	+6.672e+03	+0.209
118.200	+5.604e+03	+1.519e+03	+8.069e+03	+0.213
118.400	+3.970e+03	+2.297e+03	+4.445e+03	+0.367
118.600	+6.496e+03	+1.905e+03	+4.575e+03	+0.227
118.800	+5.177e+03	+1.533e+03	+7.782e+03	+0.228
119.000	+5.510e+03	+7.221e+02	+6.173e+03	+0.116
119.200	+4.335e+03	+1.726e+03	+5.285e+03	+0.285
119.400	+5.181e+03	+1.519e+03	+5.497e+03	+0.227
119.600	+4.363e+03	+2.904e+01	+7.315e+03	+0.007
119.800	+7.358e+03	+8.296e+02	+5.127e+03	+0.101
120.000	+3.243e+03	+1.179e+03	+6.436e+03	+0.267
120.200	+4.439e+03	+1.569e+03	+8.270e+03	+0.261
120.400	+6.112e+03	+7.754e+02	+6.693e+03	+0.113
120.600	+4.996e+03	+7.919e+02	+6.657e+03	+0.137
120.800	+2.567e+03	+4.691e+03	+7.849e+03	+0.646
121.000	+1.408e+03	+5.251e+03	+8.961e+03	+0.789
121.200	+1.712e+03	+5.744e+03	+8.679e+03	+0.770
121.400	+1.767e+03	+4.752e+03	+9.155e+03	+0.729
121.600	+1.889e+03	+4.473e+03	+6.915e+03	+0.703
121.800	+3.428e+03	+4.799e+03	+7.844e+03	+0.583
122.000	+3.137e+03	+5.552e+03	+6.424e+03	+0.639
122.200	+6.443e+03	+8.711e+02	+7.196e+03	+0.119
122.400	+6.468e+03	+1.745e+03	+9.883e+03	+0.212
122.600	+4.791e+03	+8.755e+02	+9.736e+03	+0.155
122.800	+3.968e+03	+1.870e+03	+7.599e+03	+0.320
123.000	+4.691e+03	+1.953e+03	+6.710e+03	+0.294
123.200	+4.916e+03	+3.418e+03	+7.061e+03	+0.410
123.400	+2.005e+03	+4.966e+03	+8.417e+03	+0.712
123.600	+2.890e+03	+4.414e+03	+9.283e+03	+0.604
123.800	+7.495e+02	+5.235e+03	+6.874e+03	+0.875
124.000	+2.590e+03	+5.449e+03	+5.983e+03	+0.678
124.200	+1.302e+03	+4.267e+03	+7.715e+03	+0.766
124.400	+1.016e+03	+3.602e+03	+9.382e+03	+0.780
124.600	+5.018e+03	+2.185e+03	+7.117e+03	+0.303
124.800	+4.664e+03	+2.560e+03	+6.399e+03	+0.354
125.000	+5.710e+03	+2.769e+03	+8.105e+03	+0.327
125.200	+6.483e+03	+2.172e+03	+5.488e+03	+0.251
125.400	+3.607e+03	+3.179e+03	+8.420e+03	+0.468
125.600	+2.427e+03	+4.324e+03	+9.031e+03	+0.640
125.800	+2.301e+03	+4.621e+03	+5.951e+03	+0.668
126.000	+2.807e+03	+4.174e+03	+6.834e+03	+0.598
126.200	+2.121e+03	+4.869e+03	+6.815e+03	+0.697
126.400	+2.417e+03	+4.321e+03	+6.389e+03	+0.641
126.600	+8.476e+02	+4.872e+03	+7.052e+03	+0.852
126.800	+2.891e+03	+4.601e+03	+9.099e+03	+0.614
127.000	+1.777e+03	+5.833e+03	+7.560e+03	+0.767
127.200	+1.907e+03	+5.258e+03	+7.431e+03	+0.734
127.400	+1.765e+03	+4.669e+03	+8.674e+03	+0.726
127.600	+1.761e+03	+4.057e+03	+6.028e+03	+0.697
127.800	+1.591e+03	+5.707e+03	+7.582e+03	+0.782
128.000	+2.383e+03	+5.808e+03	+5.857e+03	+0.709
128.200	+1.371e+03	+5.221e+03	+8.155e+03	+0.792
128.400	+1.665e+03	+3.270e+03	+7.856e+03	+0.663
128.600	+1.209e+03	+5.008e+03	+7.002e+03	+0.806
128.800	+2.791e+03	+5.464e+03	+8.767e+03	+0.662
129.000	+7.451e+02	+5.777e+03	+1.022e+04	+0.886
129.200	+1.271e+03	+5.563e+03	+6.871e+03	+0.814
129.400	+1.213e+03	+5.626e+03	+7.248e+03	+0.823
129.600	+2.057e+03	+5.568e+03	+6.134e+03	+0.730
129.800	+3.417e+03	+4.038e+03	+8.810e+03	+0.542
130.000	+4.998e+03	+1.709e+03	+5.902e+03	+0.255
130.200	+5.360e+03	+2.004e+03	+8.274e+03	+0.272
130.400	+5.693e+03	+2.484e+03	+6.981e+03	+0.304
130.600	+6.338e+03	+1.613e+03	+7.401e+03	+0.203
130.800	+6.061e+03	+1.123e+03	+5.444e+03	+0.156
131.000	+4.526e+03	+1.211e+03	+5.442e+03	+0.211
131.200	+5.900e+03	+1.329e+03	+8.535e+03	+0.184
131.400	+7.149e+03	+2.392e+03	+7.671e+03	+0.251
131.600	+5.432e+03	+8.352e+02	+6.184e+03	+0.133
131.800	+5.393e+03	+1.593e+03	+7.957e+03	+0.228
132.000	+5.341e+03	+8.735e+02	+6.076e+03	+0.141
132.200	+6.792e+03	+9.423e+02	+7.152e+03	+0.122
132.400	+5.224e+03	+2.410e+03	+7.045e+03	+0.316
132.600	+6.281e+03	+2.802e+03	+7.193e+03	+0.308
132.800	+4.908e+03	+2.446e+03	+8.682e+03	+0.333
133.000	+6.882e+03	+2.180e+03	+6.121e+03	+0.241
133.200	+6.454e+03	+2.810e+03	+8.193e+03	+0.303
133.400	+4.976e+03	+2.874e+03	+4.823e+03	+0.366
133.600	+6.161e+03	+2.300e+03	+6.304e+03	+0.272
133.800	+5.174e+03	+1.816e+03	+6.735e+03	+0.260
134.000	+4.328e+03	+2.312e+03	+8.622e+03	+0.348
134.200	+6.552e+03	+3.121e+03	+1.081e+04	+0.323
134.400	+4.328e+03	+2.151e+03	+7.878e+03	+0.332
134.600	+3.170e+03	+2.253e+03	+6.632e+03	+0.415
134.800	+5.076e+03	+1.975e+03	+6.732e+03	+0.280
135.000	+6.319e+03	+1.073e+03	+8.665e+03	+0.145
135.200	+4.284e+03	+1.810e+03	+7.900e+03	+0.297
135.400	+7.224e+03	+1.498e+03	+5.761e+03	+0.172
135.600	+6.885e+03	+2.466e+03	+6.860e+03	+0.264
135.800	+5.193e+03	+2.662e+03	+6.443e+03	+0.339
136.000	+4.761e+03	+2.066e+03	+9.364e+03	+0.303
136.200	+4.836e+03	+1.893e+03	+7.057e+03	+0.281
136.400	+5.989e+03	+1.947e+03	+5.140e+03	+0.245
136.600	+5.467e+03	+1.683e+03	+7.754e+03	+0.235
136.800	+4.222e+03	+1.559e+03	+7.967e+03	+0.270
137.000	+4.289e+03	+1.029e+03	+7.557e+03	+0.193
137.200	+4.542e+03	+1.390e+01	+8.022e+03	+0.003
137.400	+4.657e+03	+1.303e+03	+6.127e+03	+0.219
137.600	+5.356e+03	+1.107e+03	+6.668e+03	+0.171
137.800	+6.878e+03	+2.220e+03	+8.126e+03	+0.244
138.000	+3.265e+03	+1.226e+03	+7.828e+03	+0.273
138.200	+5.847e+03	+1.976e+03	+7.973e+03	+0.253
138.400	+5.877e+03	+7.464e+02	+6.523e+03	+0.113
138.600	+5.742e+03	+2.231e+03	+6.700e+03	+0.280
138.800	+5.854e+03	+2.842e+03	+8.072e+03	+0.327
139.000	+5.575e+03	+1.706e+03	+6.424e+03	+0.234
139.200	+4.038e+03	+1.480e+03	+7.358e+03	+0.268
139.400	+6.217e+03	+1.745e+03	+7.609e+03	+0.219
139.600	+3.415e+03	+1.062e+03	+7.869e+03	+0.237
139.800	+4.957e+03	+1.242e+03	+6.596e+03	+0.200
140.000	+5.541e+03	+1.650e+03	+8.148e+03	+0.229
140.200	+5.355e+03	+2.375e+03	+6.153e+03	+0.307
140.400	+5.251e+03	+1.410e+03	+5.730e+03	+0.212
140.600	+5.124e+03	+2.615e+03	+8.950e+03	+0.338
140.800	+8.056e+03	+5.351e+02	+9.686e+03	+0.062
141.000	+4.495e+03	+1.304e+03	+8.918e+03	+0.225
141.200	+4.660e+03	+2.159e+03	+7.781e+03	+0.317
141.400	+6.502e+03	+1.070e+03	+6.386e+03	+0.141
141.600	+5.437e+03	+3.051e+03	+7.325e+03	+0.359
141.800	+6.002e+03	+1.830e+03	+6.380e+03	+0.234
142.000	+4.918e+03	+1.034e+03	+7.869e+03	+0.174
142.200	+5.124e+03	+1.199e+03	+6.949e+03	+0.190
142.400	+4.263e+03	+2.115e+03	+8.118e+03	+0.332
142.600	+7.055e+03	+9.340e+02	+6.617e+03	+0.117
142.800	+6.243e+03	+2.460e+03	+7.925e+03	+0.283
143.000	+5.350e+03	+1.902e+03	+7.101e+03	+0.262
143.200	+4.680e+03	+1.790e+02	+7.696e+03	+0.037
143.400	+5.888e+03	+1.352e+03	+9.081e+03	+0.187
143.600	+5.935e+03	+7.988e+02	+7.668e+03	+0.119
143.800	+7.815e+03	+2.920e+03	+8.936e+03	+0.272
144.000	+5.098e+03	+1.595e+03	+6.730e+03	+0.238
144.200	+5.427e+03	+1.511e+03	+5.278e+03	+0.218
144.400	+6.040e+03	+1.870e+03	+8.272e+03	+0.236
144.600	+6.910e+03	+9.304e+02	+8.427e+03	+0.119
144.800	+5.509e+03	+2.472e+03	+5.910e+03	+0.310
145.000	+4.929e+03	+2.341e+03	+6.225e+03	+0.322
145.200	+6.007e+03	+2.632e+03	+7.869e+03	+0.305
145.400	+5.080e+03	+2.005e+03	+5.507e+03	+0.283
145.600	+6.408e+03	+2.039e+03	+8.499e+03	+0.241
145.800	+5.365e+03	+1.549e+03	+7.960e+03	+0.224
146.000	+5.702e+03	+2.163e+03	+7.134e+03	+0.275
146.200	+5.504e+03	+2.134e+03	+7.680e+03	+0.279
146.400	+5.528e+03	+2.847e+03	+6.071e+03	+0.340
146.600	+4.576e+03	+2.989e+03	+7.329e+03	+0.395
146.800	+7.717e+03	+1.654e+03	+7.263e+03	+0.177
147.000	+5.586e+03	+1.446e+03	+8.971e+03	+0.206
147.200	+5.690e+03	+2.145e+03	+6.729e+03	+0.274
147.400	+4.271e+03	+3.462e+03	+7.179e+03	+0.448
147.600	+2.029e+03	+5.043e+03	+7.206e+03	+0.713
147.800	+2.154e+03	+6.594e+03	+7.808e+03	+0.754
148.000	+1.667e+03	+4.356e+03	+7.587e+03	+0.723
148.200	+2.776e+03	+6.295e+03	+6.602e+03	+0.694
148.400	+2.642e+03	+5.351e+03	+7.831e+03	+0.669
148.600	+2.479e+03	+4.391e+03	+6.801e+03	+0.639
148.800	+9.538e+02	+3.822e+03	+8.175e+03	+0.800
149.000	+1.628e+03	+5.471e+03	+6.617e+03	+0.771
149.200	+1.087e+03	+4.841e+03	+9.833e+03	+0.817
149.400	+2.797e+03	+5.845e+03	+6.488e+03	+0.676
149.600	+1.811e+03	+4.951e+03	+9.121e+03	+0.732
149.800	+2.603e+03	+6.098e+03	+7.061e+03	+0.701
150.000	+2.871e+03	+5.935e+03	+6.427e+03	+0.674
150.200	+2.304e+03	+4.316e+03	+7.200e+03	+0.652
150.400	+1.898e+03	+5.349e+03	+4.060e+03	+0.738
150.600	+1.708e+03	+4.527e+03	+9.015e+03	+0.726
150.800	+2.523e+03	+7.161e+03	+6.235e+03	+0.739
151.000	+1.488e+03	+4.599e+03	+6.372e+03	+0.756
151.200	+2.290e+03	+4.609e+03	+7.877e+03	+0.668
151.400	+3.113e+03	+3.991e+03	+8.191e+03	+0.562
151.600	+1.184e+03	+5.611e+03	+5.430e+03	+0.826
151.800	+1.141e+03	+5.215e+03	+6.094e+03	+0.821
152.000	+2.338e+03	+5.872e+03	+6.952e+03	+0.715
152.200	+2.001e+03	+6.089e+03	+8.318e+03	+0.753
152.400	+3.030e+03	+6.484e+03	+4.969e+03	+0.682
152.600	+1.477e+03	+4.481e+03	+8.412e+03	+0.752
152.800	+2.013e+03	+4.314e+03	+7.464e+03	+0.682
153.000	+1.868e+03	+5.065e+03	+9.159e+03	+0.731
153.200	+3.045e+03	+5.228e+03	+5.719e+03	+0.632
153.400	+2.439e+03	+5.751e+03	+5.812e+03	+0.702
153.600	+1.872e+03	+3.949e+03	+6.854e+03	+0.678
153.800	+2.045e+03	+5.721e+03	+7.332e+03	+0.737
154.000	+2.615e+03	+4.415e+03	+6.969e+03	+0.628
154.200	+1.024e+03	+4.902e+03	+6.163e+03	+0.827
154.400	+1.954e+03	+5.408e+03	+6.196e+03	+0.735
154.600	+1.754e+03	+5.448e+03	+6.613e+03	+0.756
154.800	+2.878e+03	+4.229e+03	+8.066e+03	+0.595
155.000	+2.364e+03	+5.410e+03	+8.102e+03	+0.696
155.200	+2.024e+03	+3.368e+03	+5.969e+03	+0.625
155.400	+2.277e+03	+5.384e+03	+8.099e+03	+0.703
155.600	+1.490e+03	+5.903e+03	+7.284e+03	+0.798
155.800	+1.502e+03	+6.409e+03	+7.320e+03	+0.810
156.000	+1.737e+03	+4.231e+03	+8.428e+03	+0.709
156.200	+1.703e+03	+4.937e+03	+7.086e+03	+0.744
156.400	+1.259e+03	+5.291e+03	+6.315e+03	+0.808
156.600	+1.647e+03	+4.442e+03	+6.511e+03	+0.729
156.800	+2.126e+03	+5.658e+03	+4.976e+03	+0.727
157.000	+3.316e+03	+6.516e+03	+7.203e+03	+0.663
157.200	+2.425e+03	+6.139e+03	+8.494e+03	+0.717
157.400	+2.828e+03	+6.183e+03	+7.871e+03	+0.686
157.600	+5.519e+02	+5.404e+03	+7.394e+03	+0.907
157.800	+3.891e+03	+6.169e+03	+5.605e+03	+0.613
158.000	+3.007e+03	+3.764e+03	+8.515e+03	+0.556
158.200	+1.503e+03	+5.546e+03	+7.339e+03	+0.787
158.400	+1.776e+03	+4.779e+03	+6.031e+03	+0.729
158.600	+2.836e+03	+4.414e+03	+9.362e+03	+0.609
158.800	+2.005e+03	+5.290e+03	+9.454e+03	+0.725
159.000	+1.388e+03	+5.830e+03	+6.726e+03	+0.808
159.200	+1.616e+03	+6.278e+03	+9.300e+03	+0.795
159.400	+2.211e+03	+4.465e+03	+7.809e+03	+0.669
159.600	+1.603e+03	+6.677e+03	+6.668e+03	+0.806
159.800	+2.607e+03	+6.390e+03	+6.226e+03	+0.710
160.000	+2.325e+03	+6.336e+03	+5.479e+03	+0.732
160.200	+1.148e+03	+6.068e+03	+7.381e+03	+0.841
160.400	+2.952e+03	+3.673e+03	+7.526e+03	+0.554
160.600	+3.368e+03	+5.359e+03	+4.225e+03	+0.614
160.800	+2.845e+03	+5.251e+03	+6.871e+03	+0.649
161.000	+2.591e+03	+6.224e+03	+7.869e+03	+0.706
161.200	+2.580e+03	+5.043e+03	+7.722e+03	+0.662
161.400	+2.515e+03	+5.168e+03	+7.207e+03	+0.673
161.600	+5.238e+03	+2.690e+03	+7.688e+03	+0.339
161.800	+6.997e+03	+1.365e+03	+5.389e+03	+0.163
162.000	+4.702e+03	+1.721e+03	+6.121e+03	+0.268
162.200	+3.868e+03	+1.335e+03	+6.822e+03	+0.257
162.400	+3.896e+03	+4.083e+03	+7.404e+03	+0.512
162.600	+2.637e+03	+5.650e+03	+6.874e+03	+0.682
162.800	+3.015e+03	+5.051e+03	+6.785e+03	+0.626
163.000	+1.679e+03	+5.344e+03	+6.999e+03	+0.761
163.200	+1.791e+03	+5.407e+03	+6.533e+03	+0.751
163.400	+2.603e+03	+5.714e+03	+5.474e+03	+0.687
163.600	+1.454e+03	+5.841e+03	+6.906e+03	+0.801
163.800	+1.743e+03	+5.244e+03	+8.141e+03	+0.751
164.000	+2.461e+03	+4.839e+03	+4.810e+03	+0.663
164.200	+2.071e+03	+6.479e+03	+7.141e+03	+0.758
164.400	+1.823e+03	+6.441e+03	+7.171e+03	+0.779
164.600	+7.679e+02	+5.349e+03	+6.643e+03	+0.874
164.800	+1.854e+03	+5.332e+03	+6.870e+03	+0.742
165.000	+1.866e+03	+3.801e+03	+7.105e+03	+0.671
165.200	+9.238e+02	+6.036e+03	+6.118e+03	+0.867
165.400	+1.529e+03	+5.214e+03	+6.928e+03	+0.773
165.600	+1.164e+03	+5.980e+03	+9.342e+03	+0.837
165.800	+1.608e+03	+4.837e+03	+7.556e+03	+0.751
166.000	+2.243e+03	+4.963e+03	+7.200e+03	+0.689
166.200	+2.271e+03	+4.735e+03	+6.993e+03	+0.676
166.400	+2.331e+03	+3.944e+03	+8.244e+03	+0.629
166.600	+2.323e+03	+5.752e+03	+8.292e+03	+0.712
166.800	+1.541e+03	+5.499e+03	+8.556e+03	+0.781
167.000	+1.592e+03	+5.800e+03	+6.515e+03	+0.785
167.200	+1.433e+03	+5.557e+03	+7.653e+03	+0.795
167.400	+1.579e+03	+5.920e+03	+7.332e+03	+0.789
167.600	+4.493e+03	+3.035e+03	+7.322e+03	+0.403
167.800	+4.601e+03	+1.457e+03	+6.083e+03	+0.241
168.000	+6.321e+03	+2.447e+03	+5.812e+03	+0.279
168.200	+6.648e+03	+1.578e+03	+7.824e+03	+0.192
168.400	+7.054e+03	+1.828e+03	+7.827e+03	+0.206
168.600	+4.773e+03	+1.002e+03	+6.430e+03	+0.174
168.800	+5.355e+03	+1.589e+03	+6.749e+03	+0.229
169.000	+5.079e+03	+1.508e+03	+7.555e+03	+0.229
169.200	+6.085e+03	+5.297e+02	+9.365e+03	+0.080
169.400	+4.349e+03	+2.878e+03	+7.156e+03	+0.398
169.600	+5.158e+03	+6.465e+02	+7.567e+03	+0.111
169.800	+4.675e+03	+1.492e+03	+8.542e+03	+0.242
170.000	+3.729e+03	+2.118e+03	+9.394e+03	+0.362
170.200	+5.688e+03	+2.484e+03	+7.909e+03	+0.304
170.400	+5.303e+03	+1.020e+03	+6.410e+03	+0.161
170.600	+5.122e+03	+1.310e+03	+6.969e+03	+0.204
170.800	+5.888e+03	+1.336e+03	+8.675e+03	+0.185
171.000	+5.078e+03	+1.064e+03	+6.796e+03	+0.173
171.200	+4.150e+03	+1.684e+03	+9.142e+03	+0.289
171.400	+3.865e+03	+3.522e+03	+6.289e+03	+0.477
171.600	-4.102e+02	+5.154e+03	+8.771e+03	+1.086
171.800	+1.790e+03	+4.524e+03	+8.589e+03	+0.716
172.000	+1.900e+01	+6.107e+03	+6.777e+03	+0.997
172.200	+1.071e+03	+5.502e+03	+8.721e+03	+0.837
172.400	+2.085e+03	+4.814e+03	+5.443e+03	+0.698
172.600	+1.829e+03	+5.565e+03	+7.953e+03	+0.753
172.800	+1.441e+03	+4.382e+03	+7.849e+03	+0.752
173.000	+1.644e+03	+5.460e+03	+6.000e+03	+0.769
173.200	+9.451e+02	+4.832e+03	+5.088e+03	+0.836
173.400	+2.578e+03	+6.155e+03	+7.208e+03	+0.705
173.600	+2.260e+03	+6.673e+03	+7.163e+03	+0.747
173.800	+2.713e+03	+4.392e+03	+6.939e+03	+0.618
174.000	+1.758e+03	+5.793e+03	+8.376e+03	+0.767
174.200	+2.556e+03	+4.780e+03	+7.278e+03	+0.652
174.400	+1.566e+03	+5.389e+03	+7.711e+03	+0.775
174.600	+2.547e+03	+4.837e+03	+7.394e+03	+0.655
174.800	+1.216e+03	+5.482e+03	+7.564e+03	+0.819
175.000	+2.476e+03	+4.109e+03	+6.868e+03	+0.624
175.200	+2.869e+03	+5.424e+03	+6.394e+03	+0.654
175.400	+5.852e+03	+3.070e+03	+7.100e+03	+0.344
175.600	+5.985e+03	+1.831e+03	+7.523e+03	+0.234
175.800	+5.609e+03	+2.324e+03	+8.221e+03	+0.293
176.000	+5.708e+03	+2.357e+03	+5.954e+03	+0.292
176.200	+6.366e+03	+8.374e+02	+8.220e+03	+0.116
176.400	+6.088e+03	+6.762e+02	+7.963e+03	+0.100
176.600	+4.238e+03	+2.563e+03	+8.158e+03	+0.377
176.800	+4.968e+03	+2.139e+03	+5.444e+03	+0.301
177.000	+6.713e+03	+2.589e+03	+6.390e+03	+0.278
177.200	+5.254e+03	+1.943e+03	+7.233e+03	+0.270
177.400	+6.569e+03	+1.054e+03	+8.092e+03	+0.138
177.600	+4.180e+03	+9.700e+02	+8.167e+03	+0.188
177.800	+5.471e+03	+2.888e+03	+7.883e+03	+0.346
178.000	+5.517e+03	+1.667e+03	+7.459e+03	+0.232
178.200	+6.706e+03	+2.127e+03	+5.767e+03	+0.241
178.400	+6.455e+03	+2.409e+03	+8.233e+03	+0.272
178.600	+5.210e+03	+1.950e+03	+7.239e+03	+0.272
178.800	+6.099e+03	+1.670e+03	+7.962e+03	+0.215
179.000	+5.662e+03	+5.459e+02	+8.651e+03	+0.088
179.200	+4.718e+03	+1.633e+03	+7.785e+03	+0.257
179.400	+6.257e+03	+1.811e+03	+7.648e+03	+0.224
179.600	+5.573e+03	+1.028e+03	+8.408e+03	+0.156
179.800	+5.048e+03	+2.647e+03	+7.778e+03	+0.344
180.000	+4.287e+03	+1.835e+03	+6.987e+03	+0.300
180.200	+5.386e+03	+1.535e+03	+7.084e+03	+0.222
180.400	+3.954e+03	+3.053e+03	+8.095e+03	+0.436
180.600	+6.701e+03	+4.918e+02	+7.811e+03	+0.068
180.800	+4.957e+03	+1.301e+03	+8.478e+03	+0.208
181.000	+6.195e+03	+5.534e+02	+9.694e+03	+0.082
181.200	+6.618e+03	+2.669e+03	+1.007e+04	+0.287
181.400	+5.282e+03	+6.827e+02	+6.590e+03	+0.114
181.600	+2.344e+03	+5.043e+03	+7.158e+03	+0.683
181.800	+2.484e+03	+4.203e+03	+6.186e+03	+0.629
182.000	+1.446e+03	+4.843e+03	+6.902e+03	+0.770
182.200	+1.250e+03	+5.710e+03	+7.284e+03	+0.820
182.400	+1.355e+03	+4.413e+03	+8.774e+03	+0.765
182.600	+3.062e+03	+5.042e+03	+6.389e+03	+0.622
182.800	+1.860e+03	+5.258e+03	+7.152e+03	+0.739
183.000	+1.943e+03	+4.965e+03	+7.560e+03	+0.719
183.200	+1.067e+03	+3.684e+03	+8.820e+03	+0.775
183.400	+1.174e+03	+4.582e+03	+8.866e+03	+0.796
183.600	+2.138e+03	+5.227e+03	+7.049e+03	+0.710
183.800	+3.195e+02	+4.406e+03	+7.503e+03	+0.932
184.000	+1.237e+03	+5.135e+03	+9.042e+03	+0.806
184.200	+1.640e+03	+5.818e+03	+8.076e+03	+0.780
184.400	+2.451e+03	+6.461e+03	+7.486e+03	+0.725
184.600	+2.194e+03	+6.081e+03	+7.242e+03	+0.735
184.800	+7.794e+02	+3.678e+03	+6.819e+03	+0.825
185.000	+1.138e+03	+6.683e+03	+7.136e+03	+0.854
185.200	+2.419e+03	+4.285e+03	+6.313e+03	+0.639
185.400	+1.110e+03	+6.758e+03	+5.707e+03	+0.859
185.600	+2.466e+03	+5.634e+03	+6.844e+03	+0.696
185.800	+4.904e+03	+2.543e+03	+5.359e+03	+0.341
186.000	+5.856e+03	+2.511e+03	+7.500e+03	+0.300
186.200	+3.750e+03	+1.605e+03	+6.080e+03	+0.300
186.400	+6.473e+03	+1.626e+03	+7.278e+03	+0.201
186.600	+6.286e+03	+1.408e+03	+5.073e+03	+0.183
186.800	+6.158e+03	+2.836e+03	+8.559e+03	+0.315
187.000	+5.351e+03	+2.348e+03	+5.428e+03	+0.305
187.200	+5.256e+03	+1.059e+03	+6.054e+03	+0.168
187.400	+4.310e+03	+1.061e+03	+7.998e+03	+0.198
187.600	+6.775e+03	+2.570e+03	+7.666e+03	+0.275
187.800	+4.278e+03	+7.500e+02	+8.852e+03	+0.149
188.000	+5.298e+03	+2.056e+03	+8.611e+03	+0.280
188.200	+6.290e+03	+1.045e+03	+6.468e+03	+0.142
188.400	+5.429e+03	+1.535e+03	+5.515e+03	+0.220
188.600	+3.069e+03	+1.891e+03	+6.845e+03	+0.381
188.800	+5.581e+03	+1.756e+03	+7.823e+03	+0.239
189.000	+3.661e+03	+2.623e+03	+6.935e+03	+0.417
189.200	+4.462e+03	+1.823e+03	+6.338e+03	+0.290
189.400	+6.213e+03	+2.096e+03	+7.624e+03	+0.252
189.600	+5.094e+03	+9.763e+02	+7.324e+03	+0.161
189.800	+5.768e+03	+2.013e+03	+7.084e+03	+0.259
190.000	+4.274e+03	+2.094e+03	+7.506e+03	+0.329
190.200	+6.105e+03	+3.138e+03	+7.155e+03	+0.339
190.400	+7.777e+03	+1.807e+03	+6.040e+03	+0.189
190.600	+6.015e+03	+2.555e+03	+7.746e+03	+0.298
190.800	+6.468e+03	+2.546e+03	+7.402e+03	+0.282
191.000	+4.880e+03	+5.959e+02	+7.137e+03	+0.109
191.200	+5.620e+03	+2.065e+03	+8.555e+03	+0.269
191.400	+4.086e+03	+2.228e+03	+6.993e+03	+0.353
191.600	+2.290e+03	+5.253e+03	+8.433e+03	+0.696
191.800	+1.421e+03	+6.130e+03	+9.671e+03	+0.812
192.000	+3.129e+03	+4.838e+03	+6.987e+03	+0.607
192.200	+5.334e+03	+1.811e+03	+7.455e+03	+0.254
192.400	+4.939e+03	+2.134e+03	+6.367e+03	+0.302
192.600	+6.039e+03	+2.552e+03	+8.097e+03	+0.297
192.800	+5.294e+03	+1.613e+03	+7.024e+03	+0.234
193.000	+4.191e+03	+2.096e+03	+7.828e+03	+0.333
193.200	+5.321e+03	+1.954e+03	+8.386e+03	+0.269
193.400	+5.576e+03	+2.208e+03	+6.899e+03	+0.284
193.600	+5.629e+03	+1.721e+03	+6.703e+03	+0.234
193.800	+5.763e+03	+2.221e+03	+5.511e+03	+0.278
194.000	+4.934e+03	+1.896e+03	+5.669e+03	+0.278
194.200	+6.681e+03	+1.486e+03	+7.584e+03	+0.182
194.400	+4.195e+03	+1.750e+03	+8.219e+03	+0.294
194.600	+5.909e+03	+2.896e+02	+7.184e+03	+0.047
194.800	+4.595e+03	+1.815e+03	+7.649e+03	+0.283
195.000	+4.114e+03	+1.965e+03	+5.261e+03	+0.323
195.200	+5.710e+03	+2.576e+03	+1.009e+04	+0.311
195.400	+5.505e+03	+9.301e+02	+6.893e+03	+0.145
195.600	+5.195e+03	+1.903e+03	+8.448e+03	+0.268
195.800	+3.991e+03	+1.297e+03	+7.140e+03	+0.245
196.000	+5.237e+03	+8.638e+02	+8.075e+03	+0.142
196.200	+6.692e+03	+2.645e+03	+6.700e+03	+0.283
196.400	+5.261e+03	+1.594e+03	+7.795e+03	+0.233
196.600	+5.821e+03	+2.096e+03	+7.676e+03	+0.265
196.800	+5.201e+03	+1.377e+03	+6.782e+03	+0.209
197.000	+6.298e+03	+1.607e+03	+7.224e+03	+0.203
197.200	+4.947e+03	+1.847e+03	+8.826e+03	+0.272
197.400	+5.264e+03	+1.035e+03	+6.473e+03	+0.164
197.600	+6.361e+03	+2.437e+03	+8.493e+03	+0.277
197.800	+5.135e+03	+1.257e+03	+4.951e+03	+0.197
198.000	+4.802e+03	+1.116e+03	+7.930e+03	+0.189
198.200	+5.159e+03	+3.793e+03	+8.723e+03	+0.424
198.400	+5.605e+03	+1.940e+03	+6.562e+03	+0.257
198.600	+4.461e+03	-6.438e+01	+7.404e+03	-0.015
198.800	+5.585e+03	+2.877e+03	+7.546e+03	+0.340
199.000	+5.899e+03	+1.230e+03	+7.977e+03	+0.173
199.200	+5.589e+03	+1.569e+03	+5.502e+03	+0.219
199.400	+6.224e+03	+2.121e+03	+7.523e+03	+0.254
199.600	+5.425e+03	+2.193e+03	+8.446e+03	+0.288
199.800	+4.241e+03	+1.124e+03	+9.159e+03	+0.210
200.000	+5.347e+03	+1.874e+03	+6.772e+03	+0.259
200.200	+5.643e+03	+1.976e+03	+5.913e+03	+0.259
200.400	+5.321e+03	+1.706e+03	+6.255e+03	+0.243
200.600	+3.350e+03	+1.933e+03	+7.784e+03	+0.366
200.800	+5.461e+03	+2.423e+03	+7.765e+03	+0.307
201.000	+5.192e+03	+1.038e+03	+7.871e+03	+0.167
201.200	+6.437e+03	+2.005e+03	+7.288e+03	+0.238
201.400	+5.763e+03	+1.832e+03	+6.301e+03	+0.241
201.600	+6.683e+03	+1.649e+03	+8.485e+03	+0.198
201.800	+7.032e+03	+2.648e+03	+6.354e+03	+0.274
202.000	+5.450e+03	+7.975e+02	+7.263e+03	+0.128
202.200	+4.939e+03	+1.212e+03	+5.473e+03	+0.197
202.400	+5.415e+03	+1.842e+03	+6.337e+03	+0.254
202.600	+4.568e+03	+8.933e+02	+7.341e+03	+0.164
202.800	+7.038e+03	+6.661e+02	+7.517e+03	+0.086
203.000	+5.693e+03	+2.165e+03	+8.154e+03	+0.275
203.200	+4.708e+03	+2.541e+03	+6.753e+03	+0.351
203.400	+5.918e+03	+2.093e+03	+6.017e+03	+0.261
203.600	+5.899e+03	+1.488e+03	+6.427e+03	+0.201
203.800	+6.712e+03	+1.067e+03	+5.917e+03	+0.137
204.000	+5.768e+03	+1.887e+03	+6.659e+03	+0.247
204.200	+6.682e+03	+1.583e+03	+6.972e+03	+0.192
204.400	+5.101e+03	+1.588e+03	+7.306e+03	+0.237
204.600	+4.748e+03	+1.755e+03	+8.498e+03	+0.270
204.800	+5.490e+03	+3.345e+03	+7.262e+03	+0.379
205.000	+6.744e+03	+2.407e+03	+8.882e+03	+0.263
205.200	+4.895e+03	+1.849e+03	+6.079e+03	+0.274
205.400	+4.790e+03	+1.284e+03	+5.926e+03	+0.211
205.600	+4.136e+03	+2.665e+03	+7.025e+03	+0.392
205.800	+4.673e+03	+1.408e+03	+6.505e+03	+0.232
206.000	+5.404e+03	+1.830e+03	+7.073e+03	+0.253
206.200	+6.265e+03	+1.363e+03	+6.381e+03	+0.179
206.400	+6.778e+03	+1.851e+03	+6.460e+03	+0.214
206.600	+6.131e+03	+1.693e+03	+6.495e+03	+0.216
206.800	+4.614e+03	+7.661e+02	+6.728e+03	+0.142
207.000	+4.958e+03	+1.586e+03	+7.631e+03	+0.242
207.200	+7.437e+03	+2.339e+03	+7.530e+03	+0.239
207.400	+4.652e+03	+1.232e+03	+7.983e+03	+0.209
207.600	+6.441e+03	+2.728e+03	+8.127e+03	+0.297
207.800	+6.766e+03	+7.488e+02	+7.622e+03	+0.100
208.000	+5.144e+03	+2.672e+03	+6.812e+03	+0.342
208.200	+6.212e+03	+1.085e+03	+5.840e+03	+0.149
208.400	+7.283e+03	+1.897e+03	+7.783e+03	+0.207
208.600	+5.819e+03	+2.024e+03	+8.018e+03	+0.258
208.800	+5.834e+03	+2.144e+03	+8.503e+03	+0.269
209.000	+5.077e+03	+2.455e+03	+9.205e+03	+0.326
209.200	+6.186e+03	+9.041e+02	+5.199e+03	+0.128
209.400	+4.461e+03	+1.646e+03	+8.155e+03	+0.270
209.600	+6.391e+03	+1.998e+03	+6.097e+03	+0.238
209.800	+5.858e+03	+2.639e+03	+6.403e+03	+0.311
210.000	+5.173e+03	+3.049e+03	+7.685e+03	+0.371
210.200	+5.152e+03	+7.706e+02	+6.618e+03	+0.130
210.400	+8.227e+03	+1.699e+03	+7.504e+03	+0.171
210.600	+5.825e+03	+1.734e+03	+5.532e+03	+0.229
210.800	+4.022e+03	+2.570e+03	+8.666e+03	+0.390
211.000	+6.386e+03	+1.917e+03	+7.564e+03	+0.231
211.200	+4.281e+03	+1.710e+03	+7.720e+03	+0.285
211.400	+6.014e+03	+1.588e+03	+7.102e+03	+0.209
211.600	+6.731e+03	+2.544e+03	+5.620e+03	+0.274
211.800	+5.038e+03	+1.141e+03	+7.214e+03	+0.185
212.000	+4.859e+03	+3.044e+03	+8.068e+03	+0.385
212.200	+5.555e+03	+1.775e+03	+7.335e+03	+0.242
212.400	+5.253e+03	+2.081e+03	+6.697e+03	+0.284
212.600	+6.217e+03	+1.380e+03	+8.602e+03	+0.182
212.800	+5.851e+03	+1.402e+03	+7.821e+03	+0.193
213.000	+4.267e+03	+2.461e+03	+7.013e+03	+0.366
213.200	+5.556e+03	+2.723e+03	+6.270e+03	+0.329
213.400	+6.409e+03	+2.529e+03	+6.029e+03	+0.283
213.600	+6.040e+03	+2.479e+03	+8.457e+03	+0.291
213.800	+5.117e+03	+1.018e+03	+9.406e+03	+0.166
214.000	+7.044e+03	+7.941e+02	+8.517e+03	+0.101
214.200	+4.917e+03	+1.668e+03	+6.766e+03	+0.253
214.400	+4.419e+03	+1.315e+03	+6.796e+03	+0.229
214.600	+6.303e+03	+2.283e+02	+6.898e+03	+0.035
214.800	+5.799e+03	+1.522e+03	+7.631e+03	+0.208
215.000	+5.303e+03	+1.441e+03	+5.760e+03	+0.214
215.200	+3.925e+03	+1.340e+03	+7.101e+03	+0.254
215.400	+4.844e+03	+2.233e+03	+6.660e+03	+0.316
215.600	+1.335e+03	+6.082e+03	+6.772e+03	+0.820
215.800	+3.122e+03	+3.789e+03	+5.873e+03	+0.548
216.000	+3.279e+03	+4.268e+03	+6.827e+03	+0.566
216.200	+3.139e+03	+5.605e+03	+6.572e+03	+0.641
216.400	+4.775e+03	+2.322e+03	+8.010e+03	+0.327
216.600	+5.556e+03	+7.996e+02	+8.586e+03	+0.126
216.800	+6.090e+03	+2.115e+03	+6.822e+03	+0.258
217.000	+3.975e+03	+3.363e+03	+6.735e+03	+0.458
217.200	+5.256e+03	+1.170e+03	+8.204e+03	+0.182
217.400	+4.740e+03	+2.399e+03	+8.237e+03	+0.336
217.600	+5.669e+03	+2.502e+03	+7.816e+03	+0.306
217.800	+5.023e+03	+8.190e+02	+5.485e+03	+0.140
218.000	+4.430e+03	+1.982e+03	+7.635e+03	+0.309
218.200	+6.276e+03	+1.632e+03	+7.252e+03	+0.206
218.400	+4.507e+03	+1.494e+03	+8.292e+03	+0.249
218.600	+5.247e+03	+2.029e+03	+8.614e+03	+0.279
218.800	+5.060e+03	+1.966e+03	+6.537e+03	+0.280
219.000	+5.748e+03	+1.217e+03	+7.380e+03	+0.175
219.200	+3.914e+03	+1.231e+03	+7.549e+03	+0.239
219.400	+4.514e+03	+1.865e+03	+6.242e+03	+0.292
219.600	+5.590e+03	+1.529e+03	+7.283e+03	+0.215
219.800	+6.235e+03	+2.085e+03	+5.636e+03	+0.251
220.000	+5.102e+03	+8.308e+02	+6.993e+03	+0.140
220.200	+5.373e+03	+2.712e+03	+7.146e+03	+0.335
220.400	+4.901e+03	+2.273e+03	+7.396e+03	+0.317
220.600	+7.365e+03	+2.160e+03	+6.877e+03	+0.227
220.800	+5.615e+03	+2.120e+03	+6.058e+03	+0.274
221.000	+3.838e+03	+1.582e+03	+8.167e+03	+0.292
221.200	+5.795e+03	+1.692e+03	+8.297e+03	+0.226
221.400	+5.773e+03	+2.137e+03	+7.912e+03	+0.270
221.600	+6.599e+03	+3.058e+03	+5.129e+03	+0.317
221.800	+6.482e+03	+6.953e+02	+7.160e+03	+0.097
222.000	+6.001e+03	+1.355e+03	+7.143e+03	+0.184
222.200	+5.147e+03	+2.101e+03	+8.919e+03	+0.290
222.400	+5.410e+03	+1.258e+03	+7.693e+03	+0.189
222.600	+6.534e+03	+1.129e+03	+7.918e+03	+0.147
222.800	+5.265e+03	+1.480e+03	+8.705e+03	+0.219
223.000	+5.167e+03	+1.629e+03	+7.228e+03	+0.240
223.200	+5.387e+03	+1.454e+03	+7.360e+03	+0.213
223.400	+4.999e+03	+1.026e+03	+7.648e+03	+0.170
223.600	+3.433e+03	+1.988e+03	+8.093e+03	+0.367
223.800	+4.485e+03	+8.744e+02	+5.943e+03	+0.163
224.000	+4.335e+03	+7.063e+02	+6.734e+03	+0.140
224.200	+6.347e+03	+2.177e+03	+9.059e+03	+0.255
224.400	+4.210e+03	+3.667e+03	+8.153e+03	+0.466
224.600	+2.538e+03	+4.843e+03	+6.938e+03	+0.656
224.800	+1.124e+03	+4.186e+03	+8.101e+03	+0.788
225.000	+9.411e+02	+5.504e+03	+8.704e+03	+0.854
225.200	+1.256e+03	+3.804e+03	+8.750e+03	+0.752
225.400	+1.222e+03	+6.031e+03	+8.015e+03	+0.832
225.600	+2.251e+03	+4.915e+03	+8.686e+03	+0.686
225.800	+2.706e+03	+4.995e+03	+6.817e+03	+0.649
226.000	+1.900e+03	+5.175e+03	+7.390e+03	+0.731
226.200	+1.402e+03	+6.070e+03	+6.972e+03	+0.812
226.400	+2.432e+03	+4.228e+03	+5.438e+03	+0.635
226.600	+2.220e+03	+4.493e+03	+9.024e+03	+0.669
226.800	+2.070e+03	+5.367e+03	+7.370e+03	+0.722
227.000	+1.358e+03	+5.652e+03	+7.058e+03	+0.806
227.200	+2.816e+03	+6.807e+03	+7.664e+03	+0.707
227.400	+3.260e+03	+6.153e+03	+7.561e+03	+0.654
227.600	+1.802e+03	+4.585e+03	+7.962e+03	+0.718
227.800	+1.278e+03	+6.567e+03	+8.177e+03	+0.837
228.000	+1.986e+03	+5.117e+03	+7.643e+03	+0.720
228.200	+1.592e+03	+4.804e+03	+6.470e+03	+0.751
228.400	+1.272e+03	+6.613e+03	+8.063e+03	+0.839
228.600	+1.891e+03	+5.625e+03	+7.984e+03	+0.748
228.800	+2.268e+03	+5.068e+03	+7.765e+03	+0.691
229.000	+2.003e+03	+3.916e+03	+7.524e+03	+0.662
229.200	+6.387e+02	+4.141e+03	+7.973e+03	+0.866
229.400	+2.471e+03	+4.286e+03	+7.953e+03	+0.634
229.600	+2.480e+03	+5.231e+03	+8.772e+03	+0.678
229.800	+1.826e+03	+5.918e+03	+6.896e+03	+0.764
230.000	+1.593e+03	+3.743e+03	+7.871e+03	+0.701
230.200	+1.275e+03	+4.418e+03	+7.713e+03	+0.776
230.400	+1.723e+03	+5.427e+03	+8.078e+03	+0.759
230.600	+2.234e+03	+4.439e+03	+7.733e+03	+0.665
230.800	+1.983e+03	+3.971e+03	+7.288e+03	+0.667
231.000	+2.914e+03	+4.565e+03	+8.478e+03	+0.610
231.200	+2.217e+03	+6.879e+03	+7.452e+03	+0.756
231.400	+2.148e+03	+4.998e+03	+8.850e+03	+0.699
231.600	+3.271e+03	+7.296e+03	+7.411e+03	+0.690
231.800	+2.600e+03	+5.634e+03	+6.332e+03	+0.684
232.000	+3.130e+03	+5.428e+03	+7.476e+03	+0.634
232.200	+1.916e+03	+4.871e+03	+5.615e+03	+0.718
232.400	+2.364e+03	+6.875e+03	+7.383e+03	+0.744
232.600	+2.632e+03	+6.025e+03	+4.528e+03	+0.696
232.800	+2.518e+03	+4.007e+03	+7.812e+03	+0.614
233.000	+1.585e+03	+5.851e+03	+7.029e+03	+0.787
233.200	+1.759e+03	+4.213e+03	+8.262e+03	+0.705
233.400	+2.488e+03	+4.662e+03	+7.801e+03	+0.652
233.600	+1.987e+03	+6.550e+03	+5.772e+03	+0.767
233.800	+2.601e+03	+5.438e+03	+5.465e+03	+0.676
234.000	+2.474e+03	+5.695e+03	+7.735e+03	+0.697
234.200	+3.143e+03	+4.234e+03	+4.373e+03	+0.574
234.400	+2.232e+03	+4.009e+03	+5.409e+03	+0.642
234.600	+1.046e+03	+5.575e+03	+6.947e+03	+0.842
234.800	+1.071e+03	+5.781e+03	+7.747e+03	+0.844
235.000	+2.107e+03	+5.885e+03	+6.996e+03	+0.736
235.200	+1.966e+03	+6.545e+03	+7.277e+03	+0.769
235.400	+9.695e+02	+5.070e+03	+8.174e+03	+0.839
235.600	+1.945e+03	+5.101e+03	+8.115e+03	+0.724
235.800	+9.128e+02	+5.960e+03	+6.249e+03	+0.867
236.000	+6.750e+02	+5.824e+03	+8.944e+03	+0.896
236.200	+1.771e+03	+6.356e+03	+5.053e+03	+0.782
236.400	+6.215e+03	+1.971e+03	+6.947e+03	+0.241
236.600	+6.738e+03	+1.023e+03	+8.213e+03	+0.132
236.800	+1.492e+03	+4.665e+03	+6.671e+03	+0.758
237.000	+2.266e+03	+5.097e+03	+7.919e+03	+0.692
237.200	+2.231e+03	+6.011e+03	+6.513e+03	+0.729
237.400	+2.589e+03	+7.106e+03	+1.007e+04	+0.733
237.600	+1.940e+03	+4.862e+03	+7.479e+03	+0.715
237.800	+2.434e+03	+5.264e+03	+3.801e+03	+0.684
238.000	+9.554e+02	+3.927e+03	+8.784e+03	+0.804
238.200	+1.927e+03	+5.652e+03	+7.893e+03	+0.746
238.400	+2.007e+03	+5.657e+03	+8.889e+03	+0.738
238.600	+2.953e+03	+5.122e+03	+7.605e+03	+0.634
238.800	+1.403e+03	+4.167e+03	+6.634e+03	+0.748
239.000	+9.786e+02	+6.365e+03	+6.296e+03	+0.867
239.200	+6.004e+03	+2.434e+03	+6.986e+03	+0.288
239.400	+5.538e+03	+2.025e+03	+7.295e+03	+0.268
239.600	+5.619e+03	+1.704e+03	+8.492e+03	+0.233
239.800	+7.071e+03	+2.327e+03	+6.295e+03	+0.248
240.000	+4.509e+03	+1.521e+03	+5.665e+03	+0.252
240.200	+4.376e+03	+1.264e+03	+5.522e+03	+0.224
240.400	+6.983e+03	+1.198e+03	+7.061e+03	+0.146
240.600	+6.201e+03	+2.649e+03	+7.670e+03	+0.299
240.800	+6.340e+03	+1.666e+03	+7.935e+03	+0.208
241.000	+5.820e+03	+1.520e+03	+6.697e+03	+0.207
241.200	+5.896e+03	+1.314e+03	+6.646e+03	+0.182
241.400	+5.190e+03	+1.115e+03	+7.143e+03	+0.177
241.600	+6.001e+03	+1.343e+03	+6.141e+03	+0.183
241.800	+6.424e+03	+2.546e+03	+6.616e+03	+0.284
242.000	+6.971e+03	+2.988e+03	+6.606e+03	+0.300
242.200	+5.786e+03	+1.986e+03	+7.120e+03	+0.256
242.400	+4.824e+03	+2.279e+03	+6.899e+03	+0.321
242.600	+5.089e+03	+1.963e+03	+7.974e+03	+0.278
242.800	+5.325e+03	+1.839e+03	+8.594e+03	+0.257
243.000	+8.046e+03	+1.286e+03	+8.488e+03	+0.138
243.200	+4.519e+03	+1.695e+03	+6.751e+03	+0.273
243.400	+6.057e+03	+2.700e+03	+7.584e+03	+0.308
243.600	+4.628e+03	+3.189e+03	+4.868e+03	+0.408
243.800	+6.695e+03	+2.326e+03	+7.556e+03	+0.258
244.000	+5.534e+03	+2.428e+03	+8.869e+03	+0.305
244.200	+4.079e+03	+1.993e+03	+6.237e+03	+0.328
244.400	+4.293e+03	+2.294e+03	+7.123e+03	+0.348
244.600	+6.182e+03	+1.348e+03	+7.700e+03	+0.179
244.800	+5.072e+03	+1.573e+03	+6.418e+03	+0.237
245.000	+4.004e+03	+2.540e+03	+6.553e+03	+0.388
245.200	+4.344e+03	+2.161e+03	+7.689e+03	+0.332
245.400	+5.280e+03	+1.685e+03	+5.676e+03	+0.242
245.600	+6.665e+03	+2.694e+03	+5.711e+03	+0.288
245.800	+4.175e+03	+2.035e+03	+7.351e+03	+0.328
246.000	+5.704e+03	+9.748e+02	+6.067e+03	+0.146
246.200	+4.191e+03	+1.386e+03	+8.650e+03	+0.248
246.400	+5.659e+03	+2.229e+03	+7.982e+03	+0.283
246.600	+7.263e+03	+1.412e+03	+8.369e+03	+0.163
246.800	+5.124e+03	+1.941e+03	+6.250e+03	+0.275
247.000	+6.217e+03	+1.518e+03	+6.829e+03	+0.196
247.200	+4.919e+03	+1.101e+03	+5.855e+03	+0.183
247.400	+3.991e+03	+2.085e+03	+7.678e+03	+0.343
247.600	+6.245e+03	+1.782e+03	+6.055e+03	+0.222
247.800	+4.390e+03	+1.137e+03	+5.390e+03	+0.206
248.000	+5.339e+03	+5.849e+02	+6.856e+03	+0.099
248.200	+4.880e+03	+1.174e+03	+7.977e+03	+0.194
248.400	+5.998e+03	+2.905e+03	+7.561e+03	+0.326
248.600	+3.696e+03	+1.897e+03	+6.815e+03	+0.339
248.800	+6.232e+03	+9.549e+02	+7.112e+03	+0.133
249.000	+3.425e+03	+1.677e+03	+8.909e+03	+0.329
249.200	+5.347e+03	+1.004e+03	+1.016e+04	+0.158
249.400	+4.583e+03	+7.075e+02	+7.157e+03	+0.134
249.600	+3.565e+03	+1.216e+03	+5.682e+03	+0.254
249.800	+5.406e+03	+1.588e+03	+9.910e+03	+0.227
250.000	+5.465e+03	+4.945e+02	+7.287e+03	+0.083
250.200	+5.437e+03	+2.014e+03	+7.666e+03	+0.270
250.400	+6.151e+03	+1.218e+03	+6.310e+03	+0.165
250.600	+5.182e+03	+2.917e+03	+6.062e+03	+0.360
250.800	+4.423e+03	+2.214e+03	+8.542e+03	+0.334
251.000	+4.326e+03	+7.747e+02	+7.263e+03	+0.152
251.200	+5.817e+03	+1.736e+03	+7.450e+03	+0.230
251.400	+5.460e+03	+2.250e+03	+6.584e+03	+0.292
251.600	+5.616e+03	+1.604e+03	+7.235e+03	+0.222
251.800	+6.625e+03	+2.089e+03	+9.151e+03	+0.240
252.000	+7.386e+03	+9.639e+02	+7.385e+03	+0.115
252.200	+7.201e+03	+1.989e+03	+7.231e+03	+0.216
252.400	+4.526e+03	+1.379e+03	+7.477e+03	+0.233
252.600	+4.966e+03	+1.414e+03	+7.255e+03	+0.222
252.800	+1.416e+03	+4.905e+03	+7.448e+03	+0.776
253.000	+5.233e+02	+4.518e+03	+8.745e+03	+0.896
253.200	+1.717e+03	+4.269e+03	+8.501e+03	+0.713
253.400	+1.694e+03	+5.053e+03	+7.587e+03	+0.749
253.600	+8.311e+02	+6.144e+03	+5.661e+03	+0.881
253.800	+2.775e+03	+4.988e+03	+6.527e+03	+0.643
254.000	+3.632e+03	+3.759e+03	+6.204e+03	+0.509
254.200	+2.400e+03	+4.976e+03	+9.065e+03	+0.675
254.400	+2.231e+03	+3.650e+03	+8.111e+03	+0.621
254.600	+1.611e+03	+5.869e+03	+7.693e+03	+0.785
254.800	+1.847e+03	+5.492e+03	+8.062e+03	+0.748
255.000	+2.029e+03	+4.764e+03	+8.400e+03	+0.701
255.200	+2.920e+03	+4.186e+03	+6.920e+03	+0.589
255.400	+5.501e+03	+1.755e+03	+8.701e+03	+0.242
255.600	+5.082e+03	+2.452e+03	+5.703e+03	+0.325
255.800	+6.919e+03	+2.647e+03	+8.710e+03	+0.277
256.000	+4.444e+03	+1.378e+03	+6.202e+03	+0.237
256.200	+6.356e+03	+2.371e+03	+8.827e+03	+0.272
256.400	+6.545e+03	+1.793e+03	+9.631e+03	+0.215
256.600	+3.537e+03	+1.017e+03	+6.230e+03	+0.223
256.800	+4.554e+03	+1.622e+03	+8.227e+03	+0.263
257.000	+5.768e+03	+1.359e+03	+7.631e+03	+0.191
257.200	+5.790e+03	+3.179e+03	+5.524e+03	+0.354
257.400	+3.034e+03	+3.347e+03	+6.537e+03	+0.525
257.600	+2.571e+03	+4.744e+03	+6.878e+03	+0.648
257.800	+5.306e+03	+1.483e+03	+8.011e+03	+0.218
258.000	+4.950e+03	+2.351e+03	+8.799e+03	+0.322
258.200	+5.920e+03	+1.178e+03	+6.227e+03	+0.166
258.400	+5.766e+03	+1.661e+03	+7.552e+03	+0.224
258.600	+4.031e+03	+3.703e+02	+8.561e+03	+0.084
258.800	+6.986e+03	+1.724e+03	+4.855e+03	+0.198
259.000	+4.389e+03	+1.339e+03	+6.002e+03	+0.234
259.200	+5.028e+03	+2.283e+03	+7.505e+03	+0.312
259.400	+5.864e+03	+2.071e+03	+6.969e+03	+0.261
259.600	+6.262e+03	+1.862e+03	+5.762e+03	+0.229
259.800	+6.247e+03	+1.185e+03	+6.697e+03	+0.159
260.000	+3.550e+03	+3.002e+03	+7.217e+03	+0.458
260.200	+6.566e+03	+2.062e+03	+6.248e+03	+0.239
260.400	+5.702e+03	+6.624e+02	+6.700e+03	+0.104
260.600	+5.387e+03	+5.404e+02	+9.078e+03	+0.091
260.800	+5.758e+03	+1.627e+03	+9.033e+03	+0.220
261.000	+5.592e+03	+9.275e+02	+5.119e+03	+0.142
261.200	+5.630e+03	+8.745e+02	+6.491e+03	+0.134
261.400	+5.507e+03	+1.720e+03	+8.705e+03	+0.238
261.600	+6.146e+03	+9.898e+02	+6.559e+03	+0.139
261.800	+6.075e+03	+2.557e+03	+5.751e+03	+0.296
262.000	+4.672e+03	+1.463e+03	+7.934e+03	+0.238
262.200	+5.367e+03	+1.285e+03	+5.921e+03	+0.193
262.400	+5.551e+03	+1.669e+03	+5.354e+03	+0.231
262.600	+6.149e+03	+8.902e+02	+4.790e+03	+0.126
262.800	+6.561e+03	+9.268e+02	+6.460e+03	+0.124
263.000	+6.471e+03	+2.073e+03	+7.950e+03	+0.243
263.200	+6.081e+03	+2.194e+03	+8.675e+03	+0.265
263.400	+5.899e+03	+1.433e+03	+4.927e+03	+0.195
263.600	+5.489e+03	+1.972e+03	+7.020e+03	+0.264
263.800	+6.640e+03	+2.613e+03	+7.287e+03	+0.282
264.000	+3.212e+03	+4.760e+03	+6.268e+03	+0.597
264.200	+2.826e+03	+6.033e+03	+8.492e+03	+0.681
264.400	+2.975e+03	+4.929e+03	+7.593e+03	+0.624
264.600	+1.543e+03	+5.149e+03	+7.403e+03	+0.769
264.800	+1.114e+03	+3.741e+03	+7.513e+03	+0.771
265.000	+2.032e+03	+6.551e+03	+6.414e+03	+0.763
265.200	+3.096e+03	+5.184e+03	+7.909e+03	+0.626
265.400	+1.128e+03	+4.703e+03	+5.190e+03	+0.807
265.600	+1.637e+03	+4.253e+03	+7.884e+03	+0.722
265.800	+2.976e+03	+5.182e+03	+7.047e+03	+0.635
266.000	+2.200e+03	+4.355e+03	+8.189e+03	+0.664
266.200	+1.976e+03	+3.817e+03	+7.689e+03	+0.659
266.400	+1.513e+03	+5.003e+03	+7.111e+03	+0.768
266.600	+7.464e+02	+4.997e+03	+8.111e+03	+0.870
266.800	+3.164e+03	+5.940e+03	+6.020e+03	+0.652
267.000	+1.267e+03	+5.271e+03	+8.939e+03	+0.806
267.200	+2.173e+03	+5.803e+03	+6.634e+03	+0.728
267.400	+1.197e+03	+5.847e+03	+7.583e+03	+0.830
267.600	+1.992e+03	+5.253e+03	+9.445e+03	+0.725
267.800	+1.989e+03	+3.927e+03	+7.571e+03	+0.664
268.000	+4.474e+03	+2.960e+03	+6.830e+03	+0.398
268.200	+7.011e+03	+1.675e+03	+6.582e+03	+0.193
268.400	+5.281e+03	+1.329e+03	+7.505e+03	+0.201
268.600	+4.965e+03	+9.446e+00	+8.364e+03	+0.002
268.800	+5.514e+03	+1.630e+03	+6.510e+03	+0.228
269.000	+5.109e+03	+1.386e+03	+7.526e+03	+0.213
269.200	+5.591e+03	+1.250e+03	+7.406e+03	+0.183
269.400	+4.727e+03	+1.803e+03	+6.270e+03	+0.276
269.600	+5.865e+03	+1.861e+03	+5.727e+03	+0.241
269.800	+6.895e+03	+2.193e+03	+8.076e+03	+0.241
270.000	+6.525e+03	+2.660e+03	+7.284e+03	+0.290
270.200	+5.254e+03	+2.302e+03	+4.971e+03	+0.305
270.400	+5.796e+03	+2.830e+03	+5.414e+03	+0.328
270.600	+4.800e+03	+1.382e+03	+5.548e+03	+0.224
270.800	+4.938e+03	+1.644e+03	+7.940e+03	+0.250
271.000	+4.571e+03	+1.688e+03	+5.452e+03	+0.270
271.200	+5.377e+03	+1.720e+03	+5.746e+03	+0.242
271.400	+6.682e+03	+1.293e+03	+5.376e+03	+0.162
271.600	+7.337e+03	+1.382e+03	+8.171e+03	+0.159
271.800	+5.913e+03	+1.446e+03	+7.933e+03	+0.196
272.000	+4.922e+03	+1.430e+03	+7.973e+03	+0.225
272.200	+5.800e+03	+2.198e+03	+6.661e+03	+0.275
272.400	+5.909e+03	+2.627e+03	+8.272e+03	+0.308
272.600	+4.216e+03	+2.138e+03	+6.377e+03	+0.337
272.800	+8.221e+03	+1.132e+03	+6.199e+03	+0.121
273.000	+6.719e+03	+1.780e+03	+7.708e+03	+0.209
273.200	+5.077e+03	+1.759e+03	+6.857e+03	+0.257
273.400	+6.707e+03	+1.420e+03	+7.877e+03	+0.175
273.600	+3.991e+03	+1.371e+03	+5.859e+03	+0.256
273.800	+5.518e+03	+1.856e+03	+7.035e+03	+0.252
274.000	+7.470e+03	+9.979e+02	+8.485e+03	+0.118
274.200	+3.875e+03	+2.501e+03	+6.861e+03	+0.392
274.400	+5.656e+03	+1.822e+03	+7.650e+03	+0.244
274.600	+4.959e+03	+2.122e+03	+7.874e+03	+0.300
274.800	+7.010e+03	+1.273e+03	+7.235e+03	+0.154
275.000	+6.060e+03	+1.361e+03	+7.364e+03	+0.183
275.200	+5.203e+03	+2.126e+03	+6.535e+03	+0.290
275.400	+5.982e+03	+2.971e+03	+5.509e+03	+0.332
275.600	+5.631e+03	+3.302e+03	+8.509e+03	+0.370
275.800	+5.157e+03	+1.373e+03	+8.775e+03	+0.210
276.000	+6.136e+03	+1.190e+03	+6.775e+03	+0.162
276.200	+6.959e+03	+2.127e+03	+6.462e+03	+0.234
276.400	+7.257e+03	+1.298e+03	+7.471e+03	+0.152
276.600	+5.299e+03	+1.343e+03	+8.291e+03	+0.202
276.800	+5.510e+03	+1.148e+03	+5.163e+03	+0.172
277.000	+6.088e+03	+2.113e+03	+5.873e+03	+0.258
277.200	+3.620e+03	+1.515e+03	+8.955e+03	+0.295
277.400	+4.822e+03	+1.548e+03	+7.258e+03	+0.243
277.600	+5.709e+03	+2.047e+03	+6.965e+03	+0.264
277.800	+5.144e+03	+2.261e+03	+7.600e+03	+0.305
278.000	+7.277e+03	+1.582e+03	+6.684e+03	+0.179
278.200	+7.564e+03	+2.273e+02	+6.161e+03	+0.029
278.400	+5.444e+03	+2.672e+03	+8.653e+03	+0.329
278.600	+5.395e+03	+2.351e+03	+7.095e+03	+0.304
278.800	+4.969e+03	+2.324e+03	+7.904e+03	+0.319
279.000	+5.970e+03	+1.510e+03	+5.906e+03	+0.202
279.200	+4.843e+03	+2.142e+03	+7.730e+03	+0.307
279.400	+6.315e+03	+1.559e+03	+7.543e+03	+0.198
279.600	+5.998e+03	+1.389e+03	+8.791e+03	+0.188
279.800	+5.515e+03	+1.489e+03	+8.495e+03	+0.213
280.000	+6.409e+03	+1.312e+03	+7.778e+03	+0.170
280.200	+5.884e+03	+1.605e+03	+1.007e+04	+0.214
280.400	+4.388e+03	+1.595e+03	+5.542e+03	+0.267
280.600	+5.703e+03	+1.924e+03	+5.883e+03	+0.252
280.800	+4.705e+03	+2.822e+03	+5.561e+03	+0.375
281.000	+5.891e+03	+6.338e+02	+7.550e+03	+0.097
281.200	+4.694e+03	+1.891e+03	+7.575e+03	+0.287
281.400	+6.085e+03	+9.813e+02	+6.928e+03	+0.139
281.600	+2.883e+03	+3.104e+03	+6.946e+03	+0.519
281.800	+6.446e+03	+1.964e+03	+5.093e+03	+0.234
282.000	+5.514e+03	+2.353e+03	+7.889e+03	+0.299
282.200	+7.341e+03	+2.309e+03	+8.135e+03	+0.239
282.400	+5.547e+03	+1.476e+03	+5.228e+03	+0.210
282.600	+5.892e+03	+2.024e+03	+6.254e+03	+0.256
282.800	+5.985e+03	+2.034e+03	+7.020e+03	+0.254
283.000	+7.008e+03	+1.373e+03	+8.042e+03	+0.164
283.200	+5.222e+03	+1.023e+03	+1.005e+04	+0.164
283.400	+5.605e+03	+6.534e+02	+6.428e+03	+0.104
283.600	+7.638e+03	+5.291e+02	+7.916e+03	+0.065
283.800	+3.222e+03	+1.990e+03	+7.269e+03	+0.382
284.000	+4.927e+03	+2.213e+03	+5.982e+03	+0.310
284.200	+5.450e+03	+1.110e+03	+8.165e+03	+0.169
284.400	+5.086e+03	+2.366e+03	+9.161e+03	+0.317
284.600	+5.670e+03	+1.245e+03	+6.024e+03	+0.180
284.800	+4.426e+03	+1.700e+03	+9.954e+03	+0.278
285.000	+5.019e+03	+1.520e+03	+6.134e+03	+0.232
285.200	+4.040e+03	+2.283e+03	+6.174e+03	+0.361
285.400	+5.392e+03	+2.686e+03	+4.355e+03	+0.332
285.600	+5.744e+03	+1.464e+03	+5.961e+03	+0.203
285.800	+7.299e+03	+1.706e+03	+8.819e+03	+0.189
286.000	+6.782e+03	+2.459e+03	+4.707e+03	+0.266
286.200	+4.466e+03	+1.554e+03	+8.723e+03	+0.258
286.400	+5.869e+03	+1.906e+03	+8.053e+03	+0.245
286.600	+4.917e+03	+3.067e+03	+5.403e+03	+0.384
286.800	+5.164e+03	+1.441e+03	+7.239e+03	+0.218
287.000	+5.555e+03	+8.886e+02	+5.803e+03	+0.138
287.200	+6.302e+03	+1.652e+03	+7.382e+03	+0.208
287.400	+4.995e+03	+1.593e+03	+7.396e+03	+0.242
287.600	+2.945e+03	+4.019e+03	+7.021e+03	+0.577
287.800	+1.443e+03	+4.804e+03	+6.631e+03	+0.769
288.000	+1.955e+03	+6.663e+03	+6.262e+03	+0.773
288.200	+1.570e+03	+6.142e+03	+6.632e+03	+0.796
288.400	+1.799e+03	+4.403e+03	+8.346e+03	+0.710
288.600	+2.450e+03	+5.837e+03	+6.573e+03	+0.704
288.800	+2.366e+03	+4.226e+03	+6.672e+03	+0.641
289.000	+2.282e+03	+6.009e+03	+8.022e+03	+0.725
289.200	+2.797e+03	+4.583e+03	+7.791e+03	+0.621
289.400	+2.548e+03	+3.313e+03	+7.693e+03	+0.565
289.600	+6.043e+03	+1.301e+03	+7.399e+03	+0.177
289.800	+5.018e+03	+5.176e+02	+8.250e+03	+0.094
290.000	+4.993e+03	+9.685e+02	+7.624e+03	+0.162
290.200	+6.611e+03	+2.543e+03	+6.399e+03	+0.278
290.400	+5.311e+03	+9.834e+02	+8.235e+03	+0.156
290.600	+4.063e+03	+1.559e+03	+6.927e+03	+0.277
290.800	+6.734e+03	+1.852e+03	+8.883e+03	+0.216
291.000	+5.608e+03	+2.025e+03	+8.817e+03	+0.265
291.200	+4.544e+03	+2.731e+03	+9.071e+03	+0.375
291.400	+5.021e+03	+8.318e+02	+5.409e+03	+0.142
291.600	+5.087e+03	+1.544e+03	+6.922e+03	+0.233
291.800	+6.569e+03	+1.683e+03	+7.124e+03	+0.204
292.000	+5.411e+03	+2.476e+03	+6.868e+03	+0.314
292.200	+6.818e+03	+2.497e+03	+7.981e+03	+0.268
292.400	+5.859e+03	+1.520e+03	+7.506e+03	+0.206
292.600	+5.541e+03	+1.939e+03	+6.965e+03	+0.259
292.800	+5.347e+03	+9.493e+02	+6.884e+03	+0.151
293.000	+4.652e+03	+1.336e+03	+5.741e+03	+0.223
293.200	+4.839e+03	+1.894e+03	+5.246e+03	+0.281
293.400	+4.236e+03	+1.451e+03	+6.585e+03	+0.255
293.600	+6.099e+03	+1.406e+03	+7.041e+03	+0.187
293.800	+5.259e+03	+6.632e+02	+6.683e+03	+0.112
294.000	+5.933e+03	+1.707e+03	+7.771e+03	+0.223
294.200	+4.956e+03	+2.121e+03	+5.903e+03	+0.300
294.400	+4.447e+03	+1.079e+03	+8.011e+03	+0.195
294.600	+5.392e+03	+1.156e+03	+6.982e+03	+0.177
294.800	+6.662e+03	+2.181e+03	+7.049e+03	+0.247
295.000	+5.137e+03	+1.562e+03	+7.360e+03	+0.233
295.200	+6.224e+03	+9.226e+02	+7.469e+03	+0.129
295.400	+4.065e+03	+2.357e+03	+8.520e+03	+0.367
295.600	+5.995e+03	+1.632e+03	+5.398e+03	+0.214
295.800	+6.022e+03	+6.535e+02	+7.930e+03	+0.098
296.000	+5.374e+03	+1.696e+03	+7.069e+03	+0.240
296.200	+6.903e+03	+8.823e+02	+7.114e+03	+0.113
296.400	+4.742e+03	+1.054e+03	+5.564e+03	+0.182
296.600	+4.677e+03	+1.508e+03	+6.045e+03	+0.244
296.800	+6.205e+03	+1.702e+03	+7.474e+03	+0.215
297.000	+5.601e+03	+1.704e+03	+6.520e+03	+0.233
297.200	+5.900e+03	+8.081e+02	+6.744e+03	+0.120
297.400	+6.825e+03	+1.770e+03	+9.613e+03	+0.206
297.600	+5.873e+03	+1.411e+03	+6.000e+03	+0.194
297.800	+5.557e+03	+2.128e+03	+5.247e+03	+0.277
298.000	+6.212e+03	+3.184e+03	+7.381e+03	+0.339
298.200	+5.989e+03	+9.514e+02	+5.527e+03	+0.137
298.400	+6.463e+03	+7.915e+02	+7.676e+03	+0.109
298.600	+4.311e+03	+2.269e+03	+9.204e+03	+0.345
298.800	+5.950e+03	+2.977e+03	+5.542e+03	+0.333
299.000	+6.415e+03	+1.469e+03	+6.735e+03	+0.186
299.200	+5.975e+03	+9.733e+02	+7.505e+03	+0.140
299.400	+5.651e+03	+1.894e+03	+6.718e+03	+0.251
299.600	+5.369e+03	+1.031e+03	+5.888e+03	+0.161
299.800	+5.495e+03	+1.646e+03	+6.778e+03	+0.230
300.000	+4.356e+03	+1.725e+03	+9.780e+03	+0.284
300.200	+4.156e+03	+1.435e+03	+8.287e+03	+0.257
300.400	+4.257e+03	+6.042e+02	+6.705e+03	+0.124
300.600	+5.200e+03	+8.690e+02	+7.765e+03	+0.143
300.800	+5.396e+03	+1.215e+03	+9.648e+03	+0.184
301.000	+7.422e+03	+1.200e+03	+5.628e+03	+0.139
301.200	+3.630e+03	+2.037e+03	+8.284e+03	+0.359
301.400	+5.122e+03	+2.220e+03	+7.246e+03	+0.302
301.600	+5.251e+03	+1.167e+03	+6.806e+03	+0.182
301.800	+6.920e+03	+1.210e+03	+8.064e+03	+0.149
302.000	+6.287e+03	+9.500e+02	+5.132e+03	+0.131
302.200	+5.919e+03	+1.602e+03	+5.088e+03	+0.213
302.400	+6.124e+03	+6.238e+02	+8.327e+03	+0.092
302.600	+5.640e+03	+2.193e+03	+6.695e+03	+0.280
302.800	+6.196e+03	+1.586e+03	+7.163e+03	+0.204
303.000	+6.033e+03	+1.279e+03	+6.068e+03	+0.175
303.200	+7.357e+03	+1.751e+03	+6.601e+03	+0.192
303.400	+4.805e+03	+2.114e+03	+7.091e+03	+0.305
303.600	+5.246e+03	+1.621e+03	+9.104e+03	+0.236
303.800	+4.855e+03	+8.928e+02	+7.056e+03	+0.155
304.000	+5.368e+03	+2.068e+03	+8.184e+03	+0.278
304.200	+3.945e+03	+2.928e+03	+7.083e+03	+0.426
304.400	+6.397e+03	+3.712e+03	+7.468e+03	+0.367
304.600	+5.153e+03	+1.379e+03	+6.941e+03	+0.211
304.800	+5.189e+03	+1.017e+03	+8.066e+03	+0.164
305.000	+5.242e+03	+2.493e+03	+6.141e+03	+0.322
305.200	+5.393e+03	+1.828e+03	+9.694e+03	+0.253
305.400	+5.139e+03	+8.552e+02	+6.866e+03	+0.143
305.600	+5.373e+03	+1.326e+03	+6.139e+03	+0.198
305.800	+3.485e+03	+2.737e+03	+8.325e+03	+0.440
306.000	+5.987e+03	+1.862e+03	+7.788e+03	+0.237
306.200	+4.836e+03	+6.396e+02	+7.598e+03	+0.117
306.400	+6.563e+03	+1.787e+03	+5.790e+03	+0.214
306.600	+5.322e+03	+2.405e+03	+7.219e+03	+0.311
306.800	+4.596e+03	+2.058e+03	+6.767e+03	+0.309
307.000	+6.533e+03	+8.184e+02	+7.893e+03	+0.111
307.200	+6.061e+03	+3.642e+03	+7.273e+03	+0.375
307.400	+6.541e+03	+1.628e+03	+8.476e+03	+0.199
307.600	+4.246e+03	+1.620e+03	+7.685e+03	+0.276
307.800	+4.493e+03	+1.680e+03	+3.888e+03	+0.272
308.000	+6.632e+03	+2.066e+03	+9.918e+03	+0.238
308.200	+5.937e+03	+9.136e+02	+5.441e+03	+0.133
308.400	+3.652e+03	+3.108e+03	+7.982e+03	+0.460
308.600	+1.555e+03	+5.082e+03	+7.386e+03	+0.766
308.800	+1.821e+03	+5.045e+03	+6.531e+03	+0.735
309.000	+5.492e+03	+9.877e+02	+7.390e+03	+0.152
309.200	+6.235e+03	+2.476e+03	+9.957e+03	+0.284
309.400	+4.543e+03	+1.463e+03	+6.651e+03	+0.244
309.600	+4.892e+03	+1.102e+03	+5.869e+03	+0.184
309.800	+4.587e+03	+1.814e+03	+6.044e+03	+0.283
310.000	+4.931e+03	+2.740e+03	+8.287e+03	+0.357
310.200	+1.988e+03	+4.432e+03	+6.620e+03	+0.690
310.400	+1.773e+03	+5.176e+03	+5.153e+03	+0.745
310.600	+5.316e+02	+5.289e+03	+7.460e+03	+0.909
310.800	+2.353e+03	+5.642e+03	+8.208e+03	+0.706
311.000	+1.528e+03	+5.397e+03	+8.126e+03	+0.779
311.200	+3.732e+02	+4.840e+03	+7.017e+03	+0.928
311.400	+2.470e+03	+4.146e+03	+6.649e+03	+0.627
311.600	+2.695e+03	+5.570e+03	+8.882e+03	+0.674
311.800	+1.579e+03	+5.497e+03	+1.064e+04	+0.777
312.000	+1.819e+03	+5.034e+03	+6.603e+03	+0.735
312.200	+2.359e+03	+4.844e+03	+5.789e+03	+0.672
312.400	+3.065e+03	+5.183e+03	+6.730e+03	+0.628
312.600	+2.465e+03	+5.232e+03	+6.895e+03	+0.680
312.800	+2.064e+03	+5.347e+03	+6.901e+03	+0.721
313.000	+2.855e+03	+4.880e+03	+8.638e+03	+0.631
313.200	+1.379e+03	+3.845e+03	+7.526e+03	+0.736
313.400	+2.686e+03	+4.681e+03	+7.994e+03	+0.635
313.600	+2.109e+03	+3.357e+03	+6.162e+03	+0.614
313.800	+1.601e+03	+5.442e+03	+7.744e+03	+0.773
314.000	+1.743e+03	+5.072e+03	+5.872e+03	+0.744
314.200	+2.999e+03	+4.917e+03	+7.435e+03	+0.621
314.400	+2.377e+03	+5.234e+03	+6.827e+03	+0.688
314.600	+1.708e+03	+5.356e+03	+6.339e+03	+0.758
314.800	+2.935e+03	+5.140e+03	+5.267e+03	+0.637
315.000	+1.492e+03	+6.061e+03	+7.354e+03	+0.802
315.200	+1.738e+03	+3.805e+03	+6.301e+03	+0.686
315.400	+2.637e+03	+5.840e+03	+6.443e+03	+0.689
315.600	+1.606e+03	+5.519e+03	+8.130e+03	+0.775
315.800	+1.485e+03	+3.549e+03	+7.188e+03	+0.705
316.000	+2.222e+03	+5.780e+03	+7.270e+03	+0.722
316.200	+1.465e+03	+5.999e+03	+8.243e+03	+0.804
316.400	+4.394e+02	+5.540e+03	+7.672e+03	+0.927
316.600	+2.379e+03	+6.002e+03	+7.157e+03	+0.716
316.800	+1.331e+03	+4.922e+03	+8.472e+03	+0.787
317.000	+2.128e+03	+4.901e+03	+8.579e+03	+0.697
317.200	+1.623e+03	+4.849e+03	+4.865e+03	+0.749
317.400	+3.578e+03	+6.094e+03	+6.679e+03	+0.630
317.600	+1.145e+03	+4.043e+03	+7.574e+03	+0.779
317.800	+2.116e+03	+5.482e+03	+8.321e+03	+0.722
318.000	+1.312e+03	+5.115e+03	+8.142e+03	+0.796
318.200	+1.984e+03	+5.494e+03	+7.293e+03	+0.735
318.400	+2.442e+03	+5.368e+03	+6.962e+03	+0.687
318.600	+2.796e+03	+5.748e+03	+6.964e+03	+0.673
318.800	+1.389e+03	+4.969e+03	+6.938e+03	+0.782
319.000	+9.574e+02	+5.897e+03	+8.199e+03	+0.860
319.200	+1.160e+03	+5.372e+03	+6.795e+03	+0.822
319.400	+1.801e+03	+6.941e+03	+7.438e+03	+0.794
319.600	+2.249e+03	+5.896e+03	+8.086e+03	+0.724
319.800	+2.531e+03	+4.884e+03	+7.927e+03	+0.659
320.000	+2.631e+03	+5.492e+03	+5.442e+03	+0.676
320.200	+1.770e+03	+4.213e+03	+7.946e+03	+0.704
