%t (s)	Idd (a.u.)	Ida (a.u.)	Iaa (a.u.)	FRET E
0.000	+4.935e+03	+2.961e+03	+6.148e+03	+0.375
0.200	+4.619e+03	+1.313e+03	+5.471e+03	+0.221
0.400	+6.449e+03	+1.850e+03	+6.087e+03	+0.223
0.600	+5.540e+03	+2.810e+03	+4.981e+03	+0.337
0.800	+3.237e+03	+2.347e+03	+5.270e+03	+0.420
1.000	+1.785e+03	+2.412e+03	+2.495e+03	+0.575
1.200	+4.538e+03	+1.874e+03	+4.996e+03	+0.292
1.400	+1.078e+03	+4.034e+03	+4.951e+03	+0.789
1.600	+1.937e+03	+3.948e+03	+6.066e+03	+0.671
1.800	+2.077e+03	+4.157e+03	+5.562e+03	+0.667
2.000	+7.502e+02	+5.417e+03	+3.873e+03	+0.878
2.200	+2.179e+03	+2.457e+03	+4.670e+03	+0.530
2.400	+1.443e+03	+4.916e+03	+4.517e+03	+0.773
2.600	+1.685e+03	+3.609e+03	+5.497e+03	+0.682
2.800	+1.831e+03	+3.572e+03	+5.949e+03	+0.661
3.000	+2.862e+03	+3.636e+03	+5.362e+03	+0.560
3.200	+1.190e+03	+3.005e+03	+4.751e+03	+0.716
3.400	+8.415e+02	+3.833e+03	+5.348e+03	+0.820
3.600	+1.574e+03	+2.511e+03	+3.147e+03	+0.615
3.800	+4.920e+03	+1.787e+03	+5.745e+03	+0.266
4.000	+5.215e+03	+7.326e+02	+4.978e+03	+0.123
4.200	+5.311e+03	+1.548e+03	+3.808e+03	+0.226
4.400	+5.909e+03	+1.028e+03	+4.147e+03	+0.148
4.600	+4.512e+03	+4.585e+02	+5.660e+03	+0.092
4.800	+4.756e+03	+1.133e+03	+6.782e+03	+0.192
5.000	+3.675e+03	+9.275e+02	+3.574e+03	+0.201
5.200	+5.814e+03	+1.759e+02	+5.274e+03	+0.029
5.400	+3.945e+03	+9.299e+02	+6.382e+03	+0.191
5.600	+4.561e+03	+1.303e+03	+5.140e+03	+0.222
5.800	+1.730e+03	+3.426e+03	+4.993e+03	+0.664
6.000	+1.816e+03	+3.695e+03	+5.451e+03	+0.670
6.200	+3.601e+03	+3.947e+03	+3.928e+03	+0.523
6.400	+5.923e+03	+8.076e+02	+6.094e+03	+0.120
6.600	+3.627e+03	+4.629e+01	+5.567e+03	+0.013
6.800	+4.171e+03	+7.876e+02	+6.825e+03	+0.159
7.000	+6.107e+03	+1.205e+03	+7.362e+03	+0.165
7.200	+6.556e+03	+8.042e+02	+4.957e+03	+0.109
7.400	+3.685e+03	-2.682e+01	+7.559e+03	-0.007
7.600	+4.025e+03	+3.931e+02	+5.631e+03	+0.089
7.800	+5.204e+03	+4.806e+02	+5.852e+03	+0.085
8.000	+6.435e+03	+1.015e+03	+6.240e+03	+0.136
8.200	+5.539e+03	+6.006e+02	+5.154e+03	+0.098
8.400	+5.077e+03	+1.020e+03	+6.495e+03	+0.167
8.600	+4.704e+03	+1.573e+03	+5.849e+03	+0.251
8.800	+5.746e+03	+1.535e+03	+5.524e+03	+0.211
9.000	+6.787e+03	+4.494e+02	+5.397e+03	+0.062
9.200	+4.686e+03	+5.274e+02	+5.946e+03	+0.101
9.400	+5.227e+03	+1.234e+03	+5.081e+03	+0.191
9.600	+5.138e+03	+1.058e+03	+4.685e+03	+0.171
9.800	+5.504e+03	+1.665e+03	+3.702e+03	+0.232
10.000	+5.863e+03	+1.292e+03	+3.739e+03	+0.181
10.200	+6.691e+03	+1.613e+03	+5.104e+03	+0.194
10.400	+3.731e+03	+1.144e+03	+5.434e+03	+0.235
10.600	+6.145e+03	+1.399e+03	+4.809e+03	+0.185
10.800	+5.972e+03	+6.787e+02	+5.871e+03	+0.102
11.000	+3.950e+03	+1.499e+03	+8.047e+03	+0.275
11.200	+5.252e+03	+1.396e+03	+3.029e+03	+0.210
11.400	+5.832e+03	+1.367e+03	+4.472e+03	+0.190
11.600	+6.824e+03	+1.383e+03	+5.496e+03	+0.169
11.800	+4.467e+03	+6.872e+02	+5.741e+03	+0.133
12.000	+6.058e+03	+7.213e+02	+7.537e+03	+0.106
12.200	+4.751e+03	+6.720e+02	+5.011e+03	+0.124
12.400	+4.336e+03	+2.005e+02	+2.494e+03	+0.044
12.600	+5.571e+03	-3.579e+02	+6.235e+03	-0.069
12.800	+6.227e+03	+3.684e+02	+6.066e+03	+0.056
13.000	+4.123e+03	+1.192e+03	+4.684e+03	+0.224
13.200	+6.822e+03	+7.868e+02	+5.496e+03	+0.103
13.400	+6.006e+03	+1.070e+03	+5.049e+03	+0.151
13.600	+5.262e+03	+5.716e+02	+4.929e+03	+0.098
13.800	+4.407e+03	+9.604e+02	+4.839e+03	+0.179
14.000	+5.462e+03	+1.960e+03	+4.963e+03	+0.264
14.200	+4.944e+03	+2.356e+03	+6.922e+03	+0.323
14.400	+4.903e+03	+4.331e+02	+7.213e+03	+0.081
14.600	+7.266e+03	+4.382e+02	+5.859e+03	+0.057
14.800	+2.237e+03	+1.711e+03	+3.626e+03	+0.433
15.000	+5.083e+03	+1.938e+03	+4.678e+03	+0.276
15.200	+4.577e+03	+1.663e+03	+7.227e+03	+0.267
15.400	+4.752e+03	+6.117e+02	+5.389e+03	+0.114
15.600	+3.971e+03	+6.357e+02	+5.323e+03	+0.138
15.800	+3.319e+03	+6.740e+02	+6.950e+03	+0.169
16.000	+5.608e+03	+1.879e+02	+6.510e+03	+0.032
16.200	+5.508e+03	+1.115e+03	+2.897e+03	+0.168
16.400	+5.582e+03	+6.937e+02	+4.910e+03	+0.111
16.600	+6.416e+03	+8.159e+02	+5.200e+03	+0.113
16.800	+5.874e+03	+1.319e+03	+5.992e+03	+0.183
17.000	+5.057e+03	+1.227e+03	+6.286e+03	+0.195
17.200	+5.618e+03	+1.741e+03	+6.780e+03	+0.237
17.400	+5.028e+03	+7.298e+02	+5.954e+03	+0.127
17.600	+5.874e+03	+1.113e+03	+6.126e+03	+0.159
17.800	+5.185e+03	+2.840e+02	+4.129e+03	+0.052
18.000	+5.795e+03	+1.393e+03	+4.385e+03	+0.194
18.200	+4.978e+03	+1.791e+03	+5.254e+03	+0.265
18.400	+3.726e+03	+1.221e+03	+4.406e+03	+0.247
18.600	+5.527e+03	+5.252e+02	+5.984e+03	+0.087
18.800	+5.207e+03	+7.580e+02	+5.097e+03	+0.127
19.000	+4.255e+03	+2.328e+02	+5.251e+03	+0.052
19.200	+5.117e+03	+8.566e+02	+3.630e+03	+0.143
19.400	+4.695e+03	+8.151e+02	+4.510e+03	+0.148
19.600	+4.349e+03	+1.686e+03	+5.981e+03	+0.279
19.800	+4.075e+03	+1.789e+03	+5.474e+03	+0.305
20.000	+5.215e+03	+6.841e+02	+5.016e+03	+0.116
20.200	+5.037e+03	+6.191e+02	+6.110e+03	+0.109
20.400	+6.552e+03	+1.048e+03	+4.979e+03	+0.138
20.600	+4.123e+03	+6.982e+02	+4.589e+03	+0.145
20.800	+4.816e+03	+9.940e+02	+4.434e+03	+0.171
21.000	+4.669e+03	+8.134e+02	+5.374e+03	+0.148
21.200	+6.521e+03	-3.092e+02	+6.212e+03	-0.050
21.400	+6.159e+03	+4.339e+02	+4.960e+03	+0.066
21.600	+3.642e+03	+1.328e+03	+4.926e+03	+0.267
21.800	+5.525e+03	+4.812e+02	+4.374e+03	+0.080
22.000	+5.521e+03	-6.857e+02	+5.845e+03	-0.142
22.200	+5.151e+03	+1.587e+03	+7.274e+03	+0.236
22.400	+5.802e+03	+1.922e+03	+5.052e+03	+0.249
22.600	+5.921e+03	+1.030e+03	+4.971e+03	+0.148
22.800	+7.712e+03	+1.681e+03	+5.068e+03	+0.179
23.000	+4.225e+03	+8.288e+02	+3.670e+03	+0.164
23.200	+3.794e+03	+8.030e+02	+5.343e+03	+0.175
23.400	+5.539e+03	+1.230e+03	+4.128e+03	+0.182
23.600	+4.079e+03	+9.889e+02	+3.834e+03	+0.195
23.800	+3.848e+03	+1.195e+03	+6.203e+03	+0.237
24.000	+4.866e+03	-3.469e+02	+5.771e+03	-0.077
24.200	+4.505e+03	+7.635e+02	+5.366e+03	+0.145
24.400	+5.591e+03	+4.283e+02	+5.819e+03	+0.071
24.600	+3.236e+03	+4.216e+02	+5.618e+03	+0.115
24.800	+3.970e+03	+2.110e+02	+4.643e+03	+0.050
25.000	+4.808e+03	+1.296e+03	+8.334e+03	+0.212
25.200	+5.441e+03	+1.386e+03	+2.551e+03	+0.203
25.400	+2.864e+03	+1.467e+03	+5.373e+03	+0.339
25.600	+6.067e+03	+2.749e+02	+6.427e+03	+0.043
25.800	+6.279e+03	+1.783e+03	+6.428e+03	+0.221
26.000	+5.619e+03	+7.654e+02	+5.158e+03	+0.120
26.200	+5.207e+03	+8.427e+02	+4.185e+03	+0.139
26.400	+5.618e+03	+1.368e+03	+4.466e+03	+0.196
26.600	+3.680e+03	+1.343e+03	+4.930e+03	+0.267
26.800	+5.861e+03	+8.244e+02	+4.833e+03	+0.123
27.000	+4.856e+03	+2.417e+03	+5.509e+03	+0.332
27.200	+3.676e+03	+1.021e+03	+4.669e+03	+0.217
27.400	+5.808e+03	+1.573e+03	+5.959e+03	+0.213
27.600	+4.576e+03	+1.523e+03	+5.664e+03	+0.250
27.800	+3.549e+03	+3.988e+02	+3.045e+03	+0.101
28.000	+4.810e+03	+1.144e+03	+6.290e+03	+0.192
28.200	+6.563e+03	+2.004e+03	+2.684e+03	+0.234
28.400	+4.082e+03	+1.594e+03	+6.158e+03	+0.281
28.600	+6.187e+03	+1.405e+03	+5.888e+03	+0.185
28.800	+4.255e+03	+5.671e+02	+4.775e+03	+0.118
29.000	+5.670e+03	+1.598e+03	+4.342e+03	+0.220
29.200	+7.694e+03	+1.298e+03	+4.791e+03	+0.144
29.400	+6.425e+03	+1.970e+03	+4.401e+03	+0.235
29.600	+3.981e+03	+7.896e+01	+6.540e+03	+0.019
29.800	+5.689e+03	+1.684e+03	+5.939e+03	+0.228
30.000	+5.011e+03	+4.873e+02	+6.892e+03	+0.089
30.200	+5.294e+03	+5.622e+02	+4.179e+03	+0.096
30.400	+5.904e+03	+1.762e+03	+6.102e+03	+0.230
30.600	+4.078e+03	+2.050e+03	+3.334e+03	+0.334
30.800	+5.698e+03	+7.985e+01	+3.965e+03	+0.014
31.000	+5.749e+03	+1.109e+03	+6.585e+03	+0.162
31.200	+4.841e+03	+4.579e+02	+4.459e+03	+0.086
31.400	+5.196e+03	+3.881e+01	+5.785e+03	+0.007
31.600	+5.095e+03	+1.550e+03	+6.439e+03	+0.233
31.800	+6.733e+03	+9.047e+02	+5.700e+03	+0.118
32.000	+5.459e+03	+2.638e+01	+4.328e+03	+0.005
32.200	+6.357e+03	+7.659e+02	+5.010e+03	+0.108
32.400	+4.978e+03	+9.843e+01	+5.389e+03	+0.019
32.600	+5.147e+03	-2.576e+01	+4.205e+03	-0.005
32.800	+4.417e+03	+8.727e+02	+5.658e+03	+0.165
33.000	+5.681e+03	+6.397e+02	+3.998e+03	+0.101
33.200	+6.196e+03	+2.378e+03	+5.389e+03	+0.277
33.400	+5.047e+03	+1.618e+03	+5.463e+03	+0.243
33.600	+4.084e+03	+8.071e+02	+6.307e+03	+0.165
33.800	+5.914e+03	+1.238e+03	+5.273e+03	+0.173
34.000	+3.845e+03	+1.460e+03	+5.771e+03	+0.275
34.200	+5.307e+03	+1.006e+03	+4.096e+03	+0.159
34.400	+4.140e+03	+1.293e+03	+3.166e+03	+0.238
34.600	+5.743e+03	+8.716e+02	+6.437e+03	+0.132
34.800	+4.163e+03	+3.398e+02	+5.430e+03	+0.075
35.000	+6.725e+03	+1.762e+03	+3.797e+03	+0.208
35.200	+5.378e+03	+9.345e+02	+5.218e+03	+0.148
35.400	+7.464e+03	+1.597e+03	+2.845e+03	+0.176
35.600	+6.401e+03	+1.188e+03	+5.098e+03	+0.157
35.800	+6.071e+03	+9.643e+02	+4.764e+03	+0.137
36.000	+5.090e+03	+4.629e+02	+6.426e+03	+0.083
36.200	+4.466e+03	+5.913e+02	+5.477e+03	+0.117
36.400	+4.306e+03	+1.986e+03	+4.524e+03	+0.316
36.600	+5.722e+03	+1.352e+03	+5.325e+03	+0.191
36.800	+6.548e+03	+1.482e+03	+5.737e+03	+0.185
37.000	+5.060e+03	+1.015e+03	+4.901e+03	+0.167
37.200	+3.997e+03	+1.210e+03	+5.511e+03	+0.232
37.400	+4.072e+03	+6.047e+02	+4.935e+03	+0.129
37.600	+6.385e+03	+5.088e+02	+5.828e+03	+0.074
37.800	+4.430e+03	+2.345e+03	+6.657e+03	+0.346
38.000	+5.046e+03	+1.560e+03	+5.478e+03	+0.236
38.200	+5.109e+03	+1.364e+03	+6.616e+03	+0.211
38.400	+5.600e+03	+6.663e+02	+6.491e+03	+0.106
38.600	+5.240e+03	+9.239e+02	+4.014e+03	+0.150
38.800	+4.451e+03	+1.591e+03	+5.489e+03	+0.263
39.000	+6.272e+03	+1.315e+02	+5.579e+03	+0.021
39.200	+4.396e+03	+1.257e+03	+3.710e+03	+0.222
39.400	+5.553e+03	+1.335e+03	+3.832e+03	+0.194
39.600	+6.603e+03	+1.410e+03	+5.529e+03	+0.176
39.800	+6.754e+03	+1.679e+03	+4.815e+03	+0.199
40.000	+4.621e+03	+1.579e+03	+4.445e+03	+0.255
40.200	+3.549e+03	+7.765e+02	+6.192e+03	+0.180
40.400	+3.992e+03	+3.539e+02	+4.239e+03	+0.081
40.600	+4.168e+03	+5.256e+02	+8.059e+03	+0.112
40.800	+4.955e+03	+1.113e+03	+4.330e+03	+0.183
41.000	+3.943e+03	+6.645e+02	+5.770e+03	+0.144
41.200	+6.275e+03	+1.408e+03	+5.271e+03	+0.183
41.400	+6.441e+03	+1.273e+03	+3.418e+03	+0.165
41.600	+5.324e+03	+9.957e+02	+5.408e+03	+0.158
41.800	+4.260e+03	+1.475e+03	+8.072e+03	+0.257
42.000	+5.119e+03	+1.907e+03	+6.981e+03	+0.271
42.200	+5.160e+03	+2.025e+02	+4.610e+03	+0.038
42.400	+5.814e+03	+7.351e+02	+5.817e+03	+0.112
42.600	+3.517e+03	+1.324e+03	+7.121e+03	+0.273
42.800	+5.433e+03	+1.314e+03	+6.197e+03	+0.195
43.000	+6.019e+03	+1.671e+03	+6.098e+03	+0.217
43.200	+4.817e+03	+1.794e+02	+5.198e+03	+0.036
43.400	+6.000e+03	+1.779e+03	+6.592e+03	+0.229
43.600	+3.663e+03	+1.322e+03	+4.699e+03	+0.265
43.800	+4.370e+03	+1.324e+03	+5.297e+03	+0.232
44.000	+7.891e+03	+1.361e+03	+3.733e+03	+0.147
44.200	+5.033e+03	+1.702e+03	+5.406e+03	+0.253
44.400	+5.031e+03	+1.580e+03	+3.633e+03	+0.239
