%t (s)	Idd (a.u.)	Ida (a.u.)	Iaa (a.u.)	FRET E
0.000	+1.030e+03	+3.305e+03	+5.459e+03	+0.762
0.200	+2.289e+03	+3.593e+03	+5.919e+03	+0.611
0.400	+2.141e+03	+4.277e+03	+6.561e+03	+0.666
0.600	+5.459e+02	+4.513e+03	+2.696e+03	+0.892
0.800	+7.685e+02	+4.892e+03	+5.720e+03	+0.864
1.000	+8.557e+02	+4.883e+03	+5.746e+03	+0.851
1.200	+2.790e+03	+4.066e+03	+5.365e+03	+0.593
1.400	+3.881e+02	+2.414e+03	+3.928e+03	+0.861
1.600	+1.802e+03	+4.609e+03	+3.859e+03	+0.719
1.800	+1.896e+03	+3.814e+03	+3.620e+03	+0.668
2.000	+2.856e+03	+2.229e+03	+5.978e+03	+0.438
2.200	+2.499e+03	+5.131e+03	+3.298e+03	+0.672
2.400	+4.211e+02	+4.232e+03	+7.262e+03	+0.910
2.600	+9.349e+02	+5.493e+03	+5.618e+03	+0.855
2.800	+1.476e+03	+3.674e+03	+5.204e+03	+0.713
3.000	+1.717e+03	+4.750e+03	+7.479e+03	+0.734
3.200	+1.723e+03	+2.728e+03	+5.332e+03	+0.613
3.400	+6.574e+02	+2.680e+03	+5.585e+03	+0.803
3.600	+1.522e+03	+3.952e+03	+6.594e+03	+0.722
3.800	+1.997e+03	+4.360e+03	+5.365e+03	+0.686
4.000	+1.093e+03	+3.996e+03	+6.374e+03	+0.785
4.200	+1.058e+03	+2.579e+03	+4.724e+03	+0.709
4.400	+1.123e+03	+3.387e+03	+3.322e+03	+0.751
4.600	+1.308e+03	+2.373e+03	+5.865e+03	+0.645
4.800	+1.675e+03	+2.765e+03	+5.301e+03	+0.623
5.000	+2.376e+03	+2.616e+03	+3.838e+03	+0.524
5.200	+1.319e+03	+5.067e+03	+6.043e+03	+0.794
5.400	+1.047e+03	+6.084e+03	+5.508e+03	+0.853
5.600	+9.171e+02	+3.962e+03	+5.298e+03	+0.812
5.800	+1.800e+03	+4.540e+03	+5.393e+03	+0.716
6.000	+1.875e+03	+2.780e+03	+4.605e+03	+0.597
6.200	+1.357e+03	+3.855e+03	+5.152e+03	+0.740
6.400	+1.515e+03	+3.084e+03	+5.153e+03	+0.671
6.600	+1.550e+03	+3.182e+03	+5.046e+03	+0.672
6.800	+2.458e+03	+5.085e+03	+6.365e+03	+0.674
7.000	+1.332e+03	+3.750e+03	+7.218e+03	+0.738
7.200	+2.926e+03	+3.512e+03	+4.678e+03	+0.546
7.400	+8.512e+02	+4.081e+03	+4.498e+03	+0.827
7.600	+1.620e+03	+4.081e+03	+3.960e+03	+0.716
7.800	+2.258e+03	+3.852e+03	+7.593e+03	+0.630
8.000	+2.317e+03	+4.518e+03	+5.489e+03	+0.661
8.200	+2.756e+03	+3.156e+03	+5.815e+03	+0.534
8.400	+1.706e+03	+3.511e+03	+4.996e+03	+0.673
8.600	+1.679e+03	+3.314e+03	+5.881e+03	+0.664
8.800	+1.361e+03	+4.975e+03	+5.856e+03	+0.785
9.000	+2.066e+03	+5.007e+03	+5.342e+03	+0.708
9.200	+9.230e+02	+4.099e+03	+7.404e+03	+0.816
9.400	+7.609e+02	+3.957e+03	+3.936e+03	+0.839
9.600	+7.970e+02	+4.809e+03	+5.255e+03	+0.858
9.800	+2.215e+03	+2.415e+03	+7.239e+03	+0.522
10.000	+1.488e+03	+3.579e+03	+6.753e+03	+0.706
10.200	+1.694e+03	+3.197e+03	+5.449e+03	+0.654
10.400	+1.596e+03	+5.350e+03	+4.386e+03	+0.770
10.600	+1.633e+03	+5.167e+03	+4.193e+03	+0.760
10.800	+1.322e+03	+4.664e+03	+7.710e+03	+0.779
11.000	+1.662e+03	+2.800e+03	+3.594e+03	+0.627
11.200	+5.236e+02	+2.678e+03	+3.630e+03	+0.836
11.400	+1.714e+03	+3.530e+03	+4.635e+03	+0.673
11.600	+1.147e+03	+4.749e+03	+5.737e+03	+0.805
11.800	+2.008e+03	+3.715e+03	+4.704e+03	+0.649
12.000	+2.472e+03	+3.581e+03	+5.922e+03	+0.592
12.200	+2.223e+03	+3.026e+03	+4.590e+03	+0.577
12.400	+1.669e+03	+3.375e+03	+6.176e+03	+0.669
12.600	+1.124e+03	+5.242e+03	+5.745e+03	+0.823
12.800	+1.783e+03	+3.596e+03	+4.566e+03	+0.669
13.000	+8.205e+02	+3.132e+03	+4.067e+03	+0.792
13.200	+1.795e+03	+4.009e+03	+6.645e+03	+0.691
13.400	+1.479e+03	+2.806e+03	+5.853e+03	+0.655
13.600	+1.492e+03	+2.670e+03	+5.264e+03	+0.642
13.800	+1.777e+03	+2.323e+03	+5.185e+03	+0.567
14.000	+9.153e+02	+2.778e+03	+6.926e+03	+0.752
14.200	+2.342e+03	+3.137e+03	+3.166e+03	+0.573
14.400	+5.861e+02	+3.142e+03	+4.248e+03	+0.843
14.600	+1.139e+03	+4.344e+03	+5.641e+03	+0.792
14.800	+1.760e+03	+4.354e+03	+5.075e+03	+0.712
15.000	+2.180e+03	+3.810e+03	+8.090e+03	+0.636
15.200	+1.645e+03	+4.415e+03	+5.356e+03	+0.728
15.400	+1.853e+03	+1.769e+03	+5.384e+03	+0.488
15.600	+2.213e+03	+3.542e+03	+7.273e+03	+0.616
15.800	+2.846e+03	+4.370e+03	+4.051e+03	+0.606
16.000	+7.520e+02	+4.376e+03	+4.091e+03	+0.853
16.200	+1.991e+03	+4.373e+03	+7.563e+03	+0.687
16.400	+1.927e+03	+4.103e+03	+8.023e+03	+0.680
16.600	+1.985e+03	+5.572e+03	+7.568e+03	+0.737
16.800	+2.347e+03	+3.756e+03	+5.914e+03	+0.615
17.000	+1.124e+03	+2.512e+03	+5.925e+03	+0.691
17.200	+2.184e+03	+4.399e+03	+4.769e+03	+0.668
17.400	+1.041e+03	+4.158e+03	+3.910e+03	+0.800
17.600	+2.135e+03	+5.385e+03	+3.854e+03	+0.716
17.800	+1.996e+03	+3.478e+03	+6.483e+03	+0.635
18.000	+1.630e+03	+4.607e+03	+5.755e+03	+0.739
18.200	+1.807e+03	+3.332e+03	+5.158e+03	+0.648
18.400	+2.079e+03	+4.303e+03	+4.488e+03	+0.674
18.600	+1.532e+03	+4.523e+03	+6.337e+03	+0.747
18.800	+3.161e+03	+4.272e+03	+5.774e+03	+0.575
19.000	+1.448e+03	+1.694e+03	+7.652e+03	+0.539
19.200	+1.226e+03	+4.178e+03	+5.482e+03	+0.773
19.400	+2.215e+03	+4.644e+03	+6.689e+03	+0.677
19.600	+2.843e+03	+4.293e+03	+5.605e+03	+0.602
19.800	+2.175e+03	+2.680e+03	+6.061e+03	+0.552
20.000	+1.560e+03	+4.245e+03	+5.767e+03	+0.731
20.200	+1.187e+03	+4.302e+03	+6.332e+03	+0.784
20.400	+2.238e+03	+5.579e+03	+5.274e+03	+0.714
20.600	+1.772e+03	+3.243e+03	+6.806e+03	+0.647
20.800	+1.721e+03	+5.615e+03	+4.864e+03	+0.765
21.000	+1.034e+03	+3.889e+03	+5.318e+03	+0.790
21.200	+1.803e+03	+4.826e+03	+5.434e+03	+0.728
21.400	+1.401e+03	+3.000e+03	+5.005e+03	+0.682
21.600	+7.350e+02	+4.729e+03	+4.461e+03	+0.865
21.800	+1.245e+03	+4.101e+03	+6.031e+03	+0.767
22.000	+1.561e+03	+4.302e+03	+5.242e+03	+0.734
22.200	+2.139e+03	+3.570e+03	+5.376e+03	+0.625
22.400	+2.015e+03	+4.287e+03	+8.266e+03	+0.680
22.600	+1.401e+03	+3.766e+03	+3.996e+03	+0.729
22.800	+3.190e+03	+5.555e+03	+5.968e+03	+0.635
23.000	+1.346e+03	+5.434e+03	+3.520e+03	+0.801
23.200	+8.577e+02	+2.165e+03	+5.932e+03	+0.716
23.400	+8.999e+02	+5.414e+03	+3.858e+03	+0.857
23.600	+1.629e+03	+4.220e+03	+6.446e+03	+0.721
23.800	+2.506e+03	+4.150e+03	+4.243e+03	+0.623
24.000	+1.664e+03	+4.677e+03	+6.065e+03	+0.738
24.200	+1.700e+03	+4.961e+03	+6.279e+03	+0.745
24.400	+1.632e+03	+3.072e+03	+6.498e+03	+0.653
24.600	+8.384e+02	+5.416e+03	+5.198e+03	+0.866
24.800	+1.713e+03	+4.422e+03	+4.190e+03	+0.721
25.000	+2.407e+03	+3.445e+03	+4.762e+03	+0.589
25.200	+1.510e+03	+1.833e+03	+3.351e+03	+0.548
25.400	+1.240e+03	+3.418e+03	+7.153e+03	+0.734
25.600	+2.242e+03	+3.292e+03	+5.743e+03	+0.595
25.800	+1.408e+03	+3.545e+03	+3.057e+03	+0.716
26.000	+2.008e+03	+3.880e+03	+5.496e+03	+0.659
26.200	+1.574e+03	+1.843e+03	+4.587e+03	+0.539
26.400	+1.127e+03	+2.436e+03	+6.813e+03	+0.684
26.600	+9.256e+02	+4.921e+03	+4.989e+03	+0.842
26.800	+1.870e+03	+3.932e+03	+6.432e+03	+0.678
27.000	+1.258e+03	+3.207e+03	+5.269e+03	+0.718
27.200	+1.442e+03	+2.935e+03	+5.217e+03	+0.671
27.400	+1.603e+03	+4.949e+03	+6.397e+03	+0.755
27.600	+1.808e+03	+3.641e+03	+4.140e+03	+0.668
27.800	+1.334e+03	+1.667e+03	+4.723e+03	+0.555
28.000	+2.798e+03	+4.548e+03	+5.409e+03	+0.619
28.200	+1.741e+03	+2.371e+03	+4.541e+03	+0.577
28.400	+2.178e+03	+3.558e+03	+4.192e+03	+0.620
28.600	+2.241e+03	+4.088e+03	+5.958e+03	+0.646
28.800	+1.467e+03	+5.228e+03	+5.935e+03	+0.781
29.000	+1.355e+03	+4.621e+03	+3.129e+03	+0.773
29.200	+1.616e+03	+3.622e+03	+5.797e+03	+0.691
29.400	+1.117e+03	+4.268e+03	+5.833e+03	+0.793
29.600	+1.050e+03	+3.378e+03	+7.093e+03	+0.763
29.800	+1.394e+03	+3.997e+03	+4.679e+03	+0.741
30.000	+2.301e+03	+4.256e+03	+6.904e+03	+0.649
30.200	+7.436e+02	+5.241e+03	+4.276e+03	+0.876
30.400	+9.632e+02	+5.445e+03	+7.129e+03	+0.850
30.600	+2.690e+03	+5.128e+03	+5.736e+03	+0.656
30.800	+1.576e+03	+5.256e+03	+3.933e+03	+0.769
31.000	+1.113e+03	+3.326e+03	+2.302e+03	+0.749
31.200	+1.916e+03	+4.327e+03	+7.415e+03	+0.693
31.400	+1.195e+03	+3.859e+03	+6.383e+03	+0.764
31.600	+1.197e+03	+4.217e+03	+6.280e+03	+0.779
31.800	+1.403e+03	+4.626e+03	+4.825e+03	+0.767
32.000	+2.317e+03	+3.088e+03	+6.331e+03	+0.571
32.200	+9.180e+02	+2.638e+03	+8.571e+03	+0.742
32.400	+1.682e+03	+4.334e+03	+3.379e+03	+0.720
32.600	+1.639e+03	+6.595e+03	+4.542e+03	+0.801
32.800	+2.859e+03	+4.679e+03	+4.670e+03	+0.621
33.000	+8.478e+02	+4.305e+03	+4.511e+03	+0.835
33.200	+2.747e+03	+4.170e+03	+2.981e+03	+0.603
33.400	+2.057e+03	+4.014e+03	+4.738e+03	+0.661
33.600	+2.031e+03	+2.697e+03	+6.701e+03	+0.570
33.800	+1.984e+03	+3.663e+03	+5.953e+03	+0.649
34.000	+1.971e+03	+3.354e+03	+3.950e+03	+0.630
34.200	+1.970e+03	+4.084e+03	+7.985e+03	+0.675
34.400	+2.510e+03	+4.554e+03	+4.029e+03	+0.645
34.600	+1.751e+03	+3.452e+03	+5.998e+03	+0.663
34.800	+7.254e+02	+4.425e+03	+4.990e+03	+0.859
35.000	+2.202e+03	+4.601e+03	+6.710e+03	+0.676
35.200	+1.146e+03	+3.367e+03	+7.171e+03	+0.746
35.400	+2.791e+02	+4.329e+03	+5.893e+03	+0.939
35.600	+1.075e+03	+4.314e+03	+4.079e+03	+0.801
35.800	+1.475e+03	+3.555e+03	+5.998e+03	+0.707
36.000	+1.899e+03	+4.322e+03	+4.825e+03	+0.695
36.200	+1.598e+03	+3.172e+03	+7.098e+03	+0.665
36.400	+2.304e+03	+3.374e+03	+4.725e+03	+0.594
36.600	+1.176e+03	+4.019e+03	+6.091e+03	+0.774
36.800	+2.295e+03	+4.340e+03	+6.232e+03	+0.654
37.000	+1.336e+03	+3.391e+03	+4.251e+03	+0.717
37.200	+1.917e+03	+4.120e+03	+6.316e+03	+0.682
37.400	+2.413e+03	+3.468e+03	+5.984e+03	+0.590
37.600	+1.220e+03	+4.148e+03	+5.671e+03	+0.773
37.800	+1.240e+03	+4.794e+03	+5.088e+03	+0.794
38.000	+2.816e+03	+3.278e+03	+5.653e+03	+0.538
38.200	+2.247e+03	+6.290e+03	+5.446e+03	+0.737
