%t (s)	Idd (a.u.)	Ida (a.u.)	Iaa (a.u.)	FRET E
0.000	+4.423e+03	+1.217e+03	+5.460e+03	+0.216
0.200	+4.955e+03	+1.518e+03	+6.554e+03	+0.234
0.400	+4.980e+03	+1.534e+03	+6.589e+03	+0.236
0.600	+5.703e+03	+1.222e+03	+5.699e+03	+0.176
0.800	+4.754e+03	+9.613e+01	+6.820e+03	+0.020
1.000	+4.372e+03	+1.132e+03	+6.364e+03	+0.206
1.200	+4.915e+03	+1.240e+03	+4.904e+03	+0.201
1.400	+4.966e+03	-1.751e+01	+4.962e+03	-0.004
1.600	+4.005e+03	+2.539e+03	+7.445e+03	+0.388
1.800	+1.390e+03	+3.109e+03	+7.140e+03	+0.691
2.000	+1.383e+03	+4.709e+03	+8.198e+03	+0.773
2.200	+8.205e+02	+4.147e+03	+6.944e+03	+0.835
2.400	+2.015e+03	+4.709e+03	+7.928e+03	+0.700
2.600	+2.534e+03	+6.304e+03	+6.727e+03	+0.713
2.800	+2.591e+03	+3.909e+03	+6.979e+03	+0.601
3.000	+4.892e+03	+1.411e+03	+6.691e+03	+0.224
3.200	+4.994e+03	+4.845e+02	+6.299e+03	+0.088
3.400	+2.764e+03	+2.454e+03	+7.028e+03	+0.470
3.600	+4.739e+03	+1.039e+03	+5.379e+03	+0.180
3.800	+4.043e+03	+7.430e+02	+5.661e+03	+0.155
4.000	+4.495e+03	+1.021e+03	+6.439e+03	+0.185
4.200	+4.884e+03	+1.965e+02	+8.457e+03	+0.039
4.400	+5.115e+03	+1.391e+03	+6.857e+03	+0.214
4.600	+5.386e+03	+1.506e+03	+4.088e+03	+0.219
4.800	+5.773e+03	+7.172e+02	+6.881e+03	+0.111
5.000	+5.453e+03	+7.448e+02	+6.494e+03	+0.120
5.200	+6.574e+03	+1.488e+03	+7.523e+03	+0.185
5.400	+6.821e+03	-1.180e+03	+5.606e+03	-0.209
5.600	+3.768e+03	+1.248e+03	+6.660e+03	+0.249
5.800	+5.283e+03	+2.611e+03	+7.368e+03	+0.331
6.000	+1.309e+03	+4.616e+03	+6.960e+03	+0.779
6.200	+6.914e+02	+5.113e+03	+4.805e+03	+0.881
6.400	+2.096e+03	+4.392e+03	+5.133e+03	+0.677
6.600	+2.156e+03	+5.255e+03	+6.506e+03	+0.709
6.800	+1.286e+03	+4.295e+03	+5.404e+03	+0.770
7.000	+1.761e+03	+4.109e+03	+6.127e+03	+0.700
7.200	+1.039e+03	+5.574e+03	+5.586e+03	+0.843
7.400	+3.274e+03	+4.452e+03	+5.824e+03	+0.576
7.600	+7.571e+02	+4.837e+03	+7.126e+03	+0.865
7.800	+1.722e+03	+4.305e+03	+7.214e+03	+0.714
8.000	+3.905e+03	+6.149e+02	+6.118e+03	+0.136
8.200	+3.551e+03	+1.796e+03	+5.996e+03	+0.336
8.400	+5.033e+03	+1.262e+03	+7.781e+03	+0.200
8.600	+2.803e+03	+3.073e+03	+7.275e+03	+0.523
8.800	+1.387e+03	+4.343e+03	+5.175e+03	+0.758
9.000	+1.773e+03	+5.967e+03	+5.598e+03	+0.771
9.200	+1.184e+03	+4.331e+03	+7.885e+03	+0.785
9.400	+2.749e+03	+3.953e+03	+5.256e+03	+0.590
9.600	+1.958e+03	+4.020e+03	+7.457e+03	+0.672
9.800	+2.570e+03	+6.092e+03	+5.285e+03	+0.703
10.000	+1.361e+03	+4.200e+03	+5.570e+03	+0.755
10.200	+3.367e+03	+4.841e+03	+6.223e+03	+0.590
10.400	+1.136e+03	+5.579e+03	+5.643e+03	+0.831
10.600	+1.647e+03	+5.340e+03	+4.714e+03	+0.764
10.800	+2.440e+03	+3.655e+03	+8.324e+03	+0.600
11.000	+5.674e+03	+5.953e+02	+6.070e+03	+0.095
11.200	+1.168e+03	+4.938e+03	+6.942e+03	+0.809
11.400	+1.774e+03	+2.934e+03	+5.264e+03	+0.623
11.600	+5.494e+02	+3.697e+03	+6.304e+03	+0.871
11.800	+3.753e+02	+4.969e+03	+5.598e+03	+0.930
12.000	+1.948e+03	+3.886e+03	+7.918e+03	+0.666
12.200	+4.528e+03	+3.587e+02	+4.845e+03	+0.073
12.400	+6.378e+03	+4.903e+02	+5.547e+03	+0.071
12.600	+3.721e+03	-1.976e+02	+7.437e+03	-0.056
12.800	+7.454e+03	+1.858e+03	+7.649e+03	+0.199
13.000	+3.788e+03	+1.181e+02	+6.557e+03	+0.030
13.200	+7.073e+03	+3.560e+02	+6.195e+03	+0.048
13.400	+3.304e+03	+8.291e+02	+7.370e+03	+0.201
13.600	+5.612e+03	+1.553e+03	+7.551e+03	+0.217
13.800	+4.113e+03	+1.120e+03	+7.434e+03	+0.214
14.000	+5.279e+03	+1.604e+03	+7.066e+03	+0.233
14.200	+4.891e+03	+9.205e+02	+6.874e+03	+0.158
14.400	+6.103e+03	+1.840e+02	+5.481e+03	+0.029
14.600	+6.419e+03	+1.641e+02	+6.607e+03	+0.025
14.800	+3.817e+03	+2.123e+03	+6.577e+03	+0.357
15.000	+4.026e+03	+7.601e+02	+6.815e+03	+0.159
15.200	+4.710e+03	+9.729e+02	+5.165e+03	+0.171
15.400	+5.193e+03	+1.286e+03	+7.452e+03	+0.198
15.600	+6.010e+03	+2.373e+03	+8.188e+03	+0.283
15.800	+6.368e+03	+5.516e+02	+4.719e+03	+0.080
16.000	+4.790e+03	+1.298e+03	+5.487e+03	+0.213
16.200	+3.428e+03	-1.360e-01	+3.888e+03	-0.000
16.400	+6.283e+03	+1.070e+03	+5.855e+03	+0.146
16.600	+6.837e+03	+1.456e+03	+5.708e+03	+0.176
16.800	+5.941e+03	+1.419e+03	+6.856e+03	+0.193
17.000	+4.623e+03	+7.848e+02	+6.583e+03	+0.145
17.200	+4.691e+03	-2.767e-01	+7.820e+03	-0.000
17.400	+5.480e+03	+1.144e+03	+5.973e+03	+0.173
17.600	+2.972e+03	+1.662e+03	+7.191e+03	+0.359
17.800	+5.380e+03	+1.601e+03	+5.687e+03	+0.229
18.000	+5.223e+03	+1.859e+03	+8.770e+03	+0.263
18.200	+5.870e+03	+7.069e+02	+4.540e+03	+0.107
18.400	+4.353e+03	+8.993e+02	+7.765e+03	+0.171
18.600	+4.962e+03	+5.368e+02	+6.194e+03	+0.098
18.800	+3.377e+03	+1.350e+03	+7.419e+03	+0.286
19.000	+3.562e+03	+2.622e+03	+6.246e+03	+0.424
19.200	+3.947e+03	+1.722e+03	+7.718e+03	+0.304
19.400	+5.368e+03	+9.510e+02	+7.698e+03	+0.151
19.600	+2.881e+03	+6.506e+02	+7.695e+03	+0.184
19.800	+5.045e+03	+1.669e+03	+5.186e+03	+0.249
20.000	+4.477e+03	-5.325e+01	+5.745e+03	-0.012
20.200	+4.204e+03	+1.733e+03	+6.197e+03	+0.292
20.400	+1.469e+03	+3.196e+03	+6.727e+03	+0.685
20.600	+2.116e+03	+5.058e+03	+5.932e+03	+0.705
20.800	+7.923e+02	+3.509e+03	+6.927e+03	+0.816
21.000	+1.910e+03	+4.955e+03	+7.381e+03	+0.722
21.200	+1.719e+03	+3.242e+03	+5.365e+03	+0.654
21.400	+1.980e+03	+4.801e+03	+6.568e+03	+0.708
21.600	+1.711e+03	+4.369e+03	+7.725e+03	+0.719
21.800	+2.360e+03	+4.920e+03	+7.372e+03	+0.676
22.000	+5.944e+03	-3.542e+01	+6.224e+03	-0.006
22.200	+4.340e+03	+2.220e+03	+6.420e+03	+0.338
22.400	+4.345e+03	+7.785e+02	+6.146e+03	+0.152
22.600	+5.288e+03	+7.634e+02	+3.812e+03	+0.126
22.800	+3.833e+03	+8.871e+02	+5.504e+03	+0.188
23.000	+5.553e+03	+2.767e+02	+7.275e+03	+0.047
23.200	+4.626e+03	+1.726e+03	+6.609e+03	+0.272
23.400	+3.809e+03	+1.477e+03	+7.046e+03	+0.279
23.600	+5.908e+03	+1.042e+03	+7.510e+03	+0.150
23.800	+6.705e+03	-1.091e+02	+6.203e+03	-0.017
24.000	+3.892e+03	+1.350e+03	+6.399e+03	+0.258
24.200	+2.048e+03	+3.404e+03	+4.369e+03	+0.624
24.400	+1.399e+03	+4.020e+03	+6.763e+03	+0.742
24.600	+1.699e+03	+5.427e+03	+6.826e+03	+0.762
24.800	+1.444e+03	+2.192e+03	+9.432e+03	+0.603
25.000	+1.400e+03	+4.635e+03	+6.584e+03	+0.768
25.200	+2.492e+03	+4.048e+03	+6.586e+03	+0.619
25.400	+1.666e+03	+4.860e+03	+6.137e+03	+0.745
25.600	+1.374e+03	+3.541e+03	+7.594e+03	+0.720
25.800	+1.911e+03	+5.806e+03	+5.881e+03	+0.752
26.000	+4.313e+03	+1.826e+03	+6.780e+03	+0.297
26.200	+4.380e+03	+8.955e+02	+6.800e+03	+0.170
26.400	+5.243e+03	+2.856e+02	+6.254e+03	+0.052
26.600	+4.752e+03	+8.032e+02	+6.088e+03	+0.145
26.800	+4.881e+03	+5.059e+02	+7.770e+03	+0.094
27.000	+5.078e+03	+7.214e+02	+3.743e+03	+0.124
27.200	+5.897e+03	+8.212e+02	+6.210e+03	+0.122
27.400	+5.093e+03	+9.359e+02	+8.729e+03	+0.155
27.600	+6.196e+03	+9.953e+01	+6.184e+03	+0.016
27.800	+5.724e+03	-1.842e+02	+5.309e+03	-0.033
28.000	+4.700e+03	+1.162e+03	+5.114e+03	+0.198
28.200	+4.628e+03	+1.561e+03	+6.738e+03	+0.252
28.400	+6.789e+03	+9.495e+02	+7.548e+03	+0.123
28.600	+4.341e+03	+1.275e+02	+6.839e+03	+0.029
