%t (s)	Idd (a.u.)	Ida (a.u.)	Iaa (a.u.)	FRET E
0.000	+5.414e+03	+1.340e+03	+5.582e+03	+0.198
0.200	+5.385e+03	+3.378e+02	+5.057e+03	+0.059
0.400	+1.749e+03	+1.618e+03	+6.701e+03	+0.481
0.600	+3.259e+03	+1.215e+03	+6.980e+03	+0.272
0.800	+4.462e+03	+1.644e+03	+5.789e+03	+0.269
1.000	+5.516e+03	+8.061e+02	+5.811e+03	+0.128
1.200	+4.373e+03	+1.099e+03	+5.932e+03	+0.201
1.400	+4.035e+03	-7.057e+02	+5.425e+03	-0.212
1.600	+3.548e+03	+1.215e+03	+4.425e+03	+0.255
1.800	+4.023e+03	+8.424e+02	+4.683e+03	+0.173
2.000	+4.692e+03	+6.438e+02	+6.150e+03	+0.121
2.200	+4.235e+03	+1.382e+03	+5.437e+03	+0.246
2.400	+3.954e+03	+9.063e+02	+4.519e+03	+0.186
2.600	+4.422e+03	+1.092e+03	+6.471e+03	+0.198
2.800	+3.793e+03	+5.754e+02	+6.008e+03	+0.132
3.000	+2.755e+03	+1.471e+03	+4.568e+03	+0.348
3.200	+4.187e+03	+9.661e+02	+3.818e+03	+0.187
3.400	+3.551e+03	+1.527e+03	+5.678e+03	+0.301
3.600	+4.317e+03	+8.157e+02	+4.164e+03	+0.159
3.800	+2.451e+03	+1.838e+03	+5.545e+03	+0.429
4.000	+2.495e+03	+1.660e+03	+7.434e+03	+0.399
4.200	+2.765e+03	+1.332e+03	+5.968e+03	+0.325
4.400	+4.055e+03	+1.357e+03	+2.546e+03	+0.251
4.600	+4.077e+03	+1.332e+03	+5.464e+03	+0.246
4.800	+3.092e+03	+1.237e+03	+4.900e+03	+0.286
5.000	+4.093e+03	+1.415e+03	+4.974e+03	+0.257
5.200	+4.040e+03	+1.716e+03	+3.494e+03	+0.298
5.400	+4.338e+03	+1.046e+03	+5.056e+03	+0.194
5.600	+3.290e+03	+1.377e+03	+5.566e+03	+0.295
5.800	+2.644e+03	+1.181e+03	+6.020e+03	+0.309
6.000	+4.648e+03	+1.530e+03	+6.234e+03	+0.248
6.200	+3.603e+03	+1.600e+03	+3.408e+03	+0.307
6.400	+4.582e+03	+4.149e+02	+5.545e+03	+0.083
6.600	+3.624e+03	+1.115e+03	+5.706e+03	+0.235
6.800	+3.305e+03	+5.483e+02	+5.247e+03	+0.142
7.000	+2.593e+03	+1.647e+03	+3.679e+03	+0.388
7.200	+3.959e+03	+1.399e+03	+5.591e+03	+0.261
7.400	+5.729e+03	+1.417e+03	+5.213e+03	+0.198
7.600	+5.666e+03	+1.576e+03	+5.615e+03	+0.218
7.800	+2.139e+03	+1.218e+03	+5.967e+03	+0.363
8.000	+3.913e+03	+1.313e+03	+3.001e+03	+0.251
8.200	+2.826e+03	+1.534e+03	+2.533e+03	+0.352
8.400	+4.174e+03	+8.626e+02	+5.121e+03	+0.171
8.600	+2.879e+03	+2.583e+02	+4.480e+03	+0.082
8.800	+5.478e+03	+3.886e+02	+6.643e+03	+0.066
9.000	+2.828e+03	+6.141e+02	+5.434e+03	+0.178
9.200	+3.622e+03	+7.562e+02	+5.603e+03	+0.173
9.400	+2.971e+03	+1.591e+03	+5.028e+03	+0.349
9.600	+4.873e+03	+1.715e+03	+6.497e+03	+0.260
9.800	+3.404e+03	+1.232e+03	+4.467e+03	+0.266
10.000	+3.227e+03	+8.764e+02	+5.658e+03	+0.214
10.200	+3.649e+03	+7.763e+02	+4.771e+03	+0.175
10.400	+4.829e+03	+1.282e+03	+7.285e+03	+0.210
10.600	+4.143e+03	-3.851e+02	+5.727e+03	-0.102
10.800	+3.378e+03	+1.841e+03	+4.709e+03	+0.353
11.000	+3.477e+03	+1.216e+03	+4.548e+03	+0.259
11.200	+3.983e+03	+1.548e+03	+5.641e+03	+0.280
11.400	+3.438e+03	-5.484e+00	+6.688e+03	-0.002
11.600	+3.303e+03	+1.318e+03	+4.850e+03	+0.285
11.800	+3.743e+03	+1.600e+03	+7.281e+03	+0.299
12.000	+5.296e+03	+8.321e+02	+4.988e+03	+0.136
12.200	+3.553e+03	+6.524e+02	+6.722e+03	+0.155
12.400	+2.178e+03	+1.251e+03	+7.158e+03	+0.365
12.600	+1.878e+03	+1.292e+03	+7.306e+03	+0.408
12.800	+5.980e+03	+1.213e+03	+4.647e+03	+0.169
13.000	+2.685e+03	+2.829e+02	+4.193e+03	+0.095
13.200	+2.638e+03	+1.041e+03	+6.235e+03	+0.283
13.400	+4.119e+03	+6.193e+02	+5.064e+03	+0.131
13.600	+2.269e+03	+1.435e+03	+4.379e+03	+0.387
13.800	+3.850e+03	+8.432e+02	+6.152e+03	+0.180
14.000	+1.858e+03	+6.375e+03	+6.984e+03	+0.774
14.200	+1.500e+03	+4.325e+03	+4.965e+03	+0.742
14.400	+1.579e+03	+5.193e+03	+5.853e+03	+0.767
14.600	+2.352e+03	+1.593e+03	+4.492e+03	+0.404
14.800	+3.781e+03	+1.185e+03	+5.779e+03	+0.239
15.000	+3.769e+03	+1.539e+03	+4.342e+03	+0.290
15.200	+4.087e+03	+1.317e+03	+5.688e+03	+0.244
15.400	+5.582e+03	+1.117e+03	+4.403e+03	+0.167
15.600	+3.570e+03	+1.352e+03	+5.087e+03	+0.275
15.800	+3.482e+03	+2.208e+03	+4.852e+03	+0.388
16.000	+2.736e+03	+1.059e+03	+4.753e+03	+0.279
16.200	+2.706e+03	+6.436e+02	+6.153e+03	+0.192
16.400	+4.205e+03	+5.437e+02	+4.956e+03	+0.114
16.600	+3.934e+03	+1.168e+03	+5.526e+03	+0.229
16.800	+3.998e+03	+1.882e+03	+4.377e+03	+0.320
17.000	+4.118e+03	+1.823e+03	+7.173e+03	+0.307
17.200	+3.723e+03	+6.718e+02	+6.123e+03	+0.153
17.400	+3.892e+03	+1.087e+03	+6.012e+03	+0.218
17.600	+2.750e+03	+1.847e+03	+5.428e+03	+0.402
17.800	+4.785e+03	+1.615e+03	+4.793e+03	+0.252
18.000	+5.640e+03	+1.257e+03	+5.083e+03	+0.182
18.200	+4.696e+03	+1.868e+03	+4.669e+03	+0.285
18.400	+4.508e+03	+1.042e+02	+3.762e+03	+0.023
18.600	+2.603e+03	+1.617e+03	+3.885e+03	+0.383
18.800	+3.561e+03	+1.224e+03	+2.923e+03	+0.256
19.000	+4.770e+03	+8.460e+02	+5.090e+03	+0.151
19.200	+3.889e+03	+1.093e+03	+5.359e+03	+0.219
19.400	+4.069e+03	+2.067e+02	+4.586e+03	+0.048
19.600	+3.253e+03	+1.962e+03	+7.381e+03	+0.376
19.800	+4.551e+03	+1.057e+03	+5.861e+03	+0.188
20.000	+3.738e+03	+1.470e+03	+4.337e+03	+0.282
20.200	+2.366e+03	+1.483e+03	+6.344e+03	+0.385
20.400	+4.804e+03	+4.704e+02	+5.623e+03	+0.089
20.600	+3.927e+03	+5.119e+02	+6.444e+03	+0.115
20.800	+3.999e+03	+1.464e+03	+6.235e+03	+0.268
21.000	+3.188e+03	+1.634e+03	+4.863e+03	+0.339
21.200	+3.947e+03	+3.398e+02	+4.864e+03	+0.079
21.400	+3.429e+03	+1.286e+03	+5.760e+03	+0.273
21.600	+3.964e+03	+3.456e+02	+5.145e+03	+0.080
21.800	+5.334e+03	+1.436e+03	+5.402e+03	+0.212
22.000	+4.263e+03	+1.660e+03	+4.708e+03	+0.280
22.200	+3.934e+03	+1.921e+03	+5.488e+03	+0.328
22.400	+3.096e+03	+1.292e+03	+4.416e+03	+0.294
22.600	+4.712e+03	+1.415e+03	+6.606e+03	+0.231
22.800	+4.399e+03	+7.591e+02	+5.627e+03	+0.147
23.000	+3.377e+03	+1.273e+03	+6.017e+03	+0.274
23.200	+4.125e+03	+7.405e+02	+4.628e+03	+0.152
23.400	+1.957e+03	+6.840e+02	+6.031e+03	+0.259
23.600	+3.410e+03	+8.897e+02	+4.719e+03	+0.207
23.800	+5.082e+03	+1.025e+03	+4.542e+03	+0.168
24.000	+4.391e+03	+8.285e+02	+3.704e+03	+0.159
24.200	+3.809e+03	+1.086e+03	+3.870e+03	+0.222
24.400	+4.007e+03	+1.995e+03	+4.518e+03	+0.332
24.600	+4.807e+03	+1.896e+03	+5.257e+03	+0.283
24.800	+2.712e+03	+1.114e+03	+4.991e+03	+0.291
25.000	+4.596e+03	+1.818e+03	+3.211e+03	+0.283
25.200	+5.041e+03	+2.014e+03	+5.487e+03	+0.285
25.400	+4.303e+03	+1.503e+03	+5.308e+03	+0.259
25.600	+5.110e+03	+1.744e+03	+3.976e+03	+0.254
25.800	+4.789e+03	+6.504e+02	+7.277e+03	+0.120
26.000	+5.228e+03	+1.212e+03	+6.167e+03	+0.188
26.200	+4.145e+03	+1.866e+03	+6.415e+03	+0.310
26.400	+4.962e+03	+3.821e+02	+5.577e+03	+0.072
26.600	+3.573e+03	+1.134e+03	+6.655e+03	+0.241
26.800	+3.064e+03	+4.085e+02	+4.251e+03	+0.118
27.000	+3.206e+03	+1.354e+03	+6.916e+03	+0.297
27.200	+2.964e+03	+7.380e+02	+3.853e+03	+0.199
27.400	+2.740e+03	+1.283e+03	+4.924e+03	+0.319
27.600	+3.424e+03	+1.115e+03	+6.744e+03	+0.246
27.800	+3.281e+03	+1.235e+03	+5.585e+03	+0.273
28.000	+3.956e+03	+1.042e+03	+4.662e+03	+0.208
28.200	+3.834e+03	+1.487e+03	+4.540e+03	+0.279
28.400	+4.225e+03	+1.404e+03	+5.483e+03	+0.249
28.600	+4.108e+03	+9.620e+02	+4.449e+03	+0.190
28.800	+3.340e+03	+1.414e+03	+4.512e+03	+0.298
29.000	+4.999e+03	+1.112e+03	+6.988e+03	+0.182
29.200	+4.969e+03	+8.494e+02	+2.446e+03	+0.146
29.400	+5.767e+03	+1.909e+02	+5.297e+03	+0.032
29.600	+4.108e+03	+1.254e+03	+5.518e+03	+0.234
29.800	+4.097e+03	+1.421e+03	+5.554e+03	+0.258
30.000	+3.877e+03	+1.026e+03	+6.436e+03	+0.209
30.200	+2.272e+03	+5.854e+02	+3.955e+03	+0.205
30.400	+4.271e+03	+1.633e+03	+4.147e+03	+0.277
30.600	+3.815e+03	+6.076e+02	+4.136e+03	+0.137
30.800	+5.922e+03	+5.818e+02	+5.145e+03	+0.089
31.000	+3.541e+03	+7.405e+02	+3.555e+03	+0.173
31.200	+4.030e+03	+2.454e+03	+5.030e+03	+0.378
31.400	+1.077e+03	+5.126e+03	+3.838e+03	+0.826
31.600	+1.025e+03	+4.396e+03	+4.739e+03	+0.811
31.800	+1.489e+03	+5.868e+03	+6.274e+03	+0.798
32.000	+1.632e+03	+5.407e+03	+5.316e+03	+0.768
32.200	-3.419e+02	+4.484e+03	+2.416e+03	+1.083
32.400	+1.643e+03	+3.304e+03	+5.937e+03	+0.668
32.600	+1.208e+03	+4.432e+03	+4.466e+03	+0.786
32.800	+6.461e+02	+3.667e+03	+4.474e+03	+0.850
33.000	+9.469e+02	+4.908e+03	+6.667e+03	+0.838
33.200	+1.641e+03	+3.142e+03	+4.523e+03	+0.657
33.400	+4.987e+02	+5.376e+03	+7.364e+03	+0.915
33.600	+2.441e+03	+5.178e+03	+6.269e+03	+0.680
33.800	+8.634e+02	+4.437e+03	+5.603e+03	+0.837
34.000	+2.001e+03	+3.394e+03	+6.769e+03	+0.629
34.200	+1.938e+03	+4.334e+03	+5.194e+03	+0.691
34.400	+5.448e+03	+1.464e+03	+5.879e+03	+0.212
34.600	+5.258e+03	+1.351e+03	+4.347e+03	+0.204
34.800	+4.738e+03	+1.224e+03	+4.614e+03	+0.205
35.000	+4.499e+03	+7.626e+02	+5.381e+03	+0.145
35.200	+4.220e+03	+1.703e+03	+5.234e+03	+0.288
35.400	+3.946e+03	+2.279e+03	+4.396e+03	+0.366
35.600	+1.860e+03	+8.410e+02	+5.841e+03	+0.311
35.800	+4.459e+03	+7.425e+02	+7.192e+03	+0.143
36.000	+4.184e+03	+1.417e+03	+6.124e+03	+0.253
36.200	+3.100e+03	+1.642e+03	+4.518e+03	+0.346
36.400	+1.065e+03	+5.477e+03	+4.694e+03	+0.837
36.600	+1.467e+03	+5.918e+03	+4.545e+03	+0.801
36.800	+1.722e+03	+5.259e+03	+5.416e+03	+0.753
37.000	+1.989e+03	+4.708e+03	+5.221e+03	+0.703
37.200	+6.113e+02	+5.024e+03	+5.361e+03	+0.892
37.400	+7.330e+02	+4.382e+03	+5.588e+03	+0.857
37.600	+1.241e+03	+5.586e+03	+4.727e+03	+0.818
37.800	+3.102e+03	+1.096e+03	+5.614e+03	+0.261
38.000	+3.234e+03	+1.543e+03	+4.654e+03	+0.323
38.200	+5.331e+03	+1.929e+03	+5.371e+03	+0.266
38.400	+4.710e+03	+2.039e+03	+4.733e+03	+0.302
38.600	+3.781e+03	+8.147e+02	+4.308e+03	+0.177
38.800	+3.560e+03	+1.182e+03	+4.450e+03	+0.249
39.000	+3.464e+03	+1.567e+03	+5.146e+03	+0.311
39.200	+3.553e+03	+1.377e+03	+6.837e+03	+0.279
39.400	+2.242e+03	+2.083e+03	+5.579e+03	+0.482
39.600	+3.983e+03	+1.730e+03	+5.256e+03	+0.303
39.800	+3.614e+03	+2.420e+03	+3.021e+03	+0.401
40.000	+5.052e+03	+2.012e+03	+4.508e+03	+0.285
40.200	+3.100e+03	+1.556e+03	+5.895e+03	+0.334
40.400	+4.270e+03	+1.906e+03	+5.077e+03	+0.309
40.600	+4.042e+03	+1.475e+03	+4.690e+03	+0.267
40.800	+2.915e+03	+3.847e+02	+5.669e+03	+0.117
41.000	+3.625e+03	+5.392e+02	+3.349e+03	+0.129
41.200	+3.989e+03	+5.851e+02	+6.286e+03	+0.128
41.400	+4.584e+03	+9.688e+02	+5.294e+03	+0.174
41.600	+4.352e+03	+1.059e+03	+5.744e+03	+0.196
41.800	+3.772e+03	+1.369e+03	+5.064e+03	+0.266
42.000	+3.430e+03	+1.919e+03	+5.974e+03	+0.359
42.200	+3.975e+03	+1.447e+03	+6.292e+03	+0.267
42.400	+4.446e+03	+8.962e+02	+4.029e+03	+0.168
42.600	+3.044e+03	+1.240e+03	+4.611e+03	+0.289
42.800	+3.269e+03	+1.010e+03	+7.943e+03	+0.236
43.000	+3.857e+03	+2.196e+03	+4.552e+03	+0.363
43.200	+3.832e+03	+6.871e+02	+3.859e+03	+0.152
43.400	+6.376e+03	+1.849e+03	+5.455e+03	+0.225
43.600	+5.306e+03	+1.255e+03	+4.152e+03	+0.191
43.800	+3.631e+03	+1.232e+03	+4.970e+03	+0.253
44.000	+4.772e+03	+1.128e+03	+5.129e+03	+0.191
44.200	+4.306e+03	+1.429e+03	+5.360e+03	+0.249
44.400	+4.575e+03	+5.330e+02	+5.414e+03	+0.104
44.600	+5.623e+03	+1.153e+03	+4.805e+03	+0.170
