%t (s)	Idd (a.u.)	Ida (a.u.)	Iaa (a.u.)	FRET E
0.000	+3.390e+03	+5.755e+02	+6.246e+03	+0.145
0.200	+3.589e+03	+1.457e+03	+4.768e+03	+0.289
0.400	+3.612e+03	+1.163e+03	+5.413e+03	+0.244
0.600	+3.159e+03	+5.274e+02	+5.870e+03	+0.143
0.800	+3.891e+03	+2.090e+02	+2.413e+03	+0.051
1.000	+4.751e+03	+1.437e+03	+6.680e+03	+0.232
1.200	+4.811e+03	+4.292e+02	+5.273e+03	+0.082
1.400	+4.429e+03	+3.627e+02	+6.521e+03	+0.076
1.600	+2.115e+03	+3.613e+02	+4.925e+03	+0.146
1.800	+4.837e+03	+8.291e+02	+5.558e+03	+0.146
2.000	+4.165e+03	+3.090e+02	+7.060e+03	+0.069
2.200	+4.103e+03	+9.148e+02	+6.632e+03	+0.182
2.400	+4.743e+03	-8.015e+01	+5.494e+03	-0.017
2.600	+3.232e+03	+1.512e+03	+6.037e+03	+0.319
2.800	+3.835e+03	+6.184e+02	+3.738e+03	+0.139
3.000	+4.140e+03	+2.096e+03	+7.810e+03	+0.336
3.200	+5.375e+03	+1.329e+03	+6.855e+03	+0.198
3.400	+5.448e+03	+7.116e+02	+5.737e+03	+0.116
3.600	+2.615e+03	+1.210e+03	+6.595e+03	+0.316
3.800	+3.241e+03	+4.600e+02	+5.542e+03	+0.124
4.000	+5.334e+03	+7.374e+02	+5.869e+03	+0.121
4.200	+4.010e+03	+1.622e+03	+4.696e+03	+0.288
4.400	+4.749e+03	+4.586e+02	+7.038e+03	+0.088
4.600	+5.765e+03	+7.921e+01	+5.952e+03	+0.014
4.800	+4.797e+03	+7.786e+02	+6.150e+03	+0.140
5.000	+3.369e+03	+5.036e+02	+7.544e+03	+0.130
5.200	+2.940e+03	+4.116e+02	+5.397e+03	+0.123
5.400	+3.642e+03	+1.168e+03	+6.414e+03	+0.243
5.600	+4.527e+03	+8.604e+02	+6.861e+03	+0.160
5.800	+3.513e+03	-2.316e+02	+7.312e+03	-0.071
6.000	+3.963e+03	+6.399e+02	+4.854e+03	+0.139
6.200	+4.182e+03	+4.941e+02	+7.808e+03	+0.106
6.400	+3.611e+03	+1.169e+03	+5.919e+03	+0.244
6.600	+4.881e+03	+1.481e+03	+4.733e+03	+0.233
6.800	+3.206e+03	+3.282e+03	+5.933e+03	+0.506
7.000	+1.611e+03	+3.578e+03	+4.753e+03	+0.690
7.200	+2.836e+03	+6.438e+03	+5.614e+03	+0.694
7.400	+2.157e+03	+4.585e+03	+4.230e+03	+0.680
7.600	+2.708e+03	+5.976e+03	+8.343e+03	+0.688
7.800	+2.045e+03	+4.781e+03	+6.969e+03	+0.700
8.000	+3.034e+03	+3.434e+03	+5.327e+03	+0.531
8.200	+2.650e+03	+3.160e+03	+5.390e+03	+0.544
8.400	+2.716e+03	+5.120e+03	+4.592e+03	+0.653
8.600	+2.576e+03	+5.672e+03	+5.953e+03	+0.688
8.800	+2.778e+03	+5.645e+03	+4.035e+03	+0.670
9.000	+3.137e+03	+4.726e+03	+5.372e+03	+0.601
9.200	+2.359e+03	+5.435e+03	+6.932e+03	+0.697
9.400	+2.725e+03	+4.047e+03	+5.210e+03	+0.598
9.600	+1.749e+03	+4.156e+03	+7.487e+03	+0.704
9.800	+1.516e+03	+5.369e+03	+6.760e+03	+0.780
10.000	+3.233e+03	+5.821e+03	+4.196e+03	+0.643
10.200	+2.121e+03	+5.463e+03	+6.675e+03	+0.720
10.400	+2.925e+03	+2.445e+03	+4.897e+03	+0.455
10.600	+3.073e+03	+4.583e+03	+5.066e+03	+0.599
10.800	+1.144e+03	+3.469e+03	+7.083e+03	+0.752
11.000	+2.169e+03	+3.408e+03	+7.277e+03	+0.611
11.200	+2.238e+03	+3.824e+03	+5.740e+03	+0.631
11.400	+1.554e+03	+3.760e+03	+5.621e+03	+0.707
11.600	+2.169e+03	+4.446e+03	+6.072e+03	+0.672
11.800	+2.607e+03	+4.484e+03	+4.913e+03	+0.632
12.000	+6.851e+02	+4.609e+03	+4.845e+03	+0.871
12.200	+2.408e+03	+5.469e+03	+5.293e+03	+0.694
12.400	+2.750e+03	+4.414e+03	+6.523e+03	+0.616
12.600	+2.372e+03	+2.873e+03	+6.909e+03	+0.548
12.800	+2.164e+03	+4.355e+03	+4.661e+03	+0.668
13.000	+3.767e+03	+2.683e+03	+5.467e+03	+0.416
13.200	+4.271e+03	+2.451e+02	+8.298e+03	+0.054
13.400	+5.121e+03	+6.497e+02	+5.212e+03	+0.113
13.600	+4.635e+03	+3.769e+02	+5.051e+03	+0.075
13.800	+3.788e+03	+1.751e+03	+5.917e+03	+0.316
14.000	+3.718e+03	+5.959e+02	+8.443e+03	+0.138
14.200	+3.797e+03	+4.425e+02	+5.407e+03	+0.104
14.400	+5.422e+03	+7.242e+02	+6.036e+03	+0.118
14.600	+4.220e+03	+2.762e+02	+7.237e+03	+0.061
14.800	+3.850e+03	-4.463e+02	+4.692e+03	-0.131
15.000	+4.738e+03	+2.576e+02	+6.294e+03	+0.052
15.200	+5.296e+03	+7.142e+02	+5.448e+03	+0.119
15.400	+3.708e+03	+4.564e+02	+5.057e+03	+0.110
15.600	+4.552e+03	-3.284e+02	+5.337e+03	-0.078
15.800	+4.203e+03	+1.126e+03	+6.242e+03	+0.211
16.000	+4.665e+03	+5.836e+02	+5.016e+03	+0.111
16.200	+4.481e+03	+6.793e+01	+6.260e+03	+0.015
16.400	+4.897e+03	+7.331e+02	+6.388e+03	+0.130
16.600	+2.420e+03	+7.911e+02	+3.228e+03	+0.246
16.800	+2.559e+03	+2.960e+03	+6.019e+03	+0.536
17.000	+5.262e+02	+5.116e+03	+7.496e+03	+0.907
17.200	+1.611e+03	+2.939e+03	+6.645e+03	+0.646
17.400	+2.598e+03	+3.613e+03	+4.733e+03	+0.582
17.600	+1.970e+03	+5.565e+03	+5.987e+03	+0.739
17.800	+1.748e+03	+5.341e+03	+5.457e+03	+0.753
18.000	+1.300e+03	+5.841e+03	+8.173e+03	+0.818
18.200	+2.882e+03	+4.530e+03	+4.695e+03	+0.611
18.400	+2.128e+03	+3.253e+03	+6.074e+03	+0.604
18.600	+1.827e+03	+3.972e+03	+6.292e+03	+0.685
18.800	+1.123e+03	+4.109e+03	+7.114e+03	+0.785
19.000	+1.782e+03	+6.159e+03	+6.482e+03	+0.776
19.200	+1.958e+03	+5.221e+03	+6.049e+03	+0.727
19.400	+1.952e+03	+5.566e+03	+4.159e+03	+0.740
19.600	+2.161e+03	+4.780e+03	+5.098e+03	+0.689
19.800	+2.203e+03	+4.583e+03	+4.289e+03	+0.675
20.000	+4.319e+03	+1.217e+03	+5.280e+03	+0.220
20.200	+3.154e+03	+8.340e+02	+7.684e+03	+0.209
20.400	+4.290e+03	-6.471e+01	+5.645e+03	-0.015
20.600	+3.250e+03	+1.326e+03	+7.252e+03	+0.290
20.800	+4.732e+03	+8.465e+02	+8.392e+03	+0.152
21.000	+3.040e+03	+1.150e+03	+4.298e+03	+0.274
21.200	+3.499e+03	+1.089e+03	+6.456e+03	+0.237
21.400	+1.673e+03	+4.229e+03	+3.873e+03	+0.717
21.600	+2.154e+03	+4.559e+03	+6.248e+03	+0.679
21.800	+3.015e+03	+1.890e+03	+4.997e+03	+0.385
