HMM
---------------------------------

Means
[[7.10838596 0.79351314]
 [3.65289863 4.09867558]
 [0.79175019 6.97470722]]
---------------------------------

Covariances (sigma^2)
[[[1.71766887 0.        ]
  [0.         0.52820194]]

 [[0.77368165 0.        ]
  [0.         0.88309083]]

 [[0.54218353 0.        ]
  [0.         1.71612054]]]
---------------------------------

Start probability
[0.2892513  0.36558601 0.34516269]
---------------------------------

Transition matrix
[[0.94179414 0.03996425 0.01824161]
 [0.02613587 0.92653303 0.0473311 ]
 [0.02533626 0.02586085 0.94880289]]
