HMM
---------------------------------

Means
[[7.10838596 0.79351314]
 [3.65289863 4.09867558]
 [0.79175019 6.97470722]]
---------------------------------

Covariances (sigma^2)
[[[1.71766887 0.        ]
  [0.         0.52820194]]

 [[0.77368165 0.        ]
  [0.         0.88309083]]

 [[0.54218353 0.        ]
  [0.         1.71612054]]]
---------------------------------

Start probability
[0.20898174 0.47920493 0.31181334]
---------------------------------

Transition matrix
[[0.93595525 0.04148538 0.02255937]
 [0.02417587 0.93399087 0.04183326]
 [0.02551695 0.02634332 0.94813973]]
