%t (s)	Idd (a.u.)	Ida (a.u.)	Iaa (a.u.)	FRET E
0.000	-4.633e+02	+7.017e+03	+7.945e+03	+1.071
0.100	+5.670e+02	+7.074e+03	+9.148e+03	+0.926
0.200	+9.060e+02	+6.416e+03	+4.930e+03	+0.876
0.300	+7.649e+02	+6.093e+03	+6.456e+03	+0.888
0.400	+9.908e+02	+8.036e+03	+7.483e+03	+0.890
0.500	+8.846e+02	+7.143e+03	+7.260e+03	+0.890
0.600	-7.793e+02	+7.092e+03	+5.863e+03	+1.123
0.700	-7.933e+02	+8.893e+03	+5.958e+03	+1.098
0.800	+6.955e+02	+7.788e+03	+1.002e+04	+0.918
0.900	+1.062e+03	+7.769e+03	+7.323e+03	+0.880
1.000	+5.051e+02	+7.649e+03	+7.885e+03	+0.938
1.100	+1.779e+03	+8.634e+03	+8.441e+03	+0.829
1.200	-8.406e+01	+7.071e+03	+6.376e+03	+1.012
1.300	+4.156e+01	+6.653e+03	+7.100e+03	+0.994
1.400	+2.118e+02	+7.626e+03	+7.248e+03	+0.973
1.500	+5.782e+02	+7.667e+03	+8.244e+03	+0.930
1.600	+2.428e+02	+5.810e+03	+8.419e+03	+0.960
1.700	+5.726e+02	+8.228e+03	+9.361e+03	+0.935
1.800	+2.350e+02	+6.963e+03	+7.253e+03	+0.967
1.900	+5.224e+02	+9.559e+03	+7.377e+03	+0.948
2.000	+4.730e+02	+7.914e+03	+6.463e+03	+0.944
2.100	+5.611e+02	+6.065e+03	+6.794e+03	+0.915
2.200	+5.905e+02	+6.704e+03	+5.198e+03	+0.919
2.300	+1.227e+03	+7.716e+03	+8.809e+03	+0.863
2.400	+2.523e+02	+6.061e+03	+7.562e+03	+0.960
2.500	+7.152e+02	+7.453e+03	+7.171e+03	+0.912
2.600	+4.383e+02	+7.160e+03	+6.889e+03	+0.942
2.700	+1.051e+03	+5.700e+03	+8.263e+03	+0.844
2.800	+1.486e+02	+7.354e+03	+7.892e+03	+0.980
2.900	+1.165e+03	+7.849e+03	+6.920e+03	+0.871
3.000	+3.722e+02	+6.103e+03	+6.097e+03	+0.943
3.100	-3.301e+02	+6.308e+03	+5.022e+03	+1.055
3.200	+4.866e+02	+5.854e+03	+5.546e+03	+0.923
3.300	+8.625e+02	+7.419e+03	+7.402e+03	+0.896
3.400	-1.502e+02	+7.420e+03	+8.163e+03	+1.021
3.500	+3.168e+02	+7.736e+03	+6.965e+03	+0.961
3.600	+2.492e+03	+6.596e+03	+6.132e+03	+0.726
3.700	-3.862e+01	+7.652e+03	+6.252e+03	+1.005
3.800	+8.809e+02	+7.529e+03	+7.830e+03	+0.895
3.900	+2.557e+02	+7.543e+03	+6.980e+03	+0.967
4.000	+1.093e+03	+6.029e+03	+6.436e+03	+0.847
4.100	+1.730e+02	+7.598e+03	+8.494e+03	+0.978
4.200	+7.441e+02	+6.644e+03	+6.956e+03	+0.899
4.300	+1.448e+03	+7.435e+03	+8.352e+03	+0.837
4.400	+1.091e+02	+6.980e+03	+7.636e+03	+0.985
4.500	+8.138e+02	+6.518e+03	+7.356e+03	+0.889
4.600	+9.569e+02	+7.246e+03	+7.000e+03	+0.883
4.700	+1.582e+02	+7.893e+03	+8.508e+03	+0.980
4.800	+7.770e+02	+6.032e+03	+8.659e+03	+0.886
4.900	-1.099e+02	+8.431e+03	+6.007e+03	+1.013
5.000	+4.333e+02	+7.816e+03	+5.916e+03	+0.947
5.100	+1.615e+03	+7.239e+03	+7.555e+03	+0.818
5.200	-5.437e+02	+5.443e+03	+6.174e+03	+1.111
5.300	-8.285e+02	+6.803e+03	+7.062e+03	+1.139
5.400	+1.063e+03	+6.188e+03	+8.159e+03	+0.853
5.500	+2.137e+02	+5.578e+03	+5.564e+03	+0.963
5.600	-4.401e+01	+5.830e+03	+7.051e+03	+1.008
5.700	-8.295e+02	+6.367e+03	+6.148e+03	+1.150
5.800	+1.380e+03	+5.757e+03	+6.511e+03	+0.807
5.900	+2.257e+02	+6.211e+03	+7.896e+03	+0.965
6.000	+4.675e+01	+7.968e+03	+6.473e+03	+0.994
6.100	+1.853e+03	+7.052e+03	+5.795e+03	+0.792
6.200	+8.405e+02	+7.065e+03	+8.157e+03	+0.894
6.300	+1.835e+03	+6.860e+03	+7.755e+03	+0.789
6.400	-1.850e+02	+6.164e+03	+8.090e+03	+1.031
6.500	+1.883e+03	+5.313e+03	+5.356e+03	+0.738
6.600	-2.757e+02	+6.063e+03	+6.671e+03	+1.048
6.700	+1.860e+03	+6.953e+03	+6.507e+03	+0.789
6.800	+1.217e+03	+7.047e+03	+6.847e+03	+0.853
6.900	+4.594e+00	+8.544e+03	+7.423e+03	+0.999
7.000	+6.600e+02	+7.150e+03	+7.920e+03	+0.915
7.100	+7.831e+02	+7.369e+03	+7.583e+03	+0.904
7.200	+2.203e+02	+7.673e+03	+8.250e+03	+0.972
7.300	+9.754e+02	+7.981e+03	+7.008e+03	+0.891
7.400	-1.110e+03	+7.111e+03	+6.224e+03	+1.185
7.500	+9.147e+00	+6.439e+03	+6.742e+03	+0.999
7.600	+1.648e+03	+5.213e+03	+8.085e+03	+0.760
7.700	+5.031e+03	+7.814e+01	+8.186e+03	+0.015
7.800	+6.428e+03	+2.863e+03	+7.663e+03	+0.308
7.900	+6.206e+03	+1.347e+03	+7.097e+03	+0.178
8.000	+8.198e+03	+3.013e+02	+8.844e+03	+0.035
8.100	+6.917e+03	+8.139e+02	+7.776e+03	+0.105
8.200	+6.532e+03	+1.299e+03	+6.247e+03	+0.166
8.300	+7.310e+03	+5.467e+02	+1.020e+04	+0.070
8.400	+6.759e+03	+4.152e+02	+6.365e+03	+0.058
8.500	+8.333e+03	+5.311e+02	+6.932e+03	+0.060
8.600	+6.912e+03	+2.121e+03	+7.455e+03	+0.235
8.700	+7.635e+03	+1.744e+03	+7.133e+03	+0.186
8.800	+8.130e+03	+8.356e+02	+6.470e+03	+0.093
8.900	+6.704e+03	+1.028e+03	+5.778e+03	+0.133
9.000	+6.172e+03	+1.770e+02	+7.859e+03	+0.028
9.100	+4.367e+03	+3.128e+03	+8.427e+03	+0.417
9.200	+3.707e+03	+3.502e+03	+7.241e+03	+0.486
9.300	+4.071e+03	+8.937e+02	+6.647e+03	+0.180
9.400	+3.459e+03	+2.966e+03	+8.783e+03	+0.462
9.500	+3.695e+03	+3.606e+03	+6.981e+03	+0.494
9.600	+3.391e+03	+5.039e+03	+9.004e+03	+0.598
9.700	+9.862e+02	+6.560e+03	+8.352e+03	+0.869
9.800	-2.976e+02	+6.725e+03	+7.618e+03	+1.046
9.900	+1.338e+03	+6.478e+03	+7.010e+03	+0.829
10.000	+9.965e+01	+8.538e+03	+7.128e+03	+0.988
10.100	+1.620e+03	+7.274e+03	+6.388e+03	+0.818
10.200	-2.130e+02	+9.340e+03	+7.645e+03	+1.023
10.300	+1.891e+03	+5.101e+03	+8.138e+03	+0.730
10.400	+5.218e+02	+5.817e+03	+5.614e+03	+0.918
10.500	+9.876e+02	+7.557e+03	+8.735e+03	+0.884
10.600	+4.944e+02	+6.859e+03	+7.952e+03	+0.933
10.700	-2.967e+01	+7.665e+03	+7.938e+03	+1.004
10.800	+2.735e+03	+6.192e+03	+8.078e+03	+0.694
10.900	+5.033e+03	+5.015e+03	+7.692e+03	+0.499
11.000	+3.979e+03	+3.556e+03	+6.008e+03	+0.472
11.100	+3.670e+03	+2.942e+03	+7.176e+03	+0.445
11.200	+3.137e+03	+3.143e+03	+5.771e+03	+0.500
11.300	+2.723e+03	+3.923e+03	+6.735e+03	+0.590
11.400	+3.380e+03	+4.886e+03	+7.175e+03	+0.591
11.500	+2.907e+03	+3.896e+03	+9.532e+03	+0.573
11.600	+4.378e+03	+5.703e+03	+4.378e+03	+0.566
11.700	+3.864e+03	+5.300e+03	+6.410e+03	+0.578
11.800	+4.423e+03	+4.649e+03	+6.544e+03	+0.512
11.900	+3.130e+03	+2.909e+03	+5.558e+03	+0.482
12.000	+3.998e+03	+4.261e+03	+5.774e+03	+0.516
12.100	+3.399e+03	+5.619e+03	+6.455e+03	+0.623
12.200	+4.880e+03	+5.170e+03	+7.722e+03	+0.514
12.300	+1.644e+03	+3.701e+03	+5.777e+03	+0.692
12.400	+2.504e+03	+4.569e+03	+7.093e+03	+0.646
12.500	+2.660e+02	+5.648e+03	+8.333e+03	+0.955
12.600	+8.804e+01	+6.112e+03	+5.721e+03	+0.986
12.700	+1.106e+03	+7.126e+03	+6.460e+03	+0.866
12.800	+3.289e+03	+4.715e+03	+7.484e+03	+0.589
12.900	+7.224e+03	+1.999e+03	+9.067e+03	+0.217
13.000	+4.838e+03	+1.472e+03	+9.047e+03	+0.233
13.100	+6.076e+03	+1.104e+03	+7.583e+03	+0.154
13.200	+6.883e+03	+1.692e+03	+6.230e+03	+0.197
13.300	+7.227e+03	+1.682e+03	+7.712e+03	+0.189
13.400	+7.219e+03	+9.660e+01	+8.420e+03	+0.013
13.500	+8.549e+03	+1.511e+03	+8.065e+03	+0.150
13.600	+7.281e+03	-9.080e+01	+7.339e+03	-0.013
13.700	+2.930e+03	+4.318e+03	+8.751e+03	+0.596
13.800	+1.692e+03	+7.485e+03	+6.746e+03	+0.816
13.900	+1.124e+03	+5.499e+03	+7.087e+03	+0.830
14.000	+9.356e+02	+6.322e+03	+6.408e+03	+0.871
14.100	+1.160e+03	+5.472e+03	+7.093e+03	+0.825
14.200	+4.249e+03	+2.847e+03	+7.560e+03	+0.401
14.300	+4.153e+03	+4.036e+03	+7.065e+03	+0.493
14.400	+3.643e+03	+3.495e+03	+5.423e+03	+0.490
14.500	+4.481e+03	+4.318e+03	+6.738e+03	+0.491
14.600	+3.688e+03	+4.033e+03	+7.498e+03	+0.522
14.700	+3.683e+03	+3.747e+03	+7.688e+03	+0.504
14.800	+3.272e+03	+4.237e+03	+5.264e+03	+0.564
14.900	+4.341e+03	+4.498e+03	+7.562e+03	+0.509
15.000	+4.186e+03	+3.995e+03	+6.945e+03	+0.488
15.100	+5.309e+03	+3.746e+03	+6.012e+03	+0.414
15.200	+3.456e+03	+2.593e+03	+7.995e+03	+0.429
15.300	+3.618e+03	+3.562e+03	+8.360e+03	+0.496
15.400	+3.992e+03	+2.571e+03	+6.706e+03	+0.392
15.500	+3.601e+03	+3.851e+03	+5.694e+03	+0.517
15.600	+2.827e+03	+4.027e+03	+7.865e+03	+0.588
15.700	+3.042e+03	+4.248e+03	+7.062e+03	+0.583
15.800	+5.419e+03	+4.323e+03	+5.807e+03	+0.444
15.900	+3.988e+03	+3.098e+03	+6.902e+03	+0.437
16.000	+2.794e+03	+4.650e+03	+6.070e+03	+0.625
16.100	+4.707e+03	+3.928e+03	+7.451e+03	+0.455
16.200	+5.124e+03	+3.642e+03	+7.157e+03	+0.415
16.300	+3.338e+03	+3.282e+03	+7.214e+03	+0.496
16.400	+3.215e+03	+4.845e+03	+8.914e+03	+0.601
16.500	+3.723e+03	+2.879e+03	+7.397e+03	+0.436
16.600	+3.576e+03	+3.792e+03	+8.935e+03	+0.515
16.700	+3.748e+03	+4.124e+03	+6.782e+03	+0.524
16.800	+2.997e+03	+4.254e+03	+6.703e+03	+0.587
16.900	+3.573e+03	+4.052e+03	+6.461e+03	+0.531
17.000	+4.013e+03	+3.465e+03	+6.794e+03	+0.463
17.100	+4.332e+03	+3.903e+03	+6.193e+03	+0.474
17.200	+5.301e+03	+4.415e+03	+8.868e+03	+0.454
17.300	+4.438e+03	+4.620e+03	+9.125e+03	+0.510
17.400	+4.257e+03	+3.389e+03	+5.633e+03	+0.443
17.500	+4.201e+03	+3.625e+03	+7.813e+03	+0.463
17.600	+2.995e+03	+5.077e+03	+7.092e+03	+0.629
17.700	+3.551e+03	+5.219e+03	+7.595e+03	+0.595
17.800	+3.823e+03	+4.906e+03	+8.540e+03	+0.562
17.900	+3.613e+03	+4.191e+03	+7.203e+03	+0.537
18.000	+3.645e+03	+3.571e+03	+8.293e+03	+0.495
18.100	+3.945e+03	+4.813e+03	+4.894e+03	+0.550
18.200	+3.719e+03	+2.814e+03	+7.584e+03	+0.431
18.300	+2.978e+03	+4.377e+03	+6.563e+03	+0.595
18.400	+5.140e+03	+4.667e+03	+5.888e+03	+0.476
18.500	+2.677e+03	+4.813e+03	+8.055e+03	+0.643
18.600	+3.764e+03	+4.215e+03	+8.121e+03	+0.528
18.700	+3.250e+03	+4.455e+03	+7.096e+03	+0.578
18.800	+3.820e+03	+4.793e+03	+7.648e+03	+0.556
18.900	+2.513e+03	+2.717e+03	+6.598e+03	+0.519
19.000	+3.458e+03	+2.854e+03	+9.001e+03	+0.452
19.100	+3.490e+03	+5.061e+03	+7.549e+03	+0.592
19.200	+3.735e+03	+4.756e+03	+9.366e+03	+0.560
19.300	+3.930e+03	+3.817e+03	+6.868e+03	+0.493
19.400	+4.242e+03	+3.372e+03	+8.511e+03	+0.443
19.500	+2.564e+03	+5.029e+03	+7.251e+03	+0.662
19.600	+4.599e+03	+3.805e+03	+8.620e+03	+0.453
19.700	+4.642e+03	+4.195e+03	+5.144e+03	+0.475
19.800	+3.126e+03	+4.189e+03	+6.429e+03	+0.573
19.900	+2.601e+03	+3.856e+03	+6.623e+03	+0.597
20.000	+2.337e+03	+4.157e+03	+7.443e+03	+0.640
20.100	+4.360e+03	+3.476e+03	+7.716e+03	+0.444
20.200	+3.045e+03	+3.510e+03	+6.864e+03	+0.535
20.300	+2.944e+03	+4.990e+03	+7.586e+03	+0.629
20.400	+2.583e+03	+4.159e+03	+7.572e+03	+0.617
20.500	+2.405e+03	+4.328e+03	+6.107e+03	+0.643
20.600	+3.605e+03	+4.773e+03	+7.547e+03	+0.570
20.700	+3.200e+03	+4.194e+03	+7.636e+03	+0.567
20.800	+2.388e+03	+4.049e+03	+9.693e+03	+0.629
20.900	+3.487e+03	+4.190e+03	+7.619e+03	+0.546
21.000	+5.212e+03	+5.016e+03	+8.245e+03	+0.490
21.100	+2.971e+03	+3.680e+03	+7.777e+03	+0.553
21.200	+3.163e+03	+2.822e+03	+6.387e+03	+0.471
21.300	+3.772e+03	+4.047e+03	+6.451e+03	+0.518
21.400	+2.450e+03	+5.246e+03	+7.778e+03	+0.682
21.500	+4.059e+03	+4.760e+03	+8.438e+03	+0.540
21.600	+3.040e+03	+3.800e+03	+8.343e+03	+0.556
21.700	+3.945e+03	+4.005e+03	+6.304e+03	+0.504
21.800	+4.299e+03	+6.330e+03	+8.738e+03	+0.596
21.900	+4.288e+03	+3.889e+03	+7.450e+03	+0.476
22.000	+4.486e+03	+5.218e+03	+6.076e+03	+0.538
22.100	+4.896e+03	+4.060e+03	+7.369e+03	+0.453
22.200	+4.019e+03	+3.965e+03	+7.867e+03	+0.497
22.300	+3.698e+03	+3.797e+03	+8.834e+03	+0.507
22.400	+3.660e+03	+4.114e+03	+6.712e+03	+0.529
22.500	+4.405e+03	+5.176e+03	+5.855e+03	+0.540
22.600	+4.367e+03	+3.792e+03	+8.169e+03	+0.465
22.700	+4.796e+03	+4.390e+03	+7.929e+03	+0.478
22.800	+4.861e+03	+4.635e+03	+6.155e+03	+0.488
22.900	+2.891e+03	+4.514e+03	+8.484e+03	+0.610
23.000	+3.434e+03	+4.114e+03	+5.976e+03	+0.545
23.100	+3.357e+03	+4.519e+03	+6.252e+03	+0.574
23.200	+4.649e+03	+3.327e+03	+6.951e+03	+0.417
23.300	+3.096e+03	+4.766e+03	+3.811e+03	+0.606
23.400	+4.418e+03	+4.631e+03	+8.024e+03	+0.512
23.500	+3.389e+03	+3.783e+03	+6.866e+03	+0.527
23.600	+4.858e+03	+4.575e+03	+7.847e+03	+0.485
23.700	+4.181e+03	+4.121e+03	+8.646e+03	+0.496
23.800	+3.509e+03	+4.035e+03	+8.008e+03	+0.535
23.900	+3.398e+03	+3.569e+03	+8.540e+03	+0.512
24.000	+4.386e+03	+3.894e+03	+6.095e+03	+0.470
24.100	+2.702e+03	+3.770e+03	+7.814e+03	+0.582
24.200	+3.771e+03	+4.304e+03	+6.622e+03	+0.533
24.300	+3.448e+03	+4.063e+03	+7.268e+03	+0.541
24.400	+4.020e+03	+4.427e+03	+8.220e+03	+0.524
24.500	+3.051e+03	+3.910e+03	+6.706e+03	+0.562
24.600	+3.215e+03	+4.787e+03	+7.984e+03	+0.598
24.700	+4.153e+03	+3.979e+03	+6.208e+03	+0.489
24.800	+3.591e+03	+3.459e+03	+7.402e+03	+0.491
24.900	+3.514e+03	+4.643e+03	+5.357e+03	+0.569
25.000	+3.557e+03	+4.369e+03	+5.256e+03	+0.551
25.100	+3.176e+03	+4.802e+03	+8.563e+03	+0.602
25.200	+3.265e+03	+3.603e+03	+7.910e+03	+0.525
25.300	+2.593e+03	+3.859e+03	+5.527e+03	+0.598
25.400	+5.168e+03	+2.612e+03	+6.688e+03	+0.336
25.500	+3.643e+03	+3.468e+03	+8.053e+03	+0.488
25.600	+3.490e+03	+3.264e+03	+7.667e+03	+0.483
25.700	+3.369e+03	+3.074e+03	+7.321e+03	+0.477
25.800	+3.516e+03	+3.969e+03	+6.001e+03	+0.530
25.900	+3.761e+03	+3.391e+03	+6.745e+03	+0.474
26.000	+3.745e+03	+3.378e+03	+5.640e+03	+0.474
26.100	+2.754e+03	+3.822e+03	+8.012e+03	+0.581
26.200	+4.363e+03	+4.327e+03	+7.981e+03	+0.498
26.300	+4.715e+03	+3.539e+03	+7.257e+03	+0.429
26.400	+2.226e+03	+5.128e+03	+7.264e+03	+0.697
26.500	+3.618e+03	+5.233e+03	+6.187e+03	+0.591
26.600	+3.480e+03	+5.677e+03	+9.122e+03	+0.620
26.700	+3.657e+03	+5.516e+03	+7.234e+03	+0.601
26.800	+4.252e+03	+4.601e+03	+7.291e+03	+0.520
26.900	+3.970e+03	+4.576e+03	+7.499e+03	+0.535
27.000	+4.616e+03	+4.086e+03	+8.197e+03	+0.470
27.100	+4.635e+03	+3.926e+03	+6.197e+03	+0.459
27.200	+3.540e+03	+4.816e+03	+5.690e+03	+0.576
27.300	+3.434e+03	+3.613e+03	+7.480e+03	+0.513
27.400	+3.986e+03	+4.414e+03	+7.904e+03	+0.525
27.500	+2.990e+03	+4.575e+03	+7.280e+03	+0.605
27.600	+3.763e+03	+3.380e+03	+6.555e+03	+0.473
27.700	+8.125e+03	+5.290e+02	+7.237e+03	+0.061
27.800	+8.022e+03	+1.781e+02	+5.151e+03	+0.022
27.900	+6.172e+03	+3.366e+03	+7.504e+03	+0.353
28.000	+1.131e+03	+8.675e+03	+7.180e+03	+0.885
28.100	+5.895e+02	+6.289e+03	+7.918e+03	+0.914
28.200	+1.235e+03	+6.053e+03	+7.176e+03	+0.831
28.300	+2.871e+02	+7.788e+03	+6.767e+03	+0.964
28.400	+1.119e+03	+5.256e+03	+7.418e+03	+0.825
28.500	+3.167e+02	+7.773e+03	+5.564e+03	+0.961
28.600	+2.795e+02	+6.516e+03	+8.151e+03	+0.959
28.700	+9.145e+01	+7.091e+03	+6.354e+03	+0.987
28.800	-5.664e+02	+7.213e+03	+7.458e+03	+1.085
28.900	+5.743e+02	+8.430e+03	+6.815e+03	+0.936
29.000	-2.381e+01	+7.091e+03	+5.859e+03	+1.003
29.100	+1.893e+03	+7.198e+03	+8.231e+03	+0.792
29.200	-5.818e+01	+5.863e+03	+7.740e+03	+1.010
29.300	+6.956e+02	+6.650e+03	+5.506e+03	+0.905
29.400	+5.337e+02	+6.070e+03	+6.485e+03	+0.919
29.500	+1.368e+03	+5.870e+03	+6.441e+03	+0.811
29.600	+4.103e+02	+7.800e+03	+6.003e+03	+0.950
29.700	+5.175e+02	+8.362e+03	+6.009e+03	+0.942
29.800	+9.111e+02	+5.365e+03	+9.339e+03	+0.855
29.900	+5.324e+02	+7.725e+03	+7.979e+03	+0.936
30.000	+7.140e+02	+9.311e+03	+6.686e+03	+0.929
30.100	+1.488e+02	+7.658e+03	+7.011e+03	+0.981
30.200	+1.321e+03	+5.389e+03	+8.367e+03	+0.803
30.300	+6.094e+02	+5.714e+03	+7.334e+03	+0.904
30.400	+1.076e+03	+5.397e+03	+7.968e+03	+0.834
30.500	-8.135e+02	+7.052e+03	+8.095e+03	+1.130
30.600	+2.749e+02	+7.293e+03	+7.751e+03	+0.964
30.700	-8.119e+00	+6.945e+03	+7.701e+03	+1.001
30.800	+3.257e+02	+8.287e+03	+6.720e+03	+0.962
30.900	+1.247e+03	+6.895e+03	+6.235e+03	+0.847
31.000	+8.200e+02	+7.800e+03	+6.344e+03	+0.905
31.100	+2.494e+02	+7.790e+03	+9.292e+03	+0.969
31.200	+1.315e+03	+7.270e+03	+7.625e+03	+0.847
31.300	+1.201e+03	+6.610e+03	+8.718e+03	+0.846
31.400	-7.370e+02	+6.271e+03	+7.438e+03	+1.133
31.500	+4.692e+01	+6.563e+03	+8.168e+03	+0.993
31.600	+2.310e+02	+8.281e+03	+8.001e+03	+0.973
31.700	+1.400e+02	+5.988e+03	+6.895e+03	+0.977
31.800	+2.271e+02	+6.989e+03	+6.204e+03	+0.969
31.900	-2.121e+02	+7.988e+03	+6.531e+03	+1.027
32.000	+5.507e+02	+6.862e+03	+6.542e+03	+0.926
32.100	+1.382e+03	+6.675e+03	+7.537e+03	+0.828
32.200	+7.060e+02	+6.071e+03	+6.764e+03	+0.896
32.300	+1.332e+02	+7.517e+03	+6.020e+03	+0.983
32.400	+1.666e+03	+8.321e+03	+6.831e+03	+0.833
32.500	+3.469e+03	+5.681e+03	+8.148e+03	+0.621
32.600	+7.540e+03	+1.077e+03	+5.933e+03	+0.125
32.700	+7.796e+03	+6.759e+02	+6.999e+03	+0.080
32.800	+6.642e+03	+1.065e+03	+6.379e+03	+0.138
32.900	+7.525e+03	+1.190e+03	+7.034e+03	+0.137
33.000	+1.076e+03	+7.003e+03	+6.665e+03	+0.867
33.100	-1.173e+02	+8.684e+03	+6.506e+03	+1.014
33.200	+3.721e+02	+7.511e+03	+8.785e+03	+0.953
33.300	+9.449e+02	+8.216e+03	+7.559e+03	+0.897
33.400	+2.321e+03	+7.837e+03	+7.648e+03	+0.772
33.500	+8.459e+02	+8.577e+03	+6.859e+03	+0.910
33.600	+9.808e+02	+6.290e+03	+6.294e+03	+0.865
33.700	+2.522e+02	+7.347e+03	+6.826e+03	+0.967
33.800	+1.760e+02	+7.484e+03	+7.324e+03	+0.977
33.900	+2.381e+02	+7.842e+03	+5.982e+03	+0.971
34.000	+6.798e+02	+6.174e+03	+5.830e+03	+0.901
34.100	+4.308e+02	+5.999e+03	+9.046e+03	+0.933
34.200	+1.313e+03	+6.233e+03	+8.207e+03	+0.826
34.300	+8.567e+02	+6.914e+03	+6.313e+03	+0.890
34.400	-4.221e+01	+7.087e+03	+6.506e+03	+1.006
34.500	+1.939e+02	+8.826e+03	+7.508e+03	+0.979
34.600	+1.423e+03	+6.252e+03	+6.524e+03	+0.815
34.700	+6.236e+03	-9.562e+02	+7.873e+03	-0.181
34.800	+6.894e+03	+3.946e+01	+8.114e+03	+0.006
34.900	+7.303e+03	+2.775e+02	+6.179e+03	+0.037
35.000	+6.061e+03	+1.871e+03	+4.553e+03	+0.236
35.100	+1.411e+03	+7.699e+03	+6.801e+03	+0.845
35.200	+3.720e+03	+5.097e+03	+7.192e+03	+0.578
35.300	+7.703e+03	+2.480e+03	+6.240e+03	+0.244
35.400	+8.758e+03	+1.112e+03	+8.359e+03	+0.113
35.500	+5.675e+03	+1.083e+03	+5.642e+03	+0.160
35.600	+7.425e+03	+1.040e+03	+6.167e+03	+0.123
35.700	+5.245e+03	+1.010e+03	+7.521e+03	+0.161
35.800	+6.681e+03	+2.444e+03	+7.373e+03	+0.268
35.900	+4.102e+03	+3.896e+03	+7.438e+03	+0.487
36.000	+6.198e+03	+5.229e+03	+7.883e+03	+0.458
36.100	+4.445e+03	+4.184e+03	+6.286e+03	+0.485
36.200	+4.351e+03	+3.677e+03	+4.536e+03	+0.458
36.300	+4.219e+03	+3.763e+03	+9.716e+03	+0.471
36.400	+5.210e+03	+3.234e+03	+5.021e+03	+0.383
36.500	+3.058e+03	+3.323e+03	+8.804e+03	+0.521
36.600	+4.244e+03	+4.919e+03	+7.220e+03	+0.537
36.700	+4.617e+03	+3.831e+03	+7.459e+03	+0.453
36.800	+4.032e+03	+4.177e+03	+7.855e+03	+0.509
36.900	+3.536e+03	+5.084e+03	+8.949e+03	+0.590
37.000	+4.478e+03	+4.364e+03	+7.689e+03	+0.494
37.100	+5.723e+03	+4.178e+03	+7.709e+03	+0.422
37.200	+2.415e+03	+3.267e+03	+6.917e+03	+0.575
37.300	+4.460e+03	+4.136e+03	+6.004e+03	+0.481
37.400	+3.164e+03	+3.873e+03	+7.040e+03	+0.550
37.500	+3.363e+03	+3.928e+03	+6.406e+03	+0.539
37.600	+3.864e+03	+4.853e+03	+7.740e+03	+0.557
37.700	+3.717e+03	+4.336e+03	+6.308e+03	+0.538
37.800	+3.789e+03	+4.532e+03	+5.890e+03	+0.545
37.900	+4.452e+03	+4.046e+03	+6.303e+03	+0.476
38.000	+4.588e+03	+3.008e+03	+7.187e+03	+0.396
38.100	+3.437e+03	+3.721e+03	+6.202e+03	+0.520
38.200	+3.698e+03	+4.337e+03	+4.260e+03	+0.540
38.300	+2.535e+03	+4.054e+03	+7.426e+03	+0.615
38.400	+3.093e+03	+3.067e+03	+6.501e+03	+0.498
38.500	+4.089e+03	+3.882e+03	+7.498e+03	+0.487
38.600	+4.780e+03	+4.090e+03	+5.918e+03	+0.461
38.700	+3.548e+03	+5.557e+03	+7.320e+03	+0.610
38.800	+3.544e+03	+3.669e+03	+7.239e+03	+0.509
38.900	+4.659e+03	+4.356e+03	+7.405e+03	+0.483
39.000	+4.840e+03	+4.625e+03	+6.513e+03	+0.489
39.100	+3.235e+03	+3.061e+03	+7.864e+03	+0.486
39.200	+4.362e+03	+2.923e+03	+7.085e+03	+0.401
39.300	+4.037e+03	+4.391e+03	+6.884e+03	+0.521
39.400	+5.593e+03	+1.810e+03	+7.622e+03	+0.245
39.500	+1.396e+03	+6.555e+03	+8.490e+03	+0.824
39.600	+1.431e+02	+6.960e+03	+6.450e+03	+0.980
39.700	+1.335e+03	+7.570e+03	+6.645e+03	+0.850
39.800	+5.908e+03	+1.088e+03	+6.386e+03	+0.155
39.900	+7.077e+03	-5.556e+01	+6.006e+03	-0.008
40.000	+7.861e+03	+1.055e+03	+6.588e+03	+0.118
40.100	+8.802e+03	+5.013e+02	+7.856e+03	+0.054
40.200	+6.281e+03	+8.029e+02	+8.319e+03	+0.113
40.300	+7.383e+03	+6.951e+02	+7.862e+03	+0.086
40.400	+8.083e+03	+1.250e+03	+8.339e+03	+0.134
40.500	+5.850e+03	+1.008e+03	+5.784e+03	+0.147
40.600	+6.859e+03	-7.644e+02	+7.116e+03	-0.125
40.700	+7.544e+03	+1.363e+03	+7.216e+03	+0.153
40.800	+9.124e+03	+1.021e+03	+6.321e+03	+0.101
40.900	+6.974e+03	+8.080e+02	+6.316e+03	+0.104
41.000	+5.210e+03	+1.100e+03	+7.522e+03	+0.174
41.100	+7.373e+03	+1.315e+03	+7.525e+03	+0.151
41.200	+5.843e+03	+1.814e+03	+7.511e+03	+0.237
41.300	+7.219e+03	+2.903e+02	+6.651e+03	+0.039
41.400	+7.546e+03	+1.840e+03	+7.031e+03	+0.196
41.500	+6.105e+03	+1.002e+03	+7.453e+03	+0.141
41.600	+7.431e+03	+8.668e+02	+8.370e+03	+0.104
41.700	+8.253e+03	-4.285e+02	+7.315e+03	-0.055
41.800	+8.346e+03	+1.724e+03	+7.008e+03	+0.171
41.900	+6.183e+03	+1.012e+03	+5.545e+03	+0.141
42.000	+6.559e+03	-3.393e+01	+5.231e+03	-0.005
42.100	+8.168e+03	+1.357e+03	+6.043e+03	+0.142
42.200	+6.660e+03	+1.620e+03	+7.566e+03	+0.196
42.300	+6.040e+03	+2.429e+02	+6.385e+03	+0.039
42.400	+7.328e+03	+1.830e+03	+6.854e+03	+0.200
42.500	+7.179e+03	+4.976e+02	+7.625e+03	+0.065
42.600	+8.266e+03	+9.508e+02	+6.677e+03	+0.103
42.700	+6.332e+03	+5.387e+02	+8.237e+03	+0.078
42.800	+6.447e+03	+1.535e+03	+7.074e+03	+0.192
42.900	+6.201e+03	+9.353e+02	+6.195e+03	+0.131
43.000	+7.189e+03	+1.469e+03	+7.740e+03	+0.170
43.100	+8.146e+03	-1.312e+02	+8.594e+03	-0.016
43.200	+6.304e+03	+1.295e+03	+8.180e+03	+0.170
43.300	+6.437e+03	+1.236e+03	+7.213e+03	+0.161
43.400	+6.622e+03	+1.108e+03	+7.762e+03	+0.143
43.500	+2.498e+03	+4.511e+03	+7.658e+03	+0.644
43.600	+4.121e+03	+3.006e+03	+6.692e+03	+0.422
43.700	+2.397e+03	+5.303e+03	+7.442e+03	+0.689
43.800	+1.377e+03	+8.262e+03	+6.956e+03	+0.857
43.900	+9.805e+02	+7.118e+03	+7.707e+03	+0.879
44.000	+2.183e+03	+7.891e+03	+6.454e+03	+0.783
44.100	+1.023e+03	+8.745e+03	+6.333e+03	+0.895
44.200	+2.571e+01	+6.946e+03	+6.377e+03	+0.996
44.300	+3.604e+02	+7.052e+03	+8.682e+03	+0.951
44.400	-3.552e+02	+6.837e+03	+6.048e+03	+1.055
44.500	+8.033e+02	+6.649e+03	+6.160e+03	+0.892
44.600	-1.501e+03	+8.002e+03	+7.519e+03	+1.231
44.700	+1.947e+01	+6.061e+03	+9.648e+03	+0.997
44.800	+6.830e+02	+7.198e+03	+6.034e+03	+0.913
44.900	+1.890e+03	+8.729e+03	+6.630e+03	+0.822
45.000	+6.181e+02	+8.725e+03	+7.517e+03	+0.934
45.100	-1.473e+03	+5.860e+03	+7.186e+03	+1.336
45.200	+7.210e+02	+6.596e+03	+8.725e+03	+0.901
45.300	+4.334e+02	+7.664e+03	+6.441e+03	+0.946
45.400	+5.843e+02	+7.567e+03	+9.289e+03	+0.928
45.500	+8.063e+02	+8.321e+03	+7.894e+03	+0.912
45.600	+1.140e+02	+6.750e+03	+6.654e+03	+0.983
45.700	+1.644e+03	+6.351e+03	+6.408e+03	+0.794
45.800	+9.745e+02	+7.163e+03	+7.183e+03	+0.880
45.900	+4.197e+02	+7.312e+03	+5.357e+03	+0.946
46.000	+9.083e+02	+7.317e+03	+8.561e+03	+0.890
46.100	+1.352e+02	+6.895e+03	+6.973e+03	+0.981
46.200	+9.918e+02	+9.497e+03	+5.652e+03	+0.905
46.300	+3.923e+02	+7.645e+03	+8.081e+03	+0.951
46.400	+2.288e+03	+6.959e+03	+8.302e+03	+0.753
46.500	-5.354e+02	+7.924e+03	+5.314e+03	+1.072
46.600	+7.934e+01	+5.581e+03	+7.219e+03	+0.986
46.700	+2.775e+02	+6.823e+03	+9.166e+03	+0.961
46.800	+1.919e+02	+5.534e+03	+6.990e+03	+0.966
46.900	+1.008e+02	+5.715e+03	+5.951e+03	+0.983
47.000	+8.533e+02	+7.113e+03	+7.241e+03	+0.893
47.100	+2.760e+02	+6.703e+03	+5.615e+03	+0.960
47.200	-1.265e+02	+7.581e+03	+7.386e+03	+1.017
47.300	+3.855e+02	+5.398e+03	+7.338e+03	+0.933
47.400	+8.172e+02	+7.050e+03	+9.023e+03	+0.896
47.500	+5.330e+02	+7.402e+03	+7.949e+03	+0.933
47.600	+2.201e+03	+6.860e+03	+7.902e+03	+0.757
47.700	+7.632e+02	+6.243e+03	+5.875e+03	+0.891
47.800	+1.590e+02	+7.577e+03	+7.592e+03	+0.979
47.900	+2.078e+03	+6.471e+03	+6.638e+03	+0.757
48.000	+1.375e+03	+7.437e+03	+7.859e+03	+0.844
48.100	+5.993e+02	+7.073e+03	+4.740e+03	+0.922
48.200	+8.586e+02	+7.956e+03	+6.479e+03	+0.903
48.300	-2.585e+02	+7.472e+03	+8.278e+03	+1.036
48.400	+1.070e+03	+6.803e+03	+7.515e+03	+0.864
48.500	+2.174e+02	+7.536e+03	+6.576e+03	+0.972
48.600	+2.236e+02	+8.122e+03	+7.738e+03	+0.973
48.700	+5.251e+03	+2.707e+03	+5.510e+03	+0.340
48.800	+6.006e+03	+1.732e+03	+6.162e+03	+0.224
48.900	+7.323e+03	+2.006e+03	+7.678e+03	+0.215
49.000	+8.507e+03	+4.141e+02	+6.863e+03	+0.046
49.100	+7.137e+03	+8.520e+02	+8.301e+03	+0.107
49.200	+6.577e+03	+1.022e+03	+8.273e+03	+0.135
49.300	+6.689e+03	+1.423e+03	+7.490e+03	+0.175
49.400	+6.825e+03	+6.183e+02	+7.405e+03	+0.083
49.500	+6.671e+03	+2.481e+02	+5.463e+03	+0.036
49.600	+6.741e+03	+5.460e+02	+7.200e+03	+0.075
49.700	+7.350e+03	+1.912e+03	+7.517e+03	+0.206
49.800	+6.144e+03	+9.638e+01	+6.802e+03	+0.015
49.900	+5.755e+03	+1.300e+03	+7.677e+03	+0.184
50.000	+6.194e+03	+7.512e+02	+6.777e+03	+0.108
50.100	+2.824e+03	+5.213e+03	+6.836e+03	+0.649
50.200	-5.044e+02	+6.443e+03	+6.880e+03	+1.085
50.300	+4.778e+02	+7.598e+03	+5.792e+03	+0.941
50.400	+5.656e+02	+8.270e+03	+9.709e+03	+0.936
50.500	+2.719e+02	+8.115e+03	+7.113e+03	+0.968
50.600	+2.195e+02	+9.178e+03	+7.388e+03	+0.977
50.700	+8.818e+01	+7.128e+03	+4.725e+03	+0.988
50.800	-3.376e+02	+6.871e+03	+7.796e+03	+1.052
50.900	+5.594e+02	+7.018e+03	+8.769e+03	+0.926
51.000	+7.726e+02	+5.953e+03	+7.747e+03	+0.885
51.100	-1.428e+02	+7.028e+03	+6.946e+03	+1.021
51.200	+8.029e+02	+7.723e+03	+6.009e+03	+0.906
51.300	+1.926e+03	+5.565e+03	+5.419e+03	+0.743
51.400	+4.205e+03	+4.039e+03	+8.061e+03	+0.490
51.500	+2.946e+03	+4.301e+03	+8.238e+03	+0.594
51.600	+3.927e+03	+2.076e+03	+8.374e+03	+0.346
51.700	+4.221e+03	+3.742e+03	+6.950e+03	+0.470
51.800	+4.088e+03	+4.984e+03	+6.549e+03	+0.549
51.900	+4.037e+03	+4.096e+03	+7.130e+03	+0.504
52.000	+4.587e+03	+2.851e+03	+6.259e+03	+0.383
52.100	+2.555e+03	+4.871e+03	+9.589e+03	+0.656
52.200	+3.927e+03	+4.467e+03	+7.348e+03	+0.532
52.300	+3.993e+03	+4.343e+03	+5.328e+03	+0.521
52.400	+2.684e+03	+4.821e+03	+8.191e+03	+0.642
52.500	+3.592e+03	+4.443e+03	+8.318e+03	+0.553
52.600	+4.050e+03	+4.405e+03	+7.996e+03	+0.521
52.700	+3.376e+03	+3.875e+03	+5.059e+03	+0.534
52.800	+3.923e+03	+4.860e+03	+8.074e+03	+0.553
52.900	+4.374e+03	+4.051e+03	+7.000e+03	+0.481
53.000	+3.758e+03	+2.979e+03	+8.413e+03	+0.442
53.100	+2.941e+03	+4.930e+03	+6.686e+03	+0.626
53.200	+3.265e+03	+4.146e+03	+8.253e+03	+0.559
53.300	+3.351e+03	+4.495e+03	+8.289e+03	+0.573
53.400	+2.721e+03	+4.006e+03	+6.706e+03	+0.596
53.500	+2.700e+03	+4.397e+03	+6.406e+03	+0.620
53.600	+1.325e+03	+4.642e+03	+7.292e+03	+0.778
53.700	-6.853e+02	+6.227e+03	+7.629e+03	+1.124
53.800	+1.002e+03	+5.516e+03	+6.780e+03	+0.846
53.900	+5.338e+02	+8.198e+03	+6.845e+03	+0.939
54.000	+1.790e+03	+6.535e+03	+5.749e+03	+0.785
54.100	-1.282e+03	+8.458e+03	+7.389e+03	+1.179
54.200	+4.395e+02	+6.423e+03	+6.456e+03	+0.936
54.300	+7.839e+02	+7.611e+03	+8.857e+03	+0.907
54.400	+4.797e+02	+6.437e+03	+6.290e+03	+0.931
54.500	+8.779e+01	+5.708e+03	+8.218e+03	+0.985
54.600	+4.702e+03	+3.152e+03	+7.994e+03	+0.401
54.700	+2.412e+03	+3.844e+03	+6.085e+03	+0.614
54.800	+2.058e+03	+8.413e+03	+6.207e+03	+0.803
54.900	+3.788e+02	+8.332e+03	+8.774e+03	+0.957
55.000	-5.834e+02	+7.305e+03	+6.573e+03	+1.087
55.100	+2.046e+02	+8.099e+03	+7.143e+03	+0.975
55.200	+7.112e+02	+6.189e+03	+7.422e+03	+0.897
55.300	+4.185e+02	+5.172e+03	+6.965e+03	+0.925
55.400	+9.118e+02	+7.940e+03	+7.665e+03	+0.897
55.500	+8.072e+02	+5.667e+03	+7.856e+03	+0.875
55.600	-1.019e+02	+6.888e+03	+6.599e+03	+1.015
55.700	-8.421e+02	+6.821e+03	+7.581e+03	+1.141
55.800	-2.780e+02	+7.393e+03	+6.185e+03	+1.039
55.900	+2.879e+02	+7.555e+03	+7.669e+03	+0.963
56.000	-2.534e+02	+6.312e+03	+3.745e+03	+1.042
56.100	-1.384e+03	+6.591e+03	+7.741e+03	+1.266
56.200	+2.983e+02	+8.768e+03	+9.456e+03	+0.967
56.300	+9.297e+02	+7.480e+03	+5.604e+03	+0.889
56.400	-2.365e+02	+6.406e+03	+8.078e+03	+1.038
56.500	+2.632e+01	+7.413e+03	+7.320e+03	+0.996
56.600	-8.478e+01	+6.525e+03	+9.387e+03	+1.013
56.700	-2.812e+01	+6.475e+03	+6.976e+03	+1.004
56.800	+2.048e+03	+6.786e+03	+8.328e+03	+0.768
56.900	-9.128e+01	+5.501e+03	+6.216e+03	+1.017
57.000	+1.221e+03	+7.677e+03	+6.856e+03	+0.863
57.100	+1.070e+03	+8.513e+03	+6.066e+03	+0.888
57.200	+1.047e+03	+7.014e+03	+6.658e+03	+0.870
57.300	+1.183e+03	+7.394e+03	+7.359e+03	+0.862
57.400	+3.364e+02	+6.618e+03	+8.091e+03	+0.952
57.500	+1.163e+03	+5.942e+03	+6.701e+03	+0.836
57.600	+1.655e+03	+7.247e+03	+7.897e+03	+0.814
57.700	+3.666e+02	+7.223e+03	+7.185e+03	+0.952
57.800	+4.138e+02	+7.528e+03	+9.100e+03	+0.948
57.900	+1.043e+03	+6.426e+03	+5.868e+03	+0.860
58.000	+6.908e+02	+7.208e+03	+6.320e+03	+0.913
58.100	+5.776e+02	+7.376e+03	+5.326e+03	+0.927
58.200	-2.290e+02	+8.300e+03	+6.805e+03	+1.028
58.300	-1.129e+02	+7.249e+03	+6.999e+03	+1.016
58.400	+5.673e+02	+7.820e+03	+6.650e+03	+0.932
58.500	+6.143e+02	+7.309e+03	+6.275e+03	+0.922
58.600	-7.087e+02	+7.539e+03	+8.841e+03	+1.104
58.700	+7.169e+02	+7.028e+03	+7.341e+03	+0.907
58.800	+2.257e+02	+7.668e+03	+6.615e+03	+0.971
58.900	+1.825e+02	+7.477e+03	+6.925e+03	+0.976
59.000	+7.513e+02	+6.215e+03	+6.826e+03	+0.892
59.100	+2.424e+03	+5.572e+03	+7.000e+03	+0.697
59.200	+7.229e+03	+1.013e+03	+6.148e+03	+0.123
59.300	+8.318e+03	-3.756e+02	+7.696e+03	-0.047
59.400	+5.961e+03	+3.046e+01	+7.948e+03	+0.005
59.500	+7.809e+03	+1.490e+03	+8.540e+03	+0.160
59.600	+7.076e+03	+1.417e+03	+6.571e+03	+0.167
59.700	+5.988e+03	+6.398e+02	+5.252e+03	+0.097
59.800	+5.853e+03	+1.499e+03	+8.868e+03	+0.204
59.900	+7.444e+03	+4.095e+02	+6.258e+03	+0.052
60.000	+7.099e+03	-1.002e+03	+7.243e+03	-0.164
60.100	+6.554e+03	-1.893e+02	+7.811e+03	-0.030
60.200	+8.104e+03	+1.773e+03	+8.024e+03	+0.180
60.300	+5.617e+03	+3.237e+02	+8.002e+03	+0.055
60.400	+7.483e+03	+4.670e+02	+6.176e+03	+0.059
60.500	+7.580e+03	+3.735e+02	+6.632e+03	+0.047
60.600	+7.025e+03	+3.663e+02	+6.773e+03	+0.050
60.700	+7.158e+03	+2.527e+02	+7.454e+03	+0.034
60.800	+7.769e+03	+2.236e+02	+4.961e+03	+0.028
60.900	+7.622e+03	+3.063e+02	+7.235e+03	+0.039
61.000	+7.456e+03	-4.715e+01	+7.349e+03	-0.006
61.100	+7.199e+03	+5.955e+02	+7.954e+03	+0.076
61.200	+6.043e+03	+1.411e+03	+7.688e+03	+0.189
61.300	+8.178e+03	+1.070e+03	+8.265e+03	+0.116
61.400	+6.439e+03	+1.443e+03	+5.871e+03	+0.183
61.500	+5.826e+03	-1.104e+02	+7.654e+03	-0.019
61.600	+6.612e+03	+1.105e+03	+7.613e+03	+0.143
61.700	+5.805e+03	+2.458e+03	+7.883e+03	+0.297
61.800	+7.125e+03	+2.104e+02	+9.294e+03	+0.029
61.900	+8.321e+03	+1.107e+03	+6.107e+03	+0.117
62.000	+6.003e+03	+3.993e+02	+8.131e+03	+0.062
62.100	+6.969e+03	+2.645e+02	+6.637e+03	+0.037
62.200	+7.023e+03	+1.110e+03	+9.006e+03	+0.136
62.300	+7.379e+03	+1.278e+03	+7.066e+03	+0.148
62.400	+6.552e+03	+9.935e+02	+6.164e+03	+0.132
62.500	+7.192e+03	+1.346e+03	+8.259e+03	+0.158
