%t (s)	Idd (a.u.)	Ida (a.u.)	Iaa (a.u.)	FRET E
0.000	+2.932e+03	+2.856e+03	+6.480e+03	+0.494
0.100	+3.579e+03	+3.846e+03	+6.818e+03	+0.518
0.200	+3.466e+03	+3.824e+03	+5.895e+03	+0.525
0.300	+3.406e+03	+4.469e+03	+6.824e+03	+0.568
0.400	+3.339e+03	+3.845e+03	+7.833e+03	+0.535
0.500	+5.393e+03	+4.277e+03	+8.701e+03	+0.442
0.600	+4.094e+03	+2.396e+03	+5.849e+03	+0.369
0.700	+3.249e+03	+2.199e+03	+8.148e+03	+0.404
0.800	+5.273e+03	+3.165e+03	+5.422e+03	+0.375
0.900	+3.128e+03	+3.616e+03	+6.247e+03	+0.536
1.000	+3.319e+03	+3.214e+03	+6.305e+03	+0.492
1.100	+4.855e+03	+3.999e+03	+5.659e+03	+0.452
1.200	+4.355e+03	+4.467e+03	+5.631e+03	+0.506
1.300	+2.291e+03	+3.439e+03	+8.004e+03	+0.600
1.400	+3.800e+03	+2.970e+03	+7.237e+03	+0.439
1.500	+3.473e+03	+3.969e+03	+6.916e+03	+0.533
1.600	+4.177e+03	+2.874e+03	+6.499e+03	+0.408
1.700	+3.586e+03	+3.118e+03	+6.985e+03	+0.465
1.800	+4.093e+03	+4.708e+03	+6.282e+03	+0.535
1.900	+2.874e+03	+3.933e+03	+8.518e+03	+0.578
2.000	+4.339e+03	+3.414e+03	+7.260e+03	+0.440
2.100	+4.814e+03	+4.498e+03	+5.411e+03	+0.483
2.200	+3.939e+03	+3.874e+03	+7.847e+03	+0.496
2.300	+4.136e+03	+3.219e+03	+6.715e+03	+0.438
2.400	+2.503e+03	+3.290e+03	+6.951e+03	+0.568
2.500	+4.166e+03	+2.172e+03	+5.990e+03	+0.343
2.600	+3.764e+03	+2.773e+03	+6.515e+03	+0.424
2.700	+2.675e+03	+3.785e+03	+5.372e+03	+0.586
2.800	+3.218e+03	+2.579e+03	+6.921e+03	+0.445
2.900	+3.598e+03	+3.151e+03	+6.556e+03	+0.467
3.000	+3.664e+03	+3.001e+03	+7.227e+03	+0.450
3.100	+3.299e+03	+3.075e+03	+6.361e+03	+0.482
3.200	+3.408e+03	+2.026e+03	+7.411e+03	+0.373
3.300	+1.034e+03	+5.837e+03	+6.824e+03	+0.850
3.400	-2.051e+02	+7.313e+03	+6.218e+03	+1.029
3.500	-2.231e+01	+6.532e+03	+5.693e+03	+1.003
3.600	+4.977e+02	+4.940e+03	+6.754e+03	+0.908
3.700	+1.806e+03	+5.441e+03	+6.973e+03	+0.751
3.800	+8.835e+02	+4.754e+03	+6.008e+03	+0.843
3.900	+1.037e+03	+5.367e+03	+5.984e+03	+0.838
4.000	+1.110e+03	+6.895e+03	+8.060e+03	+0.861
4.100	+1.728e+03	+4.248e+03	+6.487e+03	+0.711
4.200	+4.854e+03	+1.399e+03	+6.967e+03	+0.224
4.300	+4.159e+03	+3.228e+03	+6.823e+03	+0.437
4.400	+3.714e+03	+3.394e+03	+6.801e+03	+0.477
4.500	+3.730e+03	+3.916e+03	+7.875e+03	+0.512
4.600	+4.301e+03	+3.400e+03	+7.764e+03	+0.442
4.700	+2.086e+03	+5.062e+03	+7.378e+03	+0.708
4.800	-3.115e+02	+6.497e+03	+7.356e+03	+1.050
4.900	+3.216e+02	+5.819e+03	+6.111e+03	+0.948
5.000	+6.879e+01	+6.861e+03	+6.780e+03	+0.990
5.100	+2.157e+02	+5.363e+03	+7.940e+03	+0.961
5.200	+9.126e+02	+5.487e+03	+6.060e+03	+0.857
5.300	+1.303e+03	+5.710e+03	+8.433e+03	+0.814
5.400	+2.437e+03	+5.293e+03	+7.007e+03	+0.685
5.500	+5.665e+03	+2.287e+02	+6.467e+03	+0.039
5.600	+5.587e+03	+4.889e+02	+6.623e+03	+0.080
5.700	+7.252e+03	+1.678e+03	+7.382e+03	+0.188
5.800	+6.952e+03	+3.343e+02	+6.210e+03	+0.046
5.900	+5.061e+03	+7.538e+02	+6.545e+03	+0.130
6.000	+6.565e+03	-2.964e+02	+6.980e+03	-0.047
6.100	+7.801e+03	+1.467e+03	+6.995e+03	+0.158
6.200	+6.467e+03	+7.842e+02	+6.102e+03	+0.108
6.300	+5.499e+03	+7.590e+02	+6.823e+03	+0.121
6.400	+5.667e+03	+6.749e+02	+5.754e+03	+0.106
6.500	+6.827e+03	+1.141e+02	+7.029e+03	+0.016
6.600	+7.094e+03	+4.093e+02	+7.591e+03	+0.055
6.700	+4.953e+03	+3.547e+02	+6.707e+03	+0.067
6.800	+7.249e+03	+8.323e+02	+6.943e+03	+0.103
6.900	+5.939e+03	+5.555e+02	+6.052e+03	+0.086
7.000	+4.926e+03	+7.224e+02	+5.191e+03	+0.128
7.100	+6.964e+03	+1.013e+03	+6.520e+03	+0.127
7.200	+8.196e+03	+7.998e+02	+7.382e+03	+0.089
7.300	+6.348e+03	+4.027e+02	+8.529e+03	+0.060
7.400	+5.082e+03	+3.288e+02	+7.310e+03	+0.061
7.500	+6.410e+03	-3.559e+01	+6.924e+03	-0.006
7.600	+6.424e+03	+1.052e+03	+7.194e+03	+0.141
7.700	+5.682e+03	+3.650e+02	+7.253e+03	+0.060
7.800	+5.088e+03	+1.062e+03	+6.962e+03	+0.173
7.900	+7.650e+03	+9.138e+02	+6.391e+03	+0.107
8.000	+4.854e+03	+2.181e+03	+6.621e+03	+0.310
8.100	+3.442e+03	+3.397e+03	+6.970e+03	+0.497
8.200	+3.253e+03	+2.349e+03	+7.327e+03	+0.419
8.300	+3.676e+03	+3.143e+03	+5.957e+03	+0.461
8.400	+3.767e+03	+2.893e+03	+6.622e+03	+0.434
8.500	+4.620e+03	+2.080e+03	+5.344e+03	+0.310
8.600	+2.778e+03	+2.375e+03	+7.004e+03	+0.461
8.700	+2.777e+03	+3.170e+03	+7.016e+03	+0.533
8.800	+4.380e+03	+4.422e+03	+8.342e+03	+0.502
8.900	+4.077e+03	+4.165e+03	+7.410e+03	+0.505
9.000	+3.292e+03	+3.534e+03	+4.979e+03	+0.518
9.100	+4.305e+03	+3.278e+03	+6.951e+03	+0.432
9.200	+3.918e+03	+2.525e+03	+6.640e+03	+0.392
9.300	+2.879e+03	+4.481e+03	+7.769e+03	+0.609
9.400	+4.009e+03	+4.157e+03	+6.965e+03	+0.509
9.500	+2.285e+03	+2.427e+03	+6.897e+03	+0.515
9.600	+4.308e+03	+3.270e+03	+6.860e+03	+0.431
9.700	+1.594e+03	+5.553e+03	+6.100e+03	+0.777
9.800	+4.890e+02	+7.782e+03	+6.550e+03	+0.941
9.900	+8.829e+02	+4.604e+03	+6.897e+03	+0.839
10.000	+5.650e+02	+6.673e+03	+6.670e+03	+0.922
10.100	+2.036e+03	+6.636e+03	+6.491e+03	+0.765
10.200	+1.549e+03	+5.529e+03	+6.832e+03	+0.781
10.300	-3.386e+01	+6.353e+03	+5.446e+03	+1.005
10.400	+6.466e+03	-2.734e+02	+6.255e+03	-0.044
10.500	+8.237e+03	+9.476e+02	+6.640e+03	+0.103
10.600	+5.003e+03	+3.729e+02	+5.500e+03	+0.069
10.700	+6.243e+03	+3.311e+02	+6.172e+03	+0.050
10.800	+6.122e+03	-1.518e+02	+7.799e+03	-0.025
10.900	+7.332e+03	-1.964e+01	+6.793e+03	-0.003
11.000	+5.494e+03	+1.689e+03	+8.111e+03	+0.235
11.100	+7.377e+03	+1.774e+03	+5.914e+03	+0.194
11.200	+6.794e+03	+9.349e+02	+6.178e+03	+0.121
11.300	+7.519e+03	-1.461e+02	+7.973e+03	-0.020
11.400	+6.683e+03	+1.203e+03	+8.030e+03	+0.153
11.500	+5.349e+03	+3.507e+02	+8.106e+03	+0.062
11.600	+6.649e+03	+7.480e+02	+6.590e+03	+0.101
11.700	+6.774e+03	+1.975e+03	+5.681e+03	+0.226
11.800	+5.268e+03	+5.104e+02	+5.448e+03	+0.088
11.900	+7.861e+03	-1.694e+02	+8.199e+03	-0.022
12.000	+6.109e+03	-7.047e+02	+6.156e+03	-0.130
12.100	+6.296e+03	+6.338e+02	+5.787e+03	+0.091
12.200	+6.881e+03	-1.373e+02	+5.411e+03	-0.020
12.300	+7.011e+03	+6.021e+02	+6.422e+03	+0.079
12.400	+6.835e+03	+6.970e+02	+6.413e+03	+0.093
12.500	+6.869e+03	+5.050e+02	+5.553e+03	+0.068
12.600	+6.012e+03	+1.359e+02	+7.217e+03	+0.022
12.700	+4.805e+03	+8.719e+02	+5.398e+03	+0.154
12.800	+6.117e+03	+8.915e+02	+8.223e+03	+0.127
12.900	+6.314e+03	+1.965e+02	+7.061e+03	+0.030
13.000	+6.630e+03	-1.437e+02	+5.799e+03	-0.022
13.100	+5.691e+03	+8.755e+02	+6.411e+03	+0.133
13.200	+6.559e+03	+4.306e+02	+6.358e+03	+0.062
13.300	+7.218e+03	+2.179e+03	+7.542e+03	+0.232
13.400	+6.972e+03	+3.852e+01	+6.878e+03	+0.005
13.500	+5.984e+03	+8.195e+02	+6.653e+03	+0.120
13.600	+7.639e+03	+5.045e+02	+7.002e+03	+0.062
13.700	+4.397e+03	+1.807e+03	+6.419e+03	+0.291
13.800	+3.947e+03	+3.663e+03	+5.554e+03	+0.481
13.900	+4.339e+03	+2.582e+03	+7.599e+03	+0.373
14.000	+4.747e+03	+3.878e+03	+6.543e+03	+0.450
14.100	+4.134e+03	+3.619e+03	+6.562e+03	+0.467
14.200	+3.126e+03	+2.558e+03	+4.702e+03	+0.450
14.300	+4.063e+03	+3.050e+03	+6.242e+03	+0.429
14.400	+2.848e+03	+2.454e+03	+6.628e+03	+0.463
14.500	+5.350e+02	+5.804e+03	+7.129e+03	+0.916
14.600	+9.260e+02	+6.152e+03	+8.261e+03	+0.869
14.700	+1.142e+03	+5.481e+03	+7.151e+03	+0.828
14.800	+6.871e+02	+6.160e+03	+6.982e+03	+0.900
14.900	+4.850e+02	+6.296e+03	+7.616e+03	+0.928
15.000	+1.026e+03	+5.139e+03	+9.335e+03	+0.834
15.100	+8.843e+02	+7.300e+03	+8.624e+03	+0.892
15.200	+1.081e+03	+7.645e+03	+5.894e+03	+0.876
15.300	+1.001e+03	+6.467e+03	+5.542e+03	+0.866
15.400	+1.135e+03	+6.224e+03	+7.414e+03	+0.846
15.500	+1.015e+03	+4.913e+03	+6.730e+03	+0.829
15.600	+1.114e+03	+6.232e+03	+7.566e+03	+0.848
15.700	+2.007e+03	+6.101e+03	+8.009e+03	+0.752
15.800	+1.163e+03	+6.042e+03	+5.766e+03	+0.839
15.900	+1.389e+03	+4.729e+03	+6.031e+03	+0.773
16.000	+1.720e+03	+6.353e+03	+6.097e+03	+0.787
16.100	+1.219e+03	+5.852e+03	+6.433e+03	+0.828
16.200	+1.162e+03	+5.678e+03	+6.835e+03	+0.830
16.300	+3.572e+02	+5.310e+03	+8.495e+03	+0.937
16.400	+1.364e+03	+5.324e+03	+5.409e+03	+0.796
16.500	+2.972e+03	+2.317e+03	+8.248e+03	+0.438
16.600	+6.190e+03	+1.182e+03	+7.281e+03	+0.160
16.700	+5.751e+03	+6.696e+02	+6.910e+03	+0.104
16.800	+6.880e+03	+8.085e+02	+6.509e+03	+0.105
16.900	+5.721e+03	+8.912e+02	+7.196e+03	+0.135
17.000	+8.517e+03	+8.519e+02	+7.074e+03	+0.091
17.100	+8.147e+03	-4.062e+01	+8.640e+03	-0.005
17.200	+7.114e+03	+4.359e+02	+6.371e+03	+0.058
17.300	+6.939e+03	+4.825e+02	+5.580e+03	+0.065
17.400	+5.138e+03	+1.220e+03	+6.297e+03	+0.192
17.500	+5.816e+03	+3.482e+02	+6.522e+03	+0.056
17.600	+4.825e+03	+1.881e+03	+7.090e+03	+0.280
17.700	+3.664e+03	+2.992e+03	+6.711e+03	+0.449
17.800	+3.099e+03	+4.270e+03	+7.664e+03	+0.579
17.900	+2.655e+03	+3.396e+03	+6.776e+03	+0.561
18.000	+2.608e+03	+2.439e+03	+7.546e+03	+0.483
18.100	+4.644e+03	+3.224e+03	+4.953e+03	+0.410
18.200	+3.428e+03	+2.053e+03	+7.881e+03	+0.375
18.300	+3.456e+03	+4.048e+03	+6.454e+03	+0.539
18.400	+2.983e+03	+3.395e+03	+5.927e+03	+0.532
18.500	+3.282e+03	+3.846e+03	+5.843e+03	+0.540
18.600	+4.586e+03	+2.457e+03	+6.120e+03	+0.349
18.700	+2.839e+03	+3.208e+03	+7.934e+03	+0.531
18.800	+3.973e+03	+3.304e+03	+5.334e+03	+0.454
18.900	+2.361e+03	+1.141e+03	+5.184e+03	+0.326
19.000	+3.219e+03	+3.709e+03	+5.689e+03	+0.535
19.100	+4.031e+03	+3.203e+03	+5.726e+03	+0.443
19.200	+3.311e+03	+3.932e+03	+8.715e+03	+0.543
19.300	+4.233e+03	+3.219e+03	+8.106e+03	+0.432
19.400	+3.636e+03	+3.856e+03	+7.472e+03	+0.515
19.500	+3.723e+03	+3.968e+03	+6.153e+03	+0.516
19.600	+2.570e+03	+3.349e+03	+6.348e+03	+0.566
19.700	+3.647e+03	+3.548e+03	+6.331e+03	+0.493
19.800	+3.457e+03	+3.511e+03	+6.458e+03	+0.504
19.900	+3.384e+03	+4.271e+03	+5.414e+03	+0.558
20.000	+3.276e+03	+2.892e+03	+7.025e+03	+0.469
20.100	+2.426e+03	+4.113e+03	+7.692e+03	+0.629
20.200	+2.920e+03	+2.877e+03	+5.700e+03	+0.496
20.300	+4.070e+03	+3.974e+03	+6.542e+03	+0.494
20.400	+3.006e+03	+4.641e+03	+6.488e+03	+0.607
20.500	+3.833e+03	+3.134e+03	+7.443e+03	+0.450
20.600	+3.697e+03	+3.203e+03	+7.521e+03	+0.464
20.700	+3.530e+03	+3.399e+03	+6.297e+03	+0.491
20.800	+5.225e+03	+3.434e+03	+6.343e+03	+0.397
20.900	+4.345e+03	+3.244e+03	+7.361e+03	+0.428
21.000	+5.239e+03	+4.071e+03	+7.685e+03	+0.437
21.100	+4.352e+03	+4.168e+03	+7.419e+03	+0.489
21.200	+3.316e+03	+4.075e+03	+4.835e+03	+0.551
21.300	+1.799e+03	+6.178e+03	+6.107e+03	+0.774
21.400	-1.634e+01	+4.423e+03	+7.179e+03	+1.004
21.500	+1.883e+03	+7.749e+03	+7.935e+03	+0.805
21.600	+9.311e+02	+6.541e+03	+7.415e+03	+0.875
21.700	+8.793e+02	+5.779e+03	+6.963e+03	+0.868
21.800	+6.623e+02	+7.378e+03	+6.929e+03	+0.918
21.900	-4.111e+02	+5.952e+03	+6.548e+03	+1.074
22.000	+3.541e+02	+4.927e+03	+6.794e+03	+0.933
22.100	+2.910e+02	+6.965e+03	+7.740e+03	+0.960
22.200	+1.301e+03	+5.501e+03	+4.825e+03	+0.809
22.300	+1.123e+03	+7.153e+03	+6.511e+03	+0.864
22.400	+4.582e+02	+7.358e+03	+7.428e+03	+0.941
22.500	+6.892e+02	+5.006e+03	+6.648e+03	+0.879
22.600	+6.055e+03	+6.435e+02	+6.910e+03	+0.096
22.700	+6.043e+03	+4.160e+02	+7.300e+03	+0.064
22.800	+4.809e+03	-9.056e+01	+7.374e+03	-0.019
22.900	+6.387e+03	+1.684e+02	+6.769e+03	+0.026
23.000	+5.991e+03	-2.861e+01	+6.895e+03	-0.005
23.100	+9.027e+02	+6.298e+03	+7.850e+03	+0.875
23.200	+1.135e+03	+5.801e+03	+7.040e+03	+0.836
23.300	-8.928e+01	+6.162e+03	+6.783e+03	+1.015
23.400	+1.150e+03	+6.135e+03	+7.599e+03	+0.842
23.500	+2.619e+03	+2.907e+03	+7.586e+03	+0.526
23.600	+6.842e+03	+6.383e+02	+7.083e+03	+0.085
23.700	+7.743e+03	-2.666e+01	+6.067e+03	-0.003
23.800	+6.531e+03	+8.233e+02	+6.311e+03	+0.112
23.900	+6.404e+03	+1.904e+03	+8.468e+03	+0.229
24.000	+4.867e+03	+1.265e+03	+7.268e+03	+0.206
24.100	+6.087e+03	+7.440e+02	+7.663e+03	+0.109
24.200	+6.815e+03	+9.496e+02	+5.358e+03	+0.122
24.300	+5.922e+03	+6.150e+02	+6.994e+03	+0.094
24.400	+5.884e+03	+1.995e+03	+6.132e+03	+0.253
24.500	+7.139e+03	+5.168e+02	+6.875e+03	+0.068
24.600	+6.466e+03	+8.566e+01	+8.109e+03	+0.013
24.700	+7.006e+03	+5.359e+02	+5.938e+03	+0.071
24.800	+8.614e+03	+8.348e+02	+5.510e+03	+0.088
24.900	+6.829e+03	+4.612e+02	+8.871e+03	+0.063
25.000	+6.761e+03	+1.444e+03	+7.166e+03	+0.176
25.100	+6.721e+03	+1.160e+03	+5.806e+03	+0.147
25.200	+7.430e+03	+6.256e+02	+5.433e+03	+0.078
25.300	+5.013e+03	+6.606e+02	+7.272e+03	+0.116
25.400	+4.524e+03	+1.528e+03	+5.984e+03	+0.253
25.500	+5.680e+03	+2.963e+02	+5.958e+03	+0.050
25.600	+7.758e+03	+5.118e+02	+5.986e+03	+0.062
25.700	+7.323e+03	+9.199e+02	+7.280e+03	+0.112
25.800	+3.950e+03	+6.210e+02	+6.392e+03	+0.136
25.900	+5.775e+03	+1.565e+03	+6.459e+03	+0.213
26.000	+4.399e+03	+2.938e+03	+7.507e+03	+0.400
26.100	+4.128e+03	+3.372e+03	+8.062e+03	+0.450
26.200	+3.560e+03	+2.726e+03	+6.527e+03	+0.434
26.300	+3.880e+03	+3.094e+03	+8.225e+03	+0.444
26.400	+2.676e+03	+3.121e+03	+6.626e+03	+0.538
26.500	+1.758e+03	+4.003e+03	+8.550e+03	+0.695
26.600	+2.975e+03	+2.974e+03	+7.035e+03	+0.500
26.700	+4.703e+03	+3.191e+03	+7.408e+03	+0.404
26.800	+3.618e+03	+3.045e+03	+6.523e+03	+0.457
26.900	+3.091e+03	+3.152e+03	+5.588e+03	+0.505
27.000	+3.638e+03	+2.555e+03	+6.285e+03	+0.413
27.100	+3.376e+03	+2.881e+03	+7.598e+03	+0.461
27.200	+1.928e+03	+3.904e+03	+6.801e+03	+0.669
27.300	+4.145e+03	+2.429e+03	+5.563e+03	+0.370
27.400	+4.168e+03	+2.465e+03	+6.082e+03	+0.372
27.500	+3.244e+03	+4.062e+03	+7.322e+03	+0.556
27.600	+3.351e+03	+3.327e+03	+4.807e+03	+0.498
27.700	+4.057e+03	+4.130e+03	+7.656e+03	+0.504
27.800	+3.227e+03	+3.241e+03	+8.281e+03	+0.501
27.900	+2.591e+03	+3.913e+03	+6.591e+03	+0.602
28.000	+3.618e+03	+3.112e+03	+6.348e+03	+0.462
28.100	+3.272e+03	+3.986e+03	+5.358e+03	+0.549
28.200	+4.693e+03	+3.190e+03	+6.345e+03	+0.405
28.300	+2.093e+03	+4.297e+03	+7.997e+03	+0.672
28.400	+3.383e+03	+3.850e+03	+7.353e+03	+0.532
28.500	+4.636e+03	+2.988e+03	+5.807e+03	+0.392
28.600	+3.616e+03	+3.417e+03	+5.100e+03	+0.486
28.700	+3.626e+03	+2.737e+03	+6.887e+03	+0.430
28.800	+3.756e+03	+3.969e+03	+7.600e+03	+0.514
28.900	+3.708e+03	+3.585e+03	+6.388e+03	+0.492
29.000	+3.315e+03	+3.234e+03	+7.487e+03	+0.494
29.100	+3.415e+03	+4.052e+03	+8.987e+03	+0.543
29.200	+3.567e+03	+3.658e+03	+5.886e+03	+0.506
29.300	+4.518e+03	+1.206e+03	+7.720e+03	+0.211
29.400	+6.118e+03	+2.280e+03	+7.490e+03	+0.271
29.500	+7.131e+03	+1.030e+03	+6.503e+03	+0.126
29.600	+6.773e+03	+9.143e+02	+6.843e+03	+0.119
29.700	+5.992e+03	+2.550e+02	+7.627e+03	+0.041
29.800	+6.446e+03	-3.712e+02	+6.717e+03	-0.061
29.900	+6.568e+03	+4.246e+02	+6.788e+03	+0.061
30.000	+7.749e+03	+7.190e+02	+5.881e+03	+0.085
30.100	+7.870e+03	+1.278e+03	+5.561e+03	+0.140
30.200	+6.789e+03	-5.502e+02	+7.431e+03	-0.088
30.300	+5.254e+03	+3.456e+02	+7.558e+03	+0.062
30.400	+7.689e+03	+6.721e+02	+7.098e+03	+0.080
30.500	+6.511e+03	+3.663e+02	+5.975e+03	+0.053
30.600	+5.747e+03	-2.019e+01	+7.376e+03	-0.004
30.700	+6.307e+03	+1.163e+03	+5.984e+03	+0.156
30.800	+6.664e+03	+1.196e+03	+6.871e+03	+0.152
30.900	+6.466e+03	+8.548e+02	+5.379e+03	+0.117
31.000	+5.709e+03	+7.411e+02	+7.252e+03	+0.115
31.100	+6.547e+03	+7.142e+02	+5.682e+03	+0.098
31.200	+6.760e+03	+7.691e+02	+8.475e+03	+0.102
31.300	+3.598e+03	+3.164e+03	+6.588e+03	+0.468
31.400	+3.213e+02	+5.589e+03	+6.503e+03	+0.946
31.500	+9.165e+01	+6.595e+03	+6.803e+03	+0.986
31.600	+5.458e+02	+6.219e+03	+5.865e+03	+0.919
31.700	+1.686e+03	+5.417e+03	+6.047e+03	+0.763
31.800	+1.773e+03	+4.921e+03	+5.282e+03	+0.735
31.900	+5.797e+03	+8.916e+02	+6.972e+03	+0.133
32.000	+7.128e+03	+4.356e+00	+5.971e+03	+0.001
32.100	+5.451e+03	+7.237e+02	+5.651e+03	+0.117
32.200	+5.537e+03	+1.059e+03	+6.128e+03	+0.161
32.300	+6.288e+03	+9.052e+02	+7.612e+03	+0.126
32.400	+6.486e+03	+7.480e+02	+6.099e+03	+0.103
32.500	+6.642e+03	+7.669e+02	+6.832e+03	+0.104
32.600	+6.148e+03	+1.265e+02	+7.853e+03	+0.020
32.700	+5.770e+03	+1.290e+02	+8.211e+03	+0.022
32.800	+7.904e+03	+1.042e+02	+6.700e+03	+0.013
32.900	+6.271e+03	+1.317e+03	+7.024e+03	+0.174
33.000	+6.034e+03	-4.820e+02	+7.872e+03	-0.087
33.100	+5.777e+03	+1.105e+03	+7.485e+03	+0.161
33.200	+6.515e+03	+1.254e+03	+6.529e+03	+0.161
33.300	+6.614e+03	-7.220e+01	+7.637e+03	-0.011
33.400	+8.023e+03	+9.287e+02	+6.504e+03	+0.104
33.500	+4.083e+03	+2.155e+02	+7.603e+03	+0.050
33.600	+6.494e+03	+3.974e+02	+7.812e+03	+0.058
33.700	+5.533e+03	+1.374e+03	+6.137e+03	+0.199
33.800	+6.323e+03	+6.486e+02	+5.485e+03	+0.093
33.900	+7.219e+03	+1.040e+03	+7.302e+03	+0.126
34.000	+7.941e+03	+4.102e+01	+6.099e+03	+0.005
34.100	+6.390e+03	+2.937e+02	+6.250e+03	+0.044
34.200	+6.419e+03	+9.097e+02	+7.132e+03	+0.124
34.300	+5.191e+03	+2.678e+03	+7.254e+03	+0.340
34.400	+9.667e+02	+6.049e+03	+6.160e+03	+0.862
34.500	-2.464e+02	+6.012e+03	+7.188e+03	+1.043
34.600	+8.786e+02	+5.449e+03	+8.787e+03	+0.861
34.700	+1.382e+03	+5.721e+03	+7.513e+03	+0.805
34.800	+2.230e+02	+5.843e+03	+7.716e+03	+0.963
34.900	+5.359e+02	+6.039e+03	+6.226e+03	+0.918
35.000	+1.228e+02	+5.618e+03	+6.033e+03	+0.979
35.100	+1.469e+03	+5.880e+03	+5.763e+03	+0.800
35.200	+1.274e+03	+6.561e+03	+7.568e+03	+0.837
35.300	+1.149e+03	+6.115e+03	+5.662e+03	+0.842
35.400	+9.673e+02	+6.124e+03	+8.313e+03	+0.864
35.500	+1.138e+03	+5.314e+03	+5.987e+03	+0.824
35.600	+4.755e+02	+5.722e+03	+6.239e+03	+0.923
35.700	+5.534e+02	+5.845e+03	+7.443e+03	+0.914
35.800	+1.405e+03	+5.143e+03	+7.352e+03	+0.785
35.900	+2.791e+02	+4.866e+03	+8.082e+03	+0.946
36.000	+1.359e+03	+5.808e+03	+6.258e+03	+0.810
36.100	+1.250e+03	+6.107e+03	+6.751e+03	+0.830
36.200	+1.486e+03	+7.869e+03	+6.674e+03	+0.841
36.300	+1.132e+03	+6.254e+03	+6.361e+03	+0.847
36.400	+5.023e+02	+5.404e+03	+7.615e+03	+0.915
36.500	+8.176e+02	+6.329e+03	+5.731e+03	+0.886
36.600	+1.143e+03	+5.970e+03	+5.837e+03	+0.839
36.700	+4.538e+02	+6.697e+03	+7.073e+03	+0.937
36.800	+3.778e+02	+6.726e+03	+5.085e+03	+0.947
36.900	+9.122e+02	+5.943e+03	+6.243e+03	+0.867
37.000	+1.330e+03	+7.647e+03	+4.726e+03	+0.852
37.100	+1.205e+03	+7.789e+03	+6.474e+03	+0.866
37.200	+6.308e+02	+5.846e+03	+8.631e+03	+0.903
37.300	+9.364e+02	+5.627e+03	+5.773e+03	+0.857
37.400	+7.674e+02	+7.120e+03	+9.341e+03	+0.903
37.500	-9.125e+01	+6.246e+03	+6.640e+03	+1.015
37.600	-1.694e+01	+5.890e+03	+6.293e+03	+1.003
37.700	+4.607e+02	+7.633e+03	+5.997e+03	+0.943
37.800	+7.221e+02	+5.419e+03	+5.269e+03	+0.882
37.900	+7.757e+02	+6.248e+03	+8.739e+03	+0.890
38.000	+3.028e+02	+7.908e+03	+6.169e+03	+0.963
38.100	+4.336e+02	+6.442e+03	+7.871e+03	+0.937
38.200	+1.045e+03	+5.896e+03	+7.629e+03	+0.849
38.300	+1.090e+03	+5.370e+03	+7.312e+03	+0.831
38.400	+3.657e+02	+7.630e+03	+7.548e+03	+0.954
38.500	+1.215e+03	+6.949e+03	+4.910e+03	+0.851
38.600	+2.378e+02	+5.231e+03	+5.820e+03	+0.957
38.700	+5.336e+02	+5.503e+03	+6.882e+03	+0.912
38.800	+1.170e+03	+5.333e+03	+6.797e+03	+0.820
38.900	+6.398e+02	+6.974e+03	+6.927e+03	+0.916
39.000	-4.561e+02	+5.635e+03	+6.863e+03	+1.088
39.100	+5.742e+02	+5.452e+03	+7.032e+03	+0.905
39.200	+7.001e+02	+5.483e+03	+7.906e+03	+0.887
39.300	+1.153e+03	+6.724e+03	+6.997e+03	+0.854
39.400	+1.202e+03	+6.613e+03	+6.183e+03	+0.846
39.500	+1.145e+03	+6.665e+03	+6.862e+03	+0.853
39.600	+5.717e+02	+5.624e+03	+6.292e+03	+0.908
39.700	+1.152e+03	+6.407e+03	+7.688e+03	+0.848
39.800	+8.892e+02	+5.699e+03	+6.623e+03	+0.865
39.900	+1.055e+03	+6.209e+03	+6.954e+03	+0.855
40.000	+8.604e+02	+5.470e+03	+7.728e+03	+0.864
40.100	-4.827e+01	+6.994e+03	+8.249e+03	+1.007
40.200	+3.970e+02	+6.370e+03	+5.539e+03	+0.941
40.300	+1.091e+03	+5.573e+03	+6.736e+03	+0.836
40.400	+7.471e+03	+4.855e+02	+5.677e+03	+0.061
40.500	+6.818e+03	-9.896e+00	+8.457e+03	-0.001
40.600	+6.612e+03	+5.467e+02	+6.374e+03	+0.076
40.700	+4.705e+03	+3.402e+03	+7.299e+03	+0.420
40.800	+4.210e+03	+2.603e+03	+5.161e+03	+0.382
40.900	+3.445e+03	+3.285e+03	+6.124e+03	+0.488
41.000	+4.287e+03	+4.359e+03	+7.265e+03	+0.504
41.100	+4.508e+03	+3.276e+03	+5.968e+03	+0.421
41.200	+4.255e+03	+4.050e+03	+6.940e+03	+0.488
41.300	+2.797e+03	+2.293e+03	+6.067e+03	+0.450
41.400	+3.386e+03	+3.755e+03	+7.112e+03	+0.526
41.500	+4.289e+03	+3.834e+03	+6.291e+03	+0.472
41.600	+3.749e+03	+3.160e+03	+7.800e+03	+0.457
41.700	+5.155e+03	+4.036e+03	+7.897e+03	+0.439
41.800	+4.297e+03	+3.441e+03	+7.714e+03	+0.445
41.900	+3.440e+03	+4.965e+03	+8.400e+03	+0.591
42.000	+4.234e+03	+3.312e+03	+5.603e+03	+0.439
42.100	+3.686e+03	+3.915e+03	+8.964e+03	+0.515
42.200	+4.201e+03	+3.205e+03	+8.264e+03	+0.433
42.300	+4.174e+03	+3.197e+03	+6.191e+03	+0.434
42.400	+3.237e+03	+3.610e+03	+7.076e+03	+0.527
42.500	+3.410e+03	+1.918e+03	+6.895e+03	+0.360
42.600	+4.445e+03	+3.526e+03	+7.942e+03	+0.442
42.700	+9.452e+02	+5.247e+03	+7.899e+03	+0.847
42.800	+8.801e+02	+7.516e+03	+4.129e+03	+0.895
42.900	-2.325e+02	+5.792e+03	+5.917e+03	+1.042
43.000	+4.121e+02	+5.240e+03	+7.232e+03	+0.927
43.100	+1.577e+02	+5.086e+03	+6.346e+03	+0.970
43.200	+6.281e+02	+5.365e+03	+4.541e+03	+0.895
43.300	+1.112e+03	+5.924e+03	+6.656e+03	+0.842
43.400	+1.950e+02	+6.649e+03	+8.195e+03	+0.972
43.500	+1.090e+03	+6.792e+03	+6.509e+03	+0.862
43.600	+5.153e+02	+6.259e+03	+6.716e+03	+0.924
43.700	-3.439e+02	+6.401e+03	+8.219e+03	+1.057
43.800	+4.693e+02	+5.864e+03	+5.985e+03	+0.926
43.900	+2.803e+02	+6.012e+03	+5.317e+03	+0.955
44.000	-5.036e+02	+5.473e+03	+7.563e+03	+1.101
44.100	+1.313e+03	+6.524e+03	+7.552e+03	+0.833
44.200	-8.765e+01	+4.830e+03	+5.286e+03	+1.018
44.300	+7.118e+02	+6.662e+03	+6.310e+03	+0.903
44.400	+4.449e+02	+5.365e+03	+4.889e+03	+0.923
44.500	+1.304e+03	+7.194e+03	+7.868e+03	+0.847
44.600	+5.162e+02	+6.436e+03	+6.092e+03	+0.926
44.700	-8.255e+01	+5.323e+03	+7.944e+03	+1.016
44.800	+1.062e+03	+6.455e+03	+7.190e+03	+0.859
44.900	+8.237e+02	+5.982e+03	+8.274e+03	+0.879
45.000	+1.083e+03	+5.128e+03	+6.698e+03	+0.826
45.100	-4.180e+01	+6.711e+03	+5.434e+03	+1.006
45.200	+1.087e+03	+5.286e+03	+5.038e+03	+0.829
45.300	+2.175e+03	+4.822e+03	+6.317e+03	+0.689
45.400	+6.355e+03	+6.446e+01	+7.878e+03	+0.010
45.500	+7.002e+03	+2.649e+01	+7.622e+03	+0.004
45.600	+7.321e+03	+1.327e+03	+6.932e+03	+0.153
45.700	+6.221e+03	+1.222e+03	+6.599e+03	+0.164
45.800	+5.043e+03	+1.092e+03	+7.075e+03	+0.178
45.900	+6.857e+03	+1.190e+02	+8.652e+03	+0.017
46.000	+6.088e+03	+2.398e+01	+6.013e+03	+0.004
46.100	+7.320e+03	+6.858e+01	+6.430e+03	+0.009
46.200	+8.725e+03	+4.769e+00	+5.975e+03	+0.001
46.300	+7.317e+03	+2.356e+03	+6.080e+03	+0.244
46.400	+5.626e+03	-3.376e+02	+5.557e+03	-0.064
46.500	+5.811e+03	+9.652e+02	+5.811e+03	+0.142
46.600	+6.812e+03	+5.166e+02	+7.506e+03	+0.070
46.700	+6.588e+03	+3.812e+02	+6.445e+03	+0.055
46.800	+5.733e+03	+1.204e+03	+5.474e+03	+0.174
46.900	+8.252e+03	+3.219e+02	+5.565e+03	+0.038
47.000	+4.966e+03	+2.286e+03	+6.823e+03	+0.315
47.100	+7.889e+02	+7.361e+03	+7.173e+03	+0.903
47.200	-1.140e+02	+6.427e+03	+6.913e+03	+1.018
47.300	+3.033e+02	+5.949e+03	+7.683e+03	+0.951
47.400	-2.288e+02	+4.779e+03	+5.370e+03	+1.050
47.500	+1.574e+03	+6.361e+03	+6.283e+03	+0.802
47.600	-3.658e+02	+5.617e+03	+7.662e+03	+1.070
47.700	+3.337e+02	+5.475e+03	+8.475e+03	+0.943
47.800	-2.258e+02	+5.063e+03	+7.341e+03	+1.047
47.900	+1.343e+03	+5.308e+03	+6.569e+03	+0.798
48.000	+5.518e+02	+5.823e+03	+7.199e+03	+0.913
48.100	+6.213e+02	+5.601e+03	+5.859e+03	+0.900
48.200	+5.057e+02	+6.282e+03	+7.055e+03	+0.926
48.300	+1.079e+03	+6.366e+03	+8.623e+03	+0.855
48.400	+6.300e+02	+5.531e+03	+6.108e+03	+0.898
48.500	+4.475e+02	+5.382e+03	+4.621e+03	+0.923
48.600	+4.186e+02	+6.677e+03	+5.865e+03	+0.941
48.700	+5.806e+02	+6.880e+03	+5.246e+03	+0.922
48.800	+4.450e+02	+6.036e+03	+5.988e+03	+0.931
48.900	+8.603e+02	+5.917e+03	+5.322e+03	+0.873
49.000	+1.897e+03	+6.164e+03	+5.833e+03	+0.765
49.100	+3.161e+02	+7.176e+03	+5.853e+03	+0.958
49.200	+3.619e+02	+6.547e+03	+7.654e+03	+0.948
49.300	+5.482e+02	+4.990e+03	+6.483e+03	+0.901
49.400	+7.919e+02	+6.211e+03	+7.483e+03	+0.887
49.500	+4.646e+02	+4.389e+03	+8.900e+03	+0.904
49.600	+1.200e+03	+6.426e+03	+5.858e+03	+0.843
49.700	+5.903e+02	+5.230e+03	+6.878e+03	+0.899
49.800	-8.432e+01	+4.651e+03	+6.723e+03	+1.018
49.900	-5.541e+01	+6.669e+03	+6.378e+03	+1.008
50.000	-5.490e+02	+6.632e+03	+5.670e+03	+1.090
50.100	+7.123e+02	+6.210e+03	+9.488e+03	+0.897
50.200	+7.292e+02	+5.980e+03	+5.962e+03	+0.891
50.300	+1.431e+03	+5.751e+03	+7.007e+03	+0.801
50.400	+1.492e+03	+4.090e+03	+6.427e+03	+0.733
50.500	+1.190e+03	+6.662e+03	+5.820e+03	+0.848
50.600	+2.000e+02	+6.394e+03	+6.916e+03	+0.970
50.700	+9.445e+02	+5.896e+03	+5.701e+03	+0.862
50.800	+5.145e+02	+7.371e+03	+6.938e+03	+0.935
50.900	+2.359e+02	+5.477e+03	+7.486e+03	+0.959
51.000	+1.417e+03	+5.951e+03	+5.786e+03	+0.808
51.100	+1.111e+03	+5.646e+03	+7.031e+03	+0.836
51.200	+2.487e+03	+5.454e+03	+7.009e+03	+0.687
51.300	+1.871e+03	+6.840e+03	+6.759e+03	+0.785
51.400	+1.153e+03	+6.136e+03	+6.624e+03	+0.842
51.500	+4.532e+02	+5.298e+03	+6.212e+03	+0.921
51.600	+1.665e+03	+6.258e+03	+7.685e+03	+0.790
51.700	+1.705e+03	+5.702e+03	+5.175e+03	+0.770
51.800	+1.166e+03	+5.628e+03	+6.966e+03	+0.828
51.900	+6.866e+02	+6.186e+03	+7.732e+03	+0.900
52.000	+1.201e+03	+5.482e+03	+6.666e+03	+0.820
52.100	+1.095e+03	+6.912e+03	+7.283e+03	+0.863
52.200	+7.729e+02	+5.106e+03	+7.696e+03	+0.869
52.300	+9.954e+00	+6.162e+03	+4.838e+03	+0.998
52.400	+9.140e+02	+5.945e+03	+7.964e+03	+0.867
52.500	+3.310e+02	+5.919e+03	+8.256e+03	+0.947
52.600	+9.735e+02	+7.201e+03	+7.564e+03	+0.881
52.700	+1.107e+03	+5.084e+03	+7.234e+03	+0.821
52.800	+8.842e+02	+5.978e+03	+7.684e+03	+0.871
52.900	+9.275e+02	+5.727e+03	+6.949e+03	+0.861
53.000	-8.365e+02	+6.394e+03	+6.139e+03	+1.151
53.100	+7.684e+02	+5.149e+03	+7.139e+03	+0.870
53.200	+3.964e+02	+5.399e+03	+7.482e+03	+0.932
53.300	-2.979e+02	+6.084e+03	+7.727e+03	+1.051
53.400	+9.677e+02	+6.114e+03	+4.350e+03	+0.863
53.500	+3.312e+02	+5.917e+03	+7.859e+03	+0.947
53.600	+2.662e+02	+5.892e+03	+6.076e+03	+0.957
53.700	-1.670e+02	+6.528e+03	+6.541e+03	+1.026
53.800	+4.046e+02	+7.202e+03	+6.320e+03	+0.947
53.900	+1.287e+02	+6.323e+03	+5.241e+03	+0.980
54.000	+9.494e+02	+7.482e+03	+7.412e+03	+0.887
54.100	+6.307e+02	+5.135e+03	+6.868e+03	+0.891
54.200	+3.534e+02	+5.418e+03	+7.693e+03	+0.939
54.300	+6.015e+02	+5.533e+03	+7.244e+03	+0.902
54.400	+1.236e+03	+5.994e+03	+6.634e+03	+0.829
54.500	+9.491e+02	+6.497e+03	+5.801e+03	+0.873
54.600	+1.365e+03	+7.006e+03	+7.148e+03	+0.837
54.700	+1.337e+03	+7.305e+03	+8.109e+03	+0.845
54.800	-5.326e+02	+5.059e+03	+6.242e+03	+1.118
54.900	+7.633e+02	+5.069e+03	+8.321e+03	+0.869
55.000	+5.222e+02	+5.013e+03	+7.435e+03	+0.906
55.100	+4.692e+02	+6.201e+03	+6.769e+03	+0.930
55.200	-3.283e+02	+6.498e+03	+5.224e+03	+1.053
55.300	+6.288e+02	+4.917e+03	+7.056e+03	+0.887
55.400	-1.123e-01	+6.027e+03	+7.739e+03	+1.000
55.500	+8.088e+01	+5.972e+03	+6.544e+03	+0.987
55.600	-1.107e+02	+6.686e+03	+5.942e+03	+1.017
55.700	+1.598e+03	+6.249e+03	+7.512e+03	+0.796
55.800	+6.303e+03	+7.197e+02	+7.437e+03	+0.102
55.900	+7.189e+03	-6.352e+02	+5.646e+03	-0.097
56.000	+4.470e+03	+8.683e+02	+6.405e+03	+0.163
56.100	+6.079e+03	+6.968e+02	+6.964e+03	+0.103
56.200	+5.831e+03	+3.772e+02	+7.024e+03	+0.061
56.300	+7.868e+03	+1.336e+03	+6.625e+03	+0.145
56.400	+3.380e+03	+4.498e+03	+8.015e+03	+0.571
56.500	+3.361e+03	+3.528e+03	+6.934e+03	+0.512
56.600	+4.320e+03	+4.406e+03	+5.569e+03	+0.505
56.700	+2.994e+03	+3.606e+03	+7.623e+03	+0.546
56.800	+2.798e+03	+3.149e+03	+7.743e+03	+0.530
56.900	+4.498e+03	+3.713e+03	+6.537e+03	+0.452
57.000	+5.013e+03	+2.555e+03	+7.142e+03	+0.338
57.100	+2.583e+03	+3.826e+03	+6.654e+03	+0.597
57.200	+4.031e+03	+3.765e+03	+7.021e+03	+0.483
57.300	+3.090e+03	+2.197e+03	+8.236e+03	+0.416
57.400	+3.262e+03	+4.329e+03	+7.611e+03	+0.570
57.500	+4.350e+03	+2.806e+03	+7.952e+03	+0.392
57.600	+5.050e+03	+2.549e+03	+7.208e+03	+0.335
57.700	+3.642e+03	+3.773e+03	+6.361e+03	+0.509
57.800	+4.216e+03	+3.345e+03	+5.612e+03	+0.442
57.900	+4.639e+03	+3.188e+03	+5.827e+03	+0.407
58.000	+2.981e+03	+3.246e+03	+7.107e+03	+0.521
58.100	+4.696e+03	+3.915e+03	+8.364e+03	+0.455
58.200	+2.269e+03	+4.338e+03	+8.545e+03	+0.657
58.300	+2.886e+03	+3.929e+03	+5.947e+03	+0.576
58.400	+3.526e+03	+4.434e+03	+6.399e+03	+0.557
58.500	+4.610e+03	+3.298e+03	+6.587e+03	+0.417
58.600	+5.471e+03	+3.679e+03	+6.897e+03	+0.402
58.700	+3.455e+03	+3.675e+03	+7.579e+03	+0.515
58.800	+4.618e+03	+3.880e+03	+6.363e+03	+0.457
58.900	+3.458e+03	+1.793e+03	+5.665e+03	+0.341
59.000	+3.411e+03	+3.351e+03	+4.743e+03	+0.496
59.100	+3.575e+03	+3.438e+03	+6.831e+03	+0.490
59.200	+3.550e+03	+4.257e+03	+4.707e+03	+0.545
59.300	+3.298e+03	+3.020e+03	+7.627e+03	+0.478
59.400	+3.180e+03	+3.063e+03	+7.119e+03	+0.491
59.500	+4.387e+03	+2.443e+03	+6.588e+03	+0.358
59.600	+4.998e+03	+3.285e+03	+7.011e+03	+0.397
59.700	+4.348e+03	+2.007e+03	+6.124e+03	+0.316
59.800	+3.041e+03	+3.239e+03	+6.412e+03	+0.516
59.900	+3.491e+03	+3.148e+03	+7.367e+03	+0.474
60.000	+3.522e+03	+3.101e+03	+5.824e+03	+0.468
60.100	+3.028e+03	+1.987e+03	+6.575e+03	+0.396
60.200	+4.010e+03	+2.811e+03	+8.485e+03	+0.412
60.300	+3.038e+03	+2.949e+03	+5.175e+03	+0.493
60.400	+3.571e+03	+3.783e+03	+6.786e+03	+0.514
60.500	+4.749e+03	+3.369e+03	+6.043e+03	+0.415
60.600	+3.800e+03	+2.623e+03	+7.798e+03	+0.408
60.700	+3.564e+03	+2.519e+03	+6.653e+03	+0.414
60.800	+4.961e+03	+2.601e+03	+6.437e+03	+0.344
60.900	+3.847e+03	+3.226e+03	+8.826e+03	+0.456
61.000	+3.394e+03	+2.247e+03	+5.896e+03	+0.398
61.100	+4.316e+03	+4.125e+03	+6.262e+03	+0.489
61.200	+4.350e+03	+4.098e+03	+6.333e+03	+0.485
61.300	+2.293e+03	+4.224e+03	+5.813e+03	+0.648
61.400	+1.493e+03	+5.175e+03	+4.460e+03	+0.776
61.500	+9.449e+02	+6.102e+03	+6.966e+03	+0.866
61.600	+3.149e+03	+3.832e+03	+6.850e+03	+0.549
61.700	+5.436e+03	+1.154e+03	+6.941e+03	+0.175
61.800	+6.168e+03	+1.353e+03	+8.191e+03	+0.180
61.900	+6.380e+03	+1.131e+03	+7.459e+03	+0.151
62.000	+5.358e+03	+1.503e+03	+5.137e+03	+0.219
62.100	+5.949e+03	+1.370e+03	+6.653e+03	+0.187
62.200	+6.612e+03	+1.205e+03	+7.638e+03	+0.154
62.300	+6.522e+03	+9.491e+02	+5.576e+03	+0.127
62.400	+6.404e+03	+9.456e+02	+6.504e+03	+0.129
62.500	+8.040e+03	+6.443e+02	+7.825e+03	+0.074
62.600	+6.158e+03	+1.354e+03	+6.327e+03	+0.180
62.700	+4.977e+03	+1.548e+03	+5.908e+03	+0.237
62.800	+6.301e+03	-3.115e+02	+5.240e+03	-0.052
62.900	+6.743e+03	+8.923e+02	+6.776e+03	+0.117
63.000	+5.390e+03	+7.953e+02	+7.277e+03	+0.129
63.100	+4.161e+03	+3.820e+03	+6.694e+03	+0.479
63.200	+4.476e+03	+4.260e+03	+7.106e+03	+0.488
63.300	+4.352e+03	+2.840e+03	+7.860e+03	+0.395
63.400	+2.838e+03	+3.344e+03	+7.511e+03	+0.541
63.500	+3.577e+03	+3.047e+03	+5.518e+03	+0.460
63.600	+2.816e+03	+4.239e+03	+8.653e+03	+0.601
63.700	+3.372e+03	+3.961e+03	+6.107e+03	+0.540
63.800	+2.055e+03	+2.902e+03	+6.719e+03	+0.585
63.900	+3.854e+03	+2.078e+03	+6.422e+03	+0.350
64.000	+2.612e+03	+2.962e+03	+6.755e+03	+0.531
64.100	+3.939e+03	+3.180e+03	+7.230e+03	+0.447
64.200	+2.727e+03	+3.342e+03	+5.685e+03	+0.551
64.300	+3.869e+03	+2.127e+03	+6.329e+03	+0.355
64.400	+4.018e+03	+2.623e+03	+7.758e+03	+0.395
64.500	+3.306e+03	+3.247e+03	+6.277e+03	+0.495
64.600	+3.511e+03	+3.811e+03	+7.870e+03	+0.520
64.700	+2.970e+03	+3.302e+03	+7.065e+03	+0.526
64.800	+4.946e+03	+3.795e+03	+6.873e+03	+0.434
64.900	+3.071e+03	+3.835e+03	+5.959e+03	+0.555
65.000	+2.698e+03	+2.694e+03	+5.252e+03	+0.500
65.100	+3.922e+03	+2.634e+03	+7.443e+03	+0.402
65.200	+4.125e+03	+2.631e+03	+6.701e+03	+0.389
65.300	+7.894e+03	+4.765e+02	+8.250e+03	+0.057
65.400	+6.392e+03	+4.959e+02	+6.831e+03	+0.072
65.500	+6.412e+03	+8.461e+02	+6.745e+03	+0.117
65.600	+6.374e+03	+4.647e+02	+6.981e+03	+0.068
65.700	+7.063e+03	+5.511e+01	+5.897e+03	+0.008
65.800	+6.154e+03	+5.833e+02	+8.378e+03	+0.087
65.900	+3.475e+03	+4.594e+03	+6.476e+03	+0.569
66.000	-8.285e+02	+6.814e+03	+7.444e+03	+1.138
66.100	-4.008e+02	+6.411e+03	+5.591e+03	+1.067
66.200	+7.807e+02	+6.513e+03	+7.566e+03	+0.893
66.300	+7.823e+02	+5.368e+03	+7.262e+03	+0.873
66.400	+8.264e+02	+6.127e+03	+4.732e+03	+0.881
66.500	+2.434e+03	+6.406e+03	+5.720e+03	+0.725
66.600	+1.126e+03	+6.593e+03	+7.221e+03	+0.854
66.700	+1.261e+03	+6.113e+03	+7.536e+03	+0.829
66.800	+5.500e+02	+5.758e+03	+7.702e+03	+0.913
66.900	+5.623e+02	+5.149e+03	+7.801e+03	+0.902
67.000	+4.994e+02	+5.288e+03	+6.996e+03	+0.914
67.100	-2.193e+02	+6.084e+03	+6.295e+03	+1.037
67.200	+8.481e+02	+6.009e+03	+8.674e+03	+0.876
67.300	+1.601e+02	+5.523e+03	+6.292e+03	+0.972
67.400	+4.230e+03	+2.344e+03	+7.013e+03	+0.357
67.500	+6.998e+03	+6.031e+02	+6.627e+03	+0.079
67.600	+7.206e+03	+7.323e+02	+8.384e+03	+0.092
67.700	+5.984e+03	+1.521e+03	+7.476e+03	+0.203
67.800	+7.080e+03	+1.810e+03	+7.857e+03	+0.204
67.900	+6.047e+03	+6.509e+02	+6.003e+03	+0.097
68.000	+6.390e+03	+1.135e+03	+7.293e+03	+0.151
68.100	+4.214e+03	+3.692e+03	+7.139e+03	+0.467
68.200	+8.180e+02	+6.587e+03	+9.282e+03	+0.890
68.300	+1.586e+02	+5.232e+03	+8.715e+03	+0.971
68.400	+1.389e+03	+6.427e+03	+6.252e+03	+0.822
68.500	-2.801e+01	+5.271e+03	+7.241e+03	+1.005
68.600	+3.211e+02	+6.912e+03	+6.201e+03	+0.956
68.700	+1.338e+03	+5.167e+03	+7.171e+03	+0.794
68.800	+4.772e+02	+7.769e+03	+4.670e+03	+0.942
68.900	+4.462e+02	+6.984e+03	+6.421e+03	+0.940
69.000	+1.657e+01	+4.601e+03	+6.043e+03	+0.996
69.100	+4.968e+02	+6.208e+03	+8.390e+03	+0.926
69.200	+9.354e+02	+6.312e+03	+6.022e+03	+0.871
69.300	-4.626e+01	+5.936e+03	+5.419e+03	+1.008
69.400	+6.695e+02	+6.263e+03	+7.310e+03	+0.903
69.500	+2.180e+02	+5.528e+03	+9.107e+03	+0.962
69.600	+5.631e+02	+5.887e+03	+7.344e+03	+0.913
69.700	+1.772e+03	+6.227e+03	+6.800e+03	+0.779
69.800	+7.588e+02	+5.964e+03	+6.907e+03	+0.887
69.900	+1.110e+02	+7.547e+03	+5.170e+03	+0.986
70.000	+9.105e+02	+4.666e+03	+6.354e+03	+0.837
70.100	+1.025e+03	+5.840e+03	+7.590e+03	+0.851
70.200	+7.397e+02	+6.918e+03	+7.049e+03	+0.903
70.300	+1.124e+03	+6.026e+03	+7.043e+03	+0.843
70.400	+2.826e+02	+6.096e+03	+4.430e+03	+0.956
70.500	+2.733e+02	+6.669e+03	+7.499e+03	+0.961
70.600	+7.652e+02	+6.815e+03	+8.273e+03	+0.899
70.700	+7.674e+02	+5.509e+03	+6.058e+03	+0.878
70.800	+3.707e+03	+3.288e+03	+6.424e+03	+0.470
70.900	+6.215e+03	+1.056e+03	+7.962e+03	+0.145
71.000	+6.323e+03	+9.902e+02	+5.946e+03	+0.135
71.100	+5.396e+03	+3.205e+02	+7.565e+03	+0.056
71.200	+7.413e+03	+7.445e+02	+6.517e+03	+0.091
71.300	+6.986e+03	+1.562e+03	+8.102e+03	+0.183
71.400	+6.230e+03	-9.395e+01	+6.545e+03	-0.015
71.500	+5.716e+03	+3.125e+02	+5.440e+03	+0.052
71.600	+7.725e+03	+3.423e+02	+7.229e+03	+0.042
71.700	+6.286e+03	+5.731e+02	+6.476e+03	+0.084
71.800	+7.637e+03	+1.129e+02	+7.352e+03	+0.015
71.900	+6.143e+03	+1.137e+03	+6.433e+03	+0.156
72.000	+6.284e+03	+1.147e+03	+7.197e+03	+0.154
72.100	+7.264e+03	+7.812e+02	+8.474e+03	+0.097
72.200	+5.337e+03	+7.742e+02	+5.668e+03	+0.127
72.300	+5.858e+03	+6.939e+02	+6.082e+03	+0.106
72.400	+6.958e+03	+1.066e+03	+7.590e+03	+0.133
72.500	+6.343e+03	+9.449e+02	+6.561e+03	+0.130
72.600	+6.742e+03	+1.337e+03	+6.865e+03	+0.165
72.700	+6.713e+03	+7.675e+02	+6.722e+03	+0.103
72.800	+7.212e+03	+2.362e+02	+4.560e+03	+0.032
72.900	+5.704e+03	+7.889e+02	+7.047e+03	+0.121
73.000	+6.223e+03	+3.670e+02	+7.062e+03	+0.056
73.100	+6.880e+03	+1.574e+03	+7.455e+03	+0.186
73.200	+5.325e+03	+3.914e+02	+5.549e+03	+0.068
73.300	+5.084e+03	+3.221e+03	+6.086e+03	+0.388
73.400	+8.598e+02	+4.902e+03	+8.701e+03	+0.851
73.500	+1.608e+03	+6.080e+03	+5.210e+03	+0.791
73.600	+5.560e+02	+5.971e+03	+5.534e+03	+0.915
73.700	+7.247e+02	+5.727e+03	+5.629e+03	+0.888
73.800	+1.882e+03	+5.133e+03	+6.592e+03	+0.732
73.900	+1.448e+03	+5.895e+03	+8.047e+03	+0.803
74.000	+1.074e+03	+6.767e+03	+6.675e+03	+0.863
74.100	+9.641e+02	+5.507e+03	+7.520e+03	+0.851
74.200	+1.877e+02	+5.445e+03	+7.882e+03	+0.967
74.300	+1.235e+03	+6.045e+03	+6.756e+03	+0.830
74.400	+1.015e+03	+5.729e+03	+6.651e+03	+0.849
74.500	+1.297e+03	+6.636e+03	+5.109e+03	+0.836
74.600	+5.062e+02	+6.168e+03	+5.911e+03	+0.924
74.700	+6.572e+01	+5.268e+03	+7.119e+03	+0.988
74.800	+7.380e+01	+5.615e+03	+6.485e+03	+0.987
74.900	+5.454e+01	+6.610e+03	+6.100e+03	+0.992
75.000	+1.252e+03	+5.772e+03	+6.149e+03	+0.822
75.100	+3.773e+02	+5.043e+03	+8.249e+03	+0.930
75.200	-1.339e+02	+5.561e+03	+8.026e+03	+1.025
75.300	-5.219e+01	+5.980e+03	+6.791e+03	+1.009
75.400	+8.628e+02	+6.285e+03	+7.421e+03	+0.879
75.500	+5.830e+01	+5.325e+03	+6.321e+03	+0.989
75.600	+6.541e+02	+6.791e+03	+6.760e+03	+0.912
75.700	+9.087e+01	+6.891e+03	+7.804e+03	+0.987
75.800	+5.745e+02	+6.085e+03	+7.509e+03	+0.914
75.900	+1.144e+03	+6.618e+03	+7.833e+03	+0.853
76.000	+9.457e+02	+4.720e+03	+7.353e+03	+0.833
76.100	+5.135e+02	+6.505e+03	+6.629e+03	+0.927
76.200	-3.578e+02	+6.173e+03	+7.560e+03	+1.062
76.300	+6.434e+02	+5.121e+03	+7.363e+03	+0.888
76.400	+1.632e+03	+6.267e+03	+8.652e+03	+0.793
76.500	+4.278e+02	+5.317e+03	+5.500e+03	+0.926
76.600	-1.187e+02	+7.114e+03	+6.469e+03	+1.017
76.700	+7.891e+02	+5.270e+03	+6.533e+03	+0.870
76.800	+6.952e+02	+6.310e+03	+6.334e+03	+0.901
76.900	+6.841e+02	+7.496e+03	+8.190e+03	+0.916
77.000	+9.636e+02	+5.329e+03	+7.784e+03	+0.847
77.100	+9.287e+02	+4.978e+03	+6.180e+03	+0.843
77.200	+4.165e+03	+3.921e+03	+6.924e+03	+0.485
77.300	+3.017e+03	+3.914e+03	+6.939e+03	+0.565
77.400	+3.247e+03	+2.789e+03	+8.280e+03	+0.462
77.500	+3.139e+03	+3.535e+03	+4.869e+03	+0.530
77.600	+4.000e+03	+2.587e+03	+6.891e+03	+0.393
77.700	+3.876e+03	+3.023e+03	+6.191e+03	+0.438
77.800	+5.699e+03	+3.108e+03	+6.416e+03	+0.353
77.900	+2.580e+03	+2.818e+03	+6.664e+03	+0.522
78.000	+3.339e+03	+2.939e+03	+7.073e+03	+0.468
78.100	+4.573e+03	+3.129e+03	+6.662e+03	+0.406
78.200	+2.982e+03	+2.968e+03	+7.573e+03	+0.499
78.300	+2.523e+03	+2.694e+03	+5.930e+03	+0.516
78.400	+2.638e+03	+3.718e+03	+7.798e+03	+0.585
78.500	+3.478e+03	+3.719e+03	+7.085e+03	+0.517
78.600	+3.316e+03	+3.350e+03	+6.968e+03	+0.503
78.700	+3.657e+03	+3.225e+03	+7.716e+03	+0.469
78.800	+3.320e+03	+4.022e+03	+8.658e+03	+0.548
78.900	+3.171e+03	+3.274e+03	+8.680e+03	+0.508
79.000	+4.557e+03	+2.653e+03	+6.199e+03	+0.368
79.100	+4.690e+03	+4.025e+03	+6.239e+03	+0.462
79.200	+3.291e+03	+3.472e+03	+6.821e+03	+0.513
79.300	+3.992e+03	+3.779e+03	+6.813e+03	+0.486
79.400	+4.087e+03	+3.430e+03	+7.293e+03	+0.456
79.500	+2.714e+03	+4.078e+03	+7.076e+03	+0.600
79.600	+3.428e+03	+3.299e+03	+6.601e+03	+0.490
79.700	+3.944e+03	+3.508e+03	+7.596e+03	+0.471
79.800	+3.521e+03	+3.324e+03	+7.202e+03	+0.486
79.900	+4.656e+03	+4.766e+03	+7.884e+03	+0.506
80.000	+3.422e+03	+3.609e+03	+7.268e+03	+0.513
80.100	+3.794e+03	+4.761e+03	+6.385e+03	+0.557
80.200	+4.001e+03	+3.020e+03	+7.078e+03	+0.430
80.300	+3.848e+03	+1.517e+03	+6.651e+03	+0.283
80.400	+4.470e+03	+2.157e+03	+6.100e+03	+0.325
80.500	+4.404e+03	+3.489e+03	+5.991e+03	+0.442
80.600	+2.988e+03	+4.173e+03	+7.118e+03	+0.583
80.700	+3.731e+03	+4.814e+03	+7.330e+03	+0.563
80.800	+2.634e+03	+3.892e+03	+5.856e+03	+0.596
80.900	+2.708e+03	+4.934e+03	+6.755e+03	+0.646
81.000	+3.980e+03	+4.140e+03	+6.169e+03	+0.510
81.100	+3.777e+03	+2.632e+03	+6.798e+03	+0.411
81.200	+2.927e+03	+2.911e+03	+6.202e+03	+0.499
81.300	+4.230e+03	+2.641e+03	+7.845e+03	+0.384
81.400	+3.257e+03	+2.983e+03	+7.241e+03	+0.478
81.500	+3.523e+03	+3.799e+03	+6.953e+03	+0.519
81.600	+4.209e+03	+3.596e+03	+7.099e+03	+0.461
81.700	+3.178e+03	+3.857e+03	+7.693e+03	+0.548
81.800	+3.545e+03	+4.327e+03	+8.786e+03	+0.550
81.900	+3.155e+03	+2.598e+03	+6.169e+03	+0.452
82.000	+2.931e+03	+3.034e+03	+6.543e+03	+0.509
82.100	+4.419e+03	+2.066e+03	+5.030e+03	+0.319
82.200	+2.651e+03	+4.773e+03	+6.190e+03	+0.643
82.300	+1.119e+03	+6.468e+03	+8.447e+03	+0.853
82.400	+3.135e+02	+7.188e+03	+6.392e+03	+0.958
82.500	+1.523e+03	+6.041e+03	+5.609e+03	+0.799
82.600	+9.939e+02	+6.865e+03	+7.463e+03	+0.874
82.700	+8.987e+02	+5.447e+03	+8.036e+03	+0.858
82.800	+1.238e+03	+6.722e+03	+6.985e+03	+0.844
82.900	+1.062e+03	+6.096e+03	+6.544e+03	+0.852
83.000	+1.221e+03	+6.515e+03	+6.763e+03	+0.842
83.100	+5.684e+02	+5.633e+03	+5.031e+03	+0.908
83.200	+1.131e+03	+6.584e+03	+5.175e+03	+0.853
83.300	+1.418e+03	+6.411e+03	+7.558e+03	+0.819
83.400	+1.774e+03	+6.105e+03	+6.695e+03	+0.775
83.500	+1.045e+02	+6.796e+03	+6.777e+03	+0.985
83.600	+8.190e+02	+6.024e+03	+7.941e+03	+0.880
83.700	+9.292e+02	+7.183e+03	+7.454e+03	+0.885
83.800	+2.008e+03	+4.715e+03	+8.681e+03	+0.701
83.900	+1.514e+03	+5.705e+03	+5.330e+03	+0.790
84.000	+3.643e+02	+6.815e+03	+6.992e+03	+0.949
84.100	+4.228e+02	+7.701e+03	+6.550e+03	+0.948
84.200	+1.544e+03	+6.665e+03	+6.363e+03	+0.812
84.300	+7.782e+02	+5.801e+03	+5.200e+03	+0.882
84.400	+8.946e+02	+6.433e+03	+5.897e+03	+0.878
84.500	+7.877e+02	+5.989e+03	+7.569e+03	+0.884
84.600	+1.467e+01	+5.816e+03	+6.336e+03	+0.997
84.700	+7.760e+02	+6.621e+03	+5.259e+03	+0.895
84.800	+9.012e+02	+7.110e+03	+8.312e+03	+0.888
84.900	+9.581e+02	+6.198e+03	+7.522e+03	+0.866
85.000	-2.932e+02	+5.276e+03	+6.466e+03	+1.059
85.100	+1.016e+03	+7.307e+03	+5.143e+03	+0.878
85.200	-9.818e+01	+7.035e+03	+8.730e+03	+1.014
85.300	+3.515e+02	+7.457e+03	+7.260e+03	+0.955
85.400	-2.073e+02	+5.657e+03	+7.597e+03	+1.038
85.500	+5.768e+02	+5.015e+03	+6.882e+03	+0.897
85.600	+1.769e+03	+8.431e+03	+6.336e+03	+0.827
85.700	+6.593e+02	+5.609e+03	+7.045e+03	+0.895
85.800	+8.865e+02	+6.057e+03	+6.162e+03	+0.872
85.900	+1.171e+03	+6.066e+03	+6.902e+03	+0.838
86.000	-1.849e+01	+5.975e+03	+8.637e+03	+1.003
86.100	+1.390e+03	+5.102e+03	+6.606e+03	+0.786
86.200	+5.137e+02	+5.735e+03	+7.142e+03	+0.918
86.300	+5.672e+02	+5.620e+03	+6.412e+03	+0.908
86.400	+1.056e+03	+5.322e+03	+7.123e+03	+0.834
86.500	+1.136e+03	+7.046e+03	+7.020e+03	+0.861
86.600	+1.433e+03	+6.290e+03	+5.834e+03	+0.814
86.700	+1.741e+02	+4.473e+03	+6.467e+03	+0.963
86.800	+4.415e+03	+1.329e+03	+5.812e+03	+0.231
86.900	+4.002e+03	+3.035e+03	+7.493e+03	+0.431
87.000	+2.814e+03	+3.542e+03	+6.549e+03	+0.557
87.100	+3.427e+03	+4.418e+03	+5.480e+03	+0.563
87.200	+3.668e+03	+4.258e+03	+8.324e+03	+0.537
87.300	+4.232e+03	+1.425e+03	+7.207e+03	+0.252
87.400	+3.439e+03	+3.244e+03	+6.430e+03	+0.485
87.500	+4.625e+03	+3.475e+03	+5.720e+03	+0.429
87.600	+3.311e+03	+3.175e+03	+5.829e+03	+0.489
87.700	+2.208e+03	+3.912e+03	+6.759e+03	+0.639
87.800	+3.694e+03	+4.901e+03	+7.338e+03	+0.570
87.900	+4.290e+03	+3.062e+03	+7.830e+03	+0.416
88.000	+3.793e+03	+3.062e+03	+6.283e+03	+0.447
88.100	+3.668e+03	+3.521e+03	+5.646e+03	+0.490
88.200	+3.076e+03	+4.011e+03	+6.667e+03	+0.566
88.300	+2.532e+03	+3.102e+03	+6.866e+03	+0.551
88.400	+3.899e+03	+4.102e+03	+6.884e+03	+0.513
88.500	+6.136e+02	+6.055e+03	+6.705e+03	+0.908
88.600	+1.031e+03	+5.231e+03	+8.369e+03	+0.835
88.700	-1.294e+02	+6.346e+03	+6.000e+03	+1.021
88.800	+1.971e+02	+6.101e+03	+6.918e+03	+0.969
88.900	+1.239e+03	+6.059e+03	+6.582e+03	+0.830
89.000	+1.483e+03	+4.880e+03	+7.713e+03	+0.767
89.100	+2.751e+02	+6.889e+03	+7.167e+03	+0.962
89.200	+9.047e+02	+6.864e+03	+7.390e+03	+0.884
89.300	+1.570e+03	+5.822e+03	+5.879e+03	+0.788
89.400	+4.955e+02	+6.290e+03	+7.508e+03	+0.927
89.500	+1.078e+03	+7.214e+03	+6.716e+03	+0.870
89.600	+6.175e+02	+6.383e+03	+7.481e+03	+0.912
89.700	+6.725e+02	+6.830e+03	+5.412e+03	+0.910
89.800	+6.697e+02	+7.969e+03	+7.100e+03	+0.922
89.900	-8.403e+02	+6.439e+03	+7.857e+03	+1.150
90.000	+2.638e+01	+5.756e+03	+6.801e+03	+0.995
90.100	+2.030e+03	+5.788e+03	+7.134e+03	+0.740
90.200	+7.334e+02	+7.197e+03	+6.620e+03	+0.908
90.300	+8.486e+02	+5.223e+03	+6.175e+03	+0.860
90.400	+5.454e+02	+5.904e+03	+5.288e+03	+0.915
90.500	+6.808e+02	+5.578e+03	+6.717e+03	+0.891
90.600	+9.275e+02	+5.280e+03	+8.683e+03	+0.851
90.700	+3.889e+02	+6.260e+03	+4.868e+03	+0.942
90.800	+6.912e+02	+5.844e+03	+7.177e+03	+0.894
90.900	+1.550e+03	+6.516e+03	+8.357e+03	+0.808
91.000	+1.358e+03	+6.424e+03	+5.982e+03	+0.826
91.100	+3.157e+03	+3.811e+03	+6.813e+03	+0.547
91.200	+3.910e+03	+2.670e+03	+5.723e+03	+0.406
91.300	+3.936e+03	+3.765e+03	+6.108e+03	+0.489
91.400	+3.912e+03	+4.270e+03	+5.848e+03	+0.522
91.500	+3.676e+03	+3.048e+03	+7.446e+03	+0.453
91.600	+3.352e+03	+3.677e+03	+6.895e+03	+0.523
91.700	+3.006e+03	+3.215e+03	+5.365e+03	+0.517
91.800	+3.285e+03	+3.854e+03	+5.739e+03	+0.540
91.900	+3.408e+03	+3.105e+03	+8.303e+03	+0.477
92.000	+3.325e+03	+3.375e+03	+7.450e+03	+0.504
92.100	+2.730e+03	+4.200e+03	+6.601e+03	+0.606
92.200	+6.935e+02	+5.633e+03	+7.483e+03	+0.890
92.300	+1.294e+03	+6.496e+03	+4.005e+03	+0.834
92.400	+7.085e+02	+5.957e+03	+6.617e+03	+0.894
92.500	-7.230e+01	+6.302e+03	+7.171e+03	+1.012
92.600	+6.409e+02	+7.338e+03	+6.589e+03	+0.920
92.700	+1.424e+02	+6.042e+03	+5.731e+03	+0.977
92.800	+1.443e+03	+6.369e+03	+6.800e+03	+0.815
92.900	+3.310e+02	+7.663e+03	+6.428e+03	+0.959
93.000	+9.386e+02	+6.721e+03	+7.393e+03	+0.877
93.100	+1.929e+02	+4.859e+03	+5.667e+03	+0.962
93.200	+3.249e+02	+5.304e+03	+8.322e+03	+0.942
93.300	+8.756e+02	+5.427e+03	+5.742e+03	+0.861
93.400	+1.160e+03	+6.705e+03	+7.515e+03	+0.852
93.500	+1.980e+03	+7.711e+03	+5.881e+03	+0.796
93.600	-1.742e+02	+4.888e+03	+6.894e+03	+1.037
93.700	+3.747e+02	+6.169e+03	+7.340e+03	+0.943
93.800	+1.332e+03	+5.446e+03	+7.765e+03	+0.803
93.900	+2.568e+03	+4.684e+03	+6.267e+03	+0.646
94.000	+3.922e+03	+3.111e+03	+7.230e+03	+0.442
94.100	+3.969e+03	+3.369e+03	+5.964e+03	+0.459
94.200	+3.623e+03	+3.880e+03	+6.243e+03	+0.517
94.300	+3.306e+03	+3.018e+03	+6.867e+03	+0.477
94.400	+3.891e+03	+3.438e+03	+5.849e+03	+0.469
94.500	+2.856e+03	+2.624e+03	+5.953e+03	+0.479
94.600	+3.464e+03	+3.265e+03	+7.069e+03	+0.485
94.700	+4.389e+03	+3.107e+03	+5.033e+03	+0.414
94.800	+3.257e+03	+2.133e+03	+5.067e+03	+0.396
94.900	+3.107e+03	+3.469e+03	+6.964e+03	+0.528
95.000	+3.365e+03	+2.960e+03	+7.723e+03	+0.468
95.100	+3.029e+03	+2.521e+03	+5.824e+03	+0.454
95.200	+3.932e+03	+2.230e+03	+8.047e+03	+0.362
95.300	+3.626e+03	+4.312e+03	+7.122e+03	+0.543
95.400	+3.177e+03	+2.694e+03	+6.826e+03	+0.459
95.500	+3.434e+03	+3.422e+03	+6.009e+03	+0.499
95.600	+3.392e+03	+2.450e+03	+7.825e+03	+0.419
95.700	+4.114e+03	+2.540e+03	+6.622e+03	+0.382
95.800	+3.484e+03	+3.122e+03	+6.231e+03	+0.473
95.900	+3.890e+03	+2.620e+03	+7.237e+03	+0.402
96.000	+3.542e+03	+2.356e+03	+6.719e+03	+0.399
96.100	+3.342e+03	+4.710e+03	+7.359e+03	+0.585
96.200	+4.426e+03	+4.991e+03	+7.019e+03	+0.530
96.300	+3.358e+03	+3.690e+03	+7.083e+03	+0.524
96.400	+3.730e+03	+3.642e+03	+5.668e+03	+0.494
96.500	+6.983e+02	+5.568e+03	+6.672e+03	+0.889
96.600	+1.725e+03	+6.494e+03	+6.744e+03	+0.790
96.700	+9.300e+02	+5.291e+03	+6.447e+03	+0.851
96.800	+6.040e+02	+6.135e+03	+8.006e+03	+0.910
96.900	+8.000e+02	+5.592e+03	+5.180e+03	+0.875
97.000	+2.113e+02	+5.374e+03	+6.905e+03	+0.962
97.100	+1.660e+03	+5.256e+03	+7.438e+03	+0.760
97.200	+7.724e+02	+6.572e+03	+6.212e+03	+0.895
97.300	+3.670e+02	+6.608e+03	+6.419e+03	+0.947
97.400	+1.000e+03	+5.484e+03	+8.070e+03	+0.846
97.500	+1.254e+03	+6.259e+03	+5.535e+03	+0.833
97.600	+2.320e+02	+6.554e+03	+6.914e+03	+0.966
97.700	+1.455e+03	+5.026e+03	+7.562e+03	+0.776
97.800	+5.271e+02	+5.845e+03	+6.823e+03	+0.917
97.900	+1.105e+03	+4.631e+03	+7.644e+03	+0.807
98.000	+1.131e+03	+5.075e+03	+6.280e+03	+0.818
98.100	+3.786e+02	+7.194e+03	+7.909e+03	+0.950
98.200	+1.055e+03	+5.610e+03	+6.070e+03	+0.842
98.300	+1.540e+03	+4.871e+03	+6.865e+03	+0.760
98.400	+7.177e+03	+1.461e+03	+6.784e+03	+0.169
98.500	+6.401e+03	+5.981e+02	+6.256e+03	+0.085
98.600	+7.268e+03	+6.697e+02	+6.415e+03	+0.084
98.700	+7.875e+03	+4.181e+02	+8.136e+03	+0.050
98.800	+5.878e+03	+2.078e+02	+7.783e+03	+0.034
98.900	+6.929e+03	+1.403e+03	+4.978e+03	+0.168
99.000	+6.298e+03	+1.095e+02	+6.818e+03	+0.017
99.100	+6.644e+03	+1.201e+03	+6.445e+03	+0.153
99.200	+7.043e+03	+1.925e+03	+5.681e+03	+0.215
99.300	+7.445e+03	+9.709e+02	+7.637e+03	+0.115
99.400	+5.737e+03	+1.105e+02	+6.088e+03	+0.019
99.500	+6.995e+03	+7.698e+02	+6.519e+03	+0.099
99.600	+8.168e+03	+1.160e+03	+6.277e+03	+0.124
99.700	+6.041e+03	+1.259e+03	+6.506e+03	+0.172
99.800	+6.001e+03	+3.822e+02	+6.321e+03	+0.060
99.900	+6.596e+03	+6.314e+02	+6.351e+03	+0.087
100.000	+7.184e+03	+8.254e+02	+6.236e+03	+0.103
100.100	+8.278e+03	+1.250e+03	+7.475e+03	+0.131
100.200	+6.167e+03	+8.827e+01	+6.404e+03	+0.014
100.300	+6.009e+03	+1.343e+03	+6.020e+03	+0.183
100.400	+5.896e+03	+5.669e+02	+7.254e+03	+0.088
100.500	+6.301e+03	+1.140e+03	+6.969e+03	+0.153
100.600	+5.692e+03	+4.540e+02	+5.098e+03	+0.074
100.700	+6.022e+03	-5.541e+02	+6.475e+03	-0.101
100.800	+6.549e+03	+4.234e+01	+6.849e+03	+0.006
100.900	+6.693e+03	+1.441e+03	+5.696e+03	+0.177
101.000	+5.623e+03	+5.392e+02	+6.661e+03	+0.088
101.100	+5.755e+03	+1.128e+03	+5.706e+03	+0.164
101.200	+6.555e+03	+1.928e+03	+8.036e+03	+0.227
101.300	+6.452e+03	+6.063e+02	+7.403e+03	+0.086
101.400	+5.905e+03	+7.734e+02	+6.079e+03	+0.116
101.500	+6.756e+03	+1.563e+03	+7.914e+03	+0.188
101.600	+7.339e+03	+6.752e+02	+7.552e+03	+0.084
101.700	+5.566e+03	+9.178e+02	+7.971e+03	+0.142
101.800	+4.463e+03	+2.748e+02	+6.885e+03	+0.058
101.900	+6.649e+03	+1.163e+03	+7.073e+03	+0.149
102.000	+6.120e+03	+9.073e+01	+6.941e+03	+0.015
102.100	+6.639e+03	+7.270e+02	+5.804e+03	+0.099
102.200	+7.093e+03	+1.027e+03	+6.495e+03	+0.126
102.300	+5.502e+03	+1.526e+03	+7.670e+03	+0.217
102.400	+7.092e+03	+5.508e+02	+6.590e+03	+0.072
102.500	+5.800e+03	+9.010e+02	+5.970e+03	+0.134
102.600	+6.463e+03	+8.399e+02	+5.661e+03	+0.115
102.700	+6.521e+03	+6.559e+02	+7.975e+03	+0.091
102.800	+6.357e+03	+6.843e+01	+7.171e+03	+0.011
102.900	+6.458e+03	+9.466e+02	+5.921e+03	+0.128
103.000	+6.180e+03	+7.092e+02	+7.227e+03	+0.103
103.100	+5.011e+03	+3.642e+02	+5.774e+03	+0.068
103.200	+6.546e+03	+1.513e+03	+6.734e+03	+0.188
103.300	+7.282e+03	+1.859e+02	+8.420e+03	+0.025
103.400	+5.986e+03	-5.919e+02	+6.362e+03	-0.110
103.500	+6.661e+03	+9.443e+02	+7.747e+03	+0.124
103.600	+5.929e+03	+1.253e+03	+6.331e+03	+0.174
103.700	+6.928e+03	+3.825e+02	+6.649e+03	+0.052
103.800	+1.985e+03	+4.710e+03	+7.760e+03	+0.704
103.900	+1.747e+02	+6.297e+03	+8.493e+03	+0.973
104.000	+1.021e+03	+6.193e+03	+8.235e+03	+0.859
104.100	+1.597e+03	+6.208e+03	+7.146e+03	+0.795
104.200	+5.409e+02	+6.196e+03	+6.551e+03	+0.920
104.300	+6.239e+02	+6.114e+03	+6.826e+03	+0.907
104.400	+1.266e+03	+6.222e+03	+4.474e+03	+0.831
104.500	+4.817e+02	+6.361e+03	+6.485e+03	+0.930
104.600	+5.295e+03	+1.582e+03	+6.506e+03	+0.230
104.700	+6.003e+03	+9.513e+02	+7.325e+03	+0.137
104.800	+6.380e+03	-9.184e+01	+5.130e+03	-0.015
104.900	+5.764e+03	+4.090e+02	+4.506e+03	+0.066
105.000	+6.171e+03	+8.269e+02	+6.467e+03	+0.118
105.100	+6.090e+03	+5.885e+02	+6.320e+03	+0.088
105.200	+6.649e+03	+7.602e+02	+6.819e+03	+0.103
105.300	+6.194e+03	+5.039e+02	+8.258e+03	+0.075
105.400	+5.642e+03	+1.140e+03	+5.237e+03	+0.168
105.500	+6.583e+03	+4.359e+02	+5.578e+03	+0.062
105.600	+6.576e+03	+1.114e+03	+7.920e+03	+0.145
105.700	+6.432e+03	-7.247e+02	+9.637e+03	-0.127
105.800	+8.098e+03	+1.125e+03	+5.439e+03	+0.122
105.900	+6.065e+03	-1.269e+02	+6.196e+03	-0.021
106.000	+6.605e+03	+1.023e+03	+6.344e+03	+0.134
106.100	+5.410e+03	+2.263e+03	+6.236e+03	+0.295
106.200	+5.967e+03	+8.339e+02	+6.235e+03	+0.123
106.300	+6.067e+03	+1.687e+03	+7.923e+03	+0.218
106.400	+8.387e+03	+6.203e+02	+7.048e+03	+0.069
106.500	+5.766e+03	+1.143e+03	+7.796e+03	+0.165
106.600	+7.130e+03	+6.451e+02	+7.400e+03	+0.083
106.700	+6.566e+03	+8.059e+02	+8.548e+03	+0.109
106.800	+5.307e+03	+5.367e+02	+6.876e+03	+0.092
106.900	+6.793e+03	+1.118e+03	+6.158e+03	+0.141
107.000	+6.147e+03	+4.146e+02	+8.624e+03	+0.063
107.100	+6.064e+03	+8.628e+02	+7.382e+03	+0.125
107.200	+6.497e+03	+5.707e+01	+7.380e+03	+0.009
107.300	+6.815e+03	+1.797e+03	+7.236e+03	+0.209
107.400	+6.464e+03	+3.886e+02	+5.969e+03	+0.057
107.500	+5.875e+03	+3.568e+02	+7.711e+03	+0.057
107.600	+7.302e+03	+5.481e+02	+6.923e+03	+0.070
107.700	+5.983e+03	-2.850e+02	+5.692e+03	-0.050
107.800	+5.886e+03	+4.558e+02	+7.229e+03	+0.072
107.900	+1.501e+03	+4.369e+03	+7.412e+03	+0.744
108.000	+1.403e+03	+4.820e+03	+6.478e+03	+0.775
108.100	+2.375e+03	+5.832e+03	+7.088e+03	+0.711
108.200	+6.990e+02	+6.256e+03	+6.748e+03	+0.900
108.300	+3.860e+03	+3.190e+03	+7.671e+03	+0.452
108.400	+7.516e+03	+1.119e+03	+6.765e+03	+0.130
108.500	+6.673e+03	+1.101e+03	+5.813e+03	+0.142
108.600	+6.227e+03	+1.305e+03	+6.764e+03	+0.173
108.700	+6.662e+03	+1.862e+02	+6.133e+03	+0.027
108.800	+6.021e+03	+7.312e+02	+6.977e+03	+0.108
108.900	+6.481e+03	+9.187e+01	+7.817e+03	+0.014
109.000	+6.406e+03	+4.235e+02	+6.501e+03	+0.062
109.100	+6.906e+03	+4.627e+02	+7.924e+03	+0.063
109.200	+5.296e+03	-2.315e+02	+8.367e+03	-0.046
109.300	+6.622e+03	+1.438e+03	+7.562e+03	+0.178
109.400	+7.377e+03	+1.039e+03	+5.621e+03	+0.123
109.500	+6.559e+03	+8.330e+02	+5.551e+03	+0.113
109.600	+6.258e+03	+7.170e+02	+7.679e+03	+0.103
109.700	+6.730e+03	+7.936e+00	+7.595e+03	+0.001
109.800	+8.292e+03	+7.484e+01	+6.680e+03	+0.009
109.900	+4.515e+03	+7.471e+02	+6.537e+03	+0.142
110.000	+6.279e+03	+6.473e+02	+6.563e+03	+0.093
110.100	+4.661e+03	+1.393e+03	+7.639e+03	+0.230
110.200	+6.659e+03	+1.045e+03	+7.199e+03	+0.136
110.300	+6.429e+03	+1.770e+03	+6.503e+03	+0.216
110.400	+7.829e+03	+6.592e+02	+6.432e+03	+0.078
110.500	+4.123e+03	+3.202e+03	+7.375e+03	+0.437
110.600	+1.720e+03	+6.381e+03	+6.606e+03	+0.788
110.700	+2.849e+03	+4.144e+03	+7.671e+03	+0.593
110.800	+3.073e+03	+2.963e+03	+6.106e+03	+0.491
110.900	+3.558e+03	+4.011e+03	+6.340e+03	+0.530
111.000	+3.579e+03	+2.846e+03	+8.051e+03	+0.443
111.100	+3.069e+03	+2.488e+03	+5.723e+03	+0.448
111.200	+3.124e+03	+3.039e+03	+6.649e+03	+0.493
111.300	+4.600e+03	+2.583e+03	+6.050e+03	+0.360
111.400	+3.017e+03	+2.997e+03	+6.396e+03	+0.498
111.500	+4.332e+03	+4.153e+03	+7.183e+03	+0.489
111.600	+3.496e+03	+3.624e+03	+7.136e+03	+0.509
111.700	+3.924e+03	+4.483e+03	+7.516e+03	+0.533
111.800	+4.414e+03	+3.635e+03	+5.417e+03	+0.452
111.900	+3.542e+03	+3.738e+03	+5.598e+03	+0.513
112.000	+4.145e+03	+3.845e+03	+6.760e+03	+0.481
112.100	+4.614e+03	+3.661e+03	+6.024e+03	+0.442
112.200	+3.701e+03	+3.084e+03	+7.060e+03	+0.455
112.300	+4.358e+03	+2.939e+03	+6.390e+03	+0.403
112.400	+4.272e+03	+3.537e+03	+8.003e+03	+0.453
112.500	+5.367e+03	+3.346e+03	+6.646e+03	+0.384
112.600	+4.453e+03	+3.222e+03	+7.391e+03	+0.420
112.700	+4.825e+03	+4.094e+03	+6.527e+03	+0.459
112.800	+4.571e+03	+2.810e+03	+7.398e+03	+0.381
112.900	+3.154e+03	+3.125e+03	+7.744e+03	+0.498
113.000	+3.004e+03	+2.947e+03	+6.655e+03	+0.495
113.100	+3.079e+03	+3.402e+03	+5.313e+03	+0.525
113.200	+3.910e+03	+2.748e+03	+5.443e+03	+0.413
113.300	+2.823e+03	+3.048e+03	+6.666e+03	+0.519
113.400	+3.965e+03	+3.749e+03	+7.133e+03	+0.486
113.500	+3.822e+03	+3.161e+03	+6.336e+03	+0.453
113.600	+4.224e+03	+3.086e+03	+5.510e+03	+0.422
113.700	+3.698e+03	+4.133e+03	+7.549e+03	+0.528
113.800	+4.472e+03	+4.380e+03	+7.788e+03	+0.495
113.900	+4.445e+03	+3.825e+03	+6.744e+03	+0.463
114.000	+4.196e+03	+3.820e+03	+8.063e+03	+0.477
114.100	+3.849e+03	+3.198e+03	+7.238e+03	+0.454
114.200	+2.619e+03	+3.252e+03	+7.128e+03	+0.554
114.300	+2.794e+03	+3.090e+03	+7.346e+03	+0.525
114.400	+4.429e+03	+3.531e+03	+6.845e+03	+0.444
114.500	+3.809e+03	+3.579e+03	+6.266e+03	+0.484
114.600	+3.784e+03	+2.954e+03	+4.181e+03	+0.438
114.700	+3.168e+03	+4.251e+03	+7.729e+03	+0.573
114.800	+4.028e+03	+2.144e+03	+6.787e+03	+0.347
114.900	+2.852e+03	+2.750e+03	+6.419e+03	+0.491
115.000	+2.633e+03	+2.736e+03	+6.763e+03	+0.510
115.100	+3.691e+03	+3.277e+03	+8.270e+03	+0.470
115.200	+3.864e+03	+3.524e+03	+6.928e+03	+0.477
115.300	+4.361e+03	+2.652e+03	+6.584e+03	+0.378
115.400	+2.916e+03	+3.313e+03	+7.172e+03	+0.532
115.500	+3.368e+03	+4.152e+03	+6.445e+03	+0.552
115.600	+3.072e+03	+4.291e+03	+6.516e+03	+0.583
115.700	+3.612e+03	+3.709e+03	+5.296e+03	+0.507
115.800	+3.904e+03	+4.053e+03	+8.916e+03	+0.509
115.900	+3.904e+03	+3.735e+03	+7.128e+03	+0.489
116.000	+1.840e+03	+4.105e+03	+7.363e+03	+0.691
116.100	+3.780e+03	+3.001e+03	+5.389e+03	+0.443
116.200	+3.032e+03	+2.612e+03	+8.529e+03	+0.463
116.300	+3.627e+03	+2.051e+03	+8.107e+03	+0.361
116.400	+4.701e+03	+3.763e+03	+9.881e+03	+0.445
116.500	+4.573e+03	+3.529e+03	+7.455e+03	+0.436
116.600	+3.167e+03	+4.692e+03	+6.513e+03	+0.597
116.700	+2.979e+03	+3.194e+03	+5.809e+03	+0.517
116.800	+3.458e+03	+3.626e+03	+6.977e+03	+0.512
116.900	+3.794e+03	+3.303e+03	+6.145e+03	+0.465
117.000	+4.254e+03	+3.281e+03	+7.886e+03	+0.435
117.100	+3.682e+03	+3.473e+03	+7.599e+03	+0.485
117.200	+3.126e+03	+3.336e+03	+7.772e+03	+0.516
117.300	+2.786e+03	+3.383e+03	+8.605e+03	+0.548
117.400	+4.220e+03	+1.624e+03	+7.607e+03	+0.278
117.500	+3.530e+03	+2.703e+03	+7.167e+03	+0.434
117.600	+4.382e+03	+2.839e+03	+8.206e+03	+0.393
117.700	+3.131e+03	+4.083e+03	+7.468e+03	+0.566
117.800	+1.756e+03	+4.447e+03	+7.102e+03	+0.717
117.900	+2.169e+02	+6.468e+03	+6.322e+03	+0.968
118.000	+3.984e+02	+5.664e+03	+5.918e+03	+0.934
118.100	+3.284e+03	+3.749e+03	+6.211e+03	+0.533
118.200	+7.580e+03	+5.605e+02	+6.182e+03	+0.069
118.300	+7.579e+03	+4.752e+02	+7.296e+03	+0.059
118.400	+6.777e+03	+1.366e+03	+6.210e+03	+0.168
118.500	+6.424e+03	+1.933e+02	+7.111e+03	+0.029
118.600	+5.925e+03	+5.285e+02	+7.251e+03	+0.082
118.700	+6.186e+03	+1.361e+03	+8.120e+03	+0.180
118.800	+6.899e+03	+4.227e+02	+7.124e+03	+0.058
118.900	+6.895e+03	+6.390e+02	+6.810e+03	+0.085
119.000	+6.291e+03	-3.807e+02	+7.108e+03	-0.064
119.100	+5.795e+03	+7.150e+02	+7.532e+03	+0.110
119.200	+3.630e+03	+2.455e+03	+6.324e+03	+0.403
119.300	+3.773e+03	+4.754e+03	+8.577e+03	+0.558
119.400	+3.039e+03	+3.484e+03	+6.373e+03	+0.534
119.500	+3.255e+03	+2.547e+03	+6.950e+03	+0.439
119.600	+3.911e+03	+2.832e+03	+7.514e+03	+0.420
119.700	+3.992e+03	+2.397e+03	+7.228e+03	+0.375
119.800	+3.767e+03	+4.060e+03	+7.179e+03	+0.519
119.900	+3.235e+03	+3.111e+03	+6.301e+03	+0.490
120.000	+2.424e+03	+3.932e+03	+6.820e+03	+0.619
120.100	+2.630e+03	+3.078e+03	+6.703e+03	+0.539
120.200	+3.123e+03	+4.099e+03	+6.214e+03	+0.568
120.300	+3.359e+03	+3.135e+03	+8.127e+03	+0.483
120.400	+3.539e+03	+3.246e+03	+7.051e+03	+0.478
120.500	+1.235e+03	+2.848e+03	+4.387e+03	+0.698
120.600	+1.767e+03	+3.745e+03	+7.504e+03	+0.679
120.700	+3.052e+03	+2.978e+03	+5.850e+03	+0.494
120.800	+3.517e+03	+3.033e+03	+6.435e+03	+0.463
120.900	+4.359e+03	+3.073e+03	+7.314e+03	+0.413
121.000	+1.867e+03	+5.812e+03	+7.509e+03	+0.757
121.100	+1.038e+03	+6.127e+03	+7.214e+03	+0.855
121.200	+1.875e+02	+5.467e+03	+6.261e+03	+0.967
121.300	+1.007e+03	+6.465e+03	+5.683e+03	+0.865
121.400	+1.258e+03	+5.631e+03	+8.337e+03	+0.817
121.500	+5.479e+02	+7.027e+03	+7.126e+03	+0.928
121.600	+9.633e+02	+7.275e+03	+7.146e+03	+0.883
121.700	+4.356e+02	+5.508e+03	+7.722e+03	+0.927
121.800	+1.204e+03	+7.202e+03	+5.931e+03	+0.857
121.900	+1.255e+03	+5.784e+03	+6.505e+03	+0.822
122.000	+2.711e+02	+6.082e+03	+6.887e+03	+0.957
122.100	+8.667e+02	+7.385e+03	+7.789e+03	+0.895
122.200	-6.157e+02	+4.542e+03	+5.677e+03	+1.157
122.300	+5.900e+02	+5.450e+03	+5.552e+03	+0.902
122.400	+5.043e+02	+4.993e+03	+7.061e+03	+0.908
122.500	+1.166e+03	+6.516e+03	+5.679e+03	+0.848
122.600	+6.732e+02	+5.586e+03	+6.507e+03	+0.892
122.700	-4.529e+01	+5.941e+03	+7.667e+03	+1.008
122.800	+1.533e+03	+5.627e+03	+7.147e+03	+0.786
122.900	+7.029e+02	+4.456e+03	+7.778e+03	+0.864
123.000	-1.668e+02	+5.644e+03	+5.971e+03	+1.030
123.100	+7.471e+02	+5.197e+03	+6.789e+03	+0.874
123.200	+1.220e+03	+5.236e+03	+6.681e+03	+0.811
123.300	+4.762e+03	+4.577e+01	+6.500e+03	+0.010
123.400	+6.830e+03	+6.880e+02	+5.398e+03	+0.092
123.500	+5.167e+03	+6.768e+02	+5.853e+03	+0.116
123.600	+6.446e+03	-4.966e+02	+8.138e+03	-0.083
123.700	+4.859e+03	-4.727e+02	+5.790e+03	-0.108
123.800	+6.668e+03	+6.133e+02	+6.582e+03	+0.084
123.900	+5.524e+03	+6.957e+02	+5.353e+03	+0.112
124.000	+7.708e+03	+6.171e+02	+7.778e+03	+0.074
124.100	+4.410e+03	+3.601e+03	+7.537e+03	+0.450
124.200	+5.266e+02	+6.395e+03	+6.516e+03	+0.924
124.300	+5.407e+02	+6.302e+03	+6.143e+03	+0.921
124.400	+4.071e+02	+5.171e+03	+5.857e+03	+0.927
124.500	+6.897e+02	+5.843e+03	+4.695e+03	+0.894
124.600	+2.123e+03	+5.008e+03	+6.396e+03	+0.702
124.700	+1.290e+03	+5.385e+03	+7.901e+03	+0.807
124.800	+1.233e+03	+6.615e+03	+7.177e+03	+0.843
124.900	+5.428e+03	+3.054e+03	+6.704e+03	+0.360
125.000	+6.125e+03	-1.660e+01	+4.914e+03	-0.003
125.100	+7.505e+03	+1.112e+03	+7.034e+03	+0.129
125.200	+7.111e+03	+3.681e+02	+7.807e+03	+0.049
125.300	+5.815e+03	-2.045e+02	+5.046e+03	-0.036
125.400	+6.519e+03	+3.830e+01	+5.278e+03	+0.006
125.500	+7.062e+03	+8.314e+02	+5.738e+03	+0.105
125.600	+7.307e+03	+5.202e+02	+8.380e+03	+0.066
125.700	+7.286e+03	+7.409e+02	+7.624e+03	+0.092
125.800	+7.081e+03	+1.532e+03	+6.281e+03	+0.178
125.900	+7.948e+03	+1.273e+03	+6.087e+03	+0.138
126.000	+5.843e+03	+6.755e+02	+6.466e+03	+0.104
126.100	+6.168e+03	+1.554e+03	+6.894e+03	+0.201
126.200	+7.443e+03	+1.074e+03	+7.294e+03	+0.126
126.300	+5.963e+03	+1.870e+02	+7.532e+03	+0.030
126.400	+6.418e+03	-1.972e+01	+6.297e+03	-0.003
126.500	+7.076e+03	+8.092e+02	+5.649e+03	+0.103
126.600	+6.558e+03	+2.549e+02	+7.146e+03	+0.037
126.700	+7.144e+03	+8.882e+02	+8.588e+03	+0.111
126.800	+2.561e+03	+3.638e+03	+6.087e+03	+0.587
126.900	+1.153e+03	+4.680e+03	+8.038e+03	+0.802
127.000	+2.114e+02	+6.298e+03	+6.382e+03	+0.968
127.100	+1.621e+03	+5.283e+03	+6.341e+03	+0.765
127.200	+8.054e+02	+5.870e+03	+5.319e+03	+0.879
127.300	+5.349e+02	+5.527e+03	+8.413e+03	+0.912
127.400	+1.010e+03	+6.186e+03	+7.403e+03	+0.860
127.500	+1.151e+03	+5.096e+03	+7.810e+03	+0.816
127.600	+1.037e+03	+6.155e+03	+6.894e+03	+0.856
127.700	-4.210e+01	+5.445e+03	+6.382e+03	+1.008
127.800	+1.024e+03	+4.949e+03	+7.446e+03	+0.829
127.900	+1.471e+03	+6.585e+03	+7.038e+03	+0.817
128.000	+1.378e+03	+4.613e+03	+6.221e+03	+0.770
128.100	+5.845e+03	+7.890e+01	+4.491e+03	+0.013
128.200	+4.844e+03	+2.649e+02	+5.639e+03	+0.052
128.300	+6.580e+03	+5.569e+01	+5.406e+03	+0.008
128.400	+5.975e+03	+1.450e+03	+6.219e+03	+0.195
128.500	+6.884e+03	+7.924e+02	+8.229e+03	+0.103
128.600	+6.047e+03	+8.138e+02	+6.497e+03	+0.119
128.700	+6.761e+03	-3.685e+02	+7.146e+03	-0.058
128.800	+5.862e+03	+6.757e+02	+7.779e+03	+0.103
128.900	+2.887e+02	+4.487e+03	+5.909e+03	+0.940
129.000	+1.648e+03	+6.214e+03	+6.083e+03	+0.790
129.100	+1.429e+03	+4.930e+03	+7.621e+03	+0.775
129.200	+4.865e+02	+6.126e+03	+4.658e+03	+0.926
129.300	+1.544e+03	+5.656e+03	+6.977e+03	+0.786
129.400	+8.297e+02	+6.289e+03	+6.103e+03	+0.883
129.500	+2.348e+03	+5.360e+03	+5.624e+03	+0.695
129.600	+6.685e+03	+4.813e+02	+7.330e+03	+0.067
129.700	+7.473e+03	+2.270e+02	+6.641e+03	+0.029
129.800	+6.656e+03	+2.324e+01	+4.351e+03	+0.003
129.900	+6.793e+03	+1.964e+03	+7.326e+03	+0.224
130.000	+6.959e+03	+1.121e+03	+7.417e+03	+0.139
130.100	+6.120e+03	+6.648e+02	+5.787e+03	+0.098
130.200	+5.230e+03	+1.778e+03	+6.990e+03	+0.254
130.300	+6.580e+03	+3.365e+02	+7.363e+03	+0.049
130.400	+8.042e+03	+9.112e+02	+7.389e+03	+0.102
130.500	+4.954e+03	-3.617e+00	+6.033e+03	-0.001
130.600	+6.745e+03	+1.285e+03	+5.924e+03	+0.160
130.700	+7.227e+03	+1.414e+03	+7.604e+03	+0.164
130.800	+8.120e+03	+4.781e+02	+4.669e+03	+0.056
130.900	+3.834e+03	+3.757e+03	+7.915e+03	+0.495
131.000	+1.033e+03	+6.488e+03	+8.214e+03	+0.863
131.100	+8.509e+02	+7.641e+03	+7.197e+03	+0.900
131.200	-1.155e+02	+6.471e+03	+8.289e+03	+1.018
131.300	-3.662e+02	+4.542e+03	+6.610e+03	+1.088
131.400	+5.421e+02	+7.377e+03	+6.329e+03	+0.932
131.500	+1.236e+03	+6.102e+03	+7.180e+03	+0.832
131.600	+7.048e+01	+6.042e+03	+6.518e+03	+0.988
131.700	+2.453e+03	+6.283e+03	+6.592e+03	+0.719
131.800	-4.259e+02	+5.874e+03	+8.110e+03	+1.078
131.900	+1.790e+02	+5.736e+03	+7.275e+03	+0.970
132.000	+1.393e+03	+6.862e+03	+5.205e+03	+0.831
132.100	+2.069e+03	+4.755e+03	+7.144e+03	+0.697
132.200	+2.966e+03	+2.342e+03	+7.666e+03	+0.441
132.300	+2.568e+03	+2.936e+03	+6.570e+03	+0.533
132.400	+3.383e+03	+3.134e+03	+6.586e+03	+0.481
132.500	+3.846e+03	+3.383e+03	+5.717e+03	+0.468
132.600	+3.503e+03	+2.844e+03	+4.570e+03	+0.448
132.700	+2.982e+03	+2.191e+03	+4.958e+03	+0.424
132.800	+4.458e+03	+2.767e+03	+4.475e+03	+0.383
132.900	+3.458e+03	+3.177e+03	+5.389e+03	+0.479
133.000	+3.968e+03	+3.609e+03	+6.316e+03	+0.476
133.100	+4.448e+03	+3.501e+03	+7.858e+03	+0.440
133.200	+4.260e+03	+3.254e+03	+6.153e+03	+0.433
133.300	+3.910e+03	+3.653e+03	+6.214e+03	+0.483
133.400	+4.350e+03	+3.739e+03	+6.471e+03	+0.462
133.500	+3.821e+03	+4.704e+03	+8.226e+03	+0.552
133.600	+3.601e+03	+4.138e+03	+6.272e+03	+0.535
133.700	+3.526e+03	+3.324e+03	+7.129e+03	+0.485
133.800	+2.849e+03	+1.596e+03	+8.619e+03	+0.359
133.900	+5.039e+03	+4.043e+03	+6.269e+03	+0.445
134.000	+3.954e+03	+2.235e+03	+6.367e+03	+0.361
134.100	+3.829e+03	+2.723e+03	+7.180e+03	+0.416
134.200	+3.192e+03	+4.887e+03	+7.299e+03	+0.605
134.300	+3.348e+03	+4.066e+03	+5.284e+03	+0.548
134.400	+3.219e+03	+2.779e+03	+6.813e+03	+0.463
134.500	+3.516e+03	+3.465e+03	+7.609e+03	+0.496
134.600	+3.939e+03	+3.538e+03	+5.975e+03	+0.473
134.700	+3.618e+03	+3.174e+03	+7.000e+03	+0.467
134.800	+3.779e+03	+3.144e+03	+7.712e+03	+0.454
134.900	+3.069e+03	+3.591e+03	+5.937e+03	+0.539
135.000	+4.129e+03	+4.300e+03	+5.880e+03	+0.510
135.100	+3.342e+03	+3.168e+03	+8.746e+03	+0.487
135.200	+3.023e+03	+2.345e+03	+8.405e+03	+0.437
135.300	+3.724e+03	+3.430e+03	+6.114e+03	+0.480
135.400	+2.887e+03	+2.854e+03	+7.714e+03	+0.497
135.500	+3.405e+03	+3.260e+03	+6.170e+03	+0.489
135.600	+3.883e+03	+3.556e+03	+7.389e+03	+0.478
135.700	+4.558e+03	+2.819e+03	+5.785e+03	+0.382
135.800	+3.482e+03	+3.796e+03	+5.290e+03	+0.522
135.900	+2.762e+03	+3.118e+03	+7.842e+03	+0.530
136.000	+3.721e+03	+3.575e+03	+8.326e+03	+0.490
136.100	+4.300e+03	+3.235e+03	+9.162e+03	+0.429
136.200	+2.959e+03	+3.113e+03	+7.689e+03	+0.513
136.300	+3.944e+03	+3.832e+03	+7.190e+03	+0.493
136.400	+3.957e+03	+3.340e+03	+5.883e+03	+0.458
136.500	+4.166e+03	+2.486e+03	+6.319e+03	+0.374
136.600	+2.924e+03	+3.648e+03	+5.427e+03	+0.555
136.700	+4.387e+03	+4.653e+03	+7.200e+03	+0.515
136.800	+4.027e+03	+2.451e+03	+7.142e+03	+0.378
136.900	+3.088e+03	+3.218e+03	+7.691e+03	+0.510
137.000	+5.007e+03	+2.442e+03	+6.724e+03	+0.328
137.100	+4.341e+03	+4.141e+03	+7.719e+03	+0.488
137.200	+3.685e+03	+3.785e+03	+6.078e+03	+0.507
137.300	+3.099e+03	+4.186e+03	+5.714e+03	+0.575
137.400	+3.171e+03	+2.579e+03	+6.068e+03	+0.448
137.500	+4.010e+03	+3.451e+03	+6.277e+03	+0.463
137.600	+3.632e+03	+4.680e+03	+7.368e+03	+0.563
137.700	+2.990e+03	+4.293e+03	+8.239e+03	+0.589
137.800	+3.548e+03	+3.269e+03	+6.977e+03	+0.480
137.900	+4.541e+03	+2.971e+03	+6.677e+03	+0.396
138.000	+4.204e+03	+3.906e+03	+5.676e+03	+0.482
138.100	+3.293e+03	+2.510e+03	+6.673e+03	+0.433
138.200	+2.769e+03	+3.448e+03	+6.410e+03	+0.555
138.300	+4.601e+03	+3.716e+03	+7.109e+03	+0.447
138.400	+3.434e+03	+2.257e+03	+6.384e+03	+0.397
138.500	+3.670e+03	+4.460e+03	+7.744e+03	+0.549
138.600	+2.998e+03	+4.016e+03	+6.448e+03	+0.573
138.700	+1.760e+03	+6.273e+03	+5.584e+03	+0.781
138.800	+1.781e+03	+6.461e+03	+5.204e+03	+0.784
138.900	+8.983e+02	+6.389e+03	+6.405e+03	+0.877
139.000	+1.191e+03	+5.853e+03	+7.380e+03	+0.831
139.100	+1.754e+03	+5.543e+03	+7.200e+03	+0.760
139.200	+1.342e+02	+6.334e+03	+6.273e+03	+0.979
139.300	+5.529e+02	+5.669e+03	+7.010e+03	+0.911
139.400	+6.513e+02	+5.951e+03	+5.256e+03	+0.901
139.500	+4.758e+02	+7.289e+03	+6.220e+03	+0.939
139.600	+1.062e+03	+5.315e+03	+6.894e+03	+0.833
139.700	+1.494e+03	+4.480e+03	+7.154e+03	+0.750
139.800	+1.818e+02	+5.417e+03	+5.874e+03	+0.968
139.900	+6.072e+02	+6.677e+03	+5.857e+03	+0.917
140.000	-3.934e+02	+5.813e+03	+6.743e+03	+1.073
140.100	+2.136e+02	+5.157e+03	+6.670e+03	+0.960
140.200	-2.060e+01	+6.780e+03	+7.799e+03	+1.003
140.300	+6.733e+02	+6.093e+03	+6.825e+03	+0.900
140.400	+4.971e+02	+6.445e+03	+6.567e+03	+0.928
140.500	-2.068e+02	+4.763e+03	+8.829e+03	+1.045
140.600	+1.330e+03	+5.310e+03	+6.894e+03	+0.800
140.700	+6.636e+02	+5.143e+03	+6.575e+03	+0.886
140.800	+8.234e+02	+5.695e+03	+8.869e+03	+0.874
140.900	+8.854e+02	+7.493e+03	+5.424e+03	+0.894
141.000	+1.046e+03	+6.618e+03	+7.934e+03	+0.864
141.100	-6.476e+02	+6.409e+03	+7.057e+03	+1.112
141.200	+8.674e+02	+6.157e+03	+6.301e+03	+0.877
141.300	+1.063e+03	+6.309e+03	+6.969e+03	+0.856
141.400	+1.591e+02	+7.526e+03	+7.920e+03	+0.979
141.500	+4.149e+03	+2.693e+03	+7.300e+03	+0.394
141.600	+5.917e+03	+4.128e+02	+5.642e+03	+0.065
141.700	+6.421e+03	+2.289e+03	+6.642e+03	+0.263
141.800	+5.576e+03	+2.093e+02	+6.029e+03	+0.036
141.900	+6.286e+03	+1.041e+03	+6.036e+03	+0.142
142.000	+6.241e+03	+1.643e+03	+7.634e+03	+0.208
142.100	+6.595e+03	+6.667e+02	+8.505e+03	+0.092
142.200	+6.533e+03	+6.379e+01	+7.794e+03	+0.010
142.300	+6.174e+03	+1.066e+03	+6.522e+03	+0.147
142.400	+6.920e+03	+2.880e+02	+6.027e+03	+0.040
142.500	+5.729e+03	+2.118e+03	+6.807e+03	+0.270
142.600	+1.357e+03	+6.751e+03	+8.231e+03	+0.833
142.700	+9.086e+02	+6.624e+03	+5.597e+03	+0.879
142.800	+1.175e+03	+7.430e+03	+7.266e+03	+0.863
142.900	+1.321e+03	+6.308e+03	+7.565e+03	+0.827
143.000	+1.486e+03	+4.893e+03	+6.200e+03	+0.767
143.100	+1.246e+03	+5.528e+03	+6.611e+03	+0.816
143.200	+1.182e+03	+5.129e+03	+7.742e+03	+0.813
143.300	+4.451e+03	+1.992e+03	+6.801e+03	+0.309
143.400	+3.695e+03	+3.530e+03	+4.148e+03	+0.489
143.500	+5.172e+02	+6.524e+03	+7.141e+03	+0.927
143.600	+8.728e+02	+5.743e+03	+6.140e+03	+0.868
143.700	+3.532e+02	+5.192e+03	+8.310e+03	+0.936
143.800	+7.478e+02	+5.732e+03	+6.970e+03	+0.885
143.900	+2.950e+02	+5.202e+03	+7.310e+03	+0.946
144.000	+1.249e+03	+7.707e+03	+5.829e+03	+0.861
144.100	+2.083e+02	+6.473e+03	+6.892e+03	+0.969
144.200	-3.966e+02	+5.465e+03	+6.684e+03	+1.078
144.300	+5.296e+02	+6.746e+03	+5.973e+03	+0.927
144.400	+1.518e+03	+7.039e+03	+4.676e+03	+0.823
144.500	+1.201e+03	+5.964e+03	+7.711e+03	+0.832
144.600	+1.056e+03	+6.720e+03	+6.442e+03	+0.864
144.700	+8.944e+02	+5.051e+03	+7.239e+03	+0.850
144.800	+3.926e+02	+6.670e+03	+6.305e+03	+0.944
144.900	+1.009e+03	+5.450e+03	+6.634e+03	+0.844
145.000	+8.656e+02	+6.761e+03	+6.800e+03	+0.887
145.100	+1.378e+03	+6.651e+03	+8.036e+03	+0.828
145.200	+8.522e+02	+7.019e+03	+6.534e+03	+0.892
145.300	+3.925e+02	+6.721e+03	+8.447e+03	+0.945
145.400	+1.387e+03	+6.647e+03	+6.333e+03	+0.827
145.500	+4.933e+02	+6.316e+03	+7.681e+03	+0.928
145.600	+1.088e+03	+6.196e+03	+6.451e+03	+0.851
145.700	+1.308e+03	+6.691e+03	+8.105e+03	+0.836
145.800	+2.209e+02	+6.812e+03	+6.618e+03	+0.969
145.900	+2.591e+02	+6.671e+03	+7.451e+03	+0.963
146.000	+3.368e+02	+5.432e+03	+7.816e+03	+0.942
146.100	+3.723e+03	+2.698e+03	+6.420e+03	+0.420
146.200	+6.896e+03	+9.931e+01	+6.955e+03	+0.014
146.300	+6.311e+03	+7.453e+02	+7.452e+03	+0.106
146.400	+6.991e+03	+1.642e+03	+8.705e+03	+0.190
146.500	+6.743e+03	+2.862e+01	+6.478e+03	+0.004
146.600	+6.238e+03	+4.487e+02	+6.394e+03	+0.067
146.700	+8.345e+03	+7.046e+02	+5.179e+03	+0.078
146.800	+5.965e+03	+8.446e+02	+5.875e+03	+0.124
146.900	+8.180e+03	+1.730e+02	+8.892e+03	+0.021
147.000	+5.761e+03	+4.187e+02	+7.702e+03	+0.068
147.100	+6.565e+03	+4.122e+02	+5.347e+03	+0.059
147.200	+7.596e+03	+1.291e+03	+8.145e+03	+0.145
147.300	+6.674e+03	-4.982e+02	+6.043e+03	-0.081
147.400	+7.527e+03	+4.367e+02	+6.166e+03	+0.055
147.500	+5.319e+03	+1.382e+03	+8.048e+03	+0.206
147.600	+6.963e+03	+1.534e+03	+7.757e+03	+0.181
147.700	+5.566e+03	-1.403e+02	+6.400e+03	-0.026
147.800	+5.201e+03	+2.830e+02	+6.901e+03	+0.052
147.900	+5.466e+03	+8.951e+02	+7.141e+03	+0.141
148.000	+6.908e+03	+3.880e+02	+5.522e+03	+0.053
148.100	+6.681e+03	+1.942e+03	+7.303e+03	+0.225
148.200	+6.504e+03	+1.643e+03	+5.974e+03	+0.202
148.300	+5.440e+03	+8.378e+02	+5.339e+03	+0.133
148.400	+5.395e+03	-5.434e+01	+7.842e+03	-0.010
148.500	+4.724e+03	+1.682e+03	+6.293e+03	+0.263
148.600	+6.715e+03	+1.253e+02	+6.770e+03	+0.018
148.700	+7.363e+03	+8.598e+02	+5.763e+03	+0.105
148.800	+5.763e+03	+5.228e+02	+7.934e+03	+0.083
148.900	+6.624e+03	+1.015e+03	+7.789e+03	+0.133
149.000	+5.250e+03	+2.951e+01	+5.788e+03	+0.006
149.100	+6.317e+03	+1.463e+03	+6.034e+03	+0.188
149.200	+3.563e+03	+3.401e+03	+7.053e+03	+0.488
149.300	+2.718e+03	+3.329e+03	+5.188e+03	+0.551
149.400	+4.468e+03	+3.261e+03	+7.785e+03	+0.422
149.500	+2.968e+03	+2.443e+03	+6.134e+03	+0.452
149.600	+2.550e+03	+2.122e+03	+7.598e+03	+0.454
149.700	+4.119e+03	+3.889e+03	+5.630e+03	+0.486
149.800	+2.918e+03	+2.449e+03	+6.260e+03	+0.456
149.900	+2.934e+03	+3.455e+03	+8.016e+03	+0.541
150.000	+3.106e+03	+3.358e+03	+7.076e+03	+0.519
150.100	+3.939e+03	+2.826e+03	+5.723e+03	+0.418
150.200	+2.980e+03	+2.065e+03	+9.471e+03	+0.409
150.300	+3.543e+03	+3.771e+03	+7.444e+03	+0.516
150.400	+4.971e+03	+3.346e+03	+8.171e+03	+0.402
150.500	+4.753e+03	+3.744e+03	+5.452e+03	+0.441
150.600	+3.831e+03	+4.156e+03	+8.622e+03	+0.520
150.700	+3.219e+03	+3.447e+03	+7.052e+03	+0.517
150.800	+4.062e+03	+4.058e+03	+4.926e+03	+0.500
150.900	+3.522e+03	+2.776e+03	+6.649e+03	+0.441
151.000	+2.420e+03	+2.587e+03	+7.736e+03	+0.517
151.100	+4.037e+03	+3.256e+03	+6.019e+03	+0.446
151.200	+2.771e+03	+3.450e+03	+6.494e+03	+0.555
151.300	+3.738e+03	+4.661e+03	+7.046e+03	+0.555
151.400	+5.110e+03	+3.348e+03	+6.749e+03	+0.396
151.500	+2.711e+03	+2.759e+03	+7.247e+03	+0.504
151.600	+3.744e+03	+3.087e+03	+7.217e+03	+0.452
151.700	+3.946e+03	+2.503e+03	+6.126e+03	+0.388
151.800	+3.062e+03	+3.740e+03	+7.092e+03	+0.550
151.900	+4.185e+03	+3.384e+03	+6.041e+03	+0.447
152.000	+2.343e+03	+3.167e+03	+8.251e+03	+0.575
152.100	+3.282e+03	+3.719e+03	+6.204e+03	+0.531
152.200	+3.408e+03	+3.169e+03	+6.939e+03	+0.482
152.300	+2.535e+03	+2.500e+03	+7.102e+03	+0.497
152.400	+3.168e+03	+3.076e+03	+8.052e+03	+0.493
152.500	+3.765e+03	+3.858e+03	+7.867e+03	+0.506
152.600	+4.502e+03	+3.637e+03	+5.963e+03	+0.447
152.700	+3.761e+03	+2.736e+03	+7.232e+03	+0.421
152.800	+4.625e+03	+3.902e+03	+6.802e+03	+0.458
152.900	+3.938e+03	+2.130e+03	+5.650e+03	+0.351
153.000	+3.242e+03	+3.794e+03	+6.612e+03	+0.539
153.100	+3.109e+03	+3.816e+03	+7.564e+03	+0.551
153.200	+4.039e+03	+3.408e+03	+5.641e+03	+0.458
153.300	+3.359e+03	+3.446e+03	+5.601e+03	+0.506
153.400	+2.547e+03	+2.003e+03	+6.001e+03	+0.440
153.500	+2.344e+03	+2.989e+03	+7.532e+03	+0.561
153.600	+5.058e+03	+3.254e+03	+5.937e+03	+0.391
153.700	+3.202e+03	+3.421e+03	+8.601e+03	+0.517
153.800	+3.587e+03	+3.372e+03	+6.235e+03	+0.485
153.900	+3.764e+03	+3.622e+03	+6.345e+03	+0.490
154.000	+2.593e+03	+3.641e+03	+7.461e+03	+0.584
154.100	+3.401e+03	+2.577e+03	+5.860e+03	+0.431
154.200	+4.273e+03	+4.541e+03	+6.080e+03	+0.515
154.300	+3.534e+03	+2.152e+03	+6.700e+03	+0.379
154.400	+3.434e+03	+3.390e+03	+7.018e+03	+0.497
154.500	+3.727e+03	+4.751e+03	+7.910e+03	+0.560
154.600	+3.423e+03	+2.648e+03	+6.239e+03	+0.436
154.700	+3.514e+03	+4.164e+03	+7.377e+03	+0.542
154.800	+4.468e+03	+2.238e+03	+7.374e+03	+0.334
154.900	+3.955e+03	+2.424e+03	+7.047e+03	+0.380
155.000	+4.163e+03	+4.529e+03	+6.521e+03	+0.521
155.100	+3.940e+03	+4.292e+03	+7.631e+03	+0.521
155.200	+2.263e+03	+3.250e+03	+6.150e+03	+0.590
155.300	+3.790e+03	+4.204e+03	+7.019e+03	+0.526
155.400	+4.179e+03	+3.292e+03	+7.542e+03	+0.441
155.500	+3.842e+03	+3.313e+03	+6.455e+03	+0.463
155.600	+3.183e+03	+3.527e+03	+7.178e+03	+0.526
155.700	+3.774e+03	+3.690e+03	+7.736e+03	+0.494
155.800	+2.767e+03	+2.822e+03	+7.272e+03	+0.505
155.900	+2.698e+03	+3.150e+03	+7.249e+03	+0.539
156.000	+5.062e+03	+4.384e+03	+7.898e+03	+0.464
156.100	+2.872e+03	+2.108e+03	+5.981e+03	+0.423
156.200	+3.363e+03	+3.928e+03	+7.149e+03	+0.539
156.300	+3.113e+03	+4.022e+03	+6.846e+03	+0.564
156.400	+3.968e+03	+3.146e+03	+7.372e+03	+0.442
156.500	+4.870e+03	+2.303e+03	+5.644e+03	+0.321
156.600	+4.178e+03	+3.235e+03	+7.104e+03	+0.436
156.700	+2.739e+03	+4.337e+03	+7.098e+03	+0.613
156.800	+4.759e+03	+4.205e+03	+5.951e+03	+0.469
156.900	+4.462e+03	+4.428e+03	+7.137e+03	+0.498
157.000	+2.894e+03	+2.924e+03	+7.546e+03	+0.503
157.100	+2.742e+03	+2.689e+03	+5.956e+03	+0.495
157.200	+3.805e+03	+3.912e+03	+7.611e+03	+0.507
157.300	+3.726e+03	+2.326e+03	+4.557e+03	+0.384
157.400	+3.442e+03	+2.686e+03	+7.803e+03	+0.438
157.500	+3.719e+03	+4.136e+03	+7.113e+03	+0.527
157.600	+2.694e+03	+3.757e+03	+6.020e+03	+0.582
157.700	+3.011e+03	+2.718e+03	+7.537e+03	+0.474
157.800	+2.001e+03	+3.255e+03	+6.546e+03	+0.619
157.900	+1.151e+03	+7.086e+03	+8.854e+03	+0.860
158.000	+1.503e+03	+5.570e+03	+7.163e+03	+0.787
158.100	+2.517e+02	+7.013e+03	+8.201e+03	+0.965
158.200	+5.119e+02	+6.210e+03	+6.136e+03	+0.924
158.300	+1.058e+03	+5.899e+03	+7.568e+03	+0.848
158.400	+1.103e+03	+6.339e+03	+7.866e+03	+0.852
158.500	+5.064e+02	+7.237e+03	+7.623e+03	+0.935
158.600	+1.092e+03	+6.688e+03	+5.861e+03	+0.860
158.700	+2.103e+03	+6.027e+03	+7.321e+03	+0.741
158.800	+9.641e+02	+6.035e+03	+6.973e+03	+0.862
158.900	-2.858e+02	+6.029e+03	+7.733e+03	+1.050
159.000	+3.692e+03	+2.949e+03	+8.286e+03	+0.444
159.100	+6.389e+03	+7.277e+02	+8.095e+03	+0.102
159.200	+5.448e+03	-2.087e+02	+7.768e+03	-0.040
159.300	+6.195e+03	+1.054e+03	+6.258e+03	+0.145
159.400	+6.501e+03	+8.037e+02	+6.494e+03	+0.110
159.500	+6.753e+03	+4.857e+02	+7.258e+03	+0.067
159.600	+7.103e+03	+1.415e+03	+6.926e+03	+0.166
159.700	+6.081e+03	+2.334e+03	+6.139e+03	+0.277
159.800	+5.491e+03	+6.487e+02	+7.031e+03	+0.106
159.900	+6.153e+03	+6.382e+02	+5.062e+03	+0.094
160.000	+6.041e+03	+1.307e+02	+6.313e+03	+0.021
160.100	+5.817e+03	+4.038e+02	+6.725e+03	+0.065
160.200	+5.369e+03	+4.420e+02	+7.999e+03	+0.076
160.300	+6.771e+03	+1.003e+03	+7.046e+03	+0.129
160.400	+6.576e+03	+1.599e+02	+6.206e+03	+0.024
160.500	+6.580e+03	+5.491e+02	+6.913e+03	+0.077
160.600	+5.233e+03	+2.037e+02	+6.021e+03	+0.037
160.700	+5.502e+03	+3.347e+02	+7.123e+03	+0.057
160.800	+5.503e+03	+9.448e+02	+6.118e+03	+0.147
160.900	+5.307e+03	+9.968e+02	+6.601e+03	+0.158
161.000	+5.545e+03	+3.532e+02	+6.663e+03	+0.060
161.100	+6.889e+03	+6.883e+02	+4.922e+03	+0.091
161.200	+6.418e+03	+1.326e+03	+7.363e+03	+0.171
161.300	+7.463e+03	+6.051e+02	+8.014e+03	+0.075
161.400	+7.370e+03	+7.485e+01	+6.026e+03	+0.010
161.500	+5.478e+03	+8.282e+02	+5.634e+03	+0.131
161.600	+6.425e+03	+6.501e+02	+5.956e+03	+0.092
161.700	+6.659e+03	+1.037e+03	+7.228e+03	+0.135
161.800	+3.761e+03	+3.441e+03	+6.481e+03	+0.478
161.900	+1.771e+03	+6.250e+03	+7.638e+03	+0.779
162.000	+1.315e+02	+6.541e+03	+7.361e+03	+0.980
162.100	+1.121e+03	+5.630e+03	+6.197e+03	+0.834
162.200	+1.228e+03	+6.629e+03	+6.512e+03	+0.844
162.300	+1.092e+03	+7.387e+03	+6.654e+03	+0.871
162.400	+2.714e+02	+5.696e+03	+7.177e+03	+0.955
162.500	+6.873e+02	+5.967e+03	+7.636e+03	+0.897
162.600	+1.441e+03	+7.144e+03	+6.668e+03	+0.832
162.700	-5.443e+02	+6.161e+03	+6.307e+03	+1.097
162.800	+5.252e+02	+6.236e+03	+6.591e+03	+0.922
162.900	-1.069e+02	+6.658e+03	+7.847e+03	+1.016
163.000	+3.872e+02	+6.526e+03	+6.483e+03	+0.944
163.100	+1.417e+03	+5.996e+03	+6.601e+03	+0.809
163.200	-4.623e+02	+6.804e+03	+6.055e+03	+1.073
163.300	+4.556e+03	+2.270e+03	+7.512e+03	+0.333
163.400	+4.299e+03	+3.511e+02	+7.694e+03	+0.075
163.500	+5.818e+03	+1.969e+02	+6.020e+03	+0.033
163.600	+6.126e+03	+9.793e+02	+4.948e+03	+0.138
163.700	+6.531e+03	-1.873e+02	+6.010e+03	-0.030
163.800	+5.706e+03	-5.159e+01	+7.226e+03	-0.009
163.900	+5.046e+03	+1.498e+03	+6.428e+03	+0.229
164.000	+6.403e+03	+4.001e+02	+7.506e+03	+0.059
164.100	+7.346e+03	+8.168e+02	+5.748e+03	+0.100
164.200	-3.226e+02	+6.087e+03	+8.642e+03	+1.056
164.300	+7.511e+02	+6.583e+03	+7.063e+03	+0.898
164.400	+3.569e+02	+5.927e+03	+8.621e+03	+0.943
164.500	+9.912e+02	+5.820e+03	+6.713e+03	+0.854
164.600	+6.018e+02	+5.148e+03	+8.501e+03	+0.895
164.700	+7.068e+02	+5.815e+03	+6.736e+03	+0.892
164.800	-6.547e+02	+6.993e+03	+6.681e+03	+1.103
164.900	+1.146e+03	+5.264e+03	+7.089e+03	+0.821
165.000	+7.385e+02	+5.641e+03	+4.758e+03	+0.884
165.100	+4.003e+02	+5.546e+03	+5.812e+03	+0.933
165.200	+7.545e+02	+5.753e+03	+5.258e+03	+0.884
165.300	+1.591e+03	+5.374e+03	+6.713e+03	+0.772
165.400	-1.903e+02	+6.933e+03	+5.641e+03	+1.028
165.500	-8.855e+02	+7.579e+03	+6.221e+03	+1.132
165.600	+6.110e+02	+5.688e+03	+9.016e+03	+0.903
165.700	+1.022e+03	+6.852e+03	+6.717e+03	+0.870
165.800	+9.117e+02	+6.233e+03	+7.723e+03	+0.872
165.900	+5.532e+02	+7.434e+03	+7.637e+03	+0.931
166.000	+2.892e+02	+4.399e+03	+4.861e+03	+0.938
166.100	+7.284e+02	+7.215e+03	+5.850e+03	+0.908
166.200	+5.702e+02	+5.936e+03	+6.677e+03	+0.912
166.300	+1.384e+03	+5.957e+03	+7.325e+03	+0.811
166.400	+1.798e+03	+5.327e+03	+6.689e+03	+0.748
166.500	+7.132e+02	+7.656e+03	+6.850e+03	+0.915
166.600	+4.826e+02	+5.859e+03	+6.095e+03	+0.924
166.700	+6.134e+02	+5.128e+03	+7.349e+03	+0.893
166.800	+8.505e+02	+4.786e+03	+8.286e+03	+0.849
166.900	+1.101e+03	+5.634e+03	+5.630e+03	+0.837
167.000	+6.585e+02	+6.400e+03	+6.304e+03	+0.907
167.100	+1.227e+03	+6.425e+03	+6.185e+03	+0.840
167.200	+8.682e+02	+6.667e+03	+6.342e+03	+0.885
167.300	+1.780e+02	+6.442e+03	+7.585e+03	+0.973
167.400	+1.310e+03	+7.478e+03	+5.428e+03	+0.851
167.500	+2.422e+02	+4.104e+03	+5.964e+03	+0.944
167.600	+5.552e+02	+6.431e+03	+7.032e+03	+0.921
167.700	+4.245e+03	+2.169e+03	+6.783e+03	+0.338
167.800	+7.211e+03	-6.913e+02	+7.085e+03	-0.106
167.900	+5.923e+03	+1.303e+03	+8.524e+03	+0.180
168.000	+6.145e+03	+8.359e+02	+6.143e+03	+0.120
168.100	+5.174e+03	+2.837e+02	+6.317e+03	+0.052
168.200	+6.062e+03	+1.453e+03	+7.140e+03	+0.193
168.300	+2.870e+03	+2.194e+03	+6.965e+03	+0.433
168.400	+6.040e+02	+5.613e+03	+6.578e+03	+0.903
168.500	+4.202e+02	+6.375e+03	+7.397e+03	+0.938
168.600	+1.886e+03	+4.901e+03	+6.506e+03	+0.722
168.700	+1.514e+03	+6.796e+03	+7.109e+03	+0.818
168.800	+8.456e+02	+6.408e+03	+7.135e+03	+0.883
168.900	+1.435e+03	+5.971e+03	+5.509e+03	+0.806
169.000	+1.914e+02	+7.092e+03	+5.879e+03	+0.974
169.100	+7.883e+02	+6.309e+03	+6.397e+03	+0.889
169.200	+1.213e+03	+6.389e+03	+6.199e+03	+0.840
169.300	-1.877e+02	+4.787e+03	+7.721e+03	+1.041
169.400	+9.822e+02	+5.781e+03	+7.035e+03	+0.855
169.500	+1.199e+02	+5.536e+03	+7.128e+03	+0.979
169.600	+9.396e+02	+7.254e+03	+7.458e+03	+0.885
169.700	+6.785e+02	+6.071e+03	+6.751e+03	+0.899
169.800	+1.436e+03	+5.509e+03	+6.990e+03	+0.793
169.900	+1.164e+03	+5.737e+03	+6.451e+03	+0.831
170.000	+9.770e+02	+6.401e+03	+5.494e+03	+0.868
170.100	+6.184e+02	+5.725e+03	+6.562e+03	+0.903
170.200	+3.989e+02	+6.667e+03	+7.479e+03	+0.944
170.300	+9.752e+02	+5.897e+03	+7.813e+03	+0.858
170.400	+1.367e+03	+6.034e+03	+7.934e+03	+0.815
170.500	+6.786e+02	+6.140e+03	+7.600e+03	+0.900
170.600	+7.025e+02	+6.554e+03	+6.848e+03	+0.903
170.700	+1.314e+03	+7.754e+03	+6.975e+03	+0.855
170.800	+1.317e+02	+6.116e+03	+6.340e+03	+0.979
170.900	+1.313e+03	+4.843e+03	+9.142e+03	+0.787
171.000	+1.123e+03	+6.386e+03	+7.142e+03	+0.850
171.100	+1.277e+03	+5.118e+03	+5.303e+03	+0.800
171.200	+8.350e+02	+6.049e+03	+7.048e+03	+0.879
171.300	+2.380e+03	+3.265e+03	+6.441e+03	+0.578
171.400	+2.500e+03	+2.616e+03	+7.528e+03	+0.511
171.500	+2.812e+03	+3.522e+03	+4.957e+03	+0.556
171.600	+4.255e+03	+2.805e+03	+6.067e+03	+0.397
171.700	+3.485e+03	+3.129e+03	+7.367e+03	+0.473
171.800	+3.841e+03	+2.486e+03	+7.864e+03	+0.393
171.900	+4.362e+03	+3.658e+03	+8.219e+03	+0.456
172.000	+4.393e+03	+3.765e+03	+6.761e+03	+0.462
172.100	+3.174e+03	+2.846e+03	+5.223e+03	+0.473
172.200	+2.996e+03	+3.620e+03	+7.104e+03	+0.547
172.300	+4.481e+03	+3.475e+03	+7.035e+03	+0.437
172.400	+3.839e+03	+2.779e+03	+6.652e+03	+0.420
172.500	+2.896e+03	+2.916e+03	+5.953e+03	+0.502
172.600	+4.354e+03	+3.715e+03	+8.090e+03	+0.460
172.700	+7.707e+02	+6.741e+03	+8.597e+03	+0.897
172.800	+5.835e+02	+4.908e+03	+6.104e+03	+0.894
172.900	+4.707e+02	+7.060e+03	+7.459e+03	+0.937
173.000	+2.923e+02	+4.355e+03	+6.434e+03	+0.937
173.100	+6.139e+02	+6.022e+03	+5.429e+03	+0.907
173.200	+1.446e+03	+6.349e+03	+7.607e+03	+0.814
173.300	+6.560e+02	+7.058e+03	+6.947e+03	+0.915
173.400	-4.399e+02	+7.127e+03	+5.196e+03	+1.066
173.500	+8.624e+01	+5.494e+03	+8.018e+03	+0.985
173.600	+9.435e+02	+5.671e+03	+5.925e+03	+0.857
173.700	+6.040e+02	+5.796e+03	+7.304e+03	+0.906
173.800	+1.527e+03	+7.129e+03	+6.892e+03	+0.824
173.900	+9.744e+02	+5.710e+03	+6.885e+03	+0.854
174.000	+7.128e+02	+6.372e+03	+7.594e+03	+0.899
174.100	-3.078e+01	+6.282e+03	+4.818e+03	+1.005
174.200	+1.997e+01	+6.290e+03	+6.927e+03	+0.997
174.300	+8.751e+02	+6.843e+03	+5.735e+03	+0.887
174.400	+5.317e+02	+6.812e+03	+6.477e+03	+0.928
174.500	+7.470e+02	+5.522e+03	+6.597e+03	+0.881
174.600	+1.129e+03	+4.829e+03	+6.433e+03	+0.811
174.700	+4.669e+02	+5.908e+03	+6.156e+03	+0.927
174.800	+3.176e+02	+6.230e+03	+7.574e+03	+0.951
174.900	+9.098e+02	+6.976e+03	+6.296e+03	+0.885
175.000	+1.241e+03	+5.499e+03	+7.546e+03	+0.816
175.100	+5.330e+02	+5.560e+03	+7.320e+03	+0.913
175.200	-6.926e+02	+6.429e+03	+5.193e+03	+1.121
175.300	+1.098e+03	+6.593e+03	+7.598e+03	+0.857
175.400	+1.285e+03	+5.467e+03	+6.640e+03	+0.810
175.500	+2.786e+02	+6.951e+03	+5.236e+03	+0.961
175.600	+1.171e+03	+5.044e+03	+5.997e+03	+0.812
175.700	+1.297e+03	+5.734e+03	+5.930e+03	+0.816
175.800	+4.536e+02	+5.523e+03	+7.982e+03	+0.924
175.900	+1.316e+03	+5.605e+03	+7.827e+03	+0.810
176.000	+4.827e+02	+6.342e+03	+8.305e+03	+0.929
176.100	+2.708e+03	+3.658e+03	+6.847e+03	+0.575
176.200	+6.441e+03	+7.975e+02	+5.968e+03	+0.110
176.300	+2.579e+03	+3.492e+03	+6.655e+03	+0.575
176.400	-4.569e+02	+4.197e+03	+7.542e+03	+1.122
176.500	+7.017e+02	+6.811e+03	+6.417e+03	+0.907
176.600	+8.611e+02	+5.928e+03	+7.996e+03	+0.873
176.700	+1.487e+03	+5.969e+03	+7.402e+03	+0.801
176.800	-8.434e+02	+5.126e+03	+6.914e+03	+1.197
176.900	+1.079e+02	+6.376e+03	+6.524e+03	+0.983
177.000	+2.068e+02	+6.269e+03	+6.402e+03	+0.968
177.100	+1.008e+03	+6.141e+03	+7.497e+03	+0.859
177.200	+6.997e+02	+6.062e+03	+5.932e+03	+0.897
177.300	+4.342e+02	+6.215e+03	+4.357e+03	+0.935
177.400	+1.817e+03	+4.445e+03	+5.611e+03	+0.710
177.500	+6.229e+03	+3.477e+02	+6.623e+03	+0.053
177.600	+6.138e+03	+4.346e+02	+6.378e+03	+0.066
177.700	+7.289e+03	+7.575e+02	+5.952e+03	+0.094
177.800	+4.938e+03	+2.174e+03	+5.443e+03	+0.306
177.900	+6.430e+03	+1.641e+03	+5.977e+03	+0.203
178.000	+6.121e+03	-1.190e+02	+7.723e+03	-0.020
178.100	+6.990e+03	+1.143e+03	+6.630e+03	+0.141
178.200	+6.203e+03	+2.257e+02	+7.220e+03	+0.035
178.300	+8.577e+03	+1.636e+03	+6.035e+03	+0.160
178.400	+6.018e+03	-1.523e+02	+6.586e+03	-0.026
178.500	+5.045e+03	+6.924e+02	+6.667e+03	+0.121
178.600	+6.821e+03	+1.304e+03	+7.949e+03	+0.161
178.700	+6.511e+03	+2.888e+02	+6.211e+03	+0.042
178.800	+7.487e+03	+4.605e+02	+9.087e+03	+0.058
178.900	+6.927e+03	+1.547e+03	+6.591e+03	+0.183
179.000	+6.169e+03	+3.267e+01	+7.915e+03	+0.005
179.100	+7.576e+03	+3.977e+02	+5.460e+03	+0.050
179.200	+5.682e+03	+9.293e+02	+5.442e+03	+0.141
179.300	+6.338e+03	+7.573e+01	+7.418e+03	+0.012
179.400	+7.094e+03	+2.643e+01	+9.153e+03	+0.004
179.500	+5.676e+03	+4.880e+02	+7.483e+03	+0.079
179.600	+6.941e+03	+1.240e+03	+8.669e+03	+0.152
179.700	+7.431e+03	+1.370e+03	+5.884e+03	+0.156
179.800	+5.848e+03	+2.013e+03	+8.028e+03	+0.256
179.900	+5.710e+03	-1.328e+01	+7.870e+03	-0.002
180.000	+6.228e+03	+1.811e+02	+7.583e+03	+0.028
180.100	+3.500e+02	+5.533e+03	+9.363e+03	+0.940
180.200	+1.421e+03	+5.157e+03	+8.517e+03	+0.784
180.300	-1.845e+02	+5.288e+03	+7.065e+03	+1.036
180.400	+1.315e+03	+4.692e+03	+7.084e+03	+0.781
180.500	+1.311e+03	+5.339e+03	+6.878e+03	+0.803
180.600	+8.308e+02	+5.204e+03	+6.811e+03	+0.862
180.700	+8.083e+02	+4.872e+03	+4.498e+03	+0.858
180.800	+7.416e+02	+6.173e+03	+7.361e+03	+0.893
180.900	+5.038e+02	+5.390e+03	+5.891e+03	+0.915
181.000	+1.076e+03	+5.787e+03	+5.278e+03	+0.843
181.100	+3.247e+02	+5.347e+03	+5.139e+03	+0.943
181.200	+6.589e+02	+6.048e+03	+6.117e+03	+0.902
181.300	+3.042e+03	+4.627e+03	+6.546e+03	+0.603
181.400	+2.036e+03	+3.590e+03	+7.556e+03	+0.638
181.500	+3.245e+03	+3.356e+03	+8.278e+03	+0.508
181.600	+4.294e+03	+1.951e+03	+7.768e+03	+0.312
181.700	+4.526e+03	+1.849e+03	+5.830e+03	+0.290
181.800	+2.459e+03	+3.462e+03	+5.705e+03	+0.585
181.900	+4.308e+03	+3.987e+03	+5.472e+03	+0.481
182.000	+2.643e+03	+2.408e+03	+6.045e+03	+0.477
182.100	+3.934e+03	+2.331e+03	+6.006e+03	+0.372
182.200	+3.147e+03	+4.571e+03	+6.601e+03	+0.592
182.300	+3.485e+03	+2.534e+03	+5.629e+03	+0.421
182.400	+3.695e+03	+2.690e+03	+5.608e+03	+0.421
182.500	+4.377e+03	+2.962e+03	+8.249e+03	+0.404
182.600	+3.032e+03	+3.622e+03	+7.410e+03	+0.544
182.700	+4.542e+03	+2.183e+03	+7.144e+03	+0.325
182.800	+3.476e+03	+2.824e+03	+6.115e+03	+0.448
182.900	+4.329e+03	+3.747e+03	+9.157e+03	+0.464
183.000	+3.628e+03	+4.500e+03	+6.023e+03	+0.554
183.100	+4.344e+03	+2.447e+03	+7.733e+03	+0.360
183.200	+2.555e+03	+3.012e+03	+7.991e+03	+0.541
183.300	+4.030e+03	+1.782e+03	+8.278e+03	+0.307
183.400	+3.958e+03	+3.123e+03	+5.881e+03	+0.441
183.500	+2.339e+03	+3.228e+03	+7.032e+03	+0.580
183.600	+4.649e+03	+3.318e+03	+6.241e+03	+0.416
183.700	+3.035e+03	+2.975e+03	+6.609e+03	+0.495
183.800	+3.737e+03	+3.514e+03	+6.142e+03	+0.485
183.900	+3.112e+03	+3.700e+03	+6.071e+03	+0.543
184.000	+2.945e+03	+1.959e+03	+8.088e+03	+0.399
184.100	+3.831e+03	+3.447e+03	+6.167e+03	+0.474
184.200	+3.181e+03	+3.017e+03	+7.079e+03	+0.487
184.300	+3.071e+03	+4.134e+03	+7.820e+03	+0.574
184.400	+3.509e+03	+3.478e+03	+6.873e+03	+0.498
184.500	+3.739e+03	+3.256e+03	+5.788e+03	+0.466
184.600	+4.665e+03	+2.997e+03	+7.535e+03	+0.391
184.700	+3.915e+03	+3.773e+03	+6.732e+03	+0.491
184.800	+3.396e+03	+2.396e+03	+7.434e+03	+0.414
184.900	+4.343e+03	+4.765e+03	+8.119e+03	+0.523
185.000	+3.780e+03	+3.714e+03	+7.667e+03	+0.496
185.100	+3.782e+03	+3.066e+03	+8.009e+03	+0.448
185.200	+4.385e+03	+3.270e+03	+7.014e+03	+0.427
185.300	+3.278e+03	+3.803e+03	+6.427e+03	+0.537
185.400	+2.706e+03	+3.124e+03	+6.328e+03	+0.536
185.500	+2.674e+03	+3.283e+03	+7.432e+03	+0.551
185.600	+3.897e+03	+2.571e+03	+7.175e+03	+0.397
185.700	+3.930e+03	+2.382e+03	+4.701e+03	+0.377
185.800	+4.210e+03	+3.497e+03	+8.475e+03	+0.454
185.900	+3.575e+03	+3.780e+03	+6.218e+03	+0.514
186.000	+3.849e+03	+3.000e+03	+5.751e+03	+0.438
186.100	+4.270e+03	+3.915e+03	+8.778e+03	+0.478
186.200	+3.676e+03	+3.088e+03	+6.494e+03	+0.457
186.300	+3.556e+03	+3.835e+03	+7.032e+03	+0.519
186.400	+4.342e+03	+3.859e+03	+6.015e+03	+0.471
186.500	+3.346e+03	+3.473e+03	+5.983e+03	+0.509
186.600	+4.731e+03	+3.707e+03	+7.145e+03	+0.439
186.700	+4.155e+03	+2.346e+03	+7.518e+03	+0.361
186.800	+4.489e+03	+2.476e+03	+6.252e+03	+0.355
186.900	+2.563e+03	+3.414e+03	+6.634e+03	+0.571
187.000	+3.859e+03	+3.655e+03	+7.662e+03	+0.486
187.100	+1.122e+03	+5.838e+03	+7.165e+03	+0.839
187.200	+1.862e+03	+5.659e+03	+6.517e+03	+0.752
187.300	+6.107e+03	+2.192e+02	+6.548e+03	+0.035
187.400	+6.631e+03	-2.937e+01	+5.942e+03	-0.004
187.500	+5.995e+03	+7.431e+02	+7.024e+03	+0.110
187.600	+6.072e+03	+9.130e+02	+7.558e+03	+0.131
187.700	+7.448e+03	+9.954e+02	+6.216e+03	+0.118
187.800	+5.143e+03	+9.622e+02	+5.474e+03	+0.158
187.900	+7.425e+03	+1.133e+03	+8.591e+03	+0.132
188.000	+6.565e+03	+8.820e+02	+7.687e+03	+0.118
188.100	+7.238e+03	+4.312e+02	+8.355e+03	+0.056
188.200	+7.162e+03	+5.871e+02	+6.530e+03	+0.076
188.300	+6.746e+03	+3.018e+02	+6.025e+03	+0.043
188.400	+5.652e+03	+1.094e+03	+7.851e+03	+0.162
188.500	+7.328e+03	+1.361e+03	+6.669e+03	+0.157
188.600	+7.222e+03	+1.128e+03	+6.543e+03	+0.135
188.700	+4.287e+03	+7.233e+02	+6.143e+03	+0.144
188.800	+6.362e+03	+5.824e+02	+7.442e+03	+0.084
188.900	+6.352e+03	+1.625e+03	+7.222e+03	+0.204
189.000	+5.822e+03	+1.332e+03	+4.926e+03	+0.186
189.100	+7.072e+03	+8.210e+02	+6.649e+03	+0.104
189.200	+6.218e+03	+5.649e+02	+6.798e+03	+0.083
189.300	+4.982e+03	+1.849e+03	+6.249e+03	+0.271
189.400	+7.309e+03	+6.188e+02	+5.623e+03	+0.078
189.500	+7.085e+03	+1.590e+02	+6.938e+03	+0.022
189.600	+6.941e+03	-8.118e+02	+7.342e+03	-0.132
189.700	+6.787e+03	+8.632e+02	+5.367e+03	+0.113
189.800	+6.004e+03	+1.323e+03	+6.375e+03	+0.181
189.900	+5.600e+03	+8.293e+02	+4.641e+03	+0.129
190.000	+7.053e+03	+3.036e+02	+5.368e+03	+0.041
190.100	+8.017e+03	+1.506e+03	+7.552e+03	+0.158
190.200	+7.723e+03	+7.206e+02	+8.503e+03	+0.085
190.300	+7.257e+03	+1.214e+03	+7.302e+03	+0.143
190.400	+4.876e+03	+5.693e+02	+7.930e+03	+0.105
190.500	+6.916e+03	+8.660e+02	+7.419e+03	+0.111
190.600	+5.966e+03	+2.763e+02	+6.624e+03	+0.044
190.700	+6.929e+03	-3.238e+02	+7.220e+03	-0.049
190.800	+6.309e+03	+7.816e+02	+7.657e+03	+0.110
190.900	+7.003e+03	+1.418e+03	+7.484e+03	+0.168
191.000	+7.174e+03	+5.465e+02	+4.475e+03	+0.071
191.100	+6.878e+03	+9.798e+02	+6.507e+03	+0.125
191.200	+6.524e+03	+1.286e+03	+6.235e+03	+0.165
191.300	+6.383e+03	+1.068e+03	+6.091e+03	+0.143
191.400	+6.056e+03	+3.898e+02	+7.503e+03	+0.060
191.500	+7.001e+03	+6.228e+02	+7.148e+03	+0.082
191.600	+7.250e+03	+5.119e+02	+7.408e+03	+0.066
191.700	+5.193e+03	+4.055e+02	+6.562e+03	+0.072
191.800	+5.825e+03	+1.443e+03	+8.238e+03	+0.199
191.900	+5.875e+03	-1.318e+01	+7.276e+03	-0.002
192.000	+6.494e+03	+8.168e+02	+6.830e+03	+0.112
192.100	+7.173e+03	+2.247e+03	+5.310e+03	+0.239
192.200	+6.723e+03	+8.741e+02	+6.793e+03	+0.115
192.300	+6.354e+03	+1.617e+03	+7.708e+03	+0.203
192.400	+6.678e+03	+6.783e+02	+6.806e+03	+0.092
192.500	+5.571e+03	+3.159e+02	+5.657e+03	+0.054
192.600	+5.372e+03	+1.066e+03	+8.138e+03	+0.166
192.700	+6.843e+03	+7.172e+02	+6.635e+03	+0.095
192.800	+6.389e+03	-2.392e+02	+8.132e+03	-0.039
192.900	+6.311e+03	+5.816e+02	+6.893e+03	+0.084
193.000	+6.599e+03	-1.405e+02	+5.677e+03	-0.022
193.100	+6.331e+03	+2.556e+02	+7.032e+03	+0.039
193.200	+5.973e+03	+8.817e+02	+5.891e+03	+0.129
193.300	+6.171e+03	+1.120e+03	+4.108e+03	+0.154
193.400	+6.719e+03	+8.575e+02	+6.966e+03	+0.113
193.500	+7.190e+03	+1.911e+03	+7.722e+03	+0.210
193.600	-3.460e+02	+6.074e+03	+5.328e+03	+1.060
193.700	+3.951e+02	+6.412e+03	+6.705e+03	+0.942
193.800	+3.653e+02	+6.042e+03	+7.509e+03	+0.943
193.900	+1.158e+03	+5.478e+03	+5.706e+03	+0.826
194.000	+9.728e+02	+6.371e+03	+7.370e+03	+0.868
194.100	+8.108e+02	+6.954e+03	+5.256e+03	+0.896
194.200	+1.107e+03	+6.706e+03	+7.896e+03	+0.858
194.300	+1.429e+03	+6.264e+03	+5.829e+03	+0.814
194.400	+1.310e+03	+6.108e+03	+4.369e+03	+0.823
194.500	+4.818e+02	+5.421e+03	+5.954e+03	+0.918
194.600	+4.491e+02	+5.635e+03	+7.268e+03	+0.926
194.700	+7.389e+02	+6.941e+03	+6.065e+03	+0.904
194.800	+8.712e+01	+6.277e+03	+6.649e+03	+0.986
194.900	+1.681e+03	+4.774e+03	+7.741e+03	+0.740
195.000	-1.077e+02	+7.448e+03	+5.807e+03	+1.015
195.100	+5.286e+02	+6.131e+03	+6.241e+03	+0.921
195.200	+1.777e+03	+6.515e+03	+5.585e+03	+0.786
195.300	+4.840e+02	+5.928e+03	+7.933e+03	+0.925
195.400	-1.963e+02	+7.337e+03	+7.511e+03	+1.027
195.500	+2.048e+03	+5.834e+03	+5.488e+03	+0.740
195.600	+3.668e+02	+5.129e+03	+6.190e+03	+0.933
195.700	-1.181e+02	+6.459e+03	+6.992e+03	+1.019
195.800	+8.371e+02	+5.589e+03	+8.187e+03	+0.870
195.900	-5.326e+02	+6.730e+03	+6.661e+03	+1.086
196.000	+9.388e+02	+4.908e+03	+8.508e+03	+0.839
196.100	+9.275e+02	+5.357e+03	+6.233e+03	+0.852
196.200	-3.749e+02	+5.736e+03	+7.274e+03	+1.070
196.300	-7.743e+01	+6.398e+03	+6.545e+03	+1.012
196.400	+9.223e+02	+6.244e+03	+4.584e+03	+0.871
196.500	+2.349e+03	+6.462e+03	+7.014e+03	+0.733
196.600	+2.444e+02	+6.522e+03	+5.143e+03	+0.964
196.700	+1.092e+03	+6.802e+03	+7.704e+03	+0.862
196.800	+1.607e+03	+4.263e+03	+6.140e+03	+0.726
196.900	+8.259e+02	+7.485e+03	+8.462e+03	+0.901
197.000	+1.624e+03	+6.498e+03	+8.120e+03	+0.800
197.100	-1.319e+02	+6.889e+03	+6.335e+03	+1.020
197.200	+3.581e+02	+6.830e+03	+6.140e+03	+0.950
197.300	+1.549e+03	+6.429e+03	+6.906e+03	+0.806
197.400	+1.140e+03	+6.041e+03	+7.798e+03	+0.841
197.500	+1.252e+02	+6.626e+03	+7.283e+03	+0.981
197.600	-5.388e+01	+5.725e+03	+5.715e+03	+1.010
197.700	+7.052e+02	+6.903e+03	+5.130e+03	+0.907
197.800	+7.614e+02	+5.388e+03	+6.878e+03	+0.876
197.900	-1.592e+02	+6.249e+03	+5.760e+03	+1.026
198.000	-2.970e+02	+5.202e+03	+8.086e+03	+1.061
198.100	-6.191e+02	+6.850e+03	+5.291e+03	+1.099
198.200	+1.112e+03	+6.239e+03	+8.118e+03	+0.849
198.300	+1.485e+02	+6.658e+03	+6.845e+03	+0.978
198.400	+2.540e+02	+6.564e+03	+3.947e+03	+0.963
198.500	+5.021e+02	+7.576e+03	+6.896e+03	+0.938
198.600	+1.286e+03	+6.517e+03	+7.408e+03	+0.835
198.700	+6.063e+02	+6.600e+03	+5.205e+03	+0.916
198.800	+3.918e+02	+6.977e+03	+8.431e+03	+0.947
198.900	+8.215e+02	+6.314e+03	+6.798e+03	+0.885
199.000	+2.863e+02	+6.332e+03	+7.321e+03	+0.957
199.100	+1.243e+02	+5.903e+03	+7.143e+03	+0.979
199.200	+1.746e+03	+4.992e+03	+7.152e+03	+0.741
199.300	+1.434e+03	+5.760e+03	+7.845e+03	+0.801
199.400	+3.918e+02	+5.310e+03	+6.556e+03	+0.931
199.500	+5.126e+02	+5.291e+03	+7.792e+03	+0.912
199.600	+2.603e+02	+6.335e+03	+7.722e+03	+0.961
199.700	+2.370e+01	+5.768e+03	+8.251e+03	+0.996
199.800	+9.924e+02	+5.414e+03	+7.955e+03	+0.845
