%t (s)	Idd (a.u.)	Ida (a.u.)	Iaa (a.u.)	FRET E
0.000	+7.251e+03	+3.997e+00	+6.549e+03	+0.001
0.100	+9.321e+03	+2.407e+03	+7.308e+03	+0.205
0.200	+4.725e+03	+4.458e+03	+9.075e+03	+0.485
0.300	+9.739e+02	+7.451e+03	+9.959e+03	+0.884
0.400	+6.229e+02	+6.841e+03	+8.712e+03	+0.917
0.500	+1.192e+03	+8.988e+03	+1.034e+04	+0.883
0.600	-2.199e+02	+7.227e+03	+9.232e+03	+1.031
0.700	+1.665e+03	+7.119e+03	+7.710e+03	+0.810
0.800	-1.437e+02	+9.392e+03	+9.792e+03	+1.016
0.900	+1.039e+03	+8.573e+03	+8.574e+03	+0.892
1.000	+1.975e+02	+7.804e+03	+8.825e+03	+0.975
1.100	+7.606e+03	+6.674e+02	+8.327e+03	+0.081
1.200	+1.092e+04	-4.938e+02	+8.626e+03	-0.047
1.300	+8.737e+03	-6.229e+02	+9.397e+03	-0.077
1.400	+7.895e+03	+1.154e+03	+9.522e+03	+0.127
1.500	+8.887e+03	-3.651e+02	+8.000e+03	-0.043
1.600	+8.967e+03	+1.256e+02	+8.128e+03	+0.014
1.700	+9.722e+03	+3.272e+02	+9.362e+03	+0.033
1.800	+8.311e+03	+3.405e+02	+7.583e+03	+0.039
1.900	+9.925e+03	+1.908e+03	+1.026e+04	+0.161
2.000	+1.474e+03	+5.362e+03	+9.497e+03	+0.784
2.100	-1.743e+01	+7.922e+03	+8.112e+03	+1.002
2.200	+7.415e+02	+7.818e+03	+9.435e+03	+0.913
2.300	+1.659e+03	+8.316e+03	+1.010e+04	+0.834
2.400	+4.262e+03	+3.707e+03	+9.223e+03	+0.465
2.500	+7.637e+03	+1.114e+03	+8.847e+03	+0.127
2.600	+8.631e+03	+1.080e+03	+7.153e+03	+0.111
2.700	+8.405e+03	+2.021e+02	+5.718e+03	+0.023
2.800	+6.922e+03	+5.240e+01	+9.905e+03	+0.008
2.900	+1.008e+04	+1.547e+02	+1.076e+04	+0.015
3.000	+9.547e+03	+4.893e+02	+9.305e+03	+0.049
3.100	+5.185e+03	+3.886e+03	+9.773e+03	+0.428
3.200	+2.525e+03	+7.854e+03	+8.505e+03	+0.757
3.300	+9.584e+02	+7.563e+03	+9.686e+03	+0.888
3.400	+8.460e+03	+2.953e+02	+1.083e+04	+0.034
3.500	+7.542e+03	+1.274e+03	+8.733e+03	+0.145
3.600	+8.649e+03	-3.832e+02	+7.300e+03	-0.046
3.700	+8.232e+03	+1.337e+03	+8.243e+03	+0.140
3.800	+5.383e+03	+2.532e+03	+9.437e+03	+0.320
3.900	+1.375e+03	+9.171e+03	+9.754e+03	+0.870
4.000	+8.334e+02	+8.337e+03	+8.621e+03	+0.909
4.100	+6.096e+02	+7.446e+03	+1.128e+04	+0.924
4.200	+1.096e+03	+8.076e+03	+9.093e+03	+0.881
4.300	+1.642e+03	+6.754e+03	+1.047e+04	+0.804
4.400	+2.723e+02	+7.157e+03	+1.182e+04	+0.963
4.500	+1.912e+02	+7.051e+03	+9.192e+03	+0.974
4.600	+1.172e+03	+8.457e+03	+1.059e+04	+0.878
4.700	+6.717e+02	+6.991e+03	+8.900e+03	+0.912
4.800	+6.348e+02	+8.722e+03	+1.071e+04	+0.932
4.900	+1.587e+03	+6.834e+03	+1.156e+04	+0.812
5.000	+6.088e+02	+8.639e+03	+1.140e+04	+0.934
5.100	-1.568e+02	+7.520e+03	+6.234e+03	+1.021
5.200	+9.186e+02	+7.331e+03	+8.278e+03	+0.889
5.300	+2.268e+03	+8.165e+03	+1.002e+04	+0.783
5.400	+5.973e+01	+7.300e+03	+7.462e+03	+0.992
5.500	+6.676e+02	+7.000e+03	+8.294e+03	+0.913
5.600	-8.134e+02	+7.877e+03	+9.160e+03	+1.115
5.700	+1.421e+03	+6.973e+03	+7.882e+03	+0.831
5.800	+1.947e+03	+9.020e+03	+7.243e+03	+0.822
5.900	+1.683e+03	+7.780e+03	+8.808e+03	+0.822
6.000	+1.600e+03	+8.321e+03	+7.353e+03	+0.839
6.100	+1.105e+03	+8.917e+03	+9.596e+03	+0.890
6.200	+7.897e+02	+8.010e+03	+1.056e+04	+0.910
6.300	+1.657e+03	+7.926e+03	+9.464e+03	+0.827
6.400	+3.636e+02	+5.802e+03	+1.245e+04	+0.941
6.500	+1.003e+03	+7.162e+03	+8.460e+03	+0.877
6.600	+1.566e+03	+8.127e+03	+1.086e+04	+0.838
6.700	+8.373e+02	+7.878e+03	+1.046e+04	+0.904
6.800	-8.146e+02	+7.369e+03	+9.730e+03	+1.124
6.900	+1.967e+03	+5.514e+03	+9.677e+03	+0.737
7.000	+9.060e+02	+9.011e+03	+8.010e+03	+0.909
7.100	+4.112e+02	+7.372e+03	+9.044e+03	+0.947
7.200	+1.676e+03	+9.437e+03	+9.012e+03	+0.849
7.300	+1.911e+03	+6.420e+03	+8.620e+03	+0.771
7.400	+2.760e+02	+9.686e+03	+8.117e+03	+0.972
7.500	+8.718e+03	+8.333e+02	+1.156e+04	+0.087
7.600	+7.773e+03	+4.619e+02	+1.247e+04	+0.056
7.700	+9.052e+03	+4.601e+02	+9.416e+03	+0.048
7.800	+8.217e+03	+1.897e+03	+8.245e+03	+0.188
7.900	+4.035e+03	+5.971e+03	+9.655e+03	+0.597
8.000	+6.882e+02	+5.467e+03	+9.903e+03	+0.888
8.100	+9.740e+02	+8.179e+03	+8.595e+03	+0.894
8.200	+1.937e+03	+6.721e+03	+1.081e+04	+0.776
8.300	+1.789e+03	+8.489e+03	+1.018e+04	+0.826
8.400	-4.052e+02	+8.543e+03	+9.165e+03	+1.050
8.500	-1.591e+02	+7.432e+03	+9.037e+03	+1.022
8.600	-2.478e+02	+7.165e+03	+1.034e+04	+1.036
8.700	+7.273e+02	+7.243e+03	+1.057e+04	+0.909
8.800	+1.303e+03	+1.003e+04	+9.706e+03	+0.885
8.900	+5.292e+01	+7.739e+03	+1.031e+04	+0.993
9.000	-1.572e+02	+8.789e+03	+1.010e+04	+1.018
9.100	-1.475e+03	+7.219e+03	+8.856e+03	+1.257
9.200	+1.726e+03	+7.953e+03	+9.002e+03	+0.822
9.300	+1.470e+03	+9.033e+03	+1.132e+04	+0.860
9.400	+8.384e+02	+6.883e+03	+9.582e+03	+0.891
9.500	-3.105e+02	+9.725e+03	+8.073e+03	+1.033
9.600	+8.178e+02	+9.286e+03	+6.831e+03	+0.919
9.700	-3.705e+02	+9.197e+03	+1.124e+04	+1.042
9.800	+1.580e+02	+6.478e+03	+1.064e+04	+0.976
9.900	+1.515e+03	+9.568e+03	+1.162e+04	+0.863
10.000	+4.789e+02	+9.643e+03	+1.045e+04	+0.953
10.100	+8.977e+02	+7.140e+03	+1.049e+04	+0.888
10.200	+3.076e+03	+6.496e+03	+9.375e+03	+0.679
10.300	+7.572e+03	+9.421e+02	+1.131e+04	+0.111
10.400	+1.018e+04	+7.618e+02	+1.071e+04	+0.070
10.500	+8.186e+03	+1.506e+03	+7.418e+03	+0.155
10.600	+9.957e+03	-8.905e+02	+1.014e+04	-0.098
10.700	+6.797e+03	+1.322e+03	+9.317e+03	+0.163
10.800	+8.022e+03	+3.419e+02	+1.182e+04	+0.041
10.900	+9.060e+03	-4.222e+02	+9.495e+03	-0.049
11.000	+7.113e+03	+4.540e+02	+9.520e+03	+0.060
11.100	+7.784e+03	+1.704e+03	+9.751e+03	+0.180
11.200	+9.627e+03	+2.571e+02	+1.155e+04	+0.026
11.300	+8.121e+03	+6.547e+02	+8.544e+03	+0.075
11.400	+8.647e+03	+1.347e+03	+8.801e+03	+0.135
11.500	+9.414e+02	+8.354e+03	+7.560e+03	+0.899
11.600	+3.539e+02	+9.461e+03	+1.146e+04	+0.964
11.700	+1.048e+03	+8.887e+03	+1.149e+04	+0.895
11.800	+8.511e+03	+2.765e+03	+9.795e+03	+0.245
11.900	+1.007e+04	+1.506e+02	+8.999e+03	+0.015
12.000	+1.008e+04	+5.497e+02	+9.485e+03	+0.052
12.100	+8.946e+03	+7.711e+02	+8.790e+03	+0.079
12.200	+8.220e+03	-8.410e+02	+8.553e+03	-0.114
12.300	+8.576e+03	+2.293e+03	+1.026e+04	+0.211
12.400	+8.808e+03	+6.926e+02	+9.641e+03	+0.073
12.500	+8.305e+03	+1.011e+03	+9.186e+03	+0.109
12.600	+7.274e+03	-1.289e+03	+9.542e+03	-0.215
12.700	+9.466e+03	+2.308e+02	+8.571e+03	+0.024
12.800	+8.799e+03	+6.005e+02	+8.893e+03	+0.064
12.900	+8.242e+03	+3.064e+02	+9.009e+03	+0.036
13.000	+8.413e+03	+2.346e+02	+9.454e+03	+0.027
13.100	+1.104e+04	+3.693e+02	+1.201e+04	+0.032
13.200	+1.002e+04	+1.354e+03	+1.197e+04	+0.119
13.300	+7.814e+03	-1.534e+02	+1.103e+04	-0.020
13.400	+9.672e+03	+9.552e+02	+8.260e+03	+0.090
13.500	+9.673e+03	+6.144e+02	+1.007e+04	+0.060
13.600	+7.727e+03	+1.641e+03	+9.586e+03	+0.175
13.700	+8.655e+03	+5.141e+02	+9.406e+03	+0.056
13.800	+7.590e+03	-3.439e+02	+9.445e+03	-0.047
13.900	+8.026e+03	-1.115e+03	+8.081e+03	-0.161
14.000	+8.312e+03	+7.431e+02	+9.884e+03	+0.082
14.100	+9.098e+03	+1.384e+03	+1.095e+04	+0.132
14.200	+7.219e+03	+1.247e+03	+8.958e+03	+0.147
14.300	+1.051e+04	+9.394e+02	+9.080e+03	+0.082
14.400	+8.012e+03	+1.117e+03	+9.391e+03	+0.122
14.500	+9.150e+03	+1.092e+03	+7.516e+03	+0.107
14.600	+7.668e+03	+3.784e+02	+9.050e+03	+0.047
14.700	+6.510e+03	+7.350e+02	+1.048e+04	+0.101
14.800	+8.505e+03	-6.049e+02	+9.214e+03	-0.077
14.900	+1.045e+04	+1.519e+03	+9.655e+03	+0.127
15.000	+8.609e+03	+5.809e+02	+1.078e+04	+0.063
15.100	+8.659e+03	+7.076e+02	+8.740e+03	+0.076
15.200	+8.062e+03	+7.946e+02	+9.404e+03	+0.090
15.300	+9.396e+03	+1.252e+03	+1.103e+04	+0.118
15.400	+8.639e+03	-3.757e+02	+9.596e+03	-0.045
15.500	+8.134e+03	+1.895e+03	+9.568e+03	+0.189
15.600	+6.347e+03	+3.711e+03	+1.095e+04	+0.369
15.700	+3.765e+03	+4.274e+03	+9.076e+03	+0.532
15.800	+4.195e+03	+4.581e+03	+9.180e+03	+0.522
15.900	+2.869e+03	+5.606e+03	+8.729e+03	+0.662
16.000	+4.401e+03	+5.550e+03	+1.036e+04	+0.558
16.100	+3.361e+03	+5.021e+03	+8.655e+03	+0.599
16.200	+4.672e+03	+5.364e+03	+8.368e+03	+0.535
16.300	+4.318e+03	+5.149e+03	+8.540e+03	+0.544
16.400	+3.335e+03	+4.064e+03	+9.485e+03	+0.549
16.500	+4.941e+03	+3.955e+03	+9.906e+03	+0.445
16.600	+3.851e+03	+5.896e+03	+8.636e+03	+0.605
16.700	+3.951e+03	+4.450e+03	+1.036e+04	+0.530
16.800	+4.598e+03	+3.435e+03	+1.066e+04	+0.428
16.900	+4.548e+03	+4.921e+03	+1.104e+04	+0.520
17.000	+3.810e+03	+5.562e+03	+9.941e+03	+0.593
17.100	+3.442e+03	+5.738e+03	+1.082e+04	+0.625
17.200	+4.131e+03	+5.846e+03	+9.188e+03	+0.586
17.300	+3.247e+03	+4.929e+03	+7.763e+03	+0.603
17.400	+4.056e+03	+4.283e+03	+1.023e+04	+0.514
17.500	+4.372e+03	+5.174e+03	+9.004e+03	+0.542
17.600	+4.913e+03	+4.397e+03	+9.287e+03	+0.472
17.700	+9.330e+03	-3.598e+02	+8.658e+03	-0.040
17.800	+9.173e+03	+1.955e+03	+8.100e+03	+0.176
17.900	+9.267e+03	-4.342e+02	+1.018e+04	-0.049
18.000	+8.415e+03	-1.366e+02	+1.048e+04	-0.017
18.100	+9.056e+03	+6.401e+01	+9.945e+03	+0.007
18.200	+8.420e+03	+1.146e+02	+7.909e+03	+0.013
18.300	+1.027e+04	+1.046e+03	+9.866e+03	+0.092
18.400	+9.571e+03	-3.546e+02	+1.038e+04	-0.038
18.500	+9.367e+03	-9.956e+01	+6.303e+03	-0.011
18.600	+9.101e+03	+4.365e+02	+1.018e+04	+0.046
18.700	+8.822e+03	+1.116e+03	+9.036e+03	+0.112
18.800	+4.590e+03	+3.202e+03	+7.345e+03	+0.411
18.900	+4.957e+03	+4.458e+03	+9.756e+03	+0.474
19.000	+5.068e+03	+3.918e+03	+1.016e+04	+0.436
19.100	+3.954e+03	+4.872e+03	+7.777e+03	+0.552
19.200	+3.789e+03	+5.302e+03	+8.262e+03	+0.583
19.300	+4.593e+03	+3.345e+03	+1.022e+04	+0.421
19.400	+3.356e+03	+4.429e+03	+8.319e+03	+0.569
19.500	+4.189e+03	+4.635e+03	+1.052e+04	+0.525
19.600	+3.992e+03	+4.675e+03	+1.151e+04	+0.539
19.700	+4.466e+03	+4.779e+03	+1.128e+04	+0.517
19.800	+3.566e+03	+4.160e+03	+9.345e+03	+0.538
19.900	+4.238e+03	+6.362e+03	+8.254e+03	+0.600
20.000	+3.891e+03	+3.700e+03	+7.749e+03	+0.487
20.100	+2.845e+03	+6.127e+03	+1.063e+04	+0.683
20.200	+2.690e+03	+5.202e+03	+1.056e+04	+0.659
20.300	+4.692e+03	+3.939e+03	+9.524e+03	+0.456
20.400	+3.177e+03	+4.085e+03	+9.641e+03	+0.563
20.500	+2.621e+03	+5.573e+03	+9.696e+03	+0.680
20.600	+1.524e+03	+6.618e+03	+1.039e+04	+0.813
20.700	+8.246e+02	+9.279e+03	+9.399e+03	+0.918
20.800	-6.915e+02	+1.117e+04	+9.166e+03	+1.066
20.900	+7.366e+02	+7.850e+03	+8.644e+03	+0.914
21.000	-1.612e+03	+8.610e+03	+8.754e+03	+1.230
21.100	+2.028e+02	+8.817e+03	+1.074e+04	+0.978
21.200	+1.082e+03	+6.666e+03	+9.211e+03	+0.860
21.300	+3.771e+02	+9.125e+03	+1.002e+04	+0.960
21.400	+7.875e+02	+8.291e+03	+1.139e+04	+0.913
21.500	+1.036e+03	+7.890e+03	+8.634e+03	+0.884
21.600	+8.621e+02	+7.305e+03	+9.400e+03	+0.894
21.700	+1.049e+01	+5.810e+03	+9.736e+03	+0.998
21.800	-4.503e+02	+7.309e+03	+7.882e+03	+1.066
21.900	+2.404e+02	+7.071e+03	+1.037e+04	+0.967
22.000	+7.079e+02	+6.628e+03	+9.897e+03	+0.904
22.100	+8.790e+02	+8.195e+03	+8.684e+03	+0.903
22.200	+1.968e+03	+6.373e+03	+1.046e+04	+0.764
22.300	+3.589e+03	+5.224e+03	+1.015e+04	+0.593
22.400	+4.040e+03	+5.926e+03	+8.968e+03	+0.595
22.500	+4.306e+03	+4.085e+03	+9.864e+03	+0.487
22.600	+4.448e+03	+5.183e+03	+1.152e+04	+0.538
22.700	+3.930e+03	+3.869e+03	+9.998e+03	+0.496
22.800	+5.535e+03	+4.024e+03	+9.925e+03	+0.421
22.900	+4.285e+03	+5.621e+03	+1.051e+04	+0.567
23.000	+4.707e+03	+5.502e+03	+7.966e+03	+0.539
23.100	+4.787e+03	+5.404e+03	+9.762e+03	+0.530
23.200	+5.007e+03	+3.545e+03	+9.541e+03	+0.415
23.300	+3.487e+03	+4.609e+03	+8.727e+03	+0.569
23.400	+4.950e+03	+4.378e+03	+1.137e+04	+0.469
23.500	+2.198e+03	+5.739e+03	+8.066e+03	+0.723
23.600	+1.038e+03	+9.875e+03	+1.021e+04	+0.905
23.700	+2.287e+03	+7.780e+03	+9.550e+03	+0.773
23.800	+6.296e+02	+9.228e+03	+1.017e+04	+0.936
23.900	+1.611e+02	+8.069e+03	+9.778e+03	+0.980
24.000	+1.166e+03	+6.503e+03	+9.973e+03	+0.848
24.100	+9.794e+02	+9.091e+03	+1.015e+04	+0.903
24.200	+1.036e+03	+9.041e+03	+1.223e+04	+0.897
24.300	+7.159e+02	+6.724e+03	+8.616e+03	+0.904
24.400	+1.146e+03	+6.537e+03	+9.974e+03	+0.851
24.500	+4.308e+02	+8.084e+03	+9.072e+03	+0.949
24.600	+1.135e+01	+8.329e+03	+9.474e+03	+0.999
24.700	-3.909e+02	+7.924e+03	+7.971e+03	+1.052
24.800	+1.340e+03	+7.974e+03	+1.191e+04	+0.856
24.900	+1.217e+03	+1.199e+04	+9.361e+03	+0.908
25.000	+9.280e+02	+8.847e+03	+1.033e+04	+0.905
25.100	+1.025e+03	+8.567e+03	+7.958e+03	+0.893
25.200	+2.392e+03	+9.023e+03	+1.042e+04	+0.790
25.300	+6.496e+02	+6.782e+03	+1.161e+04	+0.913
25.400	+9.429e+02	+7.520e+03	+1.046e+04	+0.889
25.500	+2.084e+03	+6.463e+03	+1.057e+04	+0.756
25.600	-8.442e+01	+6.533e+03	+1.002e+04	+1.013
25.700	-2.025e+01	+7.523e+03	+9.970e+03	+1.003
25.800	-6.197e+02	+9.530e+03	+9.640e+03	+1.070
25.900	+5.587e+02	+7.478e+03	+9.220e+03	+0.930
26.000	+1.220e+03	+9.346e+03	+8.995e+03	+0.885
26.100	-1.334e+02	+7.863e+03	+1.123e+04	+1.017
26.200	-3.644e+02	+8.732e+03	+8.586e+03	+1.044
26.300	+1.261e+03	+9.443e+03	+8.071e+03	+0.882
26.400	-6.922e+01	+8.949e+03	+1.026e+04	+1.008
26.500	+9.901e+02	+7.481e+03	+8.561e+03	+0.883
26.600	+7.194e+02	+6.292e+03	+8.509e+03	+0.897
26.700	+3.484e+02	+7.250e+03	+6.838e+03	+0.954
26.800	-1.893e+02	+8.786e+03	+8.141e+03	+1.022
26.900	+4.258e+00	+7.494e+03	+1.037e+04	+0.999
27.000	+2.522e+02	+6.604e+03	+1.051e+04	+0.963
27.100	+6.610e+03	+2.564e+03	+9.834e+03	+0.280
27.200	+2.944e+03	+6.963e+03	+9.754e+03	+0.703
27.300	+8.981e+03	+1.365e+03	+9.928e+03	+0.132
27.400	+8.434e+03	+3.275e+02	+7.603e+03	+0.037
27.500	+7.579e+03	-7.181e+01	+8.461e+03	-0.010
27.600	+9.830e+03	-2.612e+02	+9.614e+03	-0.027
27.700	+7.602e+03	+6.757e+02	+9.982e+03	+0.082
27.800	+7.661e+03	+8.352e+02	+8.248e+03	+0.098
27.900	+7.562e+03	+1.176e+03	+1.349e+04	+0.135
28.000	+9.238e+03	+3.098e+02	+6.493e+03	+0.032
28.100	+4.670e+03	+5.638e+03	+9.047e+03	+0.547
28.200	+4.651e+03	+5.373e+03	+9.528e+03	+0.536
28.300	+6.750e+03	+5.903e+03	+9.610e+03	+0.467
28.400	+4.318e+03	+6.196e+03	+1.132e+04	+0.589
28.500	+2.806e+03	+7.753e+03	+9.400e+03	+0.734
28.600	+3.398e+03	+4.968e+03	+1.056e+04	+0.594
28.700	+5.294e+03	+6.020e+03	+9.317e+03	+0.532
28.800	+3.814e+03	+4.085e+03	+8.777e+03	+0.517
28.900	+5.012e+03	+4.905e+03	+9.651e+03	+0.495
29.000	+3.797e+03	+4.690e+03	+9.573e+03	+0.553
29.100	+3.787e+03	+4.888e+03	+1.117e+04	+0.563
29.200	+4.518e+03	+4.568e+03	+9.636e+03	+0.503
29.300	+3.404e+03	+4.617e+03	+7.627e+03	+0.576
29.400	+4.341e+03	+5.376e+03	+1.059e+04	+0.553
29.500	+4.595e+03	+5.092e+03	+9.661e+03	+0.526
29.600	+4.082e+03	+5.140e+03	+8.115e+03	+0.557
29.700	+2.901e+03	+3.925e+03	+7.156e+03	+0.575
29.800	+2.885e+03	+5.818e+03	+1.016e+04	+0.668
29.900	+3.732e+03	+3.225e+03	+1.040e+04	+0.464
30.000	+2.838e+03	+4.952e+03	+8.302e+03	+0.636
30.100	+3.260e+03	+6.537e+03	+1.089e+04	+0.667
30.200	+2.226e+03	+9.486e+03	+8.636e+03	+0.810
30.300	+2.370e+03	+6.638e+03	+9.220e+03	+0.737
30.400	+3.156e+03	+3.424e+03	+8.298e+03	+0.520
30.500	+2.134e+03	+6.597e+03	+9.277e+03	+0.756
30.600	+2.296e+03	+7.176e+03	+9.077e+03	+0.758
30.700	+1.342e+03	+1.037e+04	+9.380e+03	+0.885
30.800	+4.339e+02	+8.873e+03	+9.882e+03	+0.953
30.900	+2.793e+02	+6.966e+03	+1.098e+04	+0.961
31.000	+2.541e+02	+8.417e+03	+7.690e+03	+0.971
31.100	+6.038e+02	+9.111e+03	+7.874e+03	+0.938
31.200	-9.621e+01	+8.545e+03	+9.596e+03	+1.011
31.300	+1.647e+03	+6.344e+03	+8.586e+03	+0.794
31.400	+1.139e+03	+8.249e+03	+9.196e+03	+0.879
31.500	+1.151e+03	+9.988e+03	+1.073e+04	+0.897
31.600	+2.876e+02	+6.890e+03	+1.004e+04	+0.960
31.700	+1.686e+03	+7.185e+03	+9.035e+03	+0.810
31.800	+1.707e+03	+7.580e+03	+9.337e+03	+0.816
31.900	-2.771e+02	+8.792e+03	+9.741e+03	+1.033
32.000	+7.879e+02	+7.905e+03	+8.611e+03	+0.909
32.100	+4.538e+02	+8.038e+03	+7.839e+03	+0.947
32.200	+7.547e+02	+8.719e+03	+1.020e+04	+0.920
32.300	+1.925e+03	+7.838e+03	+8.222e+03	+0.803
32.400	+1.155e+03	+6.173e+03	+8.306e+03	+0.842
32.500	+6.583e+02	+7.075e+03	+1.158e+04	+0.915
32.600	+1.829e+03	+7.630e+03	+8.354e+03	+0.807
32.700	+9.677e+02	+6.543e+03	+8.327e+03	+0.871
32.800	-1.000e+03	+8.961e+03	+8.340e+03	+1.126
32.900	+1.100e+03	+8.963e+03	+9.168e+03	+0.891
33.000	+6.678e+02	+9.064e+03	+8.700e+03	+0.931
33.100	+4.333e+02	+5.648e+03	+1.008e+04	+0.929
33.200	+1.550e+03	+9.026e+03	+8.471e+03	+0.853
33.300	+7.816e+02	+7.755e+03	+9.135e+03	+0.908
33.400	+6.946e+02	+9.096e+03	+9.114e+03	+0.929
33.500	+9.995e+02	+7.997e+03	+1.193e+04	+0.889
33.600	+7.202e+02	+8.227e+03	+1.142e+04	+0.920
33.700	+2.471e+03	+9.826e+03	+1.101e+04	+0.799
33.800	-3.404e+02	+6.987e+03	+9.409e+03	+1.051
33.900	+3.367e+02	+9.732e+03	+1.024e+04	+0.967
34.000	-5.469e+01	+8.638e+03	+9.350e+03	+1.006
34.100	-7.807e+01	+7.702e+03	+9.714e+03	+1.010
34.200	+8.450e+02	+7.616e+03	+9.351e+03	+0.900
34.300	+4.463e+01	+6.374e+03	+6.558e+03	+0.993
34.400	-1.001e+02	+6.727e+03	+1.207e+04	+1.015
34.500	+1.841e+03	+1.110e+04	+8.512e+03	+0.858
34.600	+1.437e+02	+5.722e+03	+8.229e+03	+0.975
34.700	+9.145e+02	+9.127e+03	+1.093e+04	+0.909
34.800	-8.181e+02	+7.658e+03	+8.820e+03	+1.120
34.900	+4.626e+02	+6.991e+03	+1.067e+04	+0.938
35.000	+9.028e+02	+8.041e+03	+1.035e+04	+0.899
35.100	+1.310e+03	+6.598e+03	+9.682e+03	+0.834
35.200	+6.630e+02	+7.026e+03	+8.384e+03	+0.914
35.300	-6.903e+02	+8.416e+03	+9.251e+03	+1.089
35.400	+1.253e+03	+6.664e+03	+1.109e+04	+0.842
35.500	+7.584e+02	+7.475e+03	+9.586e+03	+0.908
35.600	-1.020e+03	+7.468e+03	+7.378e+03	+1.158
35.700	+1.644e+02	+7.254e+03	+6.271e+03	+0.978
35.800	+1.864e+03	+6.665e+03	+1.012e+04	+0.781
35.900	-1.479e+02	+9.977e+03	+7.749e+03	+1.015
36.000	+1.256e+01	+9.559e+03	+1.038e+04	+0.999
36.100	+3.720e+02	+8.651e+03	+8.936e+03	+0.959
36.200	+9.479e+02	+6.394e+03	+9.111e+03	+0.871
36.300	+1.852e+03	+8.918e+03	+7.909e+03	+0.828
36.400	+9.029e+02	+8.190e+03	+1.094e+04	+0.901
36.500	+7.644e+02	+5.672e+03	+7.563e+03	+0.881
36.600	+8.750e+03	-2.088e+02	+7.644e+03	-0.024
36.700	+6.748e+03	+7.851e+02	+7.437e+03	+0.104
36.800	+7.232e+03	+3.423e+02	+7.604e+03	+0.045
36.900	+8.027e+03	-5.812e+02	+9.611e+03	-0.078
37.000	+7.799e+03	+5.086e+02	+1.065e+04	+0.061
37.100	+7.863e+03	+1.951e+03	+8.671e+03	+0.199
37.200	+6.596e+03	-1.912e+02	+9.938e+03	-0.030
37.300	+9.802e+03	+9.136e+02	+8.654e+03	+0.085
37.400	+1.162e+04	+1.055e+03	+9.802e+03	+0.083
37.500	+9.196e+03	+5.404e+02	+7.484e+03	+0.056
37.600	+8.391e+03	-1.829e+02	+8.366e+03	-0.022
37.700	+9.430e+03	+2.505e+02	+8.025e+03	+0.026
37.800	+7.112e+03	+1.583e+03	+1.018e+04	+0.182
37.900	+9.832e+02	+7.167e+03	+9.869e+03	+0.879
38.000	+8.277e+02	+7.737e+03	+7.970e+03	+0.903
38.100	+8.674e+02	+9.215e+03	+8.271e+03	+0.914
38.200	+1.227e+03	+7.098e+03	+9.593e+03	+0.853
38.300	-5.545e+02	+8.558e+03	+8.410e+03	+1.069
38.400	-8.296e+02	+8.806e+03	+1.181e+04	+1.104
38.500	-1.740e+03	+8.465e+03	+9.506e+03	+1.259
38.600	-7.154e+01	+6.291e+03	+7.994e+03	+1.012
38.700	+2.546e+02	+8.316e+03	+1.084e+04	+0.970
38.800	+8.637e+02	+8.919e+03	+9.299e+03	+0.912
38.900	+1.643e+02	+7.414e+03	+8.834e+03	+0.978
39.000	+1.567e+03	+7.571e+03	+1.023e+04	+0.829
39.100	+2.516e+03	+6.423e+03	+8.680e+03	+0.719
39.200	+7.715e+01	+6.589e+03	+7.701e+03	+0.988
39.300	+8.406e+02	+7.891e+03	+9.540e+03	+0.904
39.400	+7.067e+01	+6.564e+03	+7.972e+03	+0.989
39.500	+1.290e+03	+8.897e+03	+9.172e+03	+0.873
39.600	+3.543e+02	+7.813e+03	+1.147e+04	+0.957
39.700	-2.783e+01	+6.404e+03	+9.255e+03	+1.004
39.800	+1.416e+03	+7.880e+03	+9.525e+03	+0.848
39.900	+9.561e+02	+8.021e+03	+7.244e+03	+0.893
40.000	+1.143e+02	+7.835e+03	+1.029e+04	+0.986
40.100	+1.373e+03	+7.696e+03	+9.741e+03	+0.849
40.200	+1.620e+03	+7.379e+03	+7.835e+03	+0.820
40.300	+1.477e+03	+6.724e+03	+9.546e+03	+0.820
40.400	+8.745e+03	+1.031e+02	+9.368e+03	+0.012
40.500	+8.356e+03	+7.116e+02	+9.589e+03	+0.078
40.600	+1.027e+04	-1.077e+03	+1.053e+04	-0.117
40.700	+9.478e+03	-5.358e+02	+9.348e+03	-0.060
40.800	+7.955e+03	+5.740e+02	+8.843e+03	+0.067
40.900	+8.745e+03	+3.154e+01	+1.018e+04	+0.004
41.000	+8.635e+03	+1.407e+03	+9.625e+03	+0.140
41.100	+9.292e+03	+3.664e+02	+9.490e+03	+0.038
41.200	+8.375e+03	+1.594e+03	+1.193e+04	+0.160
41.300	+4.120e+03	+3.556e+03	+8.242e+03	+0.463
41.400	+1.190e+03	+5.964e+03	+9.555e+03	+0.834
41.500	-9.416e+02	+8.547e+03	+9.373e+03	+1.124
41.600	-2.171e+02	+5.035e+03	+8.842e+03	+1.045
41.700	+8.757e+02	+8.848e+03	+9.004e+03	+0.910
41.800	+1.756e+03	+7.650e+03	+7.778e+03	+0.813
41.900	-4.712e+02	+8.441e+03	+1.126e+04	+1.059
42.000	+2.606e+03	+8.004e+03	+1.023e+04	+0.754
42.100	+1.516e+03	+8.813e+03	+9.654e+03	+0.853
42.200	+1.124e+03	+7.825e+03	+9.579e+03	+0.874
42.300	+4.869e+02	+7.192e+03	+9.321e+03	+0.937
42.400	+7.760e+03	+2.078e+03	+8.149e+03	+0.211
42.500	+5.481e+03	+8.700e+02	+9.241e+03	+0.137
42.600	+7.953e+03	+1.005e+03	+7.111e+03	+0.112
42.700	+7.372e+03	+9.990e+02	+9.390e+03	+0.119
42.800	+9.745e+03	+1.946e+03	+1.050e+04	+0.166
42.900	+9.574e+03	-2.553e+01	+7.533e+03	-0.003
43.000	+6.774e+03	+2.126e+03	+9.152e+03	+0.239
43.100	+8.679e+03	-3.197e+01	+9.771e+03	-0.004
43.200	+9.563e+03	+9.905e+02	+7.104e+03	+0.094
43.300	+8.061e+03	-9.272e+02	+8.513e+03	-0.130
43.400	+8.731e+03	+1.883e+03	+9.962e+03	+0.177
43.500	+9.327e+03	+3.151e+02	+7.970e+03	+0.033
43.600	+7.250e+03	+1.044e+03	+1.155e+04	+0.126
43.700	+9.066e+03	+1.085e+03	+8.567e+03	+0.107
43.800	+8.285e+03	+8.375e+02	+1.057e+04	+0.092
43.900	+1.056e+04	+5.999e+02	+6.551e+03	+0.054
44.000	+1.019e+04	+9.120e+02	+8.408e+03	+0.082
44.100	+8.289e+03	-1.950e+02	+9.138e+03	-0.024
44.200	+9.116e+03	+1.544e+03	+8.657e+03	+0.145
44.300	+8.362e+03	+9.430e+02	+9.166e+03	+0.101
44.400	+1.053e+04	-6.534e+02	+6.944e+03	-0.066
44.500	+5.240e+03	+5.970e+03	+1.131e+04	+0.533
44.600	+1.251e+03	+8.101e+03	+7.644e+03	+0.866
44.700	+1.552e+03	+6.166e+03	+8.198e+03	+0.799
44.800	+1.175e+03	+6.302e+03	+1.060e+04	+0.843
44.900	+8.975e+02	+8.976e+03	+1.051e+04	+0.909
45.000	+1.216e+02	+8.135e+03	+8.542e+03	+0.985
45.100	+6.767e+02	+6.963e+03	+9.691e+03	+0.911
45.200	+7.819e+03	+1.214e+03	+7.913e+03	+0.134
45.300	+8.473e+03	+9.026e+02	+7.102e+03	+0.096
45.400	+9.875e+03	+1.371e+03	+9.706e+03	+0.122
45.500	+8.262e+03	-1.417e+02	+1.086e+04	-0.017
45.600	+9.109e+03	+2.180e+03	+1.042e+04	+0.193
45.700	+7.251e+03	+1.231e+03	+9.882e+03	+0.145
45.800	+7.846e+03	+1.891e+02	+9.466e+03	+0.024
45.900	+6.254e+03	+1.296e+03	+1.089e+04	+0.172
46.000	+2.703e+03	+5.416e+03	+8.736e+03	+0.667
46.100	+5.068e+03	+4.480e+03	+1.171e+04	+0.469
46.200	+2.338e+03	+5.769e+03	+1.019e+04	+0.712
46.300	+2.271e+03	+6.844e+03	+9.712e+03	+0.751
46.400	+2.368e+02	+7.143e+03	+1.141e+04	+0.968
46.500	+1.394e+03	+8.152e+03	+1.096e+04	+0.854
46.600	+3.010e+03	+7.545e+03	+9.051e+03	+0.715
46.700	+1.178e+03	+9.387e+03	+8.898e+03	+0.889
46.800	+1.641e+03	+7.857e+03	+8.395e+03	+0.827
46.900	+1.333e+03	+9.296e+03	+7.318e+03	+0.875
47.000	+1.169e+03	+6.803e+03	+9.114e+03	+0.853
47.100	+7.815e+02	+8.319e+03	+7.979e+03	+0.914
47.200	+4.634e+03	+4.960e+03	+9.412e+03	+0.517
47.300	+6.760e+03	+2.348e+03	+9.818e+03	+0.258
47.400	+8.194e+03	+1.393e+03	+8.542e+03	+0.145
47.500	+9.230e+03	+1.520e+03	+7.981e+03	+0.141
47.600	+8.446e+03	+1.089e+03	+9.072e+03	+0.114
47.700	+5.239e+03	+3.038e+03	+9.063e+03	+0.367
47.800	+4.274e+03	+5.063e+03	+1.334e+04	+0.542
47.900	+3.412e+03	+4.339e+03	+8.535e+03	+0.560
48.000	+3.688e+03	+4.750e+03	+8.479e+03	+0.563
48.100	+4.671e+03	+4.064e+03	+7.700e+03	+0.465
48.200	+3.729e+03	+5.552e+03	+8.533e+03	+0.598
48.300	+4.832e+03	+4.633e+03	+1.070e+04	+0.490
48.400	+5.044e+03	+5.875e+03	+6.608e+03	+0.538
48.500	+4.246e+03	+4.794e+03	+9.255e+03	+0.530
48.600	+3.169e+03	+4.339e+03	+8.870e+03	+0.578
48.700	+3.241e+03	+5.080e+03	+8.911e+03	+0.610
48.800	+4.292e+03	+5.602e+03	+1.108e+04	+0.566
48.900	+5.207e+03	+4.327e+03	+9.304e+03	+0.454
49.000	+2.137e+03	+4.510e+03	+7.195e+03	+0.678
49.100	+3.950e+03	+4.846e+03	+7.133e+03	+0.551
49.200	+4.983e+03	+5.554e+03	+7.268e+03	+0.527
49.300	+3.507e+03	+4.633e+03	+9.050e+03	+0.569
49.400	+3.933e+03	+5.948e+03	+9.599e+03	+0.602
49.500	+3.612e+03	+5.582e+03	+9.888e+03	+0.607
49.600	+3.526e+03	+6.765e+03	+1.029e+04	+0.657
49.700	+3.812e+03	+4.479e+03	+8.016e+03	+0.540
49.800	+4.766e+03	+4.903e+03	+7.677e+03	+0.507
49.900	+4.652e+03	+5.460e+03	+1.149e+04	+0.540
50.000	+9.110e+02	+8.662e+03	+8.551e+03	+0.905
50.100	+1.529e+03	+6.131e+03	+8.972e+03	+0.800
50.200	+1.118e+03	+8.490e+03	+1.031e+04	+0.884
50.300	+5.124e+03	+3.627e+03	+9.977e+03	+0.414
50.400	+9.862e+03	+3.759e+02	+1.054e+04	+0.037
50.500	+8.542e+03	+6.188e+02	+1.029e+04	+0.068
50.600	+1.033e+04	+5.556e+02	+8.886e+03	+0.051
50.700	+6.992e+03	+7.263e+02	+8.429e+03	+0.094
50.800	+8.398e+03	+1.398e+03	+8.863e+03	+0.143
50.900	+8.158e+03	+9.074e+02	+1.019e+04	+0.100
51.000	+6.656e+03	-1.817e+00	+8.679e+03	-0.000
51.100	+7.730e+03	-1.361e+02	+9.747e+03	-0.018
51.200	+8.466e+03	+3.827e+02	+8.757e+03	+0.043
51.300	+8.895e+03	+9.747e+02	+9.826e+03	+0.099
51.400	+8.280e+03	+1.964e+02	+9.922e+03	+0.023
51.500	+8.702e+03	+8.528e+02	+1.081e+04	+0.089
51.600	+2.385e+03	+7.223e+03	+9.481e+03	+0.752
51.700	+4.289e+02	+6.884e+03	+8.174e+03	+0.941
51.800	+2.284e+03	+8.782e+03	+7.206e+03	+0.794
51.900	+1.025e+03	+5.642e+03	+8.282e+03	+0.846
52.000	-6.799e+02	+7.075e+03	+8.163e+03	+1.106
52.100	+1.922e+03	+7.966e+03	+8.835e+03	+0.806
52.200	+3.497e+02	+6.360e+03	+1.062e+04	+0.948
52.300	+2.280e+03	+6.952e+03	+1.167e+04	+0.753
52.400	-1.195e+01	+8.190e+03	+7.297e+03	+1.001
52.500	+8.078e+02	+9.218e+03	+7.212e+03	+0.919
52.600	+5.409e+02	+7.781e+03	+8.905e+03	+0.935
52.700	+8.166e+02	+9.003e+03	+9.249e+03	+0.917
52.800	+1.521e+03	+8.067e+03	+1.082e+04	+0.841
52.900	+6.048e+02	+7.467e+03	+7.714e+03	+0.925
53.000	+1.203e+03	+7.434e+03	+1.134e+04	+0.861
53.100	+1.253e+03	+8.183e+03	+9.635e+03	+0.867
53.200	-1.163e+03	+7.051e+03	+8.366e+03	+1.198
53.300	+1.562e+03	+8.101e+03	+9.690e+03	+0.838
53.400	+3.789e+02	+7.352e+03	+8.238e+03	+0.951
53.500	+8.206e+02	+8.538e+03	+1.014e+04	+0.912
53.600	+4.665e+02	+8.526e+03	+8.601e+03	+0.948
53.700	+4.985e+02	+7.242e+03	+1.040e+04	+0.936
53.800	+2.834e+03	+8.042e+03	+1.088e+04	+0.739
53.900	+4.251e+02	+7.221e+03	+1.073e+04	+0.944
54.000	+8.024e+02	+9.023e+03	+8.043e+03	+0.918
54.100	+1.829e+03	+6.335e+03	+8.595e+03	+0.776
54.200	+9.830e+02	+6.711e+03	+7.405e+03	+0.872
54.300	+1.411e+02	+7.213e+03	+1.005e+04	+0.981
54.400	+1.002e+03	+7.512e+03	+8.763e+03	+0.882
54.500	-3.489e+01	+9.206e+03	+8.880e+03	+1.004
54.600	+3.742e+02	+6.040e+03	+9.794e+03	+0.942
54.700	+7.223e+02	+9.186e+03	+9.548e+03	+0.927
54.800	+8.964e+02	+7.448e+03	+9.214e+03	+0.893
54.900	+1.982e+03	+6.713e+03	+8.504e+03	+0.772
55.000	+1.475e+03	+7.835e+03	+9.101e+03	+0.842
55.100	+1.558e+03	+9.355e+03	+9.055e+03	+0.857
55.200	+1.148e+03	+7.126e+03	+1.105e+04	+0.861
55.300	+1.346e+03	+8.600e+03	+9.961e+03	+0.865
55.400	+1.224e+03	+7.574e+03	+9.287e+03	+0.861
55.500	+3.124e+01	+1.012e+04	+8.809e+03	+0.997
55.600	+1.067e+03	+7.720e+03	+8.768e+03	+0.879
55.700	+8.657e+02	+7.541e+03	+9.569e+03	+0.897
55.800	+8.063e+02	+8.244e+03	+7.569e+03	+0.911
55.900	+1.412e+03	+6.932e+03	+8.317e+03	+0.831
56.000	+1.251e+03	+9.128e+03	+1.001e+04	+0.879
56.100	+8.652e+02	+8.291e+03	+8.922e+03	+0.906
56.200	+3.224e+02	+8.092e+03	+1.043e+04	+0.962
56.300	+1.364e+03	+8.971e+03	+9.735e+03	+0.868
56.400	+8.993e+02	+8.268e+03	+1.152e+04	+0.902
56.500	-7.244e+02	+7.051e+03	+9.215e+03	+1.115
56.600	+1.604e+03	+8.083e+03	+8.796e+03	+0.834
56.700	+7.008e+00	+8.059e+03	+9.107e+03	+0.999
56.800	+1.639e+03	+6.634e+03	+9.930e+03	+0.802
56.900	+9.066e+02	+6.644e+03	+1.081e+04	+0.880
57.000	+5.563e+02	+8.867e+03	+9.174e+03	+0.941
57.100	+2.125e+02	+9.818e+03	+9.711e+03	+0.979
57.200	+2.288e+03	+7.332e+03	+8.639e+03	+0.762
57.300	-1.198e+03	+8.443e+03	+1.059e+04	+1.165
57.400	+4.915e+03	+6.143e+03	+1.159e+04	+0.556
57.500	+1.940e+03	+4.975e+03	+8.964e+03	+0.719
57.600	+4.396e+03	+6.477e+03	+1.003e+04	+0.596
57.700	+3.813e+03	+5.931e+03	+8.838e+03	+0.609
57.800	+3.897e+03	+3.968e+03	+8.612e+03	+0.504
57.900	+3.241e+03	+4.699e+03	+9.234e+03	+0.592
58.000	+2.937e+03	+4.028e+03	+7.998e+03	+0.578
58.100	+3.149e+03	+4.809e+03	+1.068e+04	+0.604
58.200	+4.724e+03	+6.003e+03	+7.710e+03	+0.560
58.300	+4.014e+03	+4.140e+03	+9.181e+03	+0.508
58.400	+1.650e+03	+5.327e+03	+8.296e+03	+0.764
58.500	+4.362e+03	+5.176e+03	+6.533e+03	+0.543
58.600	+3.369e+03	+5.194e+03	+9.785e+03	+0.607
58.700	+2.535e+03	+3.391e+03	+9.214e+03	+0.572
58.800	+5.435e+03	+4.945e+03	+9.237e+03	+0.476
58.900	+4.712e+03	+4.183e+03	+7.523e+03	+0.470
59.000	+3.666e+03	+4.692e+03	+1.083e+04	+0.561
59.100	+2.707e+03	+4.036e+03	+9.164e+03	+0.599
59.200	+4.325e+03	+5.578e+03	+1.097e+04	+0.563
59.300	+3.340e+03	+5.041e+03	+1.145e+04	+0.601
59.400	+8.071e+03	+2.322e+03	+9.371e+03	+0.223
59.500	+8.619e+03	+2.383e+03	+1.023e+04	+0.217
59.600	+5.878e+03	+2.396e+03	+9.521e+03	+0.290
59.700	+1.022e+04	+1.931e+03	+9.255e+03	+0.159
59.800	+7.939e+03	+4.561e+02	+9.473e+03	+0.054
59.900	+3.444e+03	+6.238e+03	+1.001e+04	+0.644
60.000	+2.695e+03	+4.696e+03	+7.295e+03	+0.635
60.100	+2.891e+03	+4.010e+03	+9.478e+03	+0.581
60.200	+4.521e+03	+3.875e+03	+9.139e+03	+0.462
60.300	+3.845e+03	+4.449e+03	+7.405e+03	+0.536
60.400	+2.787e+03	+4.863e+03	+8.843e+03	+0.636
60.500	+4.645e+03	+4.953e+03	+6.154e+03	+0.516
60.600	+2.934e+03	+5.893e+03	+9.664e+03	+0.668
60.700	+1.510e+03	+8.035e+03	+9.759e+03	+0.842
60.800	+1.626e+03	+9.273e+03	+1.182e+04	+0.851
60.900	-2.728e+02	+8.810e+03	+8.603e+03	+1.032
61.000	+1.045e+03	+8.727e+03	+9.758e+03	+0.893
61.100	+8.840e+02	+8.641e+03	+1.003e+04	+0.907
61.200	+2.245e+03	+5.936e+03	+9.307e+03	+0.726
61.300	+2.142e+02	+8.198e+03	+8.990e+03	+0.975
61.400	+3.809e+02	+9.195e+03	+8.682e+03	+0.960
61.500	+2.035e+02	+1.018e+04	+1.072e+04	+0.980
61.600	+5.143e+02	+6.796e+03	+7.320e+03	+0.930
61.700	+7.095e+02	+8.037e+03	+9.079e+03	+0.919
61.800	+2.066e+03	+6.488e+03	+8.818e+03	+0.758
61.900	-7.160e+02	+7.469e+03	+1.051e+04	+1.106
62.000	+3.028e+02	+7.838e+03	+8.444e+03	+0.963
62.100	+3.775e+03	+3.509e+03	+9.625e+03	+0.482
62.200	+8.858e+03	+1.468e+02	+8.861e+03	+0.016
62.300	+9.768e+03	-4.709e+01	+7.352e+03	-0.005
62.400	+8.005e+03	+1.478e+02	+1.142e+04	+0.018
62.500	+3.900e+03	+4.306e+03	+7.700e+03	+0.525
62.600	+3.862e+03	+6.537e+03	+8.646e+03	+0.629
62.700	+5.045e+03	+2.850e+03	+8.334e+03	+0.361
62.800	+3.726e+03	+5.433e+03	+9.809e+03	+0.593
62.900	+4.674e+03	+5.806e+03	+9.147e+03	+0.554
63.000	+4.613e+03	+4.730e+03	+7.408e+03	+0.506
63.100	+4.210e+03	+6.848e+03	+8.556e+03	+0.619
63.200	+4.186e+03	+5.719e+03	+6.575e+03	+0.577
63.300	+2.094e+03	+3.375e+03	+1.261e+04	+0.617
63.400	+3.923e+03	+3.972e+03	+1.049e+04	+0.503
63.500	+4.841e+03	+3.555e+03	+9.123e+03	+0.423
63.600	+3.814e+03	+5.472e+03	+8.715e+03	+0.589
63.700	+3.263e+03	+4.787e+03	+1.099e+04	+0.595
63.800	+4.532e+03	+5.395e+03	+8.840e+03	+0.543
63.900	+1.053e+03	+8.216e+03	+8.333e+03	+0.886
64.000	+1.563e+03	+7.446e+03	+1.049e+04	+0.827
64.100	+1.254e+03	+8.856e+03	+9.264e+03	+0.876
64.200	+5.190e+02	+7.565e+03	+8.355e+03	+0.936
64.300	-1.078e+03	+7.045e+03	+9.630e+03	+1.181
64.400	+1.717e+03	+7.422e+03	+8.777e+03	+0.812
64.500	+8.513e+02	+7.048e+03	+7.845e+03	+0.892
64.600	+7.840e+02	+6.719e+03	+8.288e+03	+0.896
64.700	+5.057e+02	+7.606e+03	+7.478e+03	+0.938
64.800	+1.018e+03	+7.718e+03	+9.573e+03	+0.883
64.900	-3.764e+01	+6.916e+03	+1.054e+04	+1.005
65.000	+1.004e+03	+7.467e+03	+1.014e+04	+0.882
65.100	+1.388e+03	+8.564e+03	+9.854e+03	+0.861
65.200	+1.255e+02	+8.728e+03	+6.693e+03	+0.986
65.300	+2.046e+03	+9.159e+03	+8.704e+03	+0.817
65.400	-2.393e+01	+7.161e+03	+1.016e+04	+1.003
65.500	+1.880e+03	+8.167e+03	+7.284e+03	+0.813
65.600	+1.529e+01	+8.212e+03	+9.188e+03	+0.998
65.700	+1.611e+03	+7.587e+03	+9.661e+03	+0.825
65.800	+1.105e+03	+8.197e+03	+9.512e+03	+0.881
65.900	+8.220e+02	+7.722e+03	+9.431e+03	+0.904
66.000	+1.439e+03	+8.018e+03	+6.412e+03	+0.848
66.100	+2.913e+02	+7.063e+03	+8.236e+03	+0.960
66.200	+1.932e+03	+8.117e+03	+7.949e+03	+0.808
66.300	+6.951e+02	+8.153e+03	+9.003e+03	+0.921
66.400	+7.950e+02	+8.811e+03	+9.374e+03	+0.917
66.500	+7.989e+02	+7.259e+03	+9.737e+03	+0.901
66.600	+1.649e+03	+9.088e+03	+6.274e+03	+0.846
66.700	+1.355e+03	+6.639e+03	+1.025e+04	+0.831
66.800	+8.966e+02	+8.928e+03	+9.509e+03	+0.909
66.900	+4.700e+02	+7.208e+03	+1.162e+04	+0.939
67.000	+3.338e+02	+8.882e+03	+8.740e+03	+0.964
67.100	+1.073e+03	+7.078e+03	+9.088e+03	+0.868
67.200	-5.869e+02	+7.246e+03	+8.924e+03	+1.088
67.300	+1.106e+03	+7.839e+03	+1.065e+04	+0.876
67.400	+1.362e+03	+7.979e+03	+8.303e+03	+0.854
67.500	+8.500e+02	+9.472e+03	+1.099e+04	+0.918
67.600	+2.377e+03	+7.904e+03	+1.002e+04	+0.769
67.700	+1.271e+03	+6.285e+03	+1.102e+04	+0.832
67.800	+4.052e+02	+5.631e+03	+7.366e+03	+0.933
67.900	+7.044e+03	+1.014e+03	+8.187e+03	+0.126
68.000	+8.743e+03	-7.710e+02	+1.163e+04	-0.097
68.100	+9.237e+03	+6.944e+02	+1.068e+04	+0.070
68.200	+9.744e+03	-1.174e+03	+1.080e+04	-0.137
68.300	+9.782e+03	+4.136e+02	+1.114e+04	+0.041
68.400	+9.548e+03	+6.619e+02	+9.724e+03	+0.065
68.500	+9.364e+03	+2.836e+02	+9.809e+03	+0.029
68.600	+3.431e+03	+7.901e+03	+8.641e+03	+0.697
68.700	+1.669e+02	+7.916e+03	+9.531e+03	+0.979
68.800	+1.349e+02	+7.852e+03	+9.715e+03	+0.983
68.900	+8.150e+02	+6.101e+03	+1.125e+04	+0.882
69.000	+1.372e+03	+6.881e+03	+7.146e+03	+0.834
69.100	+1.413e+03	+6.846e+03	+1.117e+04	+0.829
69.200	+4.103e+03	+4.031e+03	+9.462e+03	+0.496
69.300	+7.031e+03	-1.537e+02	+7.784e+03	-0.022
69.400	+1.083e+04	+1.794e+03	+7.655e+03	+0.142
69.500	+8.861e+03	+3.875e+02	+1.008e+04	+0.042
69.600	+8.086e+03	-4.259e+02	+9.846e+03	-0.056
69.700	+8.201e+03	-1.167e+03	+9.305e+03	-0.166
69.800	+7.239e+03	+1.727e+02	+6.759e+03	+0.023
69.900	+8.490e+03	+1.383e+03	+1.031e+04	+0.140
70.000	+8.621e+03	+7.671e+02	+9.330e+03	+0.082
70.100	+1.029e+04	+8.401e+02	+8.774e+03	+0.075
70.200	+9.905e+03	+7.057e+02	+9.256e+03	+0.067
70.300	+7.228e+03	-1.384e+02	+8.413e+03	-0.020
70.400	+8.098e+03	+5.182e+02	+1.048e+04	+0.060
70.500	+6.654e+03	+1.982e+03	+8.819e+03	+0.230
70.600	+9.057e+03	+1.020e+03	+9.878e+03	+0.101
70.700	+6.972e+03	-3.516e+02	+9.852e+03	-0.053
70.800	+9.295e+03	+1.685e+03	+7.703e+03	+0.153
70.900	+9.826e+03	+7.852e+02	+8.604e+03	+0.074
71.000	+7.265e+03	-3.637e+02	+1.042e+04	-0.053
71.100	+7.819e+03	+2.164e+03	+9.729e+03	+0.217
71.200	+8.359e+03	+2.067e+02	+1.117e+04	+0.024
71.300	+7.512e+03	+1.185e+03	+7.873e+03	+0.136
71.400	+4.113e+03	+4.879e+03	+8.956e+03	+0.543
71.500	+1.561e+03	+8.881e+03	+1.015e+04	+0.850
71.600	+9.717e+02	+8.338e+03	+1.076e+04	+0.896
71.700	+2.034e+02	+9.421e+03	+8.972e+03	+0.979
71.800	+2.104e+03	+8.843e+03	+8.965e+03	+0.808
71.900	+1.470e+03	+7.618e+03	+9.156e+03	+0.838
72.000	-6.420e+00	+7.505e+03	+8.908e+03	+1.001
72.100	+4.212e+01	+7.326e+03	+8.412e+03	+0.994
72.200	+7.828e+01	+8.821e+03	+9.387e+03	+0.991
72.300	+9.321e+02	+7.732e+03	+1.126e+04	+0.892
72.400	+5.403e+02	+6.141e+03	+8.460e+03	+0.919
72.500	-2.113e+02	+9.585e+03	+8.296e+03	+1.023
72.600	+9.856e+02	+7.010e+03	+9.757e+03	+0.877
72.700	+7.654e+02	+8.880e+03	+8.941e+03	+0.921
72.800	-6.146e+00	+6.818e+03	+1.105e+04	+1.001
72.900	+1.141e+03	+8.877e+03	+1.035e+04	+0.886
73.000	+1.999e+03	+7.950e+03	+1.013e+04	+0.799
73.100	+1.528e+03	+7.413e+03	+1.130e+04	+0.829
73.200	-4.203e+02	+7.759e+03	+8.731e+03	+1.057
73.300	-7.501e+02	+6.768e+03	+1.134e+04	+1.125
73.400	-3.941e+00	+7.886e+03	+9.338e+03	+1.000
73.500	+1.332e+02	+6.942e+03	+1.031e+04	+0.981
73.600	+6.381e+02	+9.091e+03	+8.396e+03	+0.934
73.700	-4.905e+02	+7.833e+03	+1.038e+04	+1.067
73.800	-8.550e+02	+9.837e+03	+7.597e+03	+1.095
73.900	+1.826e+03	+6.701e+03	+1.101e+04	+0.786
74.000	+9.608e+02	+7.439e+03	+9.120e+03	+0.886
74.100	+3.295e+03	+6.711e+03	+9.180e+03	+0.671
74.200	+4.964e+03	+4.046e+03	+7.923e+03	+0.449
74.300	+4.363e+03	+4.128e+03	+1.065e+04	+0.486
74.400	+3.781e+03	+5.653e+03	+9.344e+03	+0.599
74.500	+4.518e+03	+5.114e+03	+9.539e+03	+0.531
74.600	+4.513e+03	+4.872e+03	+9.572e+03	+0.519
74.700	+2.292e+03	+4.220e+03	+1.032e+04	+0.648
74.800	+4.923e+03	+4.734e+03	+9.155e+03	+0.490
74.900	+5.100e+03	+4.640e+03	+8.965e+03	+0.476
75.000	+3.834e+03	+5.698e+03	+1.086e+04	+0.598
75.100	+3.612e+03	+5.631e+03	+1.002e+04	+0.609
75.200	+2.693e+03	+4.991e+03	+1.081e+04	+0.650
75.300	+3.872e+03	+5.559e+03	+9.555e+03	+0.589
75.400	+3.095e+03	+3.804e+03	+8.391e+03	+0.551
75.500	+3.853e+03	+5.131e+03	+7.922e+03	+0.571
75.600	+4.968e+03	+5.483e+03	+1.070e+04	+0.525
75.700	+4.078e+03	+4.895e+03	+1.073e+04	+0.546
75.800	+5.105e+03	+3.442e+03	+9.093e+03	+0.403
75.900	+5.390e+03	+5.211e+03	+7.181e+03	+0.492
76.000	+3.451e+03	+4.398e+03	+8.901e+03	+0.560
76.100	+4.420e+03	+4.527e+03	+7.182e+03	+0.506
76.200	+4.264e+03	+6.130e+03	+8.623e+03	+0.590
76.300	+3.810e+03	+4.576e+03	+9.442e+03	+0.546
76.400	+3.750e+03	+4.742e+03	+9.050e+03	+0.558
76.500	+3.603e+03	+4.676e+03	+7.609e+03	+0.565
76.600	+3.780e+03	+5.919e+03	+8.337e+03	+0.610
76.700	+3.102e+03	+4.146e+03	+9.369e+03	+0.572
76.800	+2.891e+03	+5.096e+03	+8.534e+03	+0.638
76.900	+3.688e+03	+4.733e+03	+1.003e+04	+0.562
77.000	+5.057e+03	+5.454e+03	+9.630e+03	+0.519
77.100	+4.843e+03	+4.223e+03	+1.087e+04	+0.466
77.200	+4.635e+03	+6.978e+03	+9.287e+03	+0.601
77.300	+3.870e+03	+4.394e+03	+1.029e+04	+0.532
77.400	+3.378e+03	+7.436e+03	+1.032e+04	+0.688
77.500	+8.268e+02	+7.228e+03	+1.040e+04	+0.897
77.600	+5.181e+02	+7.688e+03	+1.118e+04	+0.937
77.700	-3.356e+02	+9.404e+03	+7.873e+03	+1.037
77.800	+6.772e+02	+8.705e+03	+1.169e+04	+0.928
77.900	+3.259e+02	+7.602e+03	+9.164e+03	+0.959
78.000	+2.161e+03	+6.990e+03	+9.244e+03	+0.764
78.100	+9.210e+02	+8.401e+03	+9.281e+03	+0.901
78.200	+1.236e+03	+7.203e+03	+9.301e+03	+0.854
78.300	+5.331e+01	+8.235e+03	+9.679e+03	+0.994
78.400	+5.261e+02	+8.737e+03	+9.367e+03	+0.943
78.500	+1.034e+02	+8.601e+03	+6.477e+03	+0.988
78.600	+3.479e+02	+7.990e+03	+9.882e+03	+0.958
78.700	+9.038e+02	+6.400e+03	+8.743e+03	+0.876
78.800	+6.134e+02	+8.243e+03	+7.850e+03	+0.931
78.900	+1.020e+03	+8.969e+03	+8.105e+03	+0.898
79.000	+3.731e+02	+8.436e+03	+8.300e+03	+0.958
79.100	-8.668e+01	+7.606e+03	+9.275e+03	+1.012
79.200	+1.051e+03	+6.441e+03	+8.227e+03	+0.860
79.300	+1.307e+03	+6.970e+03	+9.102e+03	+0.842
79.400	+1.260e+03	+9.313e+03	+9.522e+03	+0.881
79.500	+1.540e+03	+9.116e+03	+9.284e+03	+0.855
79.600	+5.498e+02	+7.841e+03	+6.338e+03	+0.934
79.700	+2.016e+03	+9.901e+03	+9.867e+03	+0.831
79.800	+1.967e+03	+6.435e+03	+1.073e+04	+0.766
79.900	+8.134e+03	+3.389e+02	+8.683e+03	+0.040
80.000	+9.516e+03	+6.614e+02	+1.045e+04	+0.065
80.100	+7.244e+03	-2.021e+02	+8.475e+03	-0.029
80.200	+7.727e+03	+2.654e+02	+9.428e+03	+0.033
80.300	+6.303e+03	+6.773e+02	+8.278e+03	+0.097
80.400	+8.429e+03	+8.910e+02	+9.661e+03	+0.096
80.500	+8.160e+03	-3.011e+02	+9.600e+03	-0.038
80.600	+8.535e+03	+4.854e+02	+9.352e+03	+0.054
80.700	+3.110e+03	+6.004e+03	+9.119e+03	+0.659
80.800	+1.094e+03	+7.475e+03	+1.146e+04	+0.872
80.900	+1.207e+03	+8.075e+03	+9.447e+03	+0.870
81.000	+4.644e+02	+7.278e+03	+9.898e+03	+0.940
81.100	+8.309e+02	+8.977e+03	+9.605e+03	+0.915
81.200	+1.067e+03	+7.907e+03	+9.534e+03	+0.881
81.300	+2.548e+02	+7.067e+03	+9.113e+03	+0.965
81.400	+1.126e+03	+6.968e+03	+8.759e+03	+0.861
81.500	+4.252e+03	+4.325e+03	+9.633e+03	+0.504
81.600	+1.007e+04	+6.303e+02	+1.039e+04	+0.059
81.700	+1.754e+02	+7.972e+03	+8.396e+03	+0.978
81.800	-5.838e+02	+6.880e+03	+8.953e+03	+1.093
81.900	+1.484e+03	+8.461e+03	+1.131e+04	+0.851
82.000	+5.295e+02	+7.180e+03	+7.329e+03	+0.931
82.100	+1.291e+03	+8.266e+03	+1.041e+04	+0.865
82.200	+2.334e+03	+7.349e+03	+8.881e+03	+0.759
82.300	+8.319e+01	+8.407e+03	+9.755e+03	+0.990
82.400	+2.508e+03	+8.688e+03	+6.220e+03	+0.776
82.500	+2.269e+03	+8.612e+03	+1.050e+04	+0.791
82.600	+2.565e+01	+9.248e+03	+9.209e+03	+0.997
82.700	-6.580e+02	+8.314e+03	+8.915e+03	+1.086
82.800	+1.054e+03	+7.402e+03	+8.857e+03	+0.875
82.900	+1.432e+02	+8.385e+03	+1.005e+04	+0.983
83.000	+8.885e+02	+1.031e+04	+1.034e+04	+0.921
83.100	+6.780e+02	+7.863e+03	+7.148e+03	+0.921
83.200	+1.717e+02	+7.384e+03	+1.001e+04	+0.977
83.300	+6.524e+01	+7.841e+03	+9.639e+03	+0.992
83.400	+1.326e+03	+9.019e+03	+7.429e+03	+0.872
83.500	-1.017e+03	+9.307e+03	+1.219e+04	+1.123
83.600	+1.691e+03	+7.092e+03	+9.464e+03	+0.807
83.700	+1.796e+03	+8.321e+03	+8.170e+03	+0.822
83.800	+3.024e+02	+6.604e+03	+8.858e+03	+0.956
83.900	+1.007e+03	+6.435e+03	+9.200e+03	+0.865
84.000	+5.298e+02	+8.760e+03	+8.554e+03	+0.943
84.100	+4.628e+02	+8.063e+03	+1.045e+04	+0.946
84.200	+9.826e+02	+6.654e+03	+7.264e+03	+0.871
84.300	+8.867e+02	+8.339e+03	+9.701e+03	+0.904
84.400	+6.328e+02	+5.942e+03	+1.062e+04	+0.904
84.500	+5.569e+02	+7.652e+03	+1.103e+04	+0.932
84.600	-6.203e+01	+7.878e+03	+9.370e+03	+1.008
84.700	-4.687e+01	+9.143e+03	+9.176e+03	+1.005
84.800	+1.812e+03	+7.804e+03	+1.109e+04	+0.812
84.900	+8.080e+02	+6.367e+03	+7.218e+03	+0.887
85.000	-1.005e+02	+6.774e+03	+8.991e+03	+1.015
85.100	+3.239e+02	+1.085e+04	+9.657e+03	+0.971
85.200	-3.800e+02	+7.772e+03	+8.934e+03	+1.051
85.300	+1.526e+03	+7.763e+03	+8.089e+03	+0.836
85.400	+1.775e+03	+7.214e+03	+1.147e+04	+0.803
85.500	+1.005e+03	+6.604e+03	+8.494e+03	+0.868
85.600	+6.972e+02	+9.456e+03	+9.732e+03	+0.931
85.700	+1.029e+03	+7.430e+03	+8.062e+03	+0.878
85.800	+1.437e+03	+6.966e+03	+1.007e+04	+0.829
85.900	+1.406e+01	+6.813e+03	+7.933e+03	+0.998
86.000	+1.319e+03	+6.584e+03	+9.887e+03	+0.833
86.100	-1.263e+00	+7.163e+03	+8.753e+03	+1.000
86.200	+3.681e+01	+7.388e+03	+1.002e+04	+0.995
86.300	+6.066e+02	+8.773e+03	+9.053e+03	+0.935
86.400	-1.483e+02	+7.235e+03	+8.478e+03	+1.021
86.500	+2.849e+03	+8.975e+03	+1.013e+04	+0.759
86.600	+6.825e+02	+8.799e+03	+9.352e+03	+0.928
86.700	-1.781e+02	+7.432e+03	+9.333e+03	+1.025
86.800	+1.160e+03	+8.680e+03	+1.065e+04	+0.882
86.900	+2.021e+02	+8.098e+03	+8.424e+03	+0.976
87.000	+1.454e+03	+9.869e+03	+9.561e+03	+0.872
87.100	+7.521e+02	+7.050e+03	+1.160e+04	+0.904
87.200	+8.324e+02	+9.030e+03	+1.012e+04	+0.916
87.300	+2.285e+02	+7.779e+03	+8.691e+03	+0.971
87.400	+2.343e+03	+7.461e+03	+9.286e+03	+0.761
87.500	-5.178e+02	+5.636e+03	+9.351e+03	+1.101
87.600	-4.392e+00	+1.033e+04	+9.006e+03	+1.000
87.700	+7.131e+02	+8.343e+03	+7.573e+03	+0.921
87.800	+5.964e+02	+8.184e+03	+9.066e+03	+0.932
87.900	+3.403e+02	+8.113e+03	+1.083e+04	+0.960
88.000	+9.094e+02	+7.569e+03	+1.010e+04	+0.893
88.100	-2.701e+01	+9.082e+03	+7.369e+03	+1.003
88.200	+1.183e+03	+7.442e+03	+8.694e+03	+0.863
88.300	+9.689e+02	+7.182e+03	+1.115e+04	+0.881
88.400	+6.686e+02	+7.178e+03	+9.846e+03	+0.915
88.500	-2.408e+02	+6.673e+03	+1.226e+04	+1.037
88.600	+1.784e+03	+5.904e+03	+9.804e+03	+0.768
88.700	+1.399e+03	+6.959e+03	+1.010e+04	+0.833
88.800	+5.732e+02	+9.053e+03	+1.163e+04	+0.940
88.900	+4.947e+02	+7.712e+03	+7.907e+03	+0.940
89.000	-6.858e+02	+7.828e+03	+9.274e+03	+1.096
89.100	-4.137e+02	+7.173e+03	+1.088e+04	+1.061
89.200	+3.342e+02	+5.557e+03	+8.586e+03	+0.943
89.300	+1.265e+03	+6.816e+03	+8.338e+03	+0.843
89.400	+1.580e+03	+7.727e+03	+9.646e+03	+0.830
89.500	+9.215e+02	+6.815e+03	+7.316e+03	+0.881
89.600	+2.260e+02	+7.422e+03	+8.137e+03	+0.970
89.700	+4.702e+02	+8.322e+03	+8.540e+03	+0.947
89.800	+5.210e+02	+8.039e+03	+8.206e+03	+0.939
89.900	-8.362e+02	+7.437e+03	+1.034e+04	+1.127
90.000	+7.771e+02	+7.096e+03	+9.216e+03	+0.901
90.100	+3.323e+02	+7.155e+03	+1.018e+04	+0.956
90.200	-7.834e+01	+9.997e+03	+9.825e+03	+1.008
90.300	+9.609e+02	+8.321e+03	+9.801e+03	+0.896
90.400	+1.308e+03	+7.371e+03	+1.001e+04	+0.849
90.500	+1.753e+03	+7.880e+03	+8.087e+03	+0.818
90.600	-3.229e+02	+8.808e+03	+1.112e+04	+1.038
90.700	+1.600e+03	+8.373e+03	+8.605e+03	+0.840
90.800	+1.184e+03	+7.671e+03	+9.150e+03	+0.866
90.900	+3.729e+02	+8.694e+03	+1.029e+04	+0.959
91.000	+7.053e+02	+6.220e+03	+9.226e+03	+0.898
91.100	+8.784e+02	+8.926e+03	+8.119e+03	+0.910
91.200	+9.158e+02	+8.263e+03	+9.205e+03	+0.900
91.300	+1.329e+03	+7.706e+03	+1.014e+04	+0.853
91.400	+4.229e+02	+7.142e+03	+7.245e+03	+0.944
91.500	+3.435e+02	+7.337e+03	+8.425e+03	+0.955
91.600	-2.766e+02	+8.196e+03	+7.986e+03	+1.035
91.700	+1.794e+03	+8.632e+03	+9.511e+03	+0.828
91.800	+7.089e+02	+7.015e+03	+8.525e+03	+0.908
91.900	-1.996e+02	+9.081e+03	+1.051e+04	+1.022
92.000	+8.589e+02	+7.840e+03	+1.028e+04	+0.901
92.100	+1.568e+02	+5.243e+03	+8.396e+03	+0.971
92.200	+1.773e+02	+8.213e+03	+8.200e+03	+0.979
92.300	+1.275e+03	+7.105e+03	+7.283e+03	+0.848
92.400	+3.188e+02	+9.107e+03	+9.214e+03	+0.966
92.500	+1.186e+03	+8.735e+03	+9.248e+03	+0.880
92.600	+8.222e+02	+6.867e+03	+8.080e+03	+0.893
92.700	-3.099e+02	+5.913e+03	+9.755e+03	+1.055
92.800	+5.260e+03	+3.149e+03	+1.060e+04	+0.374
92.900	+6.727e+03	+1.792e+03	+8.965e+03	+0.210
93.000	+8.950e+03	+7.025e+02	+8.873e+03	+0.073
93.100	+8.793e+03	+1.231e+03	+8.972e+03	+0.123
93.200	+8.288e+03	+9.618e+02	+9.486e+03	+0.104
93.300	+6.232e+03	+2.471e+03	+1.056e+04	+0.284
93.400	+8.951e+03	+7.991e+02	+8.768e+03	+0.082
93.500	+7.556e+03	+1.388e+03	+8.731e+03	+0.155
93.600	+9.218e+03	+1.895e+03	+8.961e+03	+0.170
93.700	+3.335e+03	+7.437e+03	+8.127e+03	+0.690
93.800	+1.528e+03	+8.474e+03	+9.574e+03	+0.847
93.900	+1.385e+03	+6.365e+03	+9.064e+03	+0.821
94.000	+1.157e+03	+7.531e+03	+6.416e+03	+0.867
94.100	+1.358e+03	+8.280e+03	+8.534e+03	+0.859
94.200	+9.924e+01	+7.573e+03	+1.180e+04	+0.987
94.300	+4.737e+02	+9.214e+03	+1.005e+04	+0.951
94.400	+1.100e+03	+7.872e+03	+1.167e+04	+0.877
94.500	+1.307e+03	+7.449e+03	+8.949e+03	+0.851
94.600	+4.792e+02	+9.143e+03	+9.304e+03	+0.950
94.700	-6.865e+02	+9.185e+03	+9.493e+03	+1.081
94.800	+1.906e+02	+8.186e+03	+1.009e+04	+0.977
94.900	+1.981e+03	+6.490e+03	+1.170e+04	+0.766
95.000	+9.127e+02	+8.232e+03	+8.657e+03	+0.900
95.100	+2.845e+02	+8.911e+03	+9.399e+03	+0.969
95.200	+1.522e+03	+8.382e+03	+1.126e+04	+0.846
95.300	+2.909e+02	+8.979e+03	+7.770e+03	+0.969
95.400	+7.156e+02	+7.425e+03	+8.551e+03	+0.912
95.500	-1.022e+03	+7.821e+03	+9.529e+03	+1.150
95.600	+5.990e+02	+6.884e+03	+8.905e+03	+0.920
95.700	-1.286e+03	+6.393e+03	+8.683e+03	+1.252
95.800	+1.415e+03	+6.589e+03	+1.049e+04	+0.823
95.900	-2.952e+02	+6.490e+03	+9.294e+03	+1.048
96.000	+7.670e+02	+8.528e+03	+9.952e+03	+0.917
96.100	+4.431e+02	+9.635e+03	+9.807e+03	+0.956
96.200	+1.811e+03	+6.902e+03	+8.832e+03	+0.792
96.300	+1.149e+03	+8.458e+03	+1.025e+04	+0.880
96.400	+6.473e+03	+4.291e+02	+1.035e+04	+0.062
96.500	+8.407e+03	+8.313e+02	+8.518e+03	+0.090
96.600	+6.585e+03	+7.834e+02	+8.125e+03	+0.106
96.700	+9.095e+03	-2.241e+02	+1.039e+04	-0.025
96.800	+8.768e+03	+7.935e+02	+9.086e+03	+0.083
96.900	+7.342e+03	+1.744e+03	+8.935e+03	+0.192
97.000	+3.228e+03	+4.981e+03	+8.653e+03	+0.607
97.100	+3.459e+03	+4.268e+03	+9.669e+03	+0.552
97.200	+3.451e+03	+5.284e+03	+9.544e+03	+0.605
97.300	+2.575e+03	+4.767e+03	+7.798e+03	+0.649
97.400	+4.227e+03	+5.371e+03	+7.532e+03	+0.560
97.500	+4.243e+03	+7.008e+03	+8.702e+03	+0.623
97.600	+2.915e+03	+3.603e+03	+7.941e+03	+0.553
97.700	+4.071e+03	+5.495e+03	+8.970e+03	+0.574
97.800	+4.073e+03	+6.016e+03	+9.148e+03	+0.596
97.900	+4.803e+03	+6.314e+03	+9.674e+03	+0.568
98.000	+4.930e+03	+4.353e+03	+7.870e+03	+0.469
98.100	+2.622e+03	+5.948e+03	+8.052e+03	+0.694
98.200	+3.924e+03	+3.156e+03	+1.009e+04	+0.446
98.300	+4.021e+03	+5.454e+03	+9.059e+03	+0.576
98.400	+3.491e+03	+5.723e+03	+9.315e+03	+0.621
98.500	+3.754e+03	+4.730e+03	+1.004e+04	+0.558
98.600	+4.261e+03	+3.572e+03	+8.773e+03	+0.456
98.700	+4.140e+03	+4.836e+03	+1.035e+04	+0.539
98.800	+3.715e+03	+4.942e+03	+9.701e+03	+0.571
98.900	+3.294e+03	+5.118e+03	+8.122e+03	+0.608
99.000	+4.450e+03	+5.012e+03	+8.063e+03	+0.530
99.100	+4.229e+03	+6.095e+03	+8.008e+03	+0.590
99.200	+3.607e+03	+4.819e+03	+1.042e+04	+0.572
99.300	+3.047e+03	+5.316e+03	+6.396e+03	+0.636
99.400	+2.194e+03	+5.255e+03	+9.737e+03	+0.705
99.500	+4.919e+03	+5.658e+03	+1.167e+04	+0.535
99.600	+5.459e+03	+4.744e+03	+9.379e+03	+0.465
99.700	+4.466e+03	+6.485e+03	+1.099e+04	+0.592
99.800	+1.161e+03	+7.161e+03	+9.748e+03	+0.860
99.900	+1.472e+03	+7.813e+03	+9.091e+03	+0.841
100.000	+1.516e+03	+7.154e+03	+9.802e+03	+0.825
100.100	+1.684e+03	+7.321e+03	+9.082e+03	+0.813
100.200	+1.281e+03	+7.394e+03	+1.034e+04	+0.852
100.300	+7.425e+02	+8.075e+03	+1.083e+04	+0.916
100.400	+1.406e+03	+6.810e+03	+9.014e+03	+0.829
100.500	-1.352e+03	+6.238e+03	+1.060e+04	+1.277
100.600	+4.323e+02	+8.024e+03	+1.025e+04	+0.949
100.700	+1.398e+03	+7.251e+03	+8.949e+03	+0.838
100.800	+2.236e+02	+9.908e+03	+1.060e+04	+0.978
100.900	+7.582e+03	+2.022e+03	+8.389e+03	+0.211
101.000	+9.907e+03	+6.141e+02	+1.043e+04	+0.058
101.100	+5.841e+03	+1.438e+03	+1.049e+04	+0.198
101.200	+8.952e+03	+1.318e+03	+8.649e+03	+0.128
101.300	+9.006e+03	+7.324e+02	+8.932e+03	+0.075
101.400	+7.572e+03	+1.690e+03	+9.104e+03	+0.182
101.500	+1.028e+04	+1.412e+03	+8.539e+03	+0.121
101.600	+6.886e+03	+3.447e+02	+1.024e+04	+0.048
101.700	+5.797e+03	+3.425e+03	+9.894e+03	+0.371
101.800	+4.023e+03	+4.497e+03	+8.043e+03	+0.528
101.900	+3.017e+03	+5.438e+03	+1.000e+04	+0.643
102.000	+4.331e+03	+3.888e+03	+8.798e+03	+0.473
102.100	+2.353e+03	+5.971e+03	+7.284e+03	+0.717
102.200	+5.391e+03	+4.557e+03	+7.972e+03	+0.458
102.300	+3.301e+03	+3.564e+03	+9.160e+03	+0.519
102.400	+3.718e+03	+4.112e+03	+1.019e+04	+0.525
102.500	+4.453e+03	+4.251e+03	+1.059e+04	+0.488
102.600	+4.197e+03	+4.862e+03	+8.043e+03	+0.537
102.700	+3.550e+03	+5.458e+03	+9.771e+03	+0.606
102.800	+4.355e+03	+5.377e+03	+7.169e+03	+0.552
102.900	+3.918e+03	+3.694e+03	+6.891e+03	+0.485
103.000	+4.287e+03	+4.510e+03	+8.963e+03	+0.513
103.100	+3.197e+03	+6.074e+03	+9.754e+03	+0.655
103.200	+2.591e+03	+5.500e+03	+9.794e+03	+0.680
103.300	+3.406e+03	+5.271e+03	+1.034e+04	+0.607
103.400	+2.639e+03	+5.374e+03	+1.004e+04	+0.671
103.500	+3.279e+03	+5.891e+03	+1.158e+04	+0.642
103.600	+3.754e+03	+4.817e+03	+1.044e+04	+0.562
103.700	+2.827e+03	+3.981e+03	+9.424e+03	+0.585
103.800	+4.243e+03	+4.211e+03	+9.392e+03	+0.498
103.900	+3.217e+03	+3.937e+03	+1.167e+04	+0.550
104.000	+3.616e+03	+3.847e+03	+8.513e+03	+0.515
104.100	+5.917e+03	+4.964e+03	+8.784e+03	+0.456
104.200	+5.397e+03	+5.437e+03	+8.642e+03	+0.502
104.300	+3.399e+03	+5.319e+03	+9.751e+03	+0.610
104.400	+5.207e+03	+5.428e+03	+1.078e+04	+0.510
104.500	+3.905e+03	+4.677e+03	+6.903e+03	+0.545
104.600	+4.425e+03	+6.373e+03	+7.506e+03	+0.590
104.700	+3.734e+03	+5.034e+03	+8.699e+03	+0.574
104.800	+2.140e+03	+4.530e+03	+1.012e+04	+0.679
104.900	+3.197e+03	+3.423e+03	+7.871e+03	+0.517
105.000	+4.033e+03	+5.380e+03	+8.616e+03	+0.572
105.100	+2.890e+03	+4.156e+03	+8.552e+03	+0.590
105.200	+4.094e+03	+5.037e+03	+9.126e+03	+0.552
105.300	+4.292e+03	+3.887e+03	+1.141e+04	+0.475
105.400	+3.749e+03	+5.864e+03	+1.017e+04	+0.610
105.500	+4.064e+03	+5.737e+03	+8.372e+03	+0.585
105.600	+3.376e+03	+4.501e+03	+1.033e+04	+0.571
105.700	+4.451e+03	+4.285e+03	+9.902e+03	+0.491
105.800	+3.742e+03	+4.895e+03	+9.574e+03	+0.567
105.900	+3.470e+03	+4.933e+03	+1.289e+04	+0.587
106.000	+3.471e+03	+5.580e+03	+1.119e+04	+0.616
106.100	+2.970e+03	+4.300e+03	+8.304e+03	+0.591
106.200	+3.598e+03	+4.156e+03	+1.027e+04	+0.536
106.300	+3.126e+03	+3.620e+03	+8.222e+03	+0.537
106.400	+4.301e+03	+5.769e+03	+8.150e+03	+0.573
106.500	+2.670e+03	+3.819e+03	+9.834e+03	+0.588
106.600	+4.740e+03	+3.886e+03	+8.429e+03	+0.450
106.700	+5.405e+03	+5.270e+03	+9.813e+03	+0.494
106.800	+6.474e+03	+2.114e+03	+1.058e+04	+0.246
106.900	+9.795e+03	+8.958e+02	+1.023e+04	+0.084
107.000	+9.420e+03	+2.324e+02	+7.304e+03	+0.024
107.100	+8.199e+03	-5.489e+02	+8.657e+03	-0.072
107.200	+8.838e+03	-8.572e+02	+1.053e+04	-0.107
107.300	+9.254e+03	-9.562e+02	+9.772e+03	-0.115
107.400	+8.747e+03	+2.230e+02	+1.080e+04	+0.025
107.500	+9.079e+03	+1.973e+03	+8.551e+03	+0.179
107.600	+6.918e+03	+1.035e+03	+1.051e+04	+0.130
107.700	+8.786e+03	+3.614e+02	+8.064e+03	+0.040
107.800	+7.696e+03	+3.841e+01	+9.114e+03	+0.005
107.900	+8.551e+03	-5.623e+02	+1.007e+04	-0.070
108.000	+9.142e+03	+2.389e+02	+8.008e+03	+0.025
108.100	+9.452e+03	+1.863e+03	+8.700e+03	+0.165
108.200	+9.719e+03	+1.714e+03	+9.285e+03	+0.150
108.300	+8.485e+03	+1.704e+03	+1.194e+04	+0.167
108.400	+9.948e+03	-1.236e+01	+1.121e+04	-0.001
108.500	+6.404e+03	+1.082e+03	+1.117e+04	+0.145
108.600	+9.395e+03	-1.938e+02	+8.351e+03	-0.021
108.700	+8.485e+03	+1.011e+03	+8.414e+03	+0.106
108.800	+8.331e+03	+2.829e+02	+1.047e+04	+0.033
108.900	+5.407e+03	+3.990e+03	+1.097e+04	+0.425
109.000	-4.940e+02	+9.543e+03	+7.922e+03	+1.055
109.100	+7.718e+02	+6.264e+03	+8.642e+03	+0.890
109.200	+2.428e+02	+8.744e+03	+7.489e+03	+0.973
109.300	+6.276e+02	+7.906e+03	+9.404e+03	+0.926
109.400	-8.768e+02	+7.681e+03	+9.931e+03	+1.129
109.500	+9.575e+02	+7.259e+03	+1.067e+04	+0.883
109.600	+6.875e+02	+8.012e+03	+1.068e+04	+0.921
109.700	-1.457e+02	+8.984e+03	+8.976e+03	+1.016
109.800	+3.891e+02	+6.967e+03	+1.006e+04	+0.947
109.900	+6.478e+03	+3.283e+03	+8.864e+03	+0.336
110.000	+9.806e+03	-2.052e+02	+1.149e+04	-0.021
110.100	+7.062e+03	-7.715e+01	+9.340e+03	-0.011
110.200	+7.543e+03	-1.386e+03	+8.355e+03	-0.225
110.300	+1.016e+04	-9.217e+01	+1.002e+04	-0.009
110.400	+7.369e+03	+2.281e+03	+9.276e+03	+0.236
110.500	+9.332e+03	+8.058e+02	+8.890e+03	+0.079
110.600	+9.661e+03	-1.579e+03	+1.023e+04	-0.195
110.700	+8.229e+03	+1.973e+02	+1.048e+04	+0.023
110.800	+7.383e+03	+4.330e+02	+9.791e+03	+0.055
110.900	+9.393e+03	+6.069e+02	+9.616e+03	+0.061
111.000	+9.592e+03	+1.483e+03	+6.311e+03	+0.134
111.100	+9.121e+03	+2.206e+03	+9.261e+03	+0.195
111.200	+8.251e+03	+7.255e+02	+9.514e+03	+0.081
111.300	+9.713e+03	+1.676e+03	+7.618e+03	+0.147
111.400	+7.314e+03	+2.257e+03	+8.486e+03	+0.236
111.500	+6.775e+03	+5.544e+02	+9.627e+03	+0.076
111.600	+6.112e+03	+3.682e+03	+8.294e+03	+0.376
111.700	-3.441e+02	+6.524e+03	+8.054e+03	+1.056
111.800	+1.528e+03	+8.670e+03	+1.188e+04	+0.850
111.900	-7.930e+02	+6.579e+03	+8.473e+03	+1.137
112.000	-3.803e+02	+9.104e+03	+9.388e+03	+1.044
112.100	+7.993e+02	+9.300e+03	+9.097e+03	+0.921
112.200	+1.089e+03	+9.187e+03	+9.064e+03	+0.894
112.300	-1.488e+02	+7.807e+03	+9.512e+03	+1.019
112.400	+9.229e+02	+5.954e+03	+9.821e+03	+0.866
112.500	+8.822e+02	+7.632e+03	+1.088e+04	+0.896
112.600	+2.324e+03	+7.397e+03	+9.993e+03	+0.761
112.700	+1.545e+02	+8.268e+03	+1.045e+04	+0.982
112.800	+2.756e+01	+9.277e+03	+1.003e+04	+0.997
112.900	+4.595e+02	+8.878e+03	+1.178e+04	+0.951
113.000	+7.804e+02	+8.164e+03	+9.315e+03	+0.913
113.100	+1.211e+03	+8.614e+03	+8.583e+03	+0.877
113.200	+7.799e+02	+7.926e+03	+8.208e+03	+0.910
113.300	+1.251e+02	+7.900e+03	+1.219e+04	+0.984
113.400	+3.110e+03	+7.985e+03	+1.187e+04	+0.720
113.500	+5.555e+02	+8.757e+03	+9.265e+03	+0.940
113.600	+1.090e+03	+7.620e+03	+8.142e+03	+0.875
113.700	+1.937e+03	+8.799e+03	+8.438e+03	+0.820
113.800	+1.282e+02	+9.371e+03	+9.210e+03	+0.987
113.900	+4.622e+03	+3.755e+03	+9.115e+03	+0.448
114.000	+7.157e+03	+1.108e+03	+8.048e+03	+0.134
114.100	+9.203e+03	+5.806e+02	+1.095e+04	+0.059
114.200	+8.111e+03	+1.116e+02	+1.032e+04	+0.014
114.300	+8.771e+03	+2.235e+03	+1.007e+04	+0.203
114.400	+8.490e+03	+2.003e+03	+7.384e+03	+0.191
114.500	+8.052e+03	+1.718e+02	+1.097e+04	+0.021
114.600	+8.217e+03	+7.782e+02	+7.828e+03	+0.087
114.700	+7.752e+03	+1.499e+01	+1.151e+04	+0.002
114.800	+8.936e+03	-1.711e+00	+9.380e+03	-0.000
114.900	+1.065e+04	+1.643e+03	+1.013e+04	+0.134
115.000	+5.990e+03	+8.292e+02	+8.789e+03	+0.122
115.100	+8.315e+03	+6.390e+02	+8.662e+03	+0.071
115.200	+7.151e+03	+3.843e+02	+8.812e+03	+0.051
115.300	+7.676e+03	+7.314e+02	+8.427e+03	+0.087
115.400	+8.960e+03	+2.514e+01	+1.016e+04	+0.003
115.500	+7.407e+03	+1.083e+03	+1.082e+04	+0.128
115.600	+7.345e+03	+1.796e+03	+9.021e+03	+0.196
115.700	+7.359e+03	+6.467e+01	+1.092e+04	+0.009
115.800	+7.690e+03	+1.369e+02	+7.619e+03	+0.017
115.900	+9.595e+03	+4.673e+02	+1.013e+04	+0.046
116.000	+8.974e+03	+1.952e+03	+9.897e+03	+0.179
116.100	+8.941e+03	+1.109e+03	+9.214e+03	+0.110
116.200	+9.692e+03	+6.764e+01	+8.425e+03	+0.007
116.300	+7.218e+03	+6.673e+02	+9.660e+03	+0.085
116.400	+8.399e+03	+7.337e+02	+7.468e+03	+0.080
116.500	+7.011e+03	-1.095e+02	+8.147e+03	-0.016
116.600	+7.874e+03	+8.882e+02	+8.074e+03	+0.101
116.700	+9.287e+03	+2.374e+03	+9.837e+03	+0.204
116.800	+7.013e+03	+1.701e+03	+1.052e+04	+0.195
116.900	+9.052e+03	+4.383e+02	+9.638e+03	+0.046
117.000	+8.336e+03	+5.306e+02	+1.075e+04	+0.060
117.100	+9.702e+03	+9.145e+02	+1.061e+04	+0.086
117.200	+7.524e+03	-2.918e+02	+7.590e+03	-0.040
117.300	+8.889e+03	+3.810e+02	+9.350e+03	+0.041
117.400	+8.280e+03	+9.886e+02	+8.054e+03	+0.107
117.500	+8.572e+03	+1.091e+03	+9.043e+03	+0.113
117.600	+8.773e+03	+7.074e+02	+7.159e+03	+0.075
117.700	+7.955e+03	+7.980e+02	+8.624e+03	+0.091
117.800	+8.219e+03	-1.190e+03	+1.077e+04	-0.169
117.900	+1.026e+04	+6.400e+02	+1.125e+04	+0.059
118.000	+5.344e+03	+3.357e+03	+9.473e+03	+0.386
118.100	+5.102e+03	+5.986e+03	+9.441e+03	+0.540
118.200	+3.915e+03	+4.685e+03	+9.671e+03	+0.545
118.300	+4.214e+03	+4.038e+03	+8.681e+03	+0.489
118.400	+3.215e+03	+4.020e+03	+7.286e+03	+0.556
118.500	+3.918e+03	+4.440e+03	+1.018e+04	+0.531
118.600	+4.332e+03	+5.614e+03	+9.710e+03	+0.564
118.700	+2.332e+03	+6.487e+03	+9.612e+03	+0.736
118.800	+4.194e+03	+4.271e+03	+8.828e+03	+0.505
118.900	+3.775e+03	+5.273e+03	+9.878e+03	+0.583
119.000	+5.058e+03	+4.699e+03	+9.077e+03	+0.482
119.100	+4.509e+03	+6.286e+03	+8.710e+03	+0.582
119.200	+4.074e+03	+3.498e+03	+9.102e+03	+0.462
119.300	+4.646e+03	+2.460e+03	+1.045e+04	+0.346
119.400	+3.411e+03	+4.882e+03	+8.489e+03	+0.589
119.500	+4.307e+03	+4.102e+03	+8.934e+03	+0.488
119.600	+2.688e+03	+4.190e+03	+1.032e+04	+0.609
119.700	+2.935e+03	+5.056e+03	+9.277e+03	+0.633
119.800	+2.726e+03	+4.385e+03	+8.993e+03	+0.617
119.900	+4.665e+03	+5.350e+03	+8.737e+03	+0.534
120.000	+4.608e+03	+4.879e+03	+9.550e+03	+0.514
120.100	+3.870e+03	+5.673e+03	+8.051e+03	+0.594
120.200	+2.098e+03	+5.178e+03	+7.975e+03	+0.712
120.300	+4.798e+03	+5.089e+03	+9.423e+03	+0.515
120.400	+3.066e+03	+3.471e+03	+9.965e+03	+0.531
120.500	+4.555e+03	+6.158e+03	+9.268e+03	+0.575
120.600	+3.630e+03	+5.534e+03	+8.593e+03	+0.604
120.700	+3.383e+03	+3.172e+03	+7.126e+03	+0.484
120.800	+4.777e+03	+4.015e+03	+1.087e+04	+0.457
120.900	+2.876e+03	+4.218e+03	+9.055e+03	+0.595
121.000	+3.712e+03	+3.443e+03	+9.634e+03	+0.481
121.100	+5.090e+03	+4.223e+03	+1.032e+04	+0.453
121.200	+4.305e+03	+4.987e+03	+9.832e+03	+0.537
121.300	+2.055e+03	+9.443e+03	+9.000e+03	+0.821
121.400	+1.231e+03	+8.698e+03	+9.745e+03	+0.876
121.500	+1.326e+03	+6.854e+03	+8.995e+03	+0.838
121.600	+3.642e+02	+9.119e+03	+8.967e+03	+0.962
121.700	+6.620e+02	+8.135e+03	+1.085e+04	+0.925
121.800	+1.051e+03	+6.774e+03	+9.921e+03	+0.866
121.900	+1.856e+02	+8.644e+03	+7.699e+03	+0.979
122.000	+6.671e+03	+3.068e+03	+1.044e+04	+0.315
122.100	+7.632e+03	-2.696e+02	+8.750e+03	-0.037
122.200	+7.658e+03	-3.200e+02	+1.210e+04	-0.044
122.300	+9.482e+03	+1.226e+03	+8.987e+03	+0.115
122.400	+7.880e+03	-4.145e+01	+7.731e+03	-0.005
122.500	+8.357e+03	+9.263e+01	+9.279e+03	+0.011
122.600	+9.298e+03	+1.915e+03	+9.971e+03	+0.171
122.700	+8.382e+03	-3.083e+01	+8.772e+03	-0.004
122.800	+7.413e+03	+8.646e+02	+1.203e+04	+0.104
122.900	+8.182e+03	+4.467e+02	+8.127e+03	+0.052
123.000	+8.167e+03	+6.029e+02	+7.937e+03	+0.069
123.100	+7.013e+03	+1.187e+03	+1.083e+04	+0.145
123.200	+7.854e+03	+5.586e+02	+8.786e+03	+0.066
123.300	+9.223e+03	+2.227e+03	+9.014e+03	+0.195
123.400	+7.335e+03	+3.259e+01	+9.624e+03	+0.004
123.500	+8.867e+03	-8.188e+02	+9.198e+03	-0.102
123.600	+9.900e+03	+7.594e+02	+7.987e+03	+0.071
123.700	+9.863e+03	-6.117e+02	+9.075e+03	-0.066
123.800	+6.852e+03	+6.124e+02	+6.214e+03	+0.082
123.900	+9.834e+03	-1.011e+02	+7.740e+03	-0.010
124.000	+7.742e+03	+8.880e+02	+1.004e+04	+0.103
124.100	+8.904e+03	+1.530e+03	+1.101e+04	+0.147
124.200	+8.019e+03	-1.217e+02	+8.610e+03	-0.015
124.300	+7.180e+03	+1.677e+03	+1.036e+04	+0.189
124.400	+5.970e+03	+2.827e+01	+7.971e+03	+0.005
124.500	+8.575e+03	+1.890e+03	+1.314e+04	+0.181
124.600	+2.242e+03	+7.678e+03	+1.074e+04	+0.774
124.700	+7.710e+02	+7.405e+03	+1.020e+04	+0.906
124.800	-8.581e+02	+7.291e+03	+1.003e+04	+1.133
124.900	+1.571e+03	+7.616e+03	+9.591e+03	+0.829
125.000	-5.917e+02	+7.576e+03	+1.018e+04	+1.085
125.100	+5.733e+02	+8.974e+03	+7.933e+03	+0.940
125.200	+8.877e+02	+8.664e+03	+8.269e+03	+0.907
125.300	+1.901e+03	+8.182e+03	+7.982e+03	+0.811
125.400	-1.250e+02	+7.153e+03	+7.804e+03	+1.018
125.500	+1.819e+03	+8.332e+03	+1.065e+04	+0.821
125.600	+1.378e+03	+8.644e+03	+1.043e+04	+0.862
125.700	+7.229e+02	+8.933e+03	+9.978e+03	+0.925
125.800	+1.263e+03	+8.447e+03	+1.060e+04	+0.870
125.900	-6.019e+02	+8.037e+03	+9.432e+03	+1.081
126.000	+4.808e+02	+7.811e+03	+1.094e+04	+0.942
126.100	-8.924e+02	+7.939e+03	+1.064e+04	+1.127
126.200	+1.907e+03	+8.946e+03	+6.454e+03	+0.824
126.300	+1.485e+03	+6.508e+03	+7.199e+03	+0.814
126.400	+6.525e+02	+7.679e+03	+1.019e+04	+0.922
126.500	+6.203e+02	+8.305e+03	+1.100e+04	+0.930
126.600	+1.944e+03	+8.665e+03	+9.831e+03	+0.817
126.700	+8.408e+03	+1.060e+03	+1.132e+04	+0.112
126.800	+8.473e+03	-8.397e+02	+1.150e+04	-0.110
126.900	+8.829e+03	+5.880e+02	+8.797e+03	+0.062
127.000	+8.873e+03	+1.425e+03	+1.055e+04	+0.138
127.100	+8.575e+03	+1.671e+03	+9.980e+03	+0.163
127.200	+8.587e+03	+1.047e+03	+8.678e+03	+0.109
127.300	+9.872e+03	+1.026e+03	+8.797e+03	+0.094
127.400	+7.463e+03	+7.742e+02	+8.492e+03	+0.094
127.500	+1.027e+04	+1.102e+03	+1.027e+04	+0.097
127.600	+9.589e+03	-1.404e+03	+1.183e+04	-0.171
127.700	+7.956e+03	+3.821e+02	+9.180e+03	+0.046
127.800	+4.995e+03	+5.292e+03	+9.214e+03	+0.514
127.900	+4.429e+03	+5.027e+03	+8.475e+03	+0.532
128.000	+3.490e+03	+5.122e+03	+9.144e+03	+0.595
128.100	+2.461e+03	+6.066e+03	+9.686e+03	+0.711
128.200	+3.286e+03	+4.062e+03	+9.502e+03	+0.553
128.300	+4.435e+03	+4.652e+03	+9.804e+03	+0.512
128.400	+3.249e+03	+3.989e+03	+9.804e+03	+0.551
128.500	+3.297e+03	+5.745e+03	+9.763e+03	+0.635
128.600	+3.744e+03	+4.063e+03	+8.530e+03	+0.520
128.700	+5.645e+03	+4.910e+03	+1.023e+04	+0.465
128.800	+5.169e+03	+3.509e+03	+9.971e+03	+0.404
128.900	+2.421e+03	+5.910e+03	+8.592e+03	+0.709
129.000	+5.955e+03	+5.431e+03	+8.811e+03	+0.477
129.100	+5.072e+03	+4.073e+03	+8.981e+03	+0.445
129.200	+3.132e+03	+6.594e+03	+1.088e+04	+0.678
129.300	+3.555e+02	+7.733e+03	+7.662e+03	+0.956
129.400	+3.473e+02	+7.572e+03	+9.885e+03	+0.956
129.500	+9.471e+02	+7.820e+03	+1.054e+04	+0.892
129.600	+1.609e+03	+8.149e+03	+1.179e+04	+0.835
129.700	+5.979e+02	+7.696e+03	+8.404e+03	+0.928
129.800	+8.284e+02	+6.219e+03	+9.045e+03	+0.882
129.900	+2.037e+03	+7.519e+03	+9.626e+03	+0.787
130.000	+3.597e+02	+7.757e+03	+9.753e+03	+0.956
130.100	+2.185e+03	+8.946e+03	+1.070e+04	+0.804
130.200	+7.526e+02	+8.574e+03	+8.687e+03	+0.919
130.300	+1.033e+03	+9.422e+03	+8.990e+03	+0.901
130.400	+3.388e+03	+7.908e+03	+8.644e+03	+0.700
130.500	+2.566e+02	+8.141e+03	+8.837e+03	+0.969
130.600	-3.903e+02	+8.149e+03	+1.027e+04	+1.050
130.700	+2.464e+03	+9.013e+03	+9.451e+03	+0.785
130.800	+6.162e+01	+6.847e+03	+8.220e+03	+0.991
130.900	+1.175e+03	+7.155e+03	+1.049e+04	+0.859
131.000	+7.355e+02	+7.574e+03	+7.754e+03	+0.911
131.100	+2.488e+03	+7.317e+03	+9.560e+03	+0.746
131.200	+1.977e+03	+6.355e+03	+8.735e+03	+0.763
131.300	+1.055e+03	+7.860e+03	+6.920e+03	+0.882
131.400	-8.612e+01	+8.494e+03	+8.009e+03	+1.010
131.500	+7.670e+02	+6.073e+03	+8.169e+03	+0.888
131.600	+1.232e+02	+8.973e+03	+8.666e+03	+0.986
131.700	-2.652e+01	+8.498e+03	+7.778e+03	+1.003
131.800	-8.964e+01	+6.962e+03	+9.316e+03	+1.013
131.900	+1.140e+03	+8.385e+03	+9.621e+03	+0.880
132.000	-1.547e+01	+6.570e+03	+7.644e+03	+1.002
132.100	+1.172e+03	+7.274e+03	+1.088e+04	+0.861
132.200	+5.431e+02	+7.371e+03	+9.374e+03	+0.931
132.300	+1.376e+03	+9.291e+03	+6.562e+03	+0.871
132.400	+9.078e+02	+7.465e+03	+8.801e+03	+0.892
132.500	-9.514e+02	+8.697e+03	+9.772e+03	+1.123
132.600	+8.609e+02	+7.861e+03	+8.984e+03	+0.901
132.700	+1.310e+03	+9.237e+03	+1.171e+04	+0.876
132.800	-3.366e+02	+8.046e+03	+6.835e+03	+1.044
132.900	+3.856e+02	+7.669e+03	+1.050e+04	+0.952
133.000	+1.160e+03	+7.987e+03	+9.721e+03	+0.873
133.100	+1.981e+03	+6.944e+03	+1.033e+04	+0.778
133.200	+4.653e+02	+6.181e+03	+6.619e+03	+0.930
133.300	+1.985e+03	+6.972e+03	+8.181e+03	+0.778
133.400	+1.516e+03	+7.456e+03	+7.883e+03	+0.831
133.500	+1.415e+03	+8.065e+03	+6.382e+03	+0.851
133.600	+4.406e+02	+9.248e+03	+1.170e+04	+0.955
133.700	+5.906e+02	+7.241e+03	+8.378e+03	+0.925
133.800	+2.042e+03	+6.855e+03	+9.524e+03	+0.770
133.900	+5.311e+02	+7.361e+03	+9.817e+03	+0.933
134.000	+1.460e+03	+8.289e+03	+9.342e+03	+0.850
134.100	+4.540e+02	+8.264e+03	+9.526e+03	+0.948
134.200	+1.580e+03	+9.528e+03	+9.259e+03	+0.858
134.300	+3.699e+02	+7.912e+03	+9.426e+03	+0.955
134.400	+1.836e+03	+7.589e+03	+8.560e+03	+0.805
134.500	+7.796e+03	+3.473e+02	+9.539e+03	+0.043
134.600	+8.859e+03	-1.975e+02	+8.206e+03	-0.023
134.700	+6.103e+03	+9.846e+02	+1.013e+04	+0.139
134.800	+7.826e+03	+6.628e+02	+9.022e+03	+0.078
134.900	+9.776e+03	+1.166e+03	+8.026e+03	+0.107
135.000	+1.055e+04	+3.517e+02	+8.186e+03	+0.032
135.100	+7.445e+03	+9.943e+02	+9.765e+03	+0.118
135.200	+8.360e+03	+8.531e+02	+1.104e+04	+0.093
135.300	+9.642e+03	+3.647e+02	+9.193e+03	+0.036
135.400	+8.442e+03	+1.470e+03	+1.003e+04	+0.148
135.500	+9.104e+03	-6.786e+02	+8.457e+03	-0.081
135.600	+1.005e+04	+4.488e+02	+9.995e+03	+0.043
135.700	+7.387e+03	+1.325e+03	+8.631e+03	+0.152
135.800	+7.100e+03	+1.695e+03	+6.116e+03	+0.193
135.900	+8.119e+03	+1.428e+02	+9.575e+03	+0.017
136.000	+9.033e+03	-5.432e+02	+1.191e+04	-0.064
136.100	+6.654e+03	+1.662e+02	+8.695e+03	+0.024
136.200	+8.347e+03	+1.389e+02	+1.018e+04	+0.016
136.300	+8.734e+03	+3.682e+02	+1.082e+04	+0.040
136.400	+9.050e+03	-2.761e+02	+8.119e+03	-0.031
136.500	+8.094e+03	-4.319e+02	+1.175e+04	-0.056
136.600	+8.293e+03	-2.454e+02	+1.103e+04	-0.030
136.700	+2.136e+03	+5.247e+03	+1.003e+04	+0.711
136.800	+2.275e+03	+6.646e+03	+9.053e+03	+0.745
136.900	+1.731e+03	+7.373e+03	+8.332e+03	+0.810
137.000	+3.097e+03	+9.326e+03	+1.032e+04	+0.751
137.100	+5.956e+03	+4.889e+03	+8.731e+03	+0.451
137.200	+9.007e+03	+8.047e+02	+1.027e+04	+0.082
137.300	+8.976e+03	+5.560e+02	+9.634e+03	+0.058
137.400	+9.425e+03	+1.091e+03	+9.946e+03	+0.104
137.500	+8.883e+03	+1.821e+03	+8.265e+03	+0.170
137.600	+7.801e+03	+9.140e+02	+9.826e+03	+0.105
137.700	+6.902e+03	+3.131e+02	+8.535e+03	+0.043
137.800	+9.084e+03	+7.565e+02	+1.272e+04	+0.077
137.900	+9.941e+03	-1.383e+03	+1.007e+04	-0.162
138.000	+7.051e+03	+2.220e+03	+9.056e+03	+0.239
138.100	+4.848e+03	+7.886e+03	+1.074e+04	+0.619
138.200	+3.816e+03	+5.767e+03	+8.022e+03	+0.602
138.300	+4.481e+03	+5.120e+03	+9.667e+03	+0.533
138.400	+2.583e+03	+4.214e+03	+8.049e+03	+0.620
138.500	+5.192e+03	+5.767e+03	+9.626e+03	+0.526
138.600	+4.618e+03	+5.126e+03	+9.338e+03	+0.526
138.700	+4.408e+03	+4.235e+03	+7.684e+03	+0.490
138.800	+2.783e+03	+5.753e+03	+9.176e+03	+0.674
138.900	+3.449e+03	+4.716e+03	+9.405e+03	+0.578
139.000	+1.964e+03	+5.726e+03	+1.098e+04	+0.745
139.100	+4.325e+03	+5.341e+03	+6.727e+03	+0.553
139.200	+3.734e+03	+6.014e+03	+8.245e+03	+0.617
139.300	+5.228e+03	+3.842e+03	+9.004e+03	+0.424
139.400	+4.456e+03	+3.470e+03	+7.564e+03	+0.438
139.500	+3.661e+03	+4.515e+03	+9.715e+03	+0.552
139.600	+2.858e+03	+5.802e+03	+9.001e+03	+0.670
139.700	+3.977e+03	+4.680e+03	+1.040e+04	+0.541
139.800	+3.645e+03	+5.399e+03	+7.913e+03	+0.597
139.900	+3.294e+03	+4.419e+03	+9.620e+03	+0.573
140.000	+4.172e+03	+5.824e+03	+9.055e+03	+0.583
140.100	+1.603e+03	+7.113e+03	+8.313e+03	+0.816
140.200	+1.265e+03	+7.918e+03	+8.279e+03	+0.862
140.300	+2.115e+03	+8.305e+03	+7.543e+03	+0.797
140.400	+1.620e+03	+7.945e+03	+9.057e+03	+0.831
140.500	-1.474e+02	+8.327e+03	+1.030e+04	+1.018
140.600	+1.211e+03	+7.891e+03	+1.004e+04	+0.867
140.700	+9.773e+02	+7.840e+03	+1.022e+04	+0.889
140.800	+8.231e+02	+8.119e+03	+9.423e+03	+0.908
140.900	+1.153e+03	+8.159e+03	+1.085e+04	+0.876
141.000	+1.403e+03	+9.094e+03	+1.008e+04	+0.866
141.100	+1.348e+03	+7.411e+03	+1.081e+04	+0.846
141.200	+7.216e+03	+2.327e+02	+9.839e+03	+0.031
141.300	+9.060e+03	+1.517e+03	+1.004e+04	+0.143
141.400	+9.098e+03	+6.803e+02	+1.128e+04	+0.070
141.500	+6.740e+03	-4.869e+02	+9.067e+03	-0.078
141.600	+7.275e+03	+4.400e+01	+1.098e+04	+0.006
141.700	+8.207e+03	+2.815e+02	+8.976e+03	+0.033
141.800	+7.516e+03	+7.722e+02	+8.986e+03	+0.093
141.900	+9.141e+03	+1.670e+03	+9.272e+03	+0.154
142.000	+1.023e+04	-6.661e+01	+1.060e+04	-0.007
142.100	+8.157e+03	+1.199e+03	+1.098e+04	+0.128
142.200	+9.173e+03	+1.136e+03	+1.049e+04	+0.110
142.300	+8.192e+03	+1.815e+03	+1.067e+04	+0.181
142.400	+9.392e+03	+1.191e+00	+8.856e+03	+0.000
142.500	+9.864e+03	+1.272e+02	+9.718e+03	+0.013
142.600	+1.047e+04	+2.026e+03	+9.633e+03	+0.162
142.700	+1.359e+03	+7.482e+03	+8.980e+03	+0.846
142.800	-4.358e+01	+7.784e+03	+1.117e+04	+1.006
142.900	+4.607e+02	+7.758e+03	+8.738e+03	+0.944
143.000	+8.103e+02	+6.588e+03	+1.049e+04	+0.890
143.100	+4.039e+03	+4.975e+03	+9.679e+03	+0.552
143.200	+4.192e+03	+3.338e+03	+1.054e+04	+0.443
143.300	+5.230e+03	+5.136e+03	+9.382e+03	+0.495
143.400	+3.482e+03	+5.369e+03	+1.048e+04	+0.607
143.500	+5.860e+03	+5.639e+03	+8.380e+03	+0.490
143.600	+2.254e+03	+4.030e+03	+8.593e+03	+0.641
143.700	+4.072e+03	+3.407e+03	+9.957e+03	+0.456
143.800	+3.387e+03	+3.954e+03	+9.444e+03	+0.539
143.900	+4.111e+03	+3.411e+03	+9.998e+03	+0.453
144.000	+4.910e+03	+5.691e+03	+8.198e+03	+0.537
144.100	+3.805e+03	+6.466e+03	+8.501e+03	+0.630
144.200	+4.563e+03	+5.416e+03	+8.921e+03	+0.543
144.300	+3.525e+03	+7.152e+03	+7.932e+03	+0.670
144.400	+3.331e+03	+5.513e+03	+9.788e+03	+0.623
144.500	+3.371e+03	+5.743e+03	+1.046e+04	+0.630
144.600	+3.633e+03	+5.039e+03	+1.005e+04	+0.581
144.700	+4.073e+03	+4.176e+03	+7.746e+03	+0.506
144.800	+3.424e+03	+4.219e+03	+9.650e+03	+0.552
144.900	+4.270e+03	+4.697e+03	+8.829e+03	+0.524
145.000	+4.566e+03	+5.466e+03	+8.837e+03	+0.545
145.100	+3.487e+03	+5.047e+03	+9.505e+03	+0.591
145.200	+4.895e+03	+4.795e+03	+9.861e+03	+0.495
145.300	+3.843e+03	+3.838e+03	+9.538e+03	+0.500
145.400	+4.605e+03	+5.222e+03	+8.867e+03	+0.531
145.500	+3.434e+03	+4.471e+03	+9.000e+03	+0.566
145.600	+4.541e+03	+3.280e+03	+9.459e+03	+0.419
145.700	+2.607e+03	+4.324e+03	+1.030e+04	+0.624
145.800	+2.545e+03	+3.819e+03	+8.893e+03	+0.600
145.900	+5.258e+03	+4.872e+03	+9.411e+03	+0.481
146.000	+4.449e+03	+4.565e+03	+9.641e+03	+0.506
146.100	+3.678e+03	+5.406e+03	+9.127e+03	+0.595
146.200	+4.473e+03	+4.555e+03	+8.605e+03	+0.505
146.300	+3.924e+03	+6.190e+03	+8.334e+03	+0.612
146.400	+3.263e+03	+4.462e+03	+7.168e+03	+0.578
146.500	+5.133e+03	+4.772e+03	+9.277e+03	+0.482
146.600	+2.499e+03	+3.453e+03	+8.956e+03	+0.580
146.700	+4.336e+03	+5.543e+03	+8.503e+03	+0.561
146.800	+3.849e+03	+2.739e+03	+9.417e+03	+0.416
146.900	+4.016e+03	+4.722e+03	+1.030e+04	+0.540
147.000	+4.693e+03	+5.599e+03	+8.131e+03	+0.544
147.100	+5.101e+03	+4.058e+03	+7.937e+03	+0.443
147.200	+3.008e+03	+6.569e+03	+9.530e+03	+0.686
147.300	+3.186e+03	+3.629e+03	+8.373e+03	+0.533
147.400	+3.929e+03	+6.700e+03	+9.013e+03	+0.630
147.500	+4.182e+03	+6.011e+03	+1.238e+04	+0.590
147.600	+3.296e+03	+5.868e+03	+1.029e+04	+0.640
147.700	+4.277e+03	+4.896e+03	+9.101e+03	+0.534
147.800	+4.084e+03	+4.095e+03	+1.059e+04	+0.501
147.900	+4.528e+03	+4.226e+03	+1.183e+04	+0.483
148.000	+3.876e+03	+4.764e+03	+8.867e+03	+0.551
148.100	+4.996e+03	+3.848e+03	+8.557e+03	+0.435
148.200	+6.152e+03	+6.157e+03	+9.490e+03	+0.500
148.300	+2.836e+03	+4.189e+03	+8.578e+03	+0.596
148.400	+3.698e+03	+4.846e+03	+8.586e+03	+0.567
148.500	+4.566e+03	+4.891e+03	+1.041e+04	+0.517
148.600	+4.619e+03	+5.292e+03	+8.040e+03	+0.534
148.700	+4.778e+03	+5.400e+03	+7.880e+03	+0.531
148.800	+4.765e+03	+4.406e+03	+1.029e+04	+0.480
148.900	+2.912e+03	+5.648e+03	+1.008e+04	+0.660
149.000	-2.421e+02	+6.485e+03	+1.096e+04	+1.039
149.100	+4.557e+02	+6.704e+03	+8.129e+03	+0.936
149.200	-6.116e+01	+8.846e+03	+9.600e+03	+1.007
149.300	+9.685e+02	+7.768e+03	+1.092e+04	+0.889
149.400	+5.816e+02	+8.302e+03	+9.834e+03	+0.935
149.500	+2.069e+03	+9.774e+03	+1.057e+04	+0.825
149.600	+1.843e+03	+8.658e+03	+7.876e+03	+0.824
149.700	+4.611e+02	+8.228e+03	+1.286e+04	+0.947
149.800	+5.433e+02	+8.011e+03	+8.719e+03	+0.936
149.900	+5.104e+03	+6.356e+03	+1.163e+04	+0.555
150.000	+3.564e+03	+4.790e+03	+8.265e+03	+0.573
150.100	+4.505e+03	+4.728e+03	+9.828e+03	+0.512
150.200	+3.958e+03	+4.561e+03	+9.441e+03	+0.535
150.300	+4.169e+03	+4.126e+03	+1.048e+04	+0.497
150.400	+4.127e+03	+5.032e+03	+9.049e+03	+0.549
150.500	+3.866e+03	+3.376e+03	+8.471e+03	+0.466
150.600	+4.505e+03	+5.473e+03	+1.017e+04	+0.549
150.700	+3.931e+03	+4.463e+03	+9.707e+03	+0.532
150.800	+5.579e+03	+5.866e+03	+8.152e+03	+0.513
150.900	+3.921e+03	+3.858e+03	+7.846e+03	+0.496
151.000	+1.999e+03	+3.524e+03	+1.112e+04	+0.638
151.100	+5.597e+03	+5.436e+03	+9.843e+03	+0.493
151.200	+5.095e+03	+5.206e+03	+8.798e+03	+0.505
151.300	+5.580e+03	+4.664e+03	+9.109e+03	+0.455
151.400	+3.545e+03	+4.679e+03	+9.264e+03	+0.569
151.500	+3.576e+03	+5.174e+03	+9.278e+03	+0.591
151.600	+3.866e+03	+4.216e+03	+7.416e+03	+0.522
151.700	+4.356e+03	+3.352e+03	+8.097e+03	+0.435
151.800	+4.106e+03	+4.778e+03	+9.953e+03	+0.538
151.900	+2.450e+03	+6.707e+03	+1.180e+04	+0.732
152.000	+3.570e+03	+5.909e+03	+7.574e+03	+0.623
152.100	+4.546e+03	+5.703e+03	+1.141e+04	+0.556
152.200	+4.315e+03	+3.908e+03	+9.920e+03	+0.475
152.300	+3.470e+03	+4.204e+03	+9.743e+03	+0.548
152.400	+3.088e+03	+4.303e+03	+1.080e+04	+0.582
152.500	+4.633e+03	+5.188e+03	+8.273e+03	+0.528
152.600	+5.871e+03	+5.903e+03	+7.409e+03	+0.501
152.700	+4.347e+03	+4.503e+03	+7.876e+03	+0.509
152.800	+3.724e+03	+4.829e+03	+7.838e+03	+0.565
152.900	+3.379e+03	+5.598e+03	+1.060e+04	+0.624
153.000	+3.086e+03	+4.895e+03	+9.661e+03	+0.613
153.100	+2.057e+03	+3.580e+03	+8.806e+03	+0.635
153.200	+3.126e+03	+3.179e+03	+8.221e+03	+0.504
153.300	+3.348e+03	+5.065e+03	+9.960e+03	+0.602
153.400	+4.046e+03	+4.692e+03	+8.691e+03	+0.537
153.500	+3.485e+03	+5.154e+03	+8.624e+03	+0.597
153.600	+3.633e+03	+4.974e+03	+9.360e+03	+0.578
153.700	+3.006e+03	+6.318e+03	+8.112e+03	+0.678
153.800	+2.348e+03	+4.314e+03	+9.744e+03	+0.648
153.900	+3.853e+03	+4.598e+03	+8.735e+03	+0.544
154.000	-3.864e+02	+8.543e+03	+1.063e+04	+1.047
154.100	+1.644e+03	+6.282e+03	+7.090e+03	+0.793
154.200	+1.292e+03	+7.501e+03	+9.927e+03	+0.853
154.300	+2.148e+03	+9.925e+03	+9.258e+03	+0.822
154.400	+2.832e+02	+7.890e+03	+1.000e+04	+0.965
154.500	+7.249e+02	+6.473e+03	+1.151e+04	+0.899
154.600	+3.549e+02	+8.823e+03	+1.152e+04	+0.961
154.700	+1.818e+03	+6.387e+03	+1.169e+04	+0.778
154.800	+7.366e+02	+9.106e+03	+9.133e+03	+0.925
154.900	+6.361e+03	+3.991e+03	+9.099e+03	+0.386
155.000	+7.296e+03	+9.482e+02	+8.745e+03	+0.115
155.100	+9.786e+03	+1.019e+03	+7.877e+03	+0.094
155.200	+1.054e+04	+2.703e+02	+9.346e+03	+0.025
155.300	+8.908e+03	+1.699e+03	+9.804e+03	+0.160
155.400	+4.158e+02	+6.776e+03	+9.671e+03	+0.942
155.500	+8.502e+02	+7.465e+03	+1.031e+04	+0.898
155.600	+1.093e+03	+7.352e+03	+1.053e+04	+0.871
155.700	+1.727e+03	+8.735e+03	+8.290e+03	+0.835
155.800	-6.165e+02	+8.169e+03	+7.887e+03	+1.082
155.900	+3.186e+01	+7.579e+03	+1.053e+04	+0.996
156.000	+8.746e+02	+7.675e+03	+1.080e+04	+0.898
156.100	-2.233e+02	+7.907e+03	+8.529e+03	+1.029
156.200	+1.044e+03	+7.487e+03	+8.211e+03	+0.878
156.300	-8.533e+02	+7.177e+03	+8.587e+03	+1.135
156.400	+2.007e+03	+8.057e+03	+9.087e+03	+0.801
156.500	+1.183e+03	+8.434e+03	+7.456e+03	+0.877
156.600	+1.757e+03	+6.888e+03	+1.090e+04	+0.797
156.700	-5.552e+02	+8.639e+03	+1.002e+04	+1.069
156.800	+2.604e+03	+6.398e+03	+7.442e+03	+0.711
156.900	+4.587e+02	+8.183e+03	+7.866e+03	+0.947
157.000	+1.760e+03	+8.102e+03	+7.387e+03	+0.822
157.100	+5.943e+02	+7.876e+03	+9.977e+03	+0.930
157.200	+4.403e+02	+9.020e+03	+9.467e+03	+0.953
157.300	+6.142e+02	+7.372e+03	+9.069e+03	+0.923
157.400	+2.163e+03	+6.963e+03	+8.964e+03	+0.763
157.500	+4.252e+02	+6.923e+03	+1.020e+04	+0.942
157.600	+1.934e+03	+8.032e+03	+8.132e+03	+0.806
157.700	+1.051e+03	+8.939e+03	+9.201e+03	+0.895
157.800	-2.868e+02	+7.139e+03	+9.831e+03	+1.042
157.900	+1.497e+03	+8.548e+03	+8.504e+03	+0.851
158.000	+7.775e+02	+6.742e+03	+8.651e+03	+0.897
158.100	+4.417e+03	+4.252e+03	+8.348e+03	+0.491
158.200	+9.162e+03	+6.363e+02	+8.576e+03	+0.065
158.300	+6.858e+03	+3.364e+02	+9.142e+03	+0.047
158.400	+8.669e+03	+1.493e+03	+6.739e+03	+0.147
158.500	+7.178e+03	+1.282e+03	+9.230e+03	+0.152
158.600	+8.047e+03	+8.796e+02	+1.088e+04	+0.099
158.700	+9.441e+03	+2.170e+03	+1.001e+04	+0.187
158.800	+9.384e+03	-8.328e+02	+9.898e+03	-0.097
158.900	+6.676e+03	+4.059e+03	+9.701e+03	+0.378
159.000	+9.884e+02	+7.297e+03	+6.469e+03	+0.881
159.100	+7.669e+02	+8.152e+03	+1.097e+04	+0.914
159.200	+4.973e+03	+4.031e+03	+1.058e+04	+0.448
159.300	+9.852e+03	-3.737e+02	+1.071e+04	-0.039
159.400	+8.430e+03	-2.901e+02	+7.413e+03	-0.036
159.500	+7.621e+03	-2.071e+02	+1.027e+04	-0.028
159.600	+7.928e+03	+2.409e+02	+9.998e+03	+0.029
159.700	+7.890e+03	+1.863e+03	+9.548e+03	+0.191
159.800	+4.704e+03	+2.377e+03	+9.310e+03	+0.336
159.900	+3.864e+03	+4.078e+03	+1.013e+04	+0.513
160.000	+3.339e+03	+4.346e+03	+9.456e+03	+0.565
160.100	+4.291e+03	+4.513e+03	+7.768e+03	+0.513
160.200	+4.715e+03	+5.270e+03	+1.045e+04	+0.528
160.300	+5.236e+03	+4.952e+03	+9.694e+03	+0.486
160.400	+2.613e+03	+6.050e+03	+1.156e+04	+0.698
160.500	+3.778e+03	+4.324e+03	+8.364e+03	+0.534
160.600	+4.195e+03	+6.388e+03	+1.033e+04	+0.604
160.700	+5.121e+03	+4.177e+03	+8.720e+03	+0.449
160.800	+3.438e+03	+7.122e+03	+8.935e+03	+0.674
160.900	+3.708e+03	+4.496e+03	+1.061e+04	+0.548
161.000	+4.855e+03	+5.214e+03	+9.692e+03	+0.518
161.100	+4.172e+03	+5.572e+03	+1.010e+04	+0.572
161.200	+3.970e+03	+4.057e+03	+8.823e+03	+0.505
161.300	+4.267e+03	+4.852e+03	+8.935e+03	+0.532
161.400	+3.228e+03	+3.989e+03	+1.044e+04	+0.553
161.500	+3.106e+03	+6.942e+03	+1.110e+04	+0.691
161.600	+3.437e+03	+4.632e+03	+1.013e+04	+0.574
161.700	+3.416e+03	+3.820e+03	+1.048e+04	+0.528
161.800	+3.768e+03	+6.490e+03	+1.127e+04	+0.633
161.900	+3.625e+03	+5.486e+03	+1.056e+04	+0.602
162.000	+4.366e+03	+3.936e+03	+1.042e+04	+0.474
162.100	+3.601e+03	+5.218e+03	+1.077e+04	+0.592
162.200	+2.770e+03	+5.222e+03	+8.991e+03	+0.653
162.300	+5.509e+03	+4.563e+03	+9.289e+03	+0.453
162.400	+2.496e+03	+5.165e+03	+9.443e+03	+0.674
162.500	+6.134e+03	+4.609e+03	+1.077e+04	+0.429
162.600	+4.712e+03	+5.559e+03	+9.099e+03	+0.541
162.700	+2.661e+03	+5.295e+03	+1.123e+04	+0.666
162.800	+5.484e+03	+3.480e+03	+1.138e+04	+0.388
162.900	+3.830e+03	+5.356e+03	+8.247e+03	+0.583
163.000	+3.362e+03	+4.989e+03	+1.012e+04	+0.597
163.100	+2.873e+03	+5.253e+03	+9.014e+03	+0.646
163.200	+5.483e+03	+3.562e+03	+9.992e+03	+0.394
163.300	+5.463e+03	+5.220e+03	+1.027e+04	+0.489
163.400	+2.923e+03	+5.424e+03	+9.247e+03	+0.650
163.500	+3.994e+03	+5.137e+03	+9.178e+03	+0.563
163.600	+2.609e+03	+4.808e+03	+9.959e+03	+0.648
163.700	+4.150e+03	+5.270e+03	+9.993e+03	+0.559
163.800	+2.816e+03	+5.656e+03	+8.311e+03	+0.668
163.900	+5.074e+03	+5.402e+03	+1.068e+04	+0.516
164.000	+3.283e+03	+4.655e+03	+9.572e+03	+0.586
164.100	+1.035e+03	+7.678e+03	+9.754e+03	+0.881
164.200	+6.155e+02	+5.246e+03	+1.035e+04	+0.895
164.300	+1.693e+03	+9.086e+03	+7.481e+03	+0.843
164.400	+4.697e+01	+8.194e+03	+9.338e+03	+0.994
164.500	+9.168e+02	+8.403e+03	+9.379e+03	+0.902
164.600	+3.980e+02	+7.021e+03	+9.500e+03	+0.946
164.700	+3.768e+02	+8.066e+03	+1.127e+04	+0.955
164.800	+1.186e+03	+8.375e+03	+1.041e+04	+0.876
164.900	+1.718e+03	+8.240e+03	+1.209e+04	+0.827
165.000	+1.092e+03	+5.928e+03	+1.042e+04	+0.844
165.100	+7.242e+02	+8.439e+03	+8.251e+03	+0.921
165.200	+1.144e+03	+8.021e+03	+9.855e+03	+0.875
165.300	+8.898e+02	+7.442e+03	+9.748e+03	+0.893
165.400	-1.289e+02	+8.492e+03	+9.191e+03	+1.015
165.500	+1.394e+03	+7.454e+03	+8.808e+03	+0.842
165.600	+1.021e+03	+7.020e+03	+8.284e+03	+0.873
165.700	+1.145e+03	+8.824e+03	+7.573e+03	+0.885
165.800	+1.435e+03	+7.464e+03	+9.372e+03	+0.839
165.900	+8.976e+03	+2.238e+03	+6.860e+03	+0.200
166.000	+8.973e+03	+1.025e+03	+8.660e+03	+0.103
166.100	+9.503e+03	+2.998e+02	+8.535e+03	+0.031
166.200	+7.378e+03	-1.450e+02	+1.061e+04	-0.020
166.300	+7.670e+03	-1.863e+02	+8.619e+03	-0.025
166.400	+5.150e+03	+2.876e+03	+1.031e+04	+0.358
166.500	+3.641e+03	+5.164e+03	+1.007e+04	+0.586
166.600	+5.028e+03	+5.024e+03	+9.376e+03	+0.500
166.700	+3.336e+03	+5.109e+03	+6.348e+03	+0.605
166.800	+3.146e+03	+5.720e+03	+8.921e+03	+0.645
166.900	+4.042e+03	+4.960e+03	+8.590e+03	+0.551
167.000	+4.072e+03	+5.243e+03	+9.562e+03	+0.563
167.100	+3.923e+03	+4.377e+03	+9.782e+03	+0.527
167.200	+4.597e+03	+4.821e+03	+9.602e+03	+0.512
167.300	+4.996e+03	+5.160e+03	+9.274e+03	+0.508
167.400	+4.667e+03	+4.229e+03	+1.138e+04	+0.475
167.500	+3.717e+03	+4.795e+03	+1.194e+04	+0.563
167.600	+2.971e+03	+4.532e+03	+1.064e+04	+0.604
167.700	+3.538e+03	+6.142e+03	+8.173e+03	+0.635
167.800	+5.235e+03	+4.222e+03	+1.042e+04	+0.446
167.900	+3.618e+03	+3.078e+03	+1.017e+04	+0.460
168.000	+4.246e+03	+6.151e+03	+8.189e+03	+0.592
168.100	+4.898e+03	+6.615e+03	+1.035e+04	+0.575
168.200	+6.779e+03	+4.392e+03	+9.444e+03	+0.393
168.300	+3.053e+03	+5.684e+03	+9.037e+03	+0.651
168.400	+3.541e+03	+4.403e+03	+8.267e+03	+0.554
168.500	+2.703e+03	+5.194e+03	+8.270e+03	+0.658
168.600	+4.767e+03	+5.151e+03	+7.951e+03	+0.519
168.700	+2.950e+03	+4.731e+03	+1.129e+04	+0.616
168.800	+4.236e+03	+3.338e+03	+8.672e+03	+0.441
168.900	+3.661e+03	+5.711e+03	+1.069e+04	+0.609
169.000	+5.778e+03	+5.670e+03	+7.390e+03	+0.495
169.100	+5.247e+03	+5.658e+03	+8.019e+03	+0.519
169.200	+5.376e+03	+6.690e+03	+1.193e+04	+0.554
169.300	+3.264e+03	+6.205e+03	+4.436e+03	+0.655
169.400	+1.537e+03	+4.922e+03	+8.971e+03	+0.762
169.500	+3.672e+03	+3.311e+03	+9.980e+03	+0.474
169.600	+4.974e+03	+4.558e+03	+8.705e+03	+0.478
169.700	+2.019e+03	+5.382e+03	+9.890e+03	+0.727
169.800	+5.403e+03	+6.254e+03	+9.946e+03	+0.537
169.900	+2.888e+03	+5.977e+03	+9.422e+03	+0.674
170.000	+3.714e+03	+5.315e+03	+1.018e+04	+0.589
170.100	+4.170e+03	+5.532e+03	+8.214e+03	+0.570
170.200	+5.341e+03	+4.359e+03	+9.038e+03	+0.449
170.300	+3.083e+03	+5.495e+03	+1.010e+04	+0.641
170.400	+4.216e+03	+5.566e+03	+8.528e+03	+0.569
170.500	+5.574e+03	+4.661e+03	+8.675e+03	+0.455
170.600	+2.402e+03	+6.244e+03	+1.090e+04	+0.722
170.700	+3.088e+02	+7.117e+03	+8.799e+03	+0.958
170.800	+6.437e+02	+6.888e+03	+1.035e+04	+0.915
170.900	+5.143e+02	+6.708e+03	+1.167e+04	+0.929
171.000	+9.600e+02	+7.889e+03	+8.893e+03	+0.892
171.100	+1.369e+03	+9.734e+03	+7.931e+03	+0.877
171.200	+1.352e+03	+8.365e+03	+9.312e+03	+0.861
171.300	+1.215e+03	+8.961e+03	+9.275e+03	+0.881
171.400	+1.028e+03	+8.766e+03	+9.907e+03	+0.895
171.500	+1.128e+03	+8.087e+03	+7.031e+03	+0.878
171.600	+2.040e+03	+8.381e+03	+9.618e+03	+0.804
171.700	+2.081e+03	+7.824e+03	+7.892e+03	+0.790
171.800	+1.227e+03	+8.183e+03	+8.563e+03	+0.870
171.900	+2.329e+03	+6.797e+03	+1.215e+04	+0.745
172.000	+1.331e+03	+9.397e+03	+9.460e+03	+0.876
172.100	+7.745e+02	+7.621e+03	+1.175e+04	+0.908
172.200	+7.770e+02	+9.613e+03	+1.125e+04	+0.925
172.300	+4.303e+02	+7.992e+03	+9.709e+03	+0.949
172.400	+1.275e+03	+9.562e+03	+1.131e+04	+0.882
172.500	+3.124e+03	+6.930e+03	+1.074e+04	+0.689
172.600	+1.024e+04	+1.005e+03	+9.174e+03	+0.089
172.700	+7.072e+03	+9.371e+02	+9.304e+03	+0.117
172.800	+8.134e+03	+9.367e+02	+8.502e+03	+0.103
172.900	+7.375e+03	-8.483e+02	+9.800e+03	-0.130
173.000	+8.082e+03	+2.501e+03	+9.319e+03	+0.236
173.100	+8.259e+03	+3.320e+02	+7.971e+03	+0.039
173.200	+1.070e+04	+5.534e+02	+9.502e+03	+0.049
173.300	+4.449e+03	+3.782e+03	+1.051e+04	+0.459
173.400	-2.472e+02	+7.941e+03	+7.881e+03	+1.032
173.500	+1.094e+03	+6.783e+03	+7.731e+03	+0.861
173.600	+4.863e+02	+9.200e+03	+1.020e+04	+0.950
173.700	-2.451e+02	+7.899e+03	+8.594e+03	+1.032
173.800	+4.464e+01	+6.929e+03	+8.524e+03	+0.994
173.900	+1.384e+03	+8.715e+03	+9.634e+03	+0.863
174.000	+1.275e+02	+7.577e+03	+8.169e+03	+0.983
174.100	+1.066e+03	+9.532e+03	+9.160e+03	+0.899
174.200	+8.859e+02	+7.465e+03	+9.878e+03	+0.894
174.300	+6.710e+02	+8.060e+03	+1.100e+04	+0.923
174.400	+7.074e+03	+5.069e+02	+8.130e+03	+0.067
174.500	+9.801e+03	+7.731e+02	+9.394e+03	+0.073
174.600	+8.698e+03	+3.758e+02	+9.117e+03	+0.041
174.700	+1.014e+04	-1.279e+03	+9.886e+03	-0.144
174.800	+9.369e+03	+5.600e+02	+1.057e+04	+0.056
174.900	+8.103e+03	+8.219e+02	+1.003e+04	+0.092
175.000	+8.001e+03	+5.877e+02	+9.220e+03	+0.068
175.100	+8.667e+03	+5.689e+02	+9.717e+03	+0.062
175.200	+8.238e+03	+9.466e+02	+9.708e+03	+0.103
175.300	+7.384e+03	+1.175e+02	+1.003e+04	+0.016
175.400	+7.767e+03	-8.061e+01	+7.405e+03	-0.010
175.500	+7.685e+03	+1.515e+03	+1.053e+04	+0.165
175.600	+9.009e+03	+2.611e+02	+7.875e+03	+0.028
175.700	+8.868e+03	+7.946e+02	+9.090e+03	+0.082
175.800	+9.746e+03	+1.184e+03	+1.145e+04	+0.108
175.900	+8.683e+03	-5.485e+02	+9.087e+03	-0.067
176.000	+7.810e+03	+8.964e+02	+9.250e+03	+0.103
176.100	+8.009e+03	-5.427e+02	+1.102e+04	-0.073
176.200	+6.755e+03	-1.350e+02	+8.198e+03	-0.020
176.300	+9.410e+03	+2.350e+03	+7.986e+03	+0.200
176.400	+5.704e+03	+3.205e+03	+1.034e+04	+0.360
176.500	+1.663e+03	+8.110e+03	+8.647e+03	+0.830
176.600	-1.680e+02	+7.492e+03	+8.031e+03	+1.023
176.700	+4.564e+03	+4.031e+03	+8.357e+03	+0.469
176.800	+9.366e+03	+1.214e+03	+1.114e+04	+0.115
176.900	+7.305e+03	+1.465e+03	+1.161e+04	+0.167
177.000	+9.614e+03	+4.815e+02	+1.116e+04	+0.048
177.100	+7.224e+03	+1.872e+03	+7.715e+03	+0.206
177.200	+8.561e+03	+1.358e+03	+9.201e+03	+0.137
177.300	+8.625e+03	+2.930e+02	+1.086e+04	+0.033
177.400	+7.796e+03	-7.140e+02	+8.578e+03	-0.101
177.500	+8.692e+03	+1.073e+03	+8.921e+03	+0.110
177.600	+7.887e+03	+9.329e+02	+8.857e+03	+0.106
177.700	+8.447e+03	+9.034e+02	+8.209e+03	+0.097
177.800	+9.334e+03	+5.455e+02	+9.539e+03	+0.055
177.900	+9.125e+03	+9.941e+02	+8.665e+03	+0.098
178.000	+1.013e+04	+4.280e+02	+7.818e+03	+0.041
178.100	+9.291e+03	+1.092e+03	+7.454e+03	+0.105
178.200	+7.735e+03	+2.016e+03	+8.388e+03	+0.207
178.300	+9.597e+03	-6.118e+02	+8.069e+03	-0.068
178.400	+9.075e+03	+9.000e+02	+8.595e+03	+0.090
178.500	+8.724e+03	+1.450e+03	+8.402e+03	+0.143
178.600	+9.318e+03	+6.234e+02	+1.033e+04	+0.063
178.700	+9.216e+03	+3.664e+02	+9.589e+03	+0.038
178.800	+9.649e+03	+9.906e+02	+9.412e+03	+0.093
178.900	+1.041e+04	+5.726e+01	+1.015e+04	+0.005
179.000	+1.002e+04	+1.157e+03	+8.955e+03	+0.104
179.100	+6.657e+03	+3.431e+02	+8.064e+03	+0.049
179.200	+8.869e+03	+4.354e+02	+1.111e+04	+0.047
179.300	+9.195e+03	+1.778e+03	+1.162e+04	+0.162
179.400	+7.060e+03	+1.005e+03	+8.894e+03	+0.125
179.500	+7.977e+03	-5.364e+02	+1.049e+04	-0.072
179.600	+8.496e+03	+3.414e+02	+1.126e+04	+0.039
179.700	+8.283e+03	+3.879e+01	+9.216e+03	+0.005
179.800	+9.712e+03	+1.138e+03	+1.058e+04	+0.105
179.900	+7.892e+03	+1.271e+03	+9.828e+03	+0.139
180.000	+7.635e+03	+7.985e+02	+9.457e+03	+0.095
180.100	+8.115e+03	+5.364e+02	+8.726e+03	+0.062
180.200	+8.771e+03	+4.239e+02	+1.005e+04	+0.046
180.300	+8.764e+03	-4.470e+02	+7.295e+03	-0.054
180.400	+8.012e+03	+6.090e+02	+7.980e+03	+0.071
180.500	+9.003e+03	+3.661e+02	+9.437e+03	+0.039
180.600	+1.077e+04	+2.325e+03	+1.075e+04	+0.178
180.700	+7.735e+03	+7.252e+02	+8.692e+03	+0.086
180.800	+7.822e+03	+1.001e+02	+9.955e+03	+0.013
180.900	+8.827e+03	+1.717e+03	+1.001e+04	+0.163
181.000	+4.765e+03	+4.475e+03	+8.726e+03	+0.484
181.100	+7.497e+03	+7.920e+02	+8.240e+03	+0.096
181.200	+6.980e+03	+8.708e+01	+7.125e+03	+0.012
181.300	+1.104e+04	+6.359e+02	+1.019e+04	+0.054
181.400	+1.003e+04	+1.068e+03	+7.886e+03	+0.096
181.500	+3.259e+03	+4.851e+03	+1.016e+04	+0.598
181.600	+3.182e+03	+4.338e+03	+9.930e+03	+0.577
181.700	+3.519e+03	+4.338e+03	+1.049e+04	+0.552
181.800	+5.093e+03	+4.575e+03	+9.254e+03	+0.473
181.900	+3.678e+03	+3.915e+03	+8.000e+03	+0.516
182.000	+3.984e+03	+4.002e+03	+9.045e+03	+0.501
182.100	+4.780e+03	+3.990e+03	+9.789e+03	+0.455
182.200	+4.025e+03	+5.136e+03	+7.175e+03	+0.561
182.300	+2.636e+03	+5.562e+03	+7.217e+03	+0.678
182.400	+4.770e+03	+5.246e+03	+1.007e+04	+0.524
182.500	+4.103e+03	+5.185e+03	+1.073e+04	+0.558
182.600	+4.567e+03	+4.845e+03	+7.093e+03	+0.515
182.700	+4.101e+03	+5.330e+03	+9.012e+03	+0.565
182.800	+4.558e+03	+4.523e+03	+8.051e+03	+0.498
182.900	+3.645e+03	+4.190e+03	+1.000e+04	+0.535
183.000	+3.082e+03	+3.747e+03	+1.089e+04	+0.549
183.100	+4.093e+03	+5.129e+03	+1.073e+04	+0.556
183.200	+4.641e+03	+2.705e+03	+7.896e+03	+0.368
183.300	+4.420e+03	+5.404e+03	+8.963e+03	+0.550
183.400	+4.692e+03	+3.872e+03	+9.697e+03	+0.452
183.500	+4.556e+03	+4.822e+03	+9.701e+03	+0.514
183.600	+3.850e+03	+4.900e+03	+8.336e+03	+0.560
183.700	+4.310e+03	+5.592e+03	+1.015e+04	+0.565
183.800	+3.675e+03	+4.290e+03	+9.649e+03	+0.539
183.900	+4.011e+03	+5.863e+03	+1.049e+04	+0.594
184.000	+2.220e+03	+4.267e+03	+1.003e+04	+0.658
184.100	+5.810e+03	+5.994e+03	+1.127e+04	+0.508
184.200	+3.845e+03	+5.861e+03	+1.130e+04	+0.604
184.300	+3.594e+03	+5.908e+03	+1.131e+04	+0.622
184.400	+4.944e+03	+5.390e+03	+8.702e+03	+0.522
184.500	+3.635e+03	+5.338e+03	+9.334e+03	+0.595
184.600	+5.452e+03	+4.223e+03	+8.881e+03	+0.437
184.700	+4.291e+03	+4.708e+03	+9.285e+03	+0.523
184.800	+4.178e+03	+5.038e+03	+9.705e+03	+0.547
184.900	+3.726e+03	+5.312e+03	+7.440e+03	+0.588
185.000	+3.137e+03	+5.607e+03	+9.767e+03	+0.641
185.100	+4.342e+03	+5.301e+03	+9.713e+03	+0.550
185.200	+2.144e+03	+4.596e+03	+7.865e+03	+0.682
185.300	+3.067e+03	+5.745e+03	+9.690e+03	+0.652
185.400	+4.108e+03	+6.180e+03	+8.194e+03	+0.601
185.500	+2.240e+03	+5.715e+03	+9.762e+03	+0.718
185.600	+3.196e+03	+5.433e+03	+7.948e+03	+0.630
185.700	+3.327e+03	+4.944e+03	+1.060e+04	+0.598
185.800	+3.887e+03	+5.664e+03	+8.962e+03	+0.593
185.900	+5.387e+03	+2.505e+03	+1.085e+04	+0.317
186.000	+3.389e+03	+7.097e+03	+9.523e+03	+0.677
186.100	-4.972e+02	+7.937e+03	+9.783e+03	+1.067
186.200	+1.970e+03	+8.274e+03	+8.286e+03	+0.808
186.300	+7.840e+02	+8.780e+03	+1.119e+04	+0.918
186.400	-3.767e+02	+7.946e+03	+7.694e+03	+1.050
186.500	+3.606e+02	+9.729e+03	+9.727e+03	+0.964
186.600	+1.081e+03	+5.386e+03	+8.853e+03	+0.833
186.700	+2.013e+03	+9.608e+03	+1.136e+04	+0.827
186.800	+1.167e+03	+8.808e+03	+9.900e+03	+0.883
186.900	+4.556e+02	+6.517e+03	+1.071e+04	+0.935
187.000	+6.718e+02	+7.891e+03	+9.483e+03	+0.922
187.100	+9.829e+02	+6.191e+03	+1.051e+04	+0.863
187.200	+9.936e+02	+7.575e+03	+7.138e+03	+0.884
187.300	+9.915e+02	+7.616e+03	+6.472e+03	+0.885
187.400	+1.118e+03	+6.650e+03	+8.162e+03	+0.856
187.500	+8.651e+02	+6.777e+03	+7.530e+03	+0.887
187.600	+1.031e+03	+9.153e+03	+9.357e+03	+0.899
187.700	+1.882e+03	+8.908e+03	+6.788e+03	+0.826
187.800	+1.771e+03	+8.701e+03	+8.682e+03	+0.831
187.900	+6.394e+02	+7.303e+03	+8.124e+03	+0.919
188.000	+2.439e+02	+8.478e+03	+1.216e+04	+0.972
188.100	+1.197e+03	+7.091e+03	+8.917e+03	+0.856
188.200	+3.239e+03	+5.611e+03	+1.123e+04	+0.634
188.300	+3.511e+03	+4.463e+03	+9.048e+03	+0.560
188.400	+4.867e+03	+4.958e+03	+1.228e+04	+0.505
188.500	+4.511e+03	+3.931e+03	+8.962e+03	+0.466
188.600	+4.360e+03	+5.844e+03	+7.841e+03	+0.573
188.700	+2.528e+03	+5.099e+03	+9.392e+03	+0.669
188.800	+4.079e+03	+5.812e+03	+9.306e+03	+0.588
188.900	+3.699e+03	+4.710e+03	+9.923e+03	+0.560
189.000	+4.333e+03	+5.049e+03	+8.268e+03	+0.538
189.100	+5.102e+03	+4.383e+03	+9.283e+03	+0.462
189.200	+4.839e+03	+6.050e+03	+7.707e+03	+0.556
189.300	+4.008e+03	+5.972e+03	+8.993e+03	+0.598
189.400	+3.973e+03	+4.952e+03	+9.713e+03	+0.555
189.500	+3.320e+03	+6.162e+03	+7.275e+03	+0.650
189.600	+1.994e+03	+4.331e+03	+1.075e+04	+0.685
189.700	+3.576e+03	+4.809e+03	+9.721e+03	+0.574
189.800	+3.106e+03	+4.424e+03	+8.696e+03	+0.588
189.900	+2.219e+03	+5.373e+03	+1.022e+04	+0.708
190.000	+2.607e+03	+3.974e+03	+8.983e+03	+0.604
190.100	+3.377e+03	+5.228e+03	+9.503e+03	+0.608
190.200	+4.055e+03	+5.141e+03	+9.425e+03	+0.559
190.300	+3.980e+03	+5.263e+03	+1.145e+04	+0.569
190.400	+2.685e+03	+5.248e+03	+7.581e+03	+0.661
190.500	+5.070e+03	+5.940e+03	+6.059e+03	+0.539
190.600	+3.617e+03	+4.407e+03	+1.026e+04	+0.549
190.700	+3.744e+03	+5.571e+03	+1.047e+04	+0.598
190.800	+4.584e+03	+5.372e+03	+9.211e+03	+0.540
190.900	+4.219e+03	+5.509e+03	+1.020e+04	+0.566
191.000	+3.466e+03	+3.895e+03	+8.848e+03	+0.529
191.100	+2.495e+03	+4.681e+03	+8.639e+03	+0.652
191.200	+3.186e+03	+5.531e+03	+7.547e+03	+0.635
191.300	+2.585e+03	+5.646e+03	+8.108e+03	+0.686
191.400	+3.277e+03	+4.271e+03	+1.086e+04	+0.566
191.500	+3.696e+03	+4.340e+03	+1.090e+04	+0.540
191.600	+4.361e+03	+4.495e+03	+9.353e+03	+0.508
191.700	+3.850e+03	+4.998e+03	+8.986e+03	+0.565
191.800	+3.709e+03	+4.659e+03	+1.078e+04	+0.557
191.900	+4.752e+03	+6.657e+03	+9.037e+03	+0.583
192.000	+3.234e+03	+5.381e+03	+8.397e+03	+0.625
192.100	+2.874e+03	+4.692e+03	+1.029e+04	+0.620
192.200	+3.129e+03	+4.276e+03	+1.249e+04	+0.577
192.300	+3.861e+03	+4.985e+03	+1.066e+04	+0.564
192.400	+4.418e+03	+7.099e+03	+1.066e+04	+0.616
192.500	+6.090e+03	+6.641e+03	+9.771e+03	+0.522
192.600	+3.995e+03	+4.892e+03	+1.007e+04	+0.550
192.700	+3.566e+03	+4.214e+03	+1.209e+04	+0.542
192.800	+5.609e+03	+3.892e+03	+7.241e+03	+0.410
192.900	+6.042e+03	+4.139e+03	+8.032e+03	+0.407
193.000	+2.967e+03	+5.211e+03	+8.595e+03	+0.637
193.100	+3.708e+03	+5.620e+03	+8.833e+03	+0.603
193.200	+3.471e+03	+6.034e+03	+8.584e+03	+0.635
193.300	+2.705e+03	+5.610e+03	+9.796e+03	+0.675
193.400	+3.102e+03	+6.054e+03	+7.581e+03	+0.661
193.500	+4.010e+03	+5.348e+03	+7.797e+03	+0.571
193.600	+5.650e+03	+4.104e+03	+9.459e+03	+0.421
193.700	+4.168e+03	+5.230e+03	+1.006e+04	+0.557
193.800	+3.267e+03	+5.711e+03	+8.550e+03	+0.636
193.900	+4.882e+03	+5.504e+03	+1.079e+04	+0.530
194.000	+4.034e+03	+5.748e+03	+8.652e+03	+0.588
194.100	+4.634e+03	+5.365e+03	+1.002e+04	+0.537
194.200	+9.931e+02	+5.098e+03	+1.160e+04	+0.837
194.300	+2.469e+03	+7.295e+03	+1.047e+04	+0.747
194.400	+8.663e+02	+8.545e+03	+8.827e+03	+0.908
194.500	+2.942e+03	+9.265e+03	+9.753e+03	+0.759
194.600	-1.485e+02	+6.391e+03	+9.001e+03	+1.024
194.700	-3.772e+01	+9.588e+03	+8.805e+03	+1.004
194.800	+3.442e+03	+6.523e+03	+1.170e+04	+0.655
194.900	+3.479e+03	+4.181e+03	+1.008e+04	+0.546
195.000	+4.498e+03	+5.963e+03	+1.070e+04	+0.570
195.100	+2.927e+03	+5.797e+03	+1.020e+04	+0.665
195.200	+3.355e+03	+6.163e+03	+9.626e+03	+0.648
195.300	+4.380e+03	+4.141e+03	+6.992e+03	+0.486
195.400	+4.249e+03	+5.163e+03	+1.020e+04	+0.549
195.500	+4.909e+03	+5.582e+03	+1.095e+04	+0.532
195.600	+5.616e+03	+5.762e+03	+9.638e+03	+0.506
195.700	+3.914e+03	+4.153e+03	+9.606e+03	+0.515
195.800	+3.253e+03	+6.120e+03	+8.649e+03	+0.653
195.900	-3.569e+02	+9.034e+03	+1.004e+04	+1.041
196.000	+8.788e+02	+6.610e+03	+6.381e+03	+0.883
196.100	+8.256e+02	+6.839e+03	+1.065e+04	+0.892
196.200	+8.746e+02	+7.805e+03	+7.020e+03	+0.899
196.300	+1.675e+03	+8.014e+03	+9.381e+03	+0.827
196.400	+1.838e+03	+8.248e+03	+9.847e+03	+0.818
196.500	+4.593e+02	+7.617e+03	+8.460e+03	+0.943
196.600	+4.692e+03	+4.572e+03	+8.690e+03	+0.494
196.700	+8.172e+03	+7.049e+02	+7.741e+03	+0.079
196.800	+7.549e+03	+1.327e+03	+9.129e+03	+0.150
196.900	+2.685e+03	+6.306e+03	+9.911e+03	+0.701
197.000	+2.851e+03	+9.349e+03	+1.050e+04	+0.766
197.100	+1.409e+03	+9.564e+03	+9.148e+03	+0.872
197.200	+1.514e+03	+7.895e+03	+1.021e+04	+0.839
197.300	+1.971e+03	+7.752e+03	+7.487e+03	+0.797
197.400	+5.164e+03	+4.745e+02	+1.019e+04	+0.084
197.500	+9.225e+03	+1.524e+03	+8.073e+03	+0.142
197.600	+7.536e+03	+2.717e+02	+9.085e+03	+0.035
197.700	+8.721e+03	+2.241e+02	+7.954e+03	+0.025
197.800	+8.454e+03	-1.158e+03	+9.266e+03	-0.159
197.900	+8.413e+03	+3.772e+02	+8.808e+03	+0.043
198.000	+6.963e+03	+3.935e+02	+1.013e+04	+0.053
198.100	+7.567e+03	+1.583e+03	+9.325e+03	+0.173
198.200	+8.997e+03	+8.910e+02	+9.896e+03	+0.090
198.300	+8.483e+03	+8.402e+02	+9.265e+03	+0.090
198.400	+8.941e+03	+2.486e+02	+7.543e+03	+0.027
198.500	+8.724e+03	-1.131e+03	+8.358e+03	-0.149
198.600	+8.504e+03	+1.547e+03	+6.346e+03	+0.154
198.700	+9.349e+03	-1.704e+02	+1.018e+04	-0.019
198.800	+4.402e+03	+3.527e+03	+8.863e+03	+0.445
198.900	+4.319e+03	+5.780e+03	+9.432e+03	+0.572
199.000	+4.175e+03	+5.550e+03	+1.114e+04	+0.571
199.100	+4.860e+03	+4.733e+03	+8.371e+03	+0.493
199.200	+5.076e+03	+4.200e+03	+1.261e+04	+0.453
199.300	+2.977e+03	+4.727e+03	+8.875e+03	+0.614
199.400	+4.796e+03	+5.100e+03	+1.243e+04	+0.515
199.500	+2.425e+03	+4.176e+03	+8.063e+03	+0.633
199.600	+4.971e+03	+4.160e+03	+9.886e+03	+0.456
199.700	+4.845e+03	+5.550e+03	+9.736e+03	+0.534
199.800	+4.130e+03	+5.018e+03	+8.745e+03	+0.549
