%t (s)	Idd (a.u.)	Ida (a.u.)	Iaa (a.u.)	FRET E
0.000	+5.844e+03	+3.428e+03	+8.246e+03	+0.370
0.100	+8.781e+03	+1.645e+03	+8.346e+03	+0.158
0.200	+6.050e+03	+1.747e+03	+9.695e+03	+0.224
0.300	+9.813e+03	+1.390e+03	+7.222e+03	+0.124
0.400	+7.175e+03	+5.078e+02	+7.543e+03	+0.066
0.500	+7.140e+03	+7.101e+02	+9.573e+03	+0.090
0.600	+6.937e+03	+3.195e+02	+8.728e+03	+0.044
0.700	+6.023e+03	+1.434e+03	+1.010e+04	+0.192
0.800	+8.808e+03	+1.848e+03	+7.310e+03	+0.173
0.900	+8.062e+03	+9.860e+02	+8.161e+03	+0.109
1.000	+8.229e+03	+1.911e+03	+7.282e+03	+0.188
1.100	+7.640e+03	+6.047e+02	+9.243e+03	+0.073
1.200	+7.417e+03	-3.650e+02	+8.577e+03	-0.052
1.300	+7.802e+03	+1.496e+03	+9.622e+03	+0.161
1.400	+1.002e+04	+4.849e+02	+9.560e+03	+0.046
1.500	+9.427e+03	+2.365e+02	+9.964e+03	+0.024
1.600	+9.154e+03	+7.838e+02	+9.464e+03	+0.079
1.700	+1.056e+04	+2.724e+03	+6.161e+03	+0.205
1.800	+5.690e+03	+1.060e+03	+6.986e+03	+0.157
1.900	+1.008e+04	+2.253e+02	+9.293e+03	+0.022
2.000	+8.029e+03	+2.165e+03	+8.748e+03	+0.212
2.100	+8.405e+03	+2.271e+03	+9.576e+03	+0.213
2.200	+8.668e+03	+1.648e+03	+6.799e+03	+0.160
2.300	+7.228e+03	+1.170e+03	+9.183e+03	+0.139
2.400	+9.645e+03	+1.800e+03	+9.918e+03	+0.157
2.500	+8.506e+03	+4.410e+02	+8.026e+03	+0.049
2.600	+6.698e+03	-6.548e+02	+6.423e+03	-0.108
2.700	+1.021e+04	+3.532e+02	+8.786e+03	+0.033
2.800	+7.816e+03	+1.607e+03	+8.576e+03	+0.171
2.900	+8.350e+03	+2.192e+03	+1.134e+04	+0.208
3.000	+1.022e+04	+2.508e+03	+9.618e+03	+0.197
3.100	+8.398e+03	+1.317e+03	+7.719e+03	+0.136
3.200	+8.931e+03	+5.687e+02	+6.245e+03	+0.060
3.300	+8.087e+03	+6.346e+02	+9.705e+03	+0.073
3.400	+5.622e+03	+3.555e+03	+9.503e+03	+0.387
3.500	-5.026e+02	+6.588e+03	+7.253e+03	+1.083
3.600	+1.317e+02	+5.557e+03	+8.133e+03	+0.977
3.700	+1.007e+04	+1.251e+03	+8.264e+03	+0.110
3.800	+7.989e+03	+1.931e+03	+7.943e+03	+0.195
3.900	+7.711e+03	-6.457e+01	+9.302e+03	-0.008
4.000	+7.264e+03	+4.530e+02	+7.249e+03	+0.059
4.100	+7.712e+03	+2.103e+03	+9.087e+03	+0.214
4.200	+9.796e+03	+1.556e+03	+7.642e+03	+0.137
4.300	+7.948e+03	+2.051e+03	+8.697e+03	+0.205
4.400	+9.880e+03	+2.124e+03	+7.134e+03	+0.177
4.500	+7.214e+03	+8.404e+02	+9.071e+03	+0.104
4.600	+9.434e+03	+2.008e+03	+9.602e+03	+0.175
4.700	+7.237e+03	+2.461e+03	+9.598e+03	+0.254
4.800	+1.015e+04	+1.920e+03	+8.482e+03	+0.159
4.900	+7.120e+03	+1.366e+03	+7.206e+03	+0.161
5.000	+8.662e+03	+1.700e+03	+7.482e+03	+0.164
5.100	+3.871e+03	+4.008e+03	+7.939e+03	+0.509
5.200	+1.182e+03	+9.568e+03	+7.886e+03	+0.890
5.300	+1.426e+03	+8.618e+03	+8.900e+03	+0.858
5.400	-1.092e+02	+7.455e+03	+1.010e+04	+1.015
5.500	+1.318e+03	+8.754e+03	+8.556e+03	+0.869
5.600	+1.352e+03	+8.610e+03	+9.420e+03	+0.864
5.700	+1.554e+03	+9.028e+03	+8.996e+03	+0.853
5.800	+1.349e+03	+7.087e+03	+7.561e+03	+0.840
5.900	+1.568e+03	+7.647e+03	+6.676e+03	+0.830
6.000	+9.396e+03	+4.997e+02	+8.231e+03	+0.050
6.100	+8.398e+03	+5.359e+02	+9.003e+03	+0.060
6.200	+9.054e+03	+3.284e+02	+6.732e+03	+0.035
6.300	+7.285e+03	+1.802e+03	+9.264e+03	+0.198
6.400	+6.440e+02	+6.774e+03	+9.130e+03	+0.913
6.500	+1.416e+03	+7.378e+03	+7.394e+03	+0.839
6.600	-4.683e-01	+7.917e+03	+8.754e+03	+1.000
6.700	+4.192e+02	+9.075e+03	+9.861e+03	+0.956
6.800	+9.761e+02	+5.534e+03	+9.615e+03	+0.850
6.900	+2.449e+03	+6.017e+03	+6.523e+03	+0.711
7.000	+1.090e+03	+7.387e+03	+9.391e+03	+0.871
7.100	+5.943e+02	+6.897e+03	+8.982e+03	+0.921
7.200	+7.562e+02	+5.053e+03	+9.119e+03	+0.870
7.300	+1.470e+03	+8.057e+03	+8.811e+03	+0.846
7.400	-4.485e+02	+7.832e+03	+8.403e+03	+1.061
7.500	+1.003e+03	+8.234e+03	+9.036e+03	+0.891
7.600	+9.415e+02	+7.380e+03	+8.375e+03	+0.887
7.700	+9.100e+02	+8.283e+03	+9.713e+03	+0.901
7.800	+1.915e+03	+8.995e+03	+1.005e+04	+0.825
7.900	+2.507e+03	+9.464e+03	+7.050e+03	+0.791
8.000	+1.160e+03	+7.187e+03	+8.545e+03	+0.861
8.100	+1.059e+02	+6.910e+03	+7.598e+03	+0.985
8.200	+1.670e+03	+7.458e+03	+9.272e+03	+0.817
8.300	+8.099e+02	+7.888e+03	+7.681e+03	+0.907
8.400	+1.284e+03	+7.536e+03	+1.016e+04	+0.854
8.500	+9.708e+03	+2.136e+03	+9.208e+03	+0.180
8.600	+7.564e+03	+2.208e+03	+1.075e+04	+0.226
8.700	+8.686e+03	+1.999e+02	+1.003e+04	+0.022
8.800	+6.175e+03	+1.198e+03	+8.674e+03	+0.162
8.900	+9.151e+03	+5.272e+02	+9.775e+03	+0.054
9.000	+8.297e+03	+1.517e+03	+8.609e+03	+0.155
9.100	+3.618e+03	+4.705e+03	+1.032e+04	+0.565
9.200	+5.082e+03	+3.552e+03	+8.980e+03	+0.411
9.300	+5.466e+03	+4.103e+03	+6.810e+03	+0.429
9.400	+2.283e+03	+4.229e+03	+7.907e+03	+0.649
9.500	+5.032e+03	+3.759e+03	+8.848e+03	+0.428
9.600	+3.572e+03	+3.800e+03	+6.311e+03	+0.515
9.700	+4.468e+03	+5.762e+03	+8.143e+03	+0.563
9.800	+3.898e+03	+5.740e+03	+7.461e+03	+0.596
9.900	+5.278e+03	+4.137e+03	+8.215e+03	+0.439
10.000	+5.085e+03	+3.212e+03	+8.163e+03	+0.387
10.100	+5.217e+03	+5.766e+03	+1.000e+04	+0.525
10.200	+3.233e+03	+1.936e+03	+9.263e+03	+0.375
10.300	+5.192e+03	+5.684e+03	+8.664e+03	+0.523
10.400	+3.731e+03	+4.171e+03	+1.022e+04	+0.528
10.500	+4.779e+03	+6.353e+03	+9.005e+03	+0.571
10.600	+4.972e+03	+2.249e+03	+7.970e+03	+0.311
10.700	+2.411e+03	+6.336e+03	+9.551e+03	+0.724
10.800	+1.901e+03	+6.828e+03	+9.958e+03	+0.782
10.900	+3.809e+03	+4.272e+03	+7.749e+03	+0.529
11.000	+9.822e+03	+7.302e+01	+8.839e+03	+0.007
11.100	+7.971e+03	+9.781e+02	+8.211e+03	+0.109
11.200	+7.658e+03	+2.389e+03	+1.087e+04	+0.238
11.300	+7.881e+03	+9.262e+02	+8.913e+03	+0.105
11.400	+6.410e+03	+2.805e+03	+8.836e+03	+0.304
11.500	+7.087e+03	+1.829e+03	+1.001e+04	+0.205
11.600	+1.035e+04	+7.418e+02	+9.777e+03	+0.067
11.700	+7.567e+03	+1.056e+03	+8.955e+03	+0.122
11.800	+5.955e+03	+7.501e+02	+7.497e+03	+0.112
11.900	+9.245e+03	+1.528e+01	+9.051e+03	+0.002
12.000	+7.323e+03	+1.270e+03	+8.421e+03	+0.148
12.100	+7.916e+03	+1.003e+03	+9.530e+03	+0.112
12.200	+8.015e+03	+1.379e+03	+6.154e+03	+0.147
12.300	+1.072e+04	+1.876e+03	+8.347e+03	+0.149
12.400	+8.152e+03	+6.199e+02	+9.317e+03	+0.071
12.500	+8.212e+03	+2.424e+03	+9.062e+03	+0.228
12.600	+8.420e+03	+1.380e+03	+8.804e+03	+0.141
12.700	+9.666e+03	+1.261e+03	+9.269e+03	+0.115
12.800	+1.051e+04	+1.076e+03	+1.024e+04	+0.093
12.900	+7.890e+03	+1.395e+03	+1.020e+04	+0.150
13.000	+7.150e+03	+1.864e+03	+7.804e+03	+0.207
13.100	+7.920e+03	+6.379e+02	+8.694e+03	+0.075
13.200	+7.330e+03	+1.531e+03	+1.001e+04	+0.173
13.300	+8.030e+03	+1.109e+03	+6.786e+03	+0.121
13.400	+7.485e+03	+1.818e+03	+9.238e+03	+0.195
13.500	+9.111e+03	+1.313e+03	+7.141e+03	+0.126
13.600	+8.079e+03	+5.435e+02	+6.273e+03	+0.063
13.700	+7.927e+03	+1.174e+03	+8.951e+03	+0.129
13.800	+8.633e+03	+1.187e+03	+7.874e+03	+0.121
13.900	+8.267e+03	+3.140e+03	+1.099e+04	+0.275
14.000	+9.407e+03	+2.751e+03	+8.990e+03	+0.226
14.100	+8.856e+03	+2.296e+02	+8.004e+03	+0.025
14.200	+9.268e+03	+6.426e+02	+8.297e+03	+0.065
14.300	+8.007e+03	+3.465e+02	+7.172e+03	+0.041
14.400	+6.766e+03	+2.278e+03	+9.739e+03	+0.252
14.500	+6.342e+03	+1.909e+03	+9.396e+03	+0.231
14.600	+5.764e+03	+6.256e+02	+1.051e+04	+0.098
14.700	+6.509e+03	+1.615e+03	+7.383e+03	+0.199
14.800	+3.637e+03	+4.316e+03	+9.991e+03	+0.543
14.900	+3.586e+03	+5.551e+03	+8.216e+03	+0.607
15.000	+4.000e+03	+5.358e+03	+7.152e+03	+0.573
15.100	+5.364e+03	+3.924e+03	+7.693e+03	+0.422
15.200	+5.755e+03	+4.235e+03	+8.512e+03	+0.424
15.300	+4.728e+03	+3.637e+03	+6.624e+03	+0.435
15.400	+3.649e+03	+6.016e+03	+8.581e+03	+0.622
15.500	+3.920e+03	+4.115e+03	+9.328e+03	+0.512
15.600	+3.081e+03	+3.186e+03	+1.052e+04	+0.508
15.700	+4.554e+03	+3.571e+03	+6.893e+03	+0.439
15.800	+5.034e+03	+4.993e+03	+9.952e+03	+0.498
15.900	+4.960e+03	+3.029e+03	+9.241e+03	+0.379
16.000	+4.338e+03	+5.768e+03	+8.200e+03	+0.571
16.100	+1.035e+03	+7.713e+03	+1.155e+04	+0.882
16.200	+4.895e+02	+8.491e+03	+8.512e+03	+0.945
16.300	+1.461e+03	+7.417e+03	+9.035e+03	+0.835
16.400	+6.685e+02	+8.693e+03	+9.496e+03	+0.929
16.500	+1.016e+03	+8.995e+03	+7.898e+03	+0.899
16.600	+1.077e+03	+6.855e+03	+8.080e+03	+0.864
16.700	+1.708e+03	+7.915e+03	+7.612e+03	+0.823
16.800	+2.244e+03	+8.933e+03	+6.781e+03	+0.799
16.900	+5.491e+02	+7.391e+03	+9.081e+03	+0.931
17.000	+1.988e+03	+9.569e+03	+8.403e+03	+0.828
17.100	+1.706e+03	+7.423e+03	+8.382e+03	+0.813
17.200	+1.144e+03	+9.004e+03	+1.000e+04	+0.887
17.300	+1.835e+03	+8.481e+03	+6.813e+03	+0.822
17.400	+2.314e+02	+6.743e+03	+8.825e+03	+0.967
17.500	+5.316e+03	+5.856e+03	+9.008e+03	+0.524
17.600	+3.416e+03	+4.809e+03	+9.432e+03	+0.585
17.700	+5.506e+03	+4.925e+03	+7.687e+03	+0.472
17.800	+5.500e+03	+4.187e+03	+9.377e+03	+0.432
17.900	+4.670e+03	+5.768e+03	+8.699e+03	+0.553
18.000	+3.303e+03	+4.011e+03	+7.053e+03	+0.548
18.100	+3.667e+03	+3.455e+03	+9.778e+03	+0.485
18.200	+3.697e+03	+4.931e+03	+7.676e+03	+0.571
18.300	+6.316e+03	+4.895e+03	+9.014e+03	+0.437
18.400	+4.610e+03	+5.160e+03	+1.038e+04	+0.528
18.500	+4.626e+03	+4.496e+03	+7.930e+03	+0.493
18.600	+4.323e+03	+4.973e+03	+9.522e+03	+0.535
18.700	+3.563e+03	+2.380e+03	+7.756e+03	+0.400
18.800	+4.658e+03	+4.290e+03	+7.423e+03	+0.479
18.900	+5.468e+03	+3.223e+03	+7.924e+03	+0.371
19.000	+4.039e+03	+3.739e+03	+8.405e+03	+0.481
19.100	+5.012e+03	+5.034e+03	+1.143e+04	+0.501
19.200	+4.126e+03	+6.061e+03	+9.396e+03	+0.595
19.300	+4.784e+03	+3.302e+03	+7.971e+03	+0.408
19.400	+4.987e+03	+4.172e+03	+9.541e+03	+0.455
19.500	+4.171e+03	+3.212e+03	+6.347e+03	+0.435
19.600	+4.101e+03	+5.222e+03	+8.470e+03	+0.560
19.700	+4.729e+03	+5.722e+03	+8.037e+03	+0.548
19.800	+2.967e+03	+3.968e+03	+7.395e+03	+0.572
19.900	+4.532e+03	+4.742e+03	+8.000e+03	+0.511
20.000	+4.229e+03	+3.538e+03	+7.884e+03	+0.456
20.100	+5.559e+03	+2.629e+03	+6.580e+03	+0.321
20.200	+3.785e+03	+3.856e+03	+9.917e+03	+0.505
20.300	+5.544e+03	+3.390e+03	+9.302e+03	+0.379
20.400	+7.425e+03	+9.641e+02	+9.684e+03	+0.115
20.500	+8.251e+03	+6.891e+01	+1.026e+04	+0.008
20.600	+9.525e+03	+7.174e+02	+6.743e+03	+0.070
20.700	+7.280e+03	+8.364e+02	+1.024e+04	+0.103
20.800	+9.292e+03	+1.173e+03	+8.290e+03	+0.112
20.900	+9.785e+03	+1.894e+02	+1.128e+04	+0.019
21.000	+8.282e+03	-7.614e+02	+1.112e+04	-0.101
21.100	+7.811e+03	+6.575e+02	+6.762e+03	+0.078
21.200	+7.030e+03	+1.102e+03	+8.624e+03	+0.136
21.300	+1.064e+04	-7.944e+01	+7.646e+03	-0.008
21.400	+7.237e+03	+1.838e+03	+1.050e+04	+0.203
21.500	+7.983e+03	+4.486e+02	+7.744e+03	+0.053
21.600	+8.656e+03	+5.519e+02	+9.034e+03	+0.060
21.700	+7.309e+03	+1.054e+03	+9.447e+03	+0.126
21.800	+7.627e+03	+2.423e+03	+8.529e+03	+0.241
21.900	+9.323e+02	+7.831e+03	+8.063e+03	+0.894
22.000	+2.006e+03	+8.071e+03	+1.052e+04	+0.801
22.100	+1.347e+03	+8.620e+03	+1.027e+04	+0.865
22.200	+3.588e+02	+8.496e+03	+7.875e+03	+0.959
22.300	+6.798e+02	+9.249e+03	+8.362e+03	+0.932
22.400	+7.228e+03	+3.161e+03	+1.097e+04	+0.304
22.500	+9.065e+03	+1.048e+03	+8.823e+03	+0.104
22.600	+5.816e+03	+1.878e+03	+9.043e+03	+0.244
22.700	+9.787e+03	+4.410e+02	+7.961e+03	+0.043
22.800	+8.423e+03	+8.639e+02	+9.571e+03	+0.093
22.900	+9.225e+03	+3.720e+02	+8.640e+03	+0.039
23.000	+1.142e+04	+1.488e+03	+8.212e+03	+0.115
23.100	+7.683e+03	+1.145e+03	+5.784e+03	+0.130
23.200	+8.657e+03	+9.810e+02	+1.092e+04	+0.102
23.300	+9.403e+03	+2.094e+03	+9.329e+03	+0.182
23.400	+8.483e+03	+2.134e+02	+9.180e+03	+0.025
23.500	+7.443e+03	+5.629e+02	+9.207e+03	+0.070
23.600	+8.944e+03	+8.165e+02	+8.679e+03	+0.084
23.700	+9.946e+03	+1.440e+03	+8.181e+03	+0.126
23.800	+8.317e+03	-3.747e+02	+7.406e+03	-0.047
23.900	+7.969e+03	+1.451e+03	+8.775e+03	+0.154
24.000	+9.256e+03	+1.853e+03	+9.308e+03	+0.167
24.100	+8.821e+03	+8.825e+02	+9.718e+03	+0.091
24.200	+6.518e+03	+1.236e+03	+9.832e+03	+0.159
24.300	+8.781e+03	+1.955e+03	+8.669e+03	+0.182
24.400	+1.012e+04	+3.793e+02	+8.395e+03	+0.036
24.500	+3.013e+03	+3.759e+03	+8.302e+03	+0.555
24.600	+8.612e+02	+7.998e+03	+9.920e+03	+0.903
24.700	+1.151e+03	+8.343e+03	+6.312e+03	+0.879
24.800	+1.283e+03	+7.735e+03	+9.432e+03	+0.858
24.900	+1.315e+03	+8.697e+03	+8.197e+03	+0.869
25.000	+9.478e+02	+8.058e+03	+7.684e+03	+0.895
25.100	+1.096e+03	+9.175e+03	+6.748e+03	+0.893
25.200	-2.980e+02	+7.264e+03	+9.709e+03	+1.043
25.300	+1.953e+03	+7.110e+03	+8.152e+03	+0.784
25.400	+1.179e+03	+7.764e+03	+9.350e+03	+0.868
25.500	+4.591e+02	+8.501e+03	+9.884e+03	+0.949
25.600	+1.298e+03	+6.501e+03	+6.868e+03	+0.834
25.700	+2.736e+02	+7.749e+03	+7.422e+03	+0.966
25.800	+2.008e+03	+7.235e+03	+5.141e+03	+0.783
25.900	+1.279e+03	+8.002e+03	+9.937e+03	+0.862
26.000	+1.920e+03	+9.231e+03	+9.702e+03	+0.828
26.100	+2.148e+03	+7.823e+03	+9.343e+03	+0.785
26.200	+1.578e+02	+6.909e+03	+8.833e+03	+0.978
26.300	-1.030e+03	+8.093e+03	+9.663e+03	+1.146
26.400	-2.526e+01	+6.045e+03	+9.001e+03	+1.004
26.500	+5.592e+02	+8.459e+03	+9.243e+03	+0.938
26.600	+1.599e+03	+7.996e+03	+8.246e+03	+0.833
26.700	+1.160e+03	+6.059e+03	+7.123e+03	+0.839
26.800	+5.013e+02	+8.181e+03	+8.095e+03	+0.942
26.900	+6.820e+02	+6.946e+03	+8.235e+03	+0.911
27.000	+6.199e+02	+6.344e+03	+1.007e+04	+0.911
27.100	+4.113e+03	+5.123e+03	+9.434e+03	+0.555
27.200	+9.282e+03	+2.345e+03	+9.943e+03	+0.202
27.300	+7.765e+03	+1.602e+03	+8.813e+03	+0.171
27.400	+6.913e+03	+4.039e+02	+6.533e+03	+0.055
27.500	+7.510e+03	+1.061e+03	+8.042e+03	+0.124
27.600	+8.538e+03	+1.327e+03	+8.958e+03	+0.135
27.700	+7.116e+03	+9.010e+02	+6.900e+03	+0.112
27.800	+6.832e+03	+5.932e+02	+9.199e+03	+0.080
27.900	+7.291e+03	+5.382e+01	+8.124e+03	+0.007
28.000	+8.741e+03	+1.648e+03	+4.840e+03	+0.159
28.100	+8.705e+03	+9.481e+02	+7.997e+03	+0.098
28.200	+7.229e+03	+7.642e+02	+8.958e+03	+0.096
28.300	+8.340e+03	+1.025e+03	+8.548e+03	+0.109
28.400	+8.636e+03	+1.080e+03	+9.491e+03	+0.111
28.500	+8.681e+03	+1.000e+02	+7.823e+03	+0.011
28.600	+7.125e+03	+1.605e+03	+8.912e+03	+0.184
28.700	+4.671e+03	+3.261e+03	+7.787e+03	+0.411
28.800	+5.986e+03	+3.983e+03	+9.427e+03	+0.400
28.900	+5.155e+03	+5.125e+03	+8.074e+03	+0.499
29.000	+4.888e+03	+5.199e+03	+8.494e+03	+0.515
29.100	+5.117e+03	+4.442e+03	+8.030e+03	+0.465
29.200	+3.184e+03	+4.312e+03	+9.431e+03	+0.575
29.300	+3.287e+03	+4.274e+03	+8.321e+03	+0.565
29.400	+5.258e+03	+5.066e+03	+1.032e+04	+0.491
29.500	+3.581e+03	+4.602e+03	+8.546e+03	+0.562
29.600	+3.988e+03	+5.378e+03	+7.937e+03	+0.574
29.700	+4.807e+03	+4.407e+03	+7.257e+03	+0.478
29.800	+6.047e+03	+4.074e+03	+9.570e+03	+0.403
29.900	+4.311e+03	+6.322e+03	+8.980e+03	+0.595
30.000	+3.210e+03	+6.236e+03	+8.564e+03	+0.660
30.100	+4.693e+03	+4.574e+03	+7.833e+03	+0.494
30.200	+3.793e+03	+4.641e+03	+9.642e+03	+0.550
30.300	+4.498e+03	+5.628e+03	+9.009e+03	+0.556
30.400	+3.308e+03	+4.540e+03	+8.938e+03	+0.578
30.500	+5.885e+03	+3.796e+03	+9.689e+03	+0.392
30.600	+3.907e+03	+4.015e+03	+8.160e+03	+0.507
30.700	+6.213e+03	+4.228e+03	+6.967e+03	+0.405
30.800	+4.491e+03	+4.403e+03	+8.389e+03	+0.495
30.900	+3.747e+03	+4.330e+03	+1.012e+04	+0.536
31.000	+4.911e+03	+4.853e+03	+9.571e+03	+0.497
31.100	+3.904e+03	+5.451e+03	+9.649e+03	+0.583
31.200	+4.580e+03	+4.624e+03	+9.168e+03	+0.502
31.300	+3.767e+03	+4.272e+03	+7.035e+03	+0.531
31.400	+4.188e+03	+4.991e+03	+9.415e+03	+0.544
31.500	+2.935e+03	+5.277e+03	+8.785e+03	+0.643
31.600	+4.033e+03	+4.367e+03	+8.135e+03	+0.520
31.700	+3.159e+03	+4.652e+03	+1.063e+04	+0.596
31.800	+3.906e+03	+4.213e+03	+7.663e+03	+0.519
31.900	+4.821e+03	+5.567e+03	+7.751e+03	+0.536
32.000	+4.695e+03	+4.515e+03	+8.753e+03	+0.490
32.100	+4.621e+03	+3.457e+03	+1.123e+04	+0.428
32.200	+4.326e+03	+3.677e+03	+8.054e+03	+0.459
32.300	+5.619e+03	+5.819e+03	+8.953e+03	+0.509
32.400	+5.012e+03	+5.348e+03	+8.788e+03	+0.516
32.500	+4.547e+03	+4.244e+03	+1.068e+04	+0.483
32.600	+4.478e+03	+4.702e+03	+9.940e+03	+0.512
32.700	+3.618e+03	+5.078e+03	+7.313e+03	+0.584
32.800	+5.381e+03	+4.307e+03	+8.875e+03	+0.445
32.900	+4.017e+03	+3.154e+03	+9.297e+03	+0.440
33.000	+1.707e+03	+8.078e+03	+7.069e+03	+0.826
33.100	+2.040e+02	+8.225e+03	+1.081e+04	+0.976
33.200	+1.748e+03	+7.661e+03	+9.859e+03	+0.814
33.300	+1.316e+03	+8.412e+03	+9.796e+03	+0.865
33.400	+8.750e+02	+5.945e+03	+8.797e+03	+0.872
33.500	+2.264e+03	+7.371e+03	+8.447e+03	+0.765
33.600	+2.124e+03	+8.253e+03	+1.024e+04	+0.795
33.700	+3.364e+02	+6.736e+03	+8.095e+03	+0.952
33.800	+3.636e+02	+8.354e+03	+7.774e+03	+0.958
33.900	+1.341e+03	+7.777e+03	+8.447e+03	+0.853
34.000	+2.153e+03	+6.944e+03	+9.952e+03	+0.763
34.100	-5.492e+02	+6.548e+03	+7.918e+03	+1.092
34.200	+5.855e+02	+8.188e+03	+7.856e+03	+0.933
34.300	+2.112e+03	+8.665e+03	+8.647e+03	+0.804
34.400	+1.651e+03	+7.290e+03	+8.673e+03	+0.815
34.500	+3.245e+02	+7.478e+03	+8.798e+03	+0.958
34.600	+9.154e+01	+8.564e+03	+1.181e+04	+0.989
34.700	+7.974e+02	+8.180e+03	+8.715e+03	+0.911
34.800	+1.110e+03	+7.722e+03	+9.495e+03	+0.874
34.900	+3.362e+02	+8.452e+03	+9.523e+03	+0.962
35.000	+3.358e+02	+8.434e+03	+6.868e+03	+0.962
35.100	-5.269e+02	+9.120e+03	+1.080e+04	+1.061
35.200	+1.191e+03	+7.588e+03	+7.793e+03	+0.864
35.300	+9.224e+02	+8.612e+03	+9.766e+03	+0.903
35.400	+7.558e+02	+7.909e+03	+7.449e+03	+0.913
35.500	+5.363e+02	+8.265e+03	+6.129e+03	+0.939
35.600	+6.683e+02	+7.363e+03	+1.039e+04	+0.917
35.700	+9.771e+01	+6.719e+03	+8.889e+03	+0.986
35.800	+9.591e+02	+7.633e+03	+8.631e+03	+0.888
35.900	-5.082e+02	+8.306e+03	+1.042e+04	+1.065
36.000	+3.259e+02	+8.443e+03	+6.690e+03	+0.963
36.100	+1.153e+03	+8.672e+03	+8.408e+03	+0.883
36.200	+1.170e+02	+8.132e+03	+8.371e+03	+0.986
36.300	+9.867e+02	+6.513e+03	+1.226e+04	+0.868
36.400	+5.086e+02	+9.017e+03	+1.217e+04	+0.947
36.500	+6.251e+03	+1.608e+03	+6.505e+03	+0.205
36.600	+8.921e+03	+1.562e+03	+9.049e+03	+0.149
36.700	+8.718e+03	+1.086e+03	+7.541e+03	+0.111
36.800	+9.160e+03	-1.040e+03	+8.953e+03	-0.128
36.900	+8.398e+03	+9.297e+02	+9.294e+03	+0.100
37.000	+8.303e+03	+7.476e+02	+8.706e+03	+0.083
37.100	+1.118e+04	+9.083e+02	+6.419e+03	+0.075
37.200	+8.218e+03	+1.639e+03	+8.883e+03	+0.166
37.300	+9.658e+03	+2.137e+03	+6.817e+03	+0.181
37.400	+7.765e+03	+1.366e+03	+9.059e+03	+0.150
37.500	+8.658e+03	+1.010e+03	+8.457e+03	+0.104
37.600	+8.340e+03	+2.388e+03	+8.519e+03	+0.223
37.700	+9.081e+03	+4.480e+02	+8.714e+03	+0.047
37.800	+7.471e+03	+1.087e+03	+7.906e+03	+0.127
37.900	+7.285e+03	+2.505e+02	+9.553e+03	+0.033
38.000	+8.655e+03	+4.972e+02	+1.044e+04	+0.054
38.100	+1.001e+04	-3.437e+02	+8.573e+03	-0.036
38.200	+9.595e+03	+2.915e+03	+8.076e+03	+0.233
38.300	+9.015e+03	+2.726e+03	+1.059e+04	+0.232
38.400	+6.736e+03	+1.343e+03	+8.000e+03	+0.166
38.500	+7.787e+03	+7.989e+02	+1.038e+04	+0.093
38.600	+6.459e+03	+2.643e+03	+8.498e+03	+0.290
38.700	+9.420e+03	+1.396e+03	+7.319e+03	+0.129
38.800	+7.166e+03	+1.969e+03	+7.130e+03	+0.216
38.900	+9.486e+03	+4.514e+02	+9.516e+03	+0.045
39.000	+8.418e+03	+1.053e+03	+8.944e+03	+0.111
39.100	+5.480e+03	+1.043e+03	+7.279e+03	+0.160
39.200	+8.391e+03	+1.903e+03	+1.109e+04	+0.185
39.300	+8.226e+03	+2.297e+03	+9.443e+03	+0.218
39.400	+8.108e+03	+1.471e+03	+8.443e+03	+0.154
39.500	+9.270e+03	+2.587e+03	+1.101e+04	+0.218
39.600	+7.935e+03	+3.498e+02	+9.530e+03	+0.042
39.700	+1.060e+04	+7.605e+02	+8.733e+03	+0.067
39.800	+7.524e+03	+7.628e+02	+8.717e+03	+0.092
39.900	+9.974e+03	+1.266e+02	+8.085e+03	+0.013
40.000	+7.547e+03	+6.565e+02	+7.893e+03	+0.080
40.100	+8.225e+03	-5.458e+02	+7.376e+03	-0.071
40.200	+7.540e+03	+9.625e+02	+8.876e+03	+0.113
40.300	+8.533e+03	+2.341e+02	+8.653e+03	+0.027
40.400	+9.012e+03	-8.664e+01	+9.322e+03	-0.010
40.500	+8.119e+03	+2.385e+03	+1.005e+04	+0.227
40.600	+8.249e+03	+3.767e+02	+1.021e+04	+0.044
40.700	+7.741e+03	+2.032e+03	+1.132e+04	+0.208
40.800	+8.719e+03	+7.263e+02	+1.141e+04	+0.077
40.900	+5.901e+03	+1.325e+03	+7.473e+03	+0.183
41.000	+7.224e+03	+1.153e+03	+8.235e+03	+0.138
41.100	+8.522e+03	+1.894e+03	+1.023e+04	+0.182
41.200	+5.667e+03	+1.536e+03	+8.766e+03	+0.213
41.300	+6.792e+03	+1.380e+03	+8.481e+03	+0.169
41.400	+5.978e+03	-4.952e+02	+1.042e+04	-0.090
41.500	+7.841e+03	-2.102e+02	+7.650e+03	-0.028
41.600	+9.384e+03	+8.983e+02	+8.277e+03	+0.087
41.700	+8.105e+03	+1.778e+03	+7.188e+03	+0.180
41.800	+9.790e+03	+1.272e+03	+7.638e+03	+0.115
41.900	+8.047e+03	+5.073e+02	+9.450e+03	+0.059
42.000	+6.813e+03	+1.966e+03	+9.283e+03	+0.224
42.100	+7.143e+03	+2.542e+02	+1.131e+04	+0.034
42.200	+7.409e+03	-6.459e+01	+9.420e+03	-0.009
42.300	+6.354e+03	+2.157e+03	+1.031e+04	+0.253
42.400	+5.702e+03	+1.922e+03	+7.894e+03	+0.252
42.500	+6.181e+03	+3.761e+03	+1.024e+04	+0.378
42.600	+5.033e+03	+4.714e+03	+8.593e+03	+0.484
42.700	+3.874e+03	+3.700e+03	+7.834e+03	+0.488
42.800	+5.090e+03	+4.952e+03	+8.852e+03	+0.493
42.900	+4.471e+03	+5.634e+03	+9.839e+03	+0.558
43.000	+3.334e+03	+5.402e+03	+1.010e+04	+0.618
43.100	+4.558e+03	+2.909e+03	+8.089e+03	+0.390
43.200	+4.617e+03	+3.584e+03	+8.979e+03	+0.437
43.300	+5.688e+03	+3.344e+03	+8.075e+03	+0.370
43.400	+4.051e+03	+4.586e+03	+9.394e+03	+0.531
43.500	+4.762e+03	+4.895e+03	+1.230e+04	+0.507
43.600	+3.456e+03	+4.759e+03	+9.235e+03	+0.579
43.700	+4.041e+03	+3.863e+03	+6.211e+03	+0.489
43.800	+5.194e+03	+5.718e+03	+1.068e+04	+0.524
43.900	+4.245e+03	+3.439e+03	+7.972e+03	+0.448
44.000	+2.893e+03	+3.971e+03	+8.625e+03	+0.579
44.100	+4.904e+03	+4.426e+03	+8.270e+03	+0.474
44.200	+5.291e+03	+3.391e+03	+8.815e+03	+0.391
44.300	+3.129e+03	+4.051e+03	+1.013e+04	+0.564
44.400	+6.173e+03	+3.243e+03	+8.211e+03	+0.344
44.500	+3.585e+03	+3.507e+03	+9.665e+03	+0.494
44.600	+3.309e+03	+4.939e+03	+7.927e+03	+0.599
44.700	+3.441e+03	+3.659e+03	+7.945e+03	+0.515
44.800	+4.303e+03	+6.657e+03	+7.643e+03	+0.607
44.900	+4.827e+03	+5.039e+03	+9.503e+03	+0.511
45.000	+4.066e+03	+4.682e+03	+9.299e+03	+0.535
45.100	+3.391e+03	+4.361e+03	+8.309e+03	+0.563
45.200	+4.111e+03	+5.245e+03	+9.240e+03	+0.561
45.300	+4.175e+03	+4.890e+03	+7.327e+03	+0.539
45.400	+4.596e+03	+4.738e+03	+9.016e+03	+0.508
45.500	+3.224e+03	+4.327e+03	+9.000e+03	+0.573
45.600	+4.291e+03	+5.175e+03	+9.500e+03	+0.547
45.700	+4.011e+03	+5.052e+03	+8.590e+03	+0.557
45.800	+4.974e+03	+4.431e+03	+7.951e+03	+0.471
45.900	+2.998e+03	+5.319e+03	+9.179e+03	+0.640
46.000	+4.275e+03	+5.063e+03	+1.035e+04	+0.542
46.100	+4.546e+03	+3.468e+03	+7.792e+03	+0.433
46.200	+4.989e+03	+3.035e+03	+6.923e+03	+0.378
46.300	+6.777e+03	+4.623e+03	+9.424e+03	+0.405
46.400	+4.585e+03	+3.992e+03	+9.601e+03	+0.465
46.500	+5.168e+03	+4.788e+03	+8.538e+03	+0.481
46.600	+4.031e+03	+4.406e+03	+9.549e+03	+0.522
46.700	+4.915e+03	+3.565e+03	+9.279e+03	+0.420
46.800	+4.319e+03	+3.463e+03	+8.996e+03	+0.445
46.900	+5.048e+03	+3.946e+03	+8.216e+03	+0.439
47.000	+3.745e+03	+3.672e+03	+1.071e+04	+0.495
47.100	+4.118e+03	+3.374e+03	+7.289e+03	+0.450
47.200	+4.486e+03	+4.941e+03	+7.493e+03	+0.524
47.300	+4.661e+03	+4.015e+03	+1.062e+04	+0.463
47.400	+4.788e+03	+4.078e+03	+8.711e+03	+0.460
47.500	+3.982e+03	+6.191e+03	+8.837e+03	+0.609
47.600	+3.117e+03	+3.065e+03	+8.435e+03	+0.496
47.700	+3.493e+03	+5.201e+03	+8.086e+03	+0.598
47.800	+5.945e+03	+5.380e+03	+8.321e+03	+0.475
47.900	+5.503e+03	+5.228e+03	+7.098e+03	+0.487
48.000	+3.196e+03	+3.906e+03	+8.008e+03	+0.550
48.100	+4.866e+03	+3.354e+03	+1.089e+04	+0.408
48.200	+3.881e+03	+4.279e+03	+7.869e+03	+0.524
48.300	+4.038e+03	+4.824e+03	+6.140e+03	+0.544
48.400	+5.403e+03	+3.159e+03	+7.237e+03	+0.369
48.500	+5.303e+03	+5.197e+03	+8.852e+03	+0.495
48.600	+5.735e+03	+4.551e+03	+1.004e+04	+0.442
48.700	+4.054e+03	+4.517e+03	+9.846e+03	+0.527
48.800	+4.449e+03	+3.113e+03	+9.225e+03	+0.412
48.900	+4.103e+03	+3.979e+03	+8.828e+03	+0.492
49.000	+5.229e+03	+3.898e+03	+9.497e+03	+0.427
49.100	+3.730e+03	+4.797e+03	+1.150e+04	+0.563
49.200	+5.410e+03	+3.533e+03	+9.178e+03	+0.395
49.300	+3.387e+03	+5.447e+03	+8.481e+03	+0.617
49.400	+3.796e+03	+4.445e+03	+7.890e+03	+0.539
49.500	+4.423e+03	+3.668e+03	+8.626e+03	+0.453
49.600	+4.696e+03	+2.695e+03	+8.447e+03	+0.365
49.700	+4.481e+03	+5.162e+03	+9.717e+03	+0.535
49.800	+3.500e+03	+5.061e+03	+7.419e+03	+0.591
49.900	+4.222e+03	+4.463e+03	+9.864e+03	+0.514
50.000	+1.986e+03	+7.066e+03	+6.719e+03	+0.781
50.100	+3.976e+02	+8.348e+03	+9.200e+03	+0.955
50.200	+3.272e+02	+9.262e+03	+8.450e+03	+0.966
50.300	+4.792e+02	+9.078e+03	+1.024e+04	+0.950
50.400	+1.568e+03	+7.618e+03	+7.357e+03	+0.829
50.500	+4.852e+02	+7.813e+03	+9.825e+03	+0.942
50.600	-1.864e+02	+7.925e+03	+8.993e+03	+1.024
50.700	+5.101e+02	+7.273e+03	+8.443e+03	+0.934
50.800	+1.725e+03	+7.164e+03	+6.943e+03	+0.806
50.900	-8.419e+01	+7.735e+03	+8.797e+03	+1.011
51.000	+6.342e+02	+6.942e+03	+7.464e+03	+0.916
51.100	+1.225e+03	+8.770e+03	+7.741e+03	+0.877
51.200	+1.231e+03	+7.992e+03	+5.310e+03	+0.867
51.300	+2.500e+03	+6.937e+03	+7.210e+03	+0.735
51.400	+1.830e+03	+7.226e+03	+7.450e+03	+0.798
51.500	+1.209e+03	+7.999e+03	+6.634e+03	+0.869
51.600	+9.052e+02	+6.103e+03	+7.726e+03	+0.871
51.700	+1.573e+03	+8.910e+03	+7.826e+03	+0.850
51.800	+4.052e+02	+6.635e+03	+8.864e+03	+0.942
51.900	+6.477e+02	+1.094e+04	+7.039e+03	+0.944
52.000	+1.216e+03	+7.711e+03	+8.342e+03	+0.864
52.100	+6.976e+02	+7.575e+03	+8.373e+03	+0.916
52.200	+1.372e+03	+7.217e+03	+7.069e+03	+0.840
52.300	+8.530e+02	+6.624e+03	+9.569e+03	+0.886
52.400	-4.994e+02	+8.247e+03	+9.004e+03	+1.064
52.500	+9.088e+02	+8.462e+03	+9.653e+03	+0.903
52.600	+7.383e+02	+9.233e+03	+9.328e+03	+0.926
52.700	+1.115e+03	+7.503e+03	+7.676e+03	+0.871
52.800	+1.479e+03	+8.430e+03	+7.829e+03	+0.851
52.900	+6.842e+02	+7.151e+03	+8.988e+03	+0.913
53.000	+1.913e+02	+9.959e+03	+1.215e+04	+0.981
53.100	+5.962e+02	+7.631e+03	+6.636e+03	+0.928
53.200	+1.569e+03	+8.409e+03	+8.054e+03	+0.843
53.300	+1.247e+03	+6.354e+03	+8.435e+03	+0.836
53.400	+2.708e+02	+8.024e+03	+8.088e+03	+0.967
53.500	+5.580e+02	+8.566e+03	+9.387e+03	+0.939
53.600	+4.237e+02	+8.676e+03	+7.580e+03	+0.953
53.700	+1.923e+03	+9.317e+03	+8.888e+03	+0.829
53.800	+4.583e+03	+3.856e+03	+7.886e+03	+0.457
53.900	+7.469e+03	+3.999e+02	+7.898e+03	+0.051
54.000	+6.686e+03	+5.601e+02	+8.057e+03	+0.077
54.100	+8.979e+03	+1.449e+03	+7.940e+03	+0.139
54.200	+8.714e+03	+1.781e+03	+8.062e+03	+0.170
54.300	+5.574e+03	+1.782e+03	+7.723e+03	+0.242
54.400	+7.826e+03	+1.610e+02	+9.469e+03	+0.020
54.500	+7.522e+03	+1.046e+03	+7.803e+03	+0.122
54.600	+7.485e+03	+3.271e+02	+6.538e+03	+0.042
54.700	+8.212e+03	+2.119e+03	+8.080e+03	+0.205
54.800	+7.420e+03	+3.441e+03	+8.208e+03	+0.317
54.900	+6.628e+03	+6.253e+02	+8.258e+03	+0.086
55.000	+8.608e+03	+1.116e+03	+7.321e+03	+0.115
55.100	+6.201e+03	+1.482e+03	+7.023e+03	+0.193
55.200	+8.188e+03	-1.291e+02	+7.433e+03	-0.016
55.300	+7.698e+03	+1.438e+03	+9.437e+03	+0.157
55.400	+9.507e+03	+1.901e+03	+1.015e+04	+0.167
55.500	+9.474e+03	+1.004e+03	+7.361e+03	+0.096
55.600	+8.640e+03	-9.231e+01	+9.140e+03	-0.011
55.700	+1.025e+04	+2.223e+03	+9.125e+03	+0.178
55.800	+8.591e+03	-6.536e+02	+9.483e+03	-0.082
55.900	+9.824e+03	+1.967e+03	+7.578e+03	+0.167
56.000	+8.366e+03	+1.977e+03	+7.966e+03	+0.191
56.100	+9.246e+03	+4.391e+02	+1.015e+04	+0.045
56.200	+7.673e+03	+1.938e+03	+8.155e+03	+0.202
56.300	+7.215e+03	+1.848e+03	+8.707e+03	+0.204
56.400	+7.274e+03	+2.320e+03	+8.484e+03	+0.242
56.500	+8.360e+03	+1.681e+03	+8.552e+03	+0.167
56.600	+2.965e+03	+8.286e+03	+8.455e+03	+0.736
56.700	+1.561e+03	+9.036e+03	+8.005e+03	+0.853
56.800	+1.482e+03	+8.615e+03	+9.068e+03	+0.853
56.900	+1.053e+03	+8.778e+03	+9.108e+03	+0.893
57.000	+1.123e+03	+8.262e+03	+8.930e+03	+0.880
57.100	+1.880e+03	+8.233e+03	+8.765e+03	+0.814
57.200	-4.683e+02	+6.700e+03	+7.850e+03	+1.075
57.300	+5.934e+02	+7.482e+03	+6.591e+03	+0.927
57.400	+4.119e+01	+9.233e+03	+7.886e+03	+0.996
57.500	+4.363e+02	+7.540e+03	+9.628e+03	+0.945
57.600	-1.065e+03	+7.785e+03	+9.531e+03	+1.158
57.700	-3.189e+02	+7.854e+03	+7.708e+03	+1.042
57.800	+3.267e+02	+8.051e+03	+8.116e+03	+0.961
57.900	+9.744e+02	+7.014e+03	+6.638e+03	+0.878
58.000	+1.359e+02	+8.042e+03	+1.016e+04	+0.983
58.100	+7.583e+02	+9.016e+03	+7.651e+03	+0.922
58.200	-2.386e+02	+1.083e+04	+8.725e+03	+1.023
58.300	+7.535e+03	+5.544e+02	+7.413e+03	+0.069
58.400	+7.928e+03	+3.080e+01	+8.985e+03	+0.004
58.500	+8.553e+03	-4.084e+02	+9.409e+03	-0.050
58.600	+8.634e+03	+2.310e+03	+7.672e+03	+0.211
58.700	+1.028e+04	+3.227e+03	+1.001e+04	+0.239
58.800	+8.591e+03	+5.192e+02	+6.570e+03	+0.057
58.900	+8.104e+03	+1.909e+03	+5.968e+03	+0.191
59.000	+1.462e+03	+6.859e+03	+8.231e+03	+0.824
59.100	+1.515e+03	+7.069e+03	+6.983e+03	+0.824
59.200	+2.132e+03	+6.729e+03	+8.087e+03	+0.759
59.300	+9.297e+02	+8.248e+03	+6.677e+03	+0.899
59.400	+1.165e+03	+7.167e+03	+9.730e+03	+0.860
59.500	+5.789e+02	+9.643e+03	+1.022e+04	+0.943
59.600	+2.475e+03	+8.670e+03	+8.138e+03	+0.778
59.700	+7.254e+02	+8.876e+03	+7.990e+03	+0.924
59.800	-1.796e+02	+6.269e+03	+7.652e+03	+1.029
59.900	+9.285e+02	+8.238e+03	+8.405e+03	+0.899
60.000	+1.065e+03	+6.339e+03	+8.737e+03	+0.856
60.100	+1.379e+03	+7.437e+03	+8.352e+03	+0.844
60.200	+2.207e+03	+8.372e+03	+8.629e+03	+0.791
60.300	+8.336e+02	+8.644e+03	+1.031e+04	+0.912
60.400	+2.693e+02	+9.668e+03	+9.948e+03	+0.973
60.500	-8.386e+02	+7.373e+03	+8.155e+03	+1.128
60.600	-2.762e+02	+6.434e+03	+7.636e+03	+1.045
60.700	+2.391e+02	+6.522e+03	+7.880e+03	+0.965
60.800	+1.378e+03	+6.544e+03	+1.105e+04	+0.826
60.900	+9.167e+02	+5.945e+03	+1.019e+04	+0.866
61.000	+1.362e+03	+7.129e+03	+6.939e+03	+0.840
61.100	+4.083e+03	+4.970e+03	+8.228e+03	+0.549
61.200	+7.171e+03	+1.277e+03	+6.691e+03	+0.151
61.300	+9.212e+03	+1.489e+03	+6.641e+03	+0.139
61.400	+7.549e+03	+3.115e+03	+9.288e+03	+0.292
61.500	+9.862e+03	+2.244e+03	+7.974e+03	+0.185
61.600	+8.629e+03	+2.157e+03	+9.545e+03	+0.200
61.700	+8.480e+03	+2.760e+03	+9.303e+03	+0.246
61.800	+9.099e+03	+9.525e+02	+6.610e+03	+0.095
61.900	+6.990e+03	+8.345e+02	+8.025e+03	+0.107
62.000	+8.370e+03	+1.566e+03	+8.738e+03	+0.158
62.100	+9.056e+03	+1.868e+03	+1.033e+04	+0.171
62.200	+8.599e+03	+4.873e+02	+9.209e+03	+0.054
62.300	+9.112e+03	+1.295e+03	+6.832e+03	+0.124
62.400	+6.602e+03	+8.837e+02	+5.607e+03	+0.118
62.500	+8.999e+03	+2.833e+03	+9.798e+03	+0.239
62.600	+7.667e+03	-4.934e+02	+8.565e+03	-0.069
62.700	+8.977e+03	+6.636e+02	+7.007e+03	+0.069
62.800	+8.457e+03	+7.579e+02	+9.587e+03	+0.082
62.900	+9.004e+03	+8.629e+02	+1.027e+04	+0.087
63.000	+6.588e+03	+2.839e+03	+8.673e+03	+0.301
63.100	+1.657e+03	+8.717e+03	+7.716e+03	+0.840
63.200	-6.971e+01	+9.174e+03	+9.884e+03	+1.008
63.300	+9.645e+02	+6.465e+03	+6.067e+03	+0.870
63.400	+1.889e+03	+7.520e+03	+8.132e+03	+0.799
63.500	+7.794e+02	+6.762e+03	+1.041e+04	+0.897
63.600	+8.392e+02	+8.942e+03	+8.284e+03	+0.914
63.700	+1.783e+03	+6.623e+03	+7.059e+03	+0.788
63.800	+4.219e+02	+6.421e+03	+8.573e+03	+0.938
63.900	+1.673e+03	+7.951e+03	+8.406e+03	+0.826
64.000	+1.514e+03	+8.611e+03	+8.072e+03	+0.850
64.100	+4.068e+02	+9.432e+03	+7.932e+03	+0.959
64.200	+1.112e+03	+6.497e+03	+7.531e+03	+0.854
64.300	+8.730e+02	+7.270e+03	+7.678e+03	+0.893
64.400	+1.443e+03	+6.016e+03	+1.002e+04	+0.807
64.500	+1.666e+02	+8.752e+03	+9.656e+03	+0.981
64.600	+2.007e+03	+7.967e+03	+7.603e+03	+0.799
64.700	+8.567e+02	+7.743e+03	+7.746e+03	+0.900
64.800	-2.915e+01	+8.669e+03	+1.007e+04	+1.003
64.900	-3.759e+02	+8.905e+03	+7.161e+03	+1.044
65.000	+1.474e+03	+6.807e+03	+7.926e+03	+0.822
65.100	+1.742e+03	+6.759e+03	+7.290e+03	+0.795
65.200	+9.959e+02	+7.443e+03	+7.961e+03	+0.882
65.300	+2.501e+03	+7.635e+03	+8.054e+03	+0.753
65.400	+1.271e+03	+9.405e+03	+7.768e+03	+0.881
65.500	+1.149e+03	+8.477e+03	+8.458e+03	+0.881
65.600	-5.609e+02	+7.804e+03	+7.527e+03	+1.077
65.700	+1.818e+03	+9.146e+03	+9.437e+03	+0.834
65.800	+1.531e+02	+7.848e+03	+8.862e+03	+0.981
65.900	+1.519e+03	+7.379e+03	+9.950e+03	+0.829
66.000	+3.596e+03	+7.260e+03	+6.267e+03	+0.669
66.100	+6.945e+02	+8.561e+03	+9.044e+03	+0.925
66.200	+1.873e+03	+8.246e+03	+9.530e+03	+0.815
66.300	+5.767e+02	+7.271e+03	+7.141e+03	+0.927
66.400	+9.760e+02	+6.030e+03	+8.069e+03	+0.861
66.500	+8.023e+02	+8.655e+03	+9.653e+03	+0.915
66.600	+1.204e+03	+8.424e+03	+7.607e+03	+0.875
66.700	-1.793e+02	+8.131e+03	+9.101e+03	+1.023
66.800	+1.617e+03	+8.022e+03	+7.782e+03	+0.832
66.900	+1.585e+03	+7.375e+03	+7.059e+03	+0.823
67.000	+4.975e+02	+8.405e+03	+7.626e+03	+0.944
67.100	+1.452e+03	+8.036e+03	+7.455e+03	+0.847
67.200	+1.021e+02	+8.550e+03	+9.881e+03	+0.988
67.300	+1.591e+03	+6.997e+03	+9.264e+03	+0.815
67.400	+1.732e+03	+8.863e+03	+9.798e+03	+0.837
67.500	+2.372e+03	+8.875e+03	+8.995e+03	+0.789
67.600	+1.119e+03	+6.267e+03	+9.550e+03	+0.848
67.700	-6.357e+02	+9.244e+03	+7.408e+03	+1.074
67.800	+1.364e+03	+7.681e+03	+7.667e+03	+0.849
67.900	+2.843e+03	+7.409e+03	+8.536e+03	+0.723
68.000	+1.261e+03	+7.365e+03	+8.377e+03	+0.854
68.100	+1.334e+02	+5.911e+03	+7.904e+03	+0.978
68.200	+1.518e+03	+8.311e+03	+9.539e+03	+0.846
68.300	+9.762e+02	+7.128e+03	+7.780e+03	+0.880
68.400	+1.201e+02	+7.421e+03	+7.642e+03	+0.984
68.500	+1.245e+03	+7.297e+03	+8.570e+03	+0.854
68.600	+3.549e+02	+8.937e+03	+9.440e+03	+0.962
68.700	+1.356e+03	+8.510e+03	+7.426e+03	+0.863
68.800	+1.728e+03	+6.131e+03	+5.990e+03	+0.780
68.900	+1.098e+03	+9.512e+03	+8.489e+03	+0.896
69.000	-1.507e+02	+6.366e+03	+7.511e+03	+1.024
69.100	+3.537e+02	+7.636e+03	+8.273e+03	+0.956
69.200	+1.357e+03	+6.457e+03	+7.467e+03	+0.826
69.300	+1.457e+03	+8.128e+03	+8.247e+03	+0.848
69.400	+1.524e+03	+7.775e+03	+8.944e+03	+0.836
69.500	+1.061e+03	+8.516e+03	+7.272e+03	+0.889
69.600	+3.417e+02	+9.046e+03	+8.431e+03	+0.964
69.700	+9.675e+01	+7.531e+03	+4.859e+03	+0.987
69.800	+1.691e+03	+7.466e+03	+6.242e+03	+0.815
69.900	+1.421e+03	+7.900e+03	+9.114e+03	+0.848
70.000	+2.977e+03	+8.855e+03	+7.852e+03	+0.748
70.100	+1.402e+03	+8.946e+03	+7.340e+03	+0.865
70.200	+1.507e+03	+9.004e+03	+8.969e+03	+0.857
70.300	+1.033e+03	+8.133e+03	+8.508e+03	+0.887
70.400	+1.519e+03	+7.723e+03	+9.520e+03	+0.836
70.500	+7.886e+02	+7.753e+03	+7.348e+03	+0.908
70.600	+1.559e+03	+6.971e+03	+9.150e+03	+0.817
70.700	+4.973e+03	+4.872e+03	+9.362e+03	+0.495
70.800	+9.605e+03	+5.006e+02	+9.213e+03	+0.050
70.900	+8.455e+03	+1.244e+03	+7.716e+03	+0.128
71.000	+8.830e+03	+1.356e+03	+1.005e+04	+0.133
71.100	+7.841e+03	+1.387e+03	+8.797e+03	+0.150
71.200	+8.604e+03	+1.278e+03	+9.070e+03	+0.129
71.300	+7.950e+03	+1.458e+03	+1.093e+04	+0.155
71.400	+7.595e+03	+9.258e+02	+8.668e+03	+0.109
71.500	+8.788e+03	-9.108e+01	+1.015e+04	-0.010
71.600	+1.012e+04	+3.923e+02	+6.781e+03	+0.037
71.700	+6.194e+03	+9.613e+02	+8.731e+03	+0.134
71.800	+8.216e+03	-8.744e+02	+7.639e+03	-0.119
71.900	+9.218e+03	+9.178e+02	+8.804e+03	+0.091
72.000	+1.010e+04	+1.094e+03	+1.088e+04	+0.098
72.100	+9.414e+03	+8.428e+02	+7.810e+03	+0.082
72.200	+9.337e+03	+2.119e+03	+8.030e+03	+0.185
72.300	+8.421e+03	+2.056e+03	+8.420e+03	+0.196
72.400	+3.393e+03	+5.541e+03	+6.776e+03	+0.620
72.500	+1.575e+03	+8.916e+03	+7.369e+03	+0.850
72.600	+3.491e+02	+7.088e+03	+1.005e+04	+0.953
72.700	+1.974e+03	+7.234e+03	+8.506e+03	+0.786
72.800	+1.336e+03	+8.785e+03	+9.353e+03	+0.868
72.900	+1.730e+03	+7.039e+03	+8.386e+03	+0.803
73.000	+8.672e+02	+8.754e+03	+7.307e+03	+0.910
73.100	+1.015e+03	+9.763e+03	+9.042e+03	+0.906
73.200	+5.164e+02	+7.676e+03	+9.508e+03	+0.937
73.300	+1.494e+03	+6.962e+03	+7.431e+03	+0.823
73.400	+1.020e+03	+7.026e+03	+8.462e+03	+0.873
73.500	+1.221e+03	+7.497e+03	+7.781e+03	+0.860
73.600	+1.427e+03	+8.588e+03	+9.365e+03	+0.858
73.700	+1.369e+03	+9.628e+03	+8.186e+03	+0.875
73.800	+1.683e+03	+6.358e+03	+7.486e+03	+0.791
73.900	+6.836e+02	+7.707e+03	+8.092e+03	+0.919
74.000	+2.688e+03	+4.484e+03	+8.005e+03	+0.625
74.100	+1.061e+04	+1.170e+03	+9.574e+03	+0.099
74.200	+7.938e+03	+9.404e+02	+1.001e+04	+0.106
74.300	+1.060e+04	+9.551e+02	+8.514e+03	+0.083
74.400	+8.306e+03	+1.893e+02	+8.264e+03	+0.022
74.500	+6.791e+03	+9.748e+02	+9.181e+03	+0.126
74.600	+6.739e+03	+2.328e+03	+9.205e+03	+0.257
74.700	+8.939e+03	+2.022e+03	+8.615e+03	+0.184
74.800	+7.818e+03	+5.528e+02	+7.865e+03	+0.066
74.900	+3.571e+03	+4.951e+03	+6.857e+03	+0.581
75.000	+4.844e+03	+4.072e+03	+8.807e+03	+0.457
75.100	+3.987e+03	+3.965e+03	+9.453e+03	+0.499
75.200	+4.869e+03	+4.066e+03	+6.949e+03	+0.455
75.300	+3.993e+03	+4.411e+03	+9.232e+03	+0.525
75.400	+3.793e+03	+4.719e+03	+8.573e+03	+0.554
75.500	+3.757e+03	+3.780e+03	+1.164e+04	+0.502
75.600	+4.721e+03	+5.022e+03	+1.005e+04	+0.515
75.700	+3.916e+03	+3.477e+03	+1.041e+04	+0.470
75.800	+4.313e+03	+4.830e+03	+1.088e+04	+0.528
75.900	+3.100e+03	+6.234e+03	+7.176e+03	+0.668
76.000	+1.541e+03	+7.855e+03	+1.202e+04	+0.836
76.100	+1.165e+03	+6.667e+03	+1.074e+04	+0.851
76.200	+2.109e+03	+9.560e+03	+6.446e+03	+0.819
76.300	-8.517e+02	+7.644e+03	+1.018e+04	+1.125
76.400	+1.401e+03	+8.751e+03	+8.271e+03	+0.862
76.500	-4.987e+02	+8.423e+03	+8.207e+03	+1.063
76.600	+3.641e+02	+9.649e+03	+6.313e+03	+0.964
76.700	+1.724e+03	+7.736e+03	+8.519e+03	+0.818
76.800	-1.296e+02	+6.944e+03	+7.628e+03	+1.019
76.900	+1.403e+02	+6.241e+03	+8.889e+03	+0.978
77.000	+3.056e+03	+8.196e+03	+8.306e+03	+0.728
77.100	+1.731e+03	+6.340e+03	+8.576e+03	+0.786
77.200	+3.457e+02	+7.406e+03	+5.980e+03	+0.955
77.300	+1.374e+03	+8.645e+03	+1.009e+04	+0.863
77.400	+3.939e+02	+6.736e+03	+1.031e+04	+0.945
77.500	+8.698e+01	+9.964e+03	+7.805e+03	+0.991
77.600	+2.316e+03	+8.657e+03	+8.407e+03	+0.789
77.700	-1.890e+01	+5.877e+03	+8.724e+03	+1.003
77.800	+1.078e+03	+8.735e+03	+7.879e+03	+0.890
77.900	+1.091e+03	+8.600e+03	+1.013e+04	+0.887
78.000	+1.058e+03	+7.131e+03	+1.007e+04	+0.871
78.100	-8.312e+01	+6.431e+03	+8.998e+03	+1.013
78.200	+3.882e+03	+6.006e+03	+8.009e+03	+0.607
78.300	+3.711e+03	+3.287e+03	+9.275e+03	+0.470
78.400	+3.795e+03	+4.604e+03	+8.806e+03	+0.548
78.500	+4.163e+03	+5.206e+03	+1.065e+04	+0.556
78.600	+3.320e+03	+4.949e+03	+1.051e+04	+0.599
78.700	+5.093e+03	+5.600e+03	+9.044e+03	+0.524
78.800	+3.730e+03	+4.522e+03	+8.506e+03	+0.548
78.900	+4.205e+03	+5.560e+03	+9.318e+03	+0.569
79.000	+3.804e+03	+4.039e+03	+6.732e+03	+0.515
79.100	+5.111e+03	+4.982e+03	+1.056e+04	+0.494
79.200	+5.889e+03	+5.002e+03	+8.934e+03	+0.459
79.300	+4.533e+03	+3.279e+03	+5.966e+03	+0.420
79.400	+4.217e+03	+4.467e+03	+6.825e+03	+0.514
79.500	+3.458e+03	+5.561e+03	+8.480e+03	+0.617
79.600	+3.774e+03	+3.815e+03	+1.163e+04	+0.503
79.700	+5.854e+03	+4.221e+03	+7.447e+03	+0.419
79.800	+4.877e+03	+5.131e+03	+7.606e+03	+0.513
79.900	+4.450e+03	+5.536e+03	+9.343e+03	+0.554
80.000	+3.130e+03	+4.609e+03	+9.732e+03	+0.596
80.100	+3.302e+03	+4.371e+03	+7.646e+03	+0.570
80.200	+4.784e+03	+4.208e+03	+9.498e+03	+0.468
80.300	+3.806e+03	+4.984e+03	+7.897e+03	+0.567
80.400	+4.431e+03	+4.748e+03	+8.652e+03	+0.517
80.500	+3.104e+03	+4.451e+03	+8.097e+03	+0.589
80.600	+4.557e+03	+4.630e+03	+8.862e+03	+0.504
80.700	+3.791e+03	+4.090e+03	+7.070e+03	+0.519
80.800	+3.286e+03	+5.479e+03	+1.024e+04	+0.625
80.900	+5.405e+02	+7.012e+03	+7.682e+03	+0.928
81.000	+8.992e+02	+6.596e+03	+6.781e+03	+0.880
81.100	+9.041e+02	+6.324e+03	+1.046e+04	+0.875
81.200	+4.967e+02	+6.684e+03	+1.028e+04	+0.931
81.300	+1.377e+03	+8.321e+03	+5.798e+03	+0.858
81.400	+1.549e+03	+8.384e+03	+5.640e+03	+0.844
81.500	+1.020e+03	+5.662e+03	+7.417e+03	+0.847
81.600	+7.756e+02	+8.182e+03	+8.749e+03	+0.913
81.700	+9.567e+02	+7.696e+03	+9.327e+03	+0.889
81.800	+1.855e+03	+8.505e+03	+8.415e+03	+0.821
81.900	+2.243e+03	+8.253e+03	+1.212e+04	+0.786
82.000	+1.805e+03	+7.921e+03	+9.595e+03	+0.814
82.100	+1.095e+03	+7.679e+03	+9.164e+03	+0.875
82.200	+1.009e+03	+7.866e+03	+9.496e+03	+0.886
82.300	+5.425e+03	+4.811e+03	+8.028e+03	+0.470
82.400	+8.208e+03	+1.752e+03	+8.936e+03	+0.176
82.500	+6.531e+03	+3.188e+01	+7.079e+03	+0.005
82.600	+8.639e+03	+1.858e+03	+6.876e+03	+0.177
82.700	+9.086e+03	-7.853e+01	+7.796e+03	-0.009
82.800	+8.348e+03	+4.001e+03	+8.380e+03	+0.324
82.900	+8.645e+03	-3.827e+01	+8.765e+03	-0.004
83.000	+1.019e+04	+3.556e+02	+1.102e+04	+0.034
83.100	+9.958e+03	+7.834e+02	+6.545e+03	+0.073
83.200	+8.269e+03	+2.381e+02	+9.352e+03	+0.028
83.300	+6.505e+03	+5.373e+02	+9.951e+03	+0.076
83.400	+8.356e+03	+9.109e+02	+8.237e+03	+0.098
