%t (s)	Idd (a.u.)	Ida (a.u.)	Iaa (a.u.)	FRET E
0.000	+1.809e+03	+8.472e+03	+9.951e+03	+0.824
0.100	+1.454e+03	+6.254e+03	+1.076e+04	+0.811
0.200	+7.194e+02	+6.202e+03	+8.583e+03	+0.896
0.300	+5.445e+02	+6.951e+03	+7.982e+03	+0.927
0.400	+8.247e+02	+7.878e+03	+8.582e+03	+0.905
0.500	+9.325e+02	+8.063e+03	+8.663e+03	+0.896
0.600	+6.612e+02	+7.792e+03	+9.645e+03	+0.922
0.700	+9.568e+02	+9.402e+03	+9.520e+03	+0.908
0.800	+6.692e+02	+7.430e+03	+8.852e+03	+0.917
0.900	+1.564e+03	+8.917e+03	+8.713e+03	+0.851
1.000	+5.974e+02	+7.547e+03	+6.664e+03	+0.927
1.100	-7.432e+01	+8.327e+03	+8.624e+03	+1.009
1.200	-2.348e+02	+6.944e+03	+9.247e+03	+1.035
1.300	+1.337e+03	+9.508e+03	+7.547e+03	+0.877
1.400	+7.192e+02	+7.499e+03	+7.516e+03	+0.912
1.500	+4.649e+02	+1.091e+04	+9.040e+03	+0.959
1.600	+4.605e+02	+9.104e+03	+8.667e+03	+0.952
1.700	+1.430e+03	+7.520e+03	+9.218e+03	+0.840
1.800	+5.135e+02	+7.462e+03	+8.205e+03	+0.936
1.900	+1.801e+03	+6.266e+03	+8.982e+03	+0.777
2.000	+2.486e+02	+7.478e+03	+1.153e+04	+0.968
2.100	-2.977e+02	+5.770e+03	+9.621e+03	+1.054
2.200	+2.084e+02	+8.856e+03	+9.298e+03	+0.977
2.300	+9.885e+02	+8.871e+03	+9.410e+03	+0.900
2.400	-5.275e+02	+6.526e+03	+8.680e+03	+1.088
2.500	+2.396e+03	+5.692e+03	+8.306e+03	+0.704
2.600	+1.153e+03	+6.844e+03	+9.707e+03	+0.856
2.700	+5.863e+02	+7.945e+03	+9.882e+03	+0.931
2.800	+1.011e+03	+6.373e+03	+8.540e+03	+0.863
2.900	+8.388e+02	+7.801e+03	+9.341e+03	+0.903
3.000	+5.817e+02	+9.206e+03	+8.680e+03	+0.941
3.100	+6.012e+03	+8.068e+02	+8.311e+03	+0.118
3.200	+8.148e+03	+1.868e+03	+9.188e+03	+0.187
3.300	+7.124e+03	-7.515e+02	+1.089e+04	-0.118
3.400	+8.101e+03	+9.164e+02	+9.324e+03	+0.102
3.500	+9.661e+03	+1.653e+03	+8.339e+03	+0.146
3.600	+7.952e+03	-3.171e+02	+8.594e+03	-0.042
3.700	+8.226e+03	+4.132e+02	+8.185e+03	+0.048
3.800	+8.784e+03	+1.257e+03	+8.079e+03	+0.125
3.900	+8.198e+03	+1.956e+03	+1.040e+04	+0.193
4.000	+1.153e+03	+7.924e+03	+8.750e+03	+0.873
4.100	+8.197e+02	+8.872e+03	+1.001e+04	+0.915
4.200	+1.923e+03	+7.055e+03	+7.972e+03	+0.786
4.300	+8.171e+03	+1.318e+03	+8.631e+03	+0.139
4.400	+7.264e+03	+2.979e+02	+1.011e+04	+0.039
4.500	+6.404e+03	-5.291e+02	+8.675e+03	-0.090
4.600	+9.149e+03	+1.269e+03	+1.061e+04	+0.122
4.700	+8.992e+03	+9.995e+02	+8.859e+03	+0.100
4.800	+8.148e+03	+8.863e+02	+7.525e+03	+0.098
4.900	+9.285e+03	+1.177e+03	+9.179e+03	+0.112
5.000	+6.724e+03	+1.622e+03	+9.445e+03	+0.194
5.100	+3.365e+03	+5.010e+03	+9.289e+03	+0.598
5.200	+4.403e+03	+4.220e+03	+7.699e+03	+0.489
5.300	+1.609e+03	+4.465e+03	+1.033e+04	+0.735
5.400	+2.229e+03	+3.747e+03	+8.935e+03	+0.627
5.500	+4.618e+03	+5.179e+03	+9.965e+03	+0.529
5.600	+3.835e+03	+3.447e+03	+8.332e+03	+0.473
5.700	+2.249e+03	+4.902e+03	+8.023e+03	+0.685
5.800	+4.058e+03	+5.100e+03	+8.157e+03	+0.557
5.900	+3.252e+03	+7.094e+03	+9.011e+03	+0.686
6.000	+4.299e+02	+7.808e+03	+6.951e+03	+0.948
6.100	-6.731e+02	+8.470e+03	+8.100e+03	+1.086
6.200	+5.858e+02	+7.496e+03	+5.964e+03	+0.928
6.300	+1.345e+03	+6.659e+03	+1.068e+04	+0.832
6.400	+1.232e+03	+7.165e+03	+9.313e+03	+0.853
6.500	+8.418e+02	+7.462e+03	+1.082e+04	+0.899
6.600	-9.525e+01	+8.413e+03	+7.404e+03	+1.011
6.700	+1.192e+03	+8.442e+03	+6.986e+03	+0.876
6.800	+3.743e+02	+9.468e+03	+9.448e+03	+0.962
6.900	+1.237e+03	+7.663e+03	+8.615e+03	+0.861
7.000	+4.211e+03	+4.304e+03	+8.474e+03	+0.505
7.100	+3.405e+03	+4.268e+03	+8.910e+03	+0.556
7.200	+4.503e+03	+4.319e+03	+9.796e+03	+0.490
7.300	+3.969e+03	+4.431e+03	+7.535e+03	+0.527
7.400	+4.037e+03	+5.076e+03	+8.399e+03	+0.557
7.500	+4.018e+03	+5.354e+03	+8.924e+03	+0.571
7.600	+5.911e+03	+6.240e+02	+7.396e+03	+0.095
7.700	+7.388e+03	-6.927e+02	+9.094e+03	-0.103
7.800	+8.739e+03	+7.091e+01	+9.992e+03	+0.008
7.900	+7.257e+03	+2.579e+02	+9.907e+03	+0.034
8.000	+8.592e+03	+1.248e+03	+9.529e+03	+0.127
8.100	+9.569e+03	+1.909e+03	+8.835e+03	+0.166
8.200	+9.105e+03	+8.762e+02	+7.538e+03	+0.088
8.300	+9.033e+03	+5.917e+02	+7.272e+03	+0.061
8.400	+8.050e+03	+8.298e+02	+8.805e+03	+0.093
8.500	+8.513e+03	+1.611e+03	+8.903e+03	+0.159
8.600	+8.414e+03	+5.078e+02	+8.656e+03	+0.057
8.700	+7.418e+03	+9.759e+02	+9.829e+03	+0.116
8.800	+7.983e+03	+2.346e+03	+9.691e+03	+0.227
8.900	+8.637e+03	+1.020e+03	+9.225e+03	+0.106
9.000	+8.432e+03	-5.615e+02	+8.508e+03	-0.071
9.100	+1.060e+04	+1.342e+03	+7.470e+03	+0.112
9.200	+8.215e+03	+1.478e+03	+9.994e+03	+0.152
9.300	+8.110e+03	+1.161e+03	+9.566e+03	+0.125
9.400	+7.714e+03	-3.047e+02	+8.711e+03	-0.041
9.500	+8.595e+03	+8.095e+02	+7.632e+03	+0.086
9.600	+8.190e+03	+8.097e+02	+9.811e+03	+0.090
9.700	+8.160e+03	+8.835e+02	+1.057e+04	+0.098
9.800	+6.886e+03	+2.333e+03	+7.684e+03	+0.253
9.900	+8.766e+03	-4.892e+02	+7.700e+03	-0.059
10.000	+7.205e+03	+1.217e+03	+8.459e+03	+0.144
10.100	+9.276e+03	+1.510e+03	+1.018e+04	+0.140
10.200	+8.572e+03	+1.547e+03	+7.151e+03	+0.153
10.300	+6.534e+03	-9.841e+01	+8.203e+03	-0.015
10.400	+7.743e+03	+9.477e+02	+8.154e+03	+0.109
10.500	+9.551e+03	+2.405e+03	+8.897e+03	+0.201
10.600	+9.132e+03	+1.550e+03	+7.824e+03	+0.145
10.700	+7.925e+03	+9.648e+02	+9.768e+03	+0.109
10.800	+7.586e+03	+1.247e+03	+8.218e+03	+0.141
10.900	+5.864e+03	+1.458e+02	+1.143e+04	+0.024
11.000	+7.715e+03	+2.114e+03	+5.985e+03	+0.215
11.100	+1.235e+03	+8.108e+03	+9.476e+03	+0.868
11.200	+1.146e+03	+6.133e+03	+8.908e+03	+0.843
11.300	+1.072e+03	+8.500e+03	+7.958e+03	+0.888
11.400	+1.168e+03	+8.441e+03	+9.172e+03	+0.878
11.500	+1.275e+03	+7.008e+03	+8.908e+03	+0.846
11.600	+2.964e+02	+7.208e+03	+8.548e+03	+0.961
11.700	+1.618e+02	+7.842e+03	+8.048e+03	+0.980
11.800	+8.879e+02	+8.397e+03	+1.008e+04	+0.904
11.900	+6.314e+02	+8.147e+03	+7.460e+03	+0.928
12.000	+1.721e+03	+7.909e+03	+7.840e+03	+0.821
12.100	+1.201e+03	+8.427e+03	+9.449e+03	+0.875
12.200	+1.295e+03	+9.064e+03	+9.495e+03	+0.875
12.300	+7.281e+02	+8.912e+03	+7.009e+03	+0.924
12.400	+9.399e+02	+8.170e+03	+8.609e+03	+0.897
12.500	+2.050e+03	+7.191e+03	+7.973e+03	+0.778
12.600	+7.515e+02	+7.336e+03	+9.751e+03	+0.907
12.700	+1.878e+03	+5.515e+03	+1.128e+04	+0.746
12.800	+4.798e+02	+7.763e+03	+5.566e+03	+0.942
12.900	+1.199e+03	+6.967e+03	+7.328e+03	+0.853
13.000	+2.770e+03	+7.029e+03	+9.619e+03	+0.717
13.100	+2.432e+03	+5.410e+03	+1.007e+04	+0.690
13.200	+7.334e+03	+7.064e+02	+8.824e+03	+0.088
13.300	+8.415e+03	+3.999e+02	+9.834e+03	+0.045
13.400	+7.266e+03	+1.764e+03	+9.253e+03	+0.195
13.500	+9.184e+03	-9.455e+02	+6.384e+03	-0.115
13.600	+6.075e+03	+1.389e+03	+1.052e+04	+0.186
13.700	+8.677e+03	+1.339e+03	+9.207e+03	+0.134
13.800	+8.503e+03	+1.560e+03	+1.005e+04	+0.155
13.900	+9.598e+03	+1.036e+03	+7.413e+03	+0.097
14.000	+7.155e+03	-1.571e+02	+7.410e+03	-0.022
14.100	+7.406e+03	+9.821e+02	+1.002e+04	+0.117
14.200	+7.221e+03	+1.554e+03	+1.051e+04	+0.177
14.300	+6.981e+03	+4.326e+03	+8.852e+03	+0.383
14.400	+2.563e+03	+4.707e+03	+7.834e+03	+0.647
14.500	+3.810e+03	+5.998e+03	+9.967e+03	+0.612
14.600	-9.233e+02	+7.092e+03	+6.598e+03	+1.150
14.700	+1.910e+02	+6.052e+03	+8.562e+03	+0.969
14.800	-3.205e+02	+6.138e+03	+8.360e+03	+1.055
14.900	+1.354e+03	+6.569e+03	+8.766e+03	+0.829
15.000	+1.896e+03	+6.880e+03	+9.207e+03	+0.784
15.100	+7.364e+02	+7.632e+03	+7.662e+03	+0.912
15.200	+1.087e+03	+6.409e+03	+8.361e+03	+0.855
15.300	+1.422e+03	+7.099e+03	+8.658e+03	+0.833
15.400	+1.460e+03	+7.254e+03	+7.557e+03	+0.832
15.500	+1.006e+02	+6.265e+03	+8.048e+03	+0.984
15.600	+1.749e+03	+8.251e+03	+8.655e+03	+0.825
15.700	+1.589e+03	+6.386e+03	+9.004e+03	+0.801
15.800	+2.284e+02	+8.264e+03	+7.571e+03	+0.973
15.900	+7.380e+02	+7.863e+03	+1.041e+04	+0.914
16.000	+5.287e+02	+6.697e+03	+9.056e+03	+0.927
16.100	+1.711e+03	+6.018e+03	+1.024e+04	+0.779
16.200	+8.657e+02	+8.474e+03	+6.782e+03	+0.907
16.300	-4.011e+02	+6.231e+03	+6.225e+03	+1.069
16.400	+2.280e+03	+8.304e+03	+1.019e+04	+0.785
16.500	+6.485e+02	+7.367e+03	+7.831e+03	+0.919
16.600	+2.188e+02	+6.806e+03	+8.146e+03	+0.969
16.700	-7.508e+02	+6.523e+03	+9.373e+03	+1.130
16.800	+9.967e+02	+6.302e+03	+5.807e+03	+0.863
16.900	+1.539e+03	+9.572e+03	+8.974e+03	+0.861
17.000	+1.410e+03	+6.551e+03	+7.524e+03	+0.823
17.100	+4.148e+02	+8.670e+03	+8.018e+03	+0.954
17.200	+1.739e+03	+7.760e+03	+8.277e+03	+0.817
17.300	+1.017e+03	+8.051e+03	+8.937e+03	+0.888
17.400	+1.353e+03	+6.800e+03	+9.835e+03	+0.834
17.500	-3.029e+02	+7.063e+03	+9.801e+03	+1.045
17.600	+2.764e+02	+9.651e+03	+8.249e+03	+0.972
17.700	+3.010e+03	+8.018e+03	+7.899e+03	+0.727
17.800	+2.924e+02	+7.194e+03	+9.983e+03	+0.961
17.900	+9.332e+02	+7.669e+03	+1.052e+04	+0.892
18.000	+1.019e+03	+1.014e+04	+8.018e+03	+0.909
18.100	+2.189e+02	+7.595e+03	+9.816e+03	+0.972
18.200	+1.388e+03	+9.748e+03	+7.722e+03	+0.875
18.300	+3.984e+02	+7.153e+03	+6.410e+03	+0.947
18.400	+1.145e+03	+6.410e+03	+8.370e+03	+0.848
18.500	+1.915e+03	+7.978e+03	+9.930e+03	+0.806
18.600	+1.845e+02	+6.459e+03	+9.455e+03	+0.972
18.700	+1.172e+03	+7.369e+03	+9.970e+03	+0.863
18.800	+1.677e+03	+7.636e+03	+8.373e+03	+0.820
18.900	-3.334e+01	+7.259e+03	+8.907e+03	+1.005
19.000	-7.138e+02	+6.424e+03	+8.831e+03	+1.125
19.100	+1.739e+03	+6.784e+03	+1.113e+04	+0.796
19.200	-1.646e+02	+7.723e+03	+9.275e+03	+1.022
19.300	+8.084e+02	+6.642e+03	+6.329e+03	+0.891
19.400	+5.537e+02	+8.261e+03	+8.799e+03	+0.937
19.500	+8.941e+02	+8.391e+03	+7.746e+03	+0.904
19.600	+5.219e+02	+7.493e+03	+7.039e+03	+0.935
19.700	-4.245e+02	+7.527e+03	+8.174e+03	+1.060
19.800	+1.642e+03	+7.243e+03	+1.104e+04	+0.815
19.900	+3.726e+03	+4.506e+03	+7.982e+03	+0.547
20.000	+4.518e+03	+4.389e+03	+7.949e+03	+0.493
20.100	+2.246e+03	+4.694e+03	+8.284e+03	+0.676
20.200	+3.893e+03	+5.125e+03	+7.400e+03	+0.568
20.300	+5.065e+03	+5.766e+03	+9.546e+03	+0.532
20.400	+3.742e+03	+4.298e+03	+1.259e+04	+0.535
20.500	+4.302e+03	+5.637e+03	+1.073e+04	+0.567
20.600	+3.124e+03	+4.590e+03	+8.257e+03	+0.595
20.700	+4.584e+03	+4.156e+03	+8.016e+03	+0.476
20.800	+3.223e+03	+4.757e+03	+9.884e+03	+0.596
20.900	+4.135e+03	+5.382e+03	+8.409e+03	+0.566
21.000	+4.223e+03	+4.587e+03	+8.610e+03	+0.521
21.100	+3.024e+03	+4.291e+03	+8.423e+03	+0.587
21.200	+4.692e+03	+5.249e+03	+7.959e+03	+0.528
21.300	+2.196e+03	+1.936e+03	+9.002e+03	+0.469
21.400	+3.398e+03	+4.166e+03	+9.542e+03	+0.551
21.500	+4.940e+03	+4.407e+03	+1.043e+04	+0.471
21.600	+2.305e+03	+3.980e+03	+9.710e+03	+0.633
21.700	+3.115e+03	+3.440e+03	+9.474e+03	+0.525
21.800	+4.616e+03	+4.991e+03	+7.633e+03	+0.519
21.900	+3.397e+03	+3.523e+03	+7.996e+03	+0.509
22.000	+3.794e+03	+4.159e+03	+8.070e+03	+0.523
22.100	+3.873e+03	+3.694e+03	+7.503e+03	+0.488
22.200	+4.393e+03	+3.536e+03	+8.848e+03	+0.446
22.300	+3.567e+03	+4.894e+03	+9.239e+03	+0.578
22.400	+2.999e+03	+4.641e+03	+1.007e+04	+0.607
22.500	+4.045e+03	+4.124e+03	+8.386e+03	+0.505
22.600	+4.043e+03	+4.180e+03	+9.001e+03	+0.508
22.700	+4.240e+03	+5.161e+03	+7.947e+03	+0.549
22.800	+5.009e+03	+4.927e+03	+1.007e+04	+0.496
22.900	+2.953e+03	+6.079e+03	+7.527e+03	+0.673
23.000	+4.780e+03	+3.900e+03	+9.292e+03	+0.449
23.100	+4.758e+03	+4.122e+03	+8.404e+03	+0.464
23.200	+3.617e+03	+5.474e+03	+9.593e+03	+0.602
23.300	+5.399e+03	+3.263e+03	+9.541e+03	+0.377
23.400	+4.134e+03	+5.193e+03	+8.842e+03	+0.557
23.500	+3.361e+03	+4.643e+03	+8.042e+03	+0.580
23.600	+3.721e+03	+4.810e+03	+8.913e+03	+0.564
23.700	+3.566e+03	+3.587e+03	+9.871e+03	+0.501
23.800	+4.396e+03	+5.571e+03	+8.608e+03	+0.559
23.900	+4.490e+03	+4.702e+03	+8.657e+03	+0.512
24.000	+4.698e+03	+4.656e+03	+7.953e+03	+0.498
24.100	+2.767e+03	+2.624e+03	+8.899e+03	+0.487
24.200	+5.222e+03	+5.662e+03	+8.641e+03	+0.520
24.300	+4.465e+03	+5.787e+03	+8.392e+03	+0.564
24.400	+4.883e+03	+4.629e+03	+8.495e+03	+0.487
24.500	+4.027e+03	+4.339e+03	+9.601e+03	+0.519
24.600	+3.425e+03	+4.571e+03	+8.786e+03	+0.572
24.700	+3.371e+03	+3.668e+03	+8.180e+03	+0.521
24.800	+5.003e+03	+4.736e+03	+1.011e+04	+0.486
24.900	+4.558e+03	+3.934e+03	+8.230e+03	+0.463
25.000	+3.540e+03	+4.790e+03	+7.887e+03	+0.575
25.100	+3.978e+03	+3.840e+03	+9.290e+03	+0.491
25.200	+3.385e+03	+4.466e+03	+1.002e+04	+0.569
25.300	+3.074e+03	+4.999e+03	+8.983e+03	+0.619
25.400	+3.307e+03	+3.129e+03	+8.952e+03	+0.486
25.500	+3.972e+03	+5.071e+03	+8.279e+03	+0.561
25.600	+3.976e+03	+4.694e+03	+7.466e+03	+0.541
25.700	+3.490e+03	+3.965e+03	+6.841e+03	+0.532
25.800	+3.544e+03	+4.608e+03	+9.842e+03	+0.565
25.900	+2.769e+03	+5.247e+03	+9.840e+03	+0.655
26.000	+2.715e+03	+5.865e+03	+8.032e+03	+0.684
26.100	+2.944e+03	+4.588e+03	+9.442e+03	+0.609
26.200	+3.773e+03	+5.772e+03	+9.908e+03	+0.605
26.300	+2.945e+03	+3.955e+03	+8.092e+03	+0.573
26.400	+3.406e+03	+5.698e+03	+8.782e+03	+0.626
26.500	+3.627e+03	+5.177e+03	+9.001e+03	+0.588
26.600	+4.163e+03	+5.079e+03	+9.954e+03	+0.550
26.700	+3.427e+03	+5.202e+03	+7.380e+03	+0.603
26.800	+3.340e+03	+4.655e+03	+8.908e+03	+0.582
26.900	+2.311e+03	+6.277e+03	+8.293e+03	+0.731
27.000	+2.203e+03	+7.913e+03	+9.768e+03	+0.782
27.100	+1.656e+03	+8.588e+03	+7.689e+03	+0.838
27.200	-1.115e+02	+7.846e+03	+8.355e+03	+1.014
27.300	+1.514e+03	+7.223e+03	+9.345e+03	+0.827
27.400	+1.015e+03	+6.224e+03	+8.482e+03	+0.860
27.500	+3.494e+03	+5.351e+03	+8.597e+03	+0.605
27.600	+3.437e+03	+6.594e+03	+8.667e+03	+0.657
27.700	+2.983e+03	+4.560e+03	+1.033e+04	+0.605
27.800	+3.450e+03	+6.038e+03	+9.710e+03	+0.636
27.900	+1.901e+03	+6.212e+03	+9.650e+03	+0.766
28.000	-6.776e+02	+6.087e+03	+8.856e+03	+1.125
28.100	-3.223e+02	+7.386e+03	+5.908e+03	+1.046
28.200	+7.119e+02	+8.046e+03	+7.881e+03	+0.919
28.300	+1.202e+03	+7.739e+03	+8.104e+03	+0.866
28.400	+1.877e+03	+7.281e+03	+9.745e+03	+0.795
28.500	+3.326e+02	+7.573e+03	+8.533e+03	+0.958
28.600	+1.347e+02	+5.941e+03	+9.724e+03	+0.978
28.700	+1.384e+03	+6.365e+03	+1.019e+04	+0.821
28.800	+2.592e+02	+7.121e+03	+1.108e+04	+0.965
28.900	+3.088e+03	+6.084e+03	+6.785e+03	+0.663
29.000	+3.915e+03	+4.234e+03	+1.029e+04	+0.520
29.100	+4.380e+03	+4.534e+03	+9.002e+03	+0.509
29.200	+2.628e+03	+5.444e+03	+8.519e+03	+0.674
29.300	+2.516e+03	+5.016e+03	+8.877e+03	+0.666
29.400	+3.665e+03	+5.008e+03	+1.032e+04	+0.577
29.500	+2.761e+03	+5.052e+03	+7.902e+03	+0.647
29.600	+4.017e+03	+4.723e+03	+9.760e+03	+0.540
29.700	+4.813e+03	+6.655e+03	+9.350e+03	+0.580
29.800	+5.463e+03	+4.038e+03	+9.402e+03	+0.425
29.900	+4.529e+03	+4.705e+03	+8.861e+03	+0.510
30.000	+3.542e+03	+3.227e+03	+9.692e+03	+0.477
30.100	+5.731e+03	+4.935e+03	+7.438e+03	+0.463
30.200	+3.718e+03	+4.168e+03	+8.951e+03	+0.529
30.300	+2.250e+03	+5.612e+03	+7.851e+03	+0.714
30.400	+2.243e+03	+5.981e+03	+8.473e+03	+0.727
30.500	+7.821e+03	+1.164e+03	+7.621e+03	+0.130
30.600	+7.846e+03	+1.350e+03	+8.662e+03	+0.147
30.700	+7.975e+03	+8.818e+02	+7.602e+03	+0.100
30.800	+7.775e+03	+1.159e+03	+8.228e+03	+0.130
30.900	+8.593e+03	+1.120e+03	+9.288e+03	+0.115
31.000	+7.705e+03	+7.238e+02	+7.410e+03	+0.086
31.100	+8.454e+03	+1.388e+02	+7.519e+03	+0.016
31.200	+9.235e+03	+1.305e+03	+9.889e+03	+0.124
31.300	+8.502e+03	+8.185e+02	+9.481e+03	+0.088
31.400	+8.001e+03	+1.843e+03	+9.759e+03	+0.187
31.500	+6.929e+03	+5.977e+02	+6.929e+03	+0.079
31.600	+8.796e+03	+1.764e+03	+8.199e+03	+0.167
31.700	+8.704e+03	+3.188e+02	+8.314e+03	+0.035
31.800	+8.093e+03	+1.854e+03	+8.126e+03	+0.186
31.900	+8.982e+03	-4.401e+02	+8.053e+03	-0.052
32.000	+9.214e+03	+1.484e+03	+7.233e+03	+0.139
32.100	+1.053e+04	+3.196e+02	+9.424e+03	+0.029
32.200	+7.459e+03	+8.652e+02	+8.970e+03	+0.104
32.300	+6.151e+03	+1.275e+03	+9.438e+03	+0.172
32.400	+8.137e+03	+2.585e+02	+1.023e+04	+0.031
32.500	+8.232e+03	+1.444e+03	+7.336e+03	+0.149
32.600	+7.955e+03	+7.951e+02	+7.172e+03	+0.091
32.700	+6.784e+03	+8.999e+02	+9.738e+03	+0.117
32.800	+7.260e+03	+1.435e+03	+6.818e+03	+0.165
32.900	+9.332e+03	+2.582e+02	+7.232e+03	+0.027
33.000	+8.681e+03	+6.346e+02	+8.983e+03	+0.068
33.100	+9.036e+03	+1.368e+03	+8.317e+03	+0.132
33.200	+7.897e+03	+9.988e+02	+7.786e+03	+0.112
33.300	+8.239e+03	+8.377e+02	+7.952e+03	+0.092
33.400	+6.460e+03	+9.836e+02	+7.635e+03	+0.132
33.500	+9.004e+03	+9.906e+02	+8.131e+03	+0.099
33.600	+7.024e+03	+1.381e+03	+7.372e+03	+0.164
33.700	+9.510e+03	+1.134e+03	+7.563e+03	+0.107
33.800	+9.253e+03	+9.652e+02	+9.512e+03	+0.094
33.900	+7.775e+03	+3.293e+02	+8.000e+03	+0.041
34.000	+7.450e+03	+1.130e+03	+8.492e+03	+0.132
34.100	+8.780e+03	+7.666e+02	+8.870e+03	+0.080
34.200	+7.109e+03	+1.072e+03	+8.167e+03	+0.131
34.300	+7.438e+03	+7.551e+02	+9.107e+03	+0.092
34.400	+6.777e+03	+6.243e+02	+1.179e+04	+0.084
34.500	+1.028e+04	+1.815e+02	+9.774e+03	+0.017
34.600	+7.358e+03	+1.889e+03	+7.931e+03	+0.204
34.700	+1.484e+03	+4.868e+03	+7.551e+03	+0.766
34.800	+2.167e+03	+7.023e+03	+8.075e+03	+0.764
34.900	+1.224e+01	+8.136e+03	+8.996e+03	+0.998
35.000	+1.257e+03	+7.808e+03	+8.481e+03	+0.861
35.100	+1.559e+03	+1.011e+04	+1.067e+04	+0.866
35.200	+1.616e+03	+6.309e+03	+1.044e+04	+0.796
35.300	+8.170e+03	+1.335e+03	+8.709e+03	+0.140
35.400	+7.085e+03	+9.082e+02	+8.103e+03	+0.114
35.500	+7.153e+03	-7.179e+02	+9.255e+03	-0.112
35.600	+9.922e+03	+1.209e+03	+8.184e+03	+0.109
35.700	+7.944e+03	+1.611e+03	+9.483e+03	+0.169
35.800	+9.571e+03	+1.903e+03	+8.023e+03	+0.166
35.900	+8.956e+03	+9.514e+02	+8.472e+03	+0.096
36.000	+6.817e+03	+2.438e+02	+6.931e+03	+0.035
36.100	+6.954e+03	+3.182e+02	+9.187e+03	+0.044
36.200	+8.434e+03	+8.942e+02	+7.887e+03	+0.096
36.300	+8.433e+03	+1.250e+03	+1.005e+04	+0.129
36.400	+6.399e+03	+7.324e+02	+6.533e+03	+0.103
36.500	+7.270e+03	+6.924e+02	+9.071e+03	+0.087
36.600	+8.899e+03	+1.115e+03	+8.047e+03	+0.111
36.700	+9.751e+03	+5.750e+02	+9.558e+03	+0.056
36.800	+9.667e+03	+1.861e+03	+8.308e+03	+0.161
36.900	+7.226e+03	+1.548e+03	+7.197e+03	+0.176
37.000	+5.808e+03	+1.746e+03	+9.180e+03	+0.231
37.100	+7.611e+03	+8.984e+02	+9.287e+03	+0.106
37.200	+7.778e+03	+1.932e+03	+7.907e+03	+0.199
37.300	+3.013e+03	+5.369e+03	+9.286e+03	+0.641
37.400	+1.303e+03	+5.945e+03	+7.511e+03	+0.820
37.500	+8.206e+02	+5.674e+03	+9.317e+03	+0.874
37.600	+1.432e+03	+8.922e+03	+1.128e+04	+0.862
37.700	+1.093e+03	+6.202e+03	+7.235e+03	+0.850
37.800	+2.231e+03	+7.102e+03	+8.074e+03	+0.761
37.900	+6.203e+02	+6.681e+03	+8.841e+03	+0.915
38.000	-1.245e+02	+7.524e+03	+8.046e+03	+1.017
38.100	+5.178e+02	+7.333e+03	+9.112e+03	+0.934
38.200	-1.312e+02	+7.478e+03	+9.329e+03	+1.018
38.300	+4.759e+02	+7.134e+03	+9.572e+03	+0.937
38.400	+1.765e+03	+8.769e+03	+9.257e+03	+0.832
38.500	+3.141e+02	+7.481e+03	+7.967e+03	+0.960
38.600	+2.226e+03	+7.667e+03	+7.207e+03	+0.775
38.700	+1.307e+03	+6.984e+03	+7.394e+03	+0.842
38.800	+1.165e+03	+7.227e+03	+7.022e+03	+0.861
38.900	+1.398e+03	+6.678e+03	+8.601e+03	+0.827
39.000	+1.691e+03	+7.566e+03	+6.334e+03	+0.817
39.100	+1.090e+03	+6.019e+03	+1.034e+04	+0.847
39.200	+1.428e+03	+9.320e+03	+8.573e+03	+0.867
39.300	+1.011e+03	+5.520e+03	+7.750e+03	+0.845
39.400	+2.013e+03	+7.224e+03	+7.089e+03	+0.782
39.500	+6.864e+02	+7.652e+03	+9.034e+03	+0.918
39.600	+1.478e+03	+8.228e+03	+7.756e+03	+0.848
39.700	+1.309e+02	+8.475e+03	+9.134e+03	+0.985
39.800	+7.065e+02	+5.942e+03	+9.051e+03	+0.894
39.900	+1.349e+03	+7.320e+03	+1.073e+04	+0.844
40.000	-1.539e+01	+7.490e+03	+8.606e+03	+1.002
40.100	+7.792e+02	+7.955e+03	+8.139e+03	+0.911
40.200	+5.723e+02	+6.309e+03	+8.592e+03	+0.917
40.300	+1.036e+02	+6.848e+03	+9.372e+03	+0.985
40.400	+3.247e+02	+7.417e+03	+8.574e+03	+0.958
40.500	+6.346e+02	+7.492e+03	+7.868e+03	+0.922
40.600	+9.604e+02	+5.374e+03	+9.505e+03	+0.848
40.700	+7.087e+02	+8.209e+03	+8.155e+03	+0.921
40.800	+5.572e+02	+7.667e+03	+1.045e+04	+0.932
40.900	+1.329e+03	+6.207e+03	+1.013e+04	+0.824
41.000	+1.069e+03	+8.233e+03	+9.191e+03	+0.885
41.100	+1.399e+03	+8.762e+03	+8.480e+03	+0.862
41.200	+1.891e+03	+6.185e+03	+8.379e+03	+0.766
41.300	+1.711e+03	+8.848e+03	+9.851e+03	+0.838
41.400	+6.943e+02	+7.722e+03	+9.738e+03	+0.918
41.500	+1.150e+03	+7.130e+03	+7.755e+03	+0.861
41.600	+1.962e+03	+7.222e+03	+8.673e+03	+0.786
41.700	+9.234e+02	+8.374e+03	+7.679e+03	+0.901
41.800	+7.435e+03	+2.343e+03	+7.539e+03	+0.240
41.900	+8.992e+03	-3.862e+02	+1.016e+04	-0.045
42.000	+9.304e+03	+1.847e+03	+8.983e+03	+0.166
42.100	+9.083e+03	+4.054e+02	+8.829e+03	+0.043
42.200	+8.675e+03	+1.231e-01	+9.630e+03	+0.000
42.300	+7.663e+03	+1.314e+03	+9.254e+03	+0.146
42.400	+9.903e+03	-2.948e+02	+9.730e+03	-0.031
42.500	+1.010e+04	-2.088e+02	+1.154e+04	-0.021
42.600	+6.886e+03	+9.348e+02	+8.339e+03	+0.120
42.700	+8.222e+03	+6.145e+02	+8.952e+03	+0.070
42.800	+9.117e+03	+5.873e+02	+8.019e+03	+0.061
42.900	+7.408e+03	-6.245e+02	+7.917e+03	-0.092
43.000	+9.184e+03	-1.113e+02	+7.258e+03	-0.012
43.100	+6.928e+03	+8.366e+02	+9.071e+03	+0.108
