%t (s)	Idd (a.u.)	Ida (a.u.)	Iaa (a.u.)	FRET E
0.000	+1.383e+03	+8.366e+03	+7.347e+03	+0.858
0.100	+1.000e+03	+7.246e+03	+7.240e+03	+0.879
0.200	+6.646e+02	+6.389e+03	+8.641e+03	+0.906
0.300	+1.135e+03	+6.542e+03	+7.934e+03	+0.852
0.400	+5.936e+02	+8.625e+03	+5.745e+03	+0.936
0.500	+1.895e+02	+8.783e+03	+4.582e+03	+0.979
0.600	+6.132e+02	+4.610e+03	+5.528e+03	+0.883
0.700	+1.641e+03	+6.904e+03	+5.891e+03	+0.808
0.800	+1.169e+02	+5.760e+03	+6.501e+03	+0.980
0.900	+8.550e+02	+7.425e+03	+7.722e+03	+0.897
1.000	+9.394e+02	+6.695e+03	+7.038e+03	+0.877
1.100	+1.051e+03	+7.349e+03	+6.252e+03	+0.875
1.200	+7.505e+01	+6.351e+03	+6.492e+03	+0.988
1.300	+1.034e+03	+5.547e+03	+7.850e+03	+0.843
1.400	-4.404e+02	+7.883e+03	+7.682e+03	+1.059
1.500	+8.560e+02	+7.200e+03	+7.457e+03	+0.894
1.600	+1.358e+03	+7.214e+03	+7.635e+03	+0.842
1.700	+6.775e+02	+7.431e+03	+7.216e+03	+0.916
1.800	+1.328e+03	+8.600e+03	+6.316e+03	+0.866
1.900	+7.664e+02	+6.925e+03	+7.440e+03	+0.900
2.000	-9.516e+01	+6.537e+03	+7.894e+03	+1.015
2.100	-8.540e+02	+7.372e+03	+6.322e+03	+1.131
2.200	-6.395e+00	+5.695e+03	+5.639e+03	+1.001
2.300	+9.470e+02	+8.820e+03	+6.897e+03	+0.903
2.400	+1.105e+02	+5.798e+03	+6.181e+03	+0.981
2.500	+1.011e+03	+8.162e+03	+6.676e+03	+0.890
2.600	+1.331e+03	+6.587e+03	+7.695e+03	+0.832
2.700	+1.577e+03	+7.514e+03	+8.353e+03	+0.827
2.800	+1.049e+03	+8.246e+03	+6.366e+03	+0.887
2.900	+1.306e+03	+6.782e+03	+6.799e+03	+0.839
3.000	+1.730e+03	+7.860e+03	+6.761e+03	+0.820
3.100	+8.033e+02	+7.629e+03	+7.512e+03	+0.905
3.200	+1.247e+03	+7.314e+03	+9.588e+03	+0.854
3.300	+2.337e+03	+6.656e+03	+7.673e+03	+0.740
3.400	+4.205e+02	+7.209e+03	+7.037e+03	+0.945
3.500	+8.024e+02	+7.973e+03	+7.376e+03	+0.909
3.600	-5.671e+02	+6.294e+03	+5.527e+03	+1.099
3.700	-6.593e+02	+6.992e+03	+6.834e+03	+1.104
3.800	-2.839e+02	+6.792e+03	+5.763e+03	+1.044
3.900	+1.152e+03	+8.428e+03	+6.952e+03	+0.880
4.000	+2.894e+02	+8.641e+03	+5.316e+03	+0.968
4.100	+2.582e+02	+6.924e+03	+6.628e+03	+0.964
4.200	+4.373e+02	+7.662e+03	+7.578e+03	+0.946
4.300	+1.080e+03	+7.825e+03	+7.498e+03	+0.879
4.400	+6.761e+02	+7.143e+03	+6.013e+03	+0.914
4.500	+6.843e+03	+2.317e+03	+6.954e+03	+0.253
4.600	+1.936e+03	+6.617e+03	+6.931e+03	+0.774
4.700	-5.260e+01	+6.313e+03	+6.275e+03	+1.008
4.800	+1.092e+03	+7.120e+03	+6.898e+03	+0.867
4.900	+3.377e+02	+7.822e+03	+6.183e+03	+0.959
5.000	+1.083e+03	+7.402e+03	+7.166e+03	+0.872
5.100	+7.504e+02	+8.079e+03	+7.011e+03	+0.915
5.200	+1.318e+03	+5.756e+03	+7.558e+03	+0.814
5.300	+1.814e+03	+6.927e+03	+7.612e+03	+0.793
5.400	+8.450e+02	+7.655e+03	+6.778e+03	+0.901
5.500	+2.346e+03	+7.891e+03	+5.403e+03	+0.771
5.600	-4.503e+01	+9.093e+03	+7.373e+03	+1.005
5.700	+1.289e+03	+7.609e+03	+7.967e+03	+0.855
5.800	+1.421e+03	+6.823e+03	+7.691e+03	+0.828
5.900	+9.814e+02	+7.138e+03	+7.164e+03	+0.879
6.000	+1.442e+03	+6.314e+03	+6.613e+03	+0.814
6.100	+2.207e+03	+8.197e+03	+6.968e+03	+0.788
6.200	+3.976e+02	+6.549e+03	+6.064e+03	+0.943
6.300	+1.949e+03	+6.225e+03	+5.888e+03	+0.762
6.400	+1.380e+03	+7.210e+03	+6.657e+03	+0.839
6.500	+1.390e+03	+7.040e+03	+5.401e+03	+0.835
6.600	+2.414e+02	+7.062e+03	+6.134e+03	+0.967
6.700	+8.310e+01	+6.930e+03	+7.732e+03	+0.988
6.800	+4.734e+02	+6.011e+03	+7.774e+03	+0.927
6.900	+5.293e+02	+7.613e+03	+7.069e+03	+0.935
7.000	+6.465e+02	+7.254e+03	+8.051e+03	+0.918
7.100	+5.177e+02	+6.700e+03	+8.749e+03	+0.928
7.200	+7.308e+02	+8.503e+03	+5.226e+03	+0.921
7.300	+7.233e+02	+8.847e+03	+6.960e+03	+0.924
7.400	+1.990e+03	+7.546e+03	+6.924e+03	+0.791
7.500	+8.282e+02	+6.858e+03	+5.067e+03	+0.892
7.600	+8.175e+02	+5.764e+03	+7.321e+03	+0.876
7.700	-8.374e+01	+7.603e+03	+7.887e+03	+1.011
7.800	+7.639e+02	+6.120e+03	+6.132e+03	+0.889
7.900	+7.831e+02	+8.056e+03	+6.941e+03	+0.911
8.000	+1.076e+03	+6.553e+03	+5.200e+03	+0.859
8.100	+8.456e+02	+8.264e+03	+6.901e+03	+0.907
8.200	+6.950e+02	+8.965e+03	+6.745e+03	+0.928
8.300	+1.633e+03	+5.461e+03	+5.167e+03	+0.770
8.400	+1.184e+03	+6.730e+03	+5.447e+03	+0.850
8.500	+1.778e+02	+7.755e+03	+6.081e+03	+0.978
8.600	+8.707e+02	+7.475e+03	+6.777e+03	+0.896
8.700	+8.239e+02	+7.156e+03	+5.948e+03	+0.897
8.800	+3.428e+03	+4.398e+03	+4.802e+03	+0.562
8.900	+5.533e+03	+1.179e+03	+6.149e+03	+0.176
9.000	+6.033e+03	+5.428e+02	+7.490e+03	+0.083
9.100	+7.489e+03	+1.255e+03	+8.586e+03	+0.144
9.200	+5.923e+03	+1.102e+03	+6.326e+03	+0.157
9.300	+7.533e+03	+6.264e+02	+6.300e+03	+0.077
9.400	+7.031e+03	+9.323e+02	+6.474e+03	+0.117
9.500	+7.327e+03	+1.214e+03	+6.794e+03	+0.142
9.600	+6.434e+03	+1.375e+03	+6.562e+03	+0.176
9.700	+6.471e+03	-2.896e+02	+6.814e+03	-0.047
9.800	+8.535e+03	-4.584e+02	+6.697e+03	-0.057
9.900	+7.512e+03	+6.205e+02	+7.430e+03	+0.076
10.000	+5.208e+03	+1.886e+03	+6.224e+03	+0.266
10.100	+5.082e+03	+4.256e+03	+6.790e+03	+0.456
10.200	+4.387e+03	+3.072e+03	+7.927e+03	+0.412
10.300	+3.310e+03	+4.833e+03	+7.175e+03	+0.593
10.400	+2.193e+03	+3.948e+03	+7.875e+03	+0.643
10.500	+3.905e+03	+3.887e+03	+7.681e+03	+0.499
10.600	+3.386e+03	+5.108e+03	+5.625e+03	+0.601
10.700	+2.847e+03	+3.646e+03	+7.792e+03	+0.562
10.800	+3.284e+03	+3.409e+03	+7.150e+03	+0.509
10.900	+2.266e+03	+4.933e+03	+7.655e+03	+0.685
11.000	+3.949e+02	+8.802e+03	+7.364e+03	+0.957
11.100	+1.377e+03	+7.510e+03	+7.095e+03	+0.845
11.200	-8.757e+02	+7.003e+03	+7.234e+03	+1.143
11.300	+3.437e+03	+5.041e+03	+7.181e+03	+0.595
11.400	+7.411e+03	+1.601e+03	+5.714e+03	+0.178
11.500	+7.310e+03	+1.966e+03	+6.285e+03	+0.212
11.600	+9.503e+03	+9.635e+02	+8.041e+03	+0.092
11.700	+5.766e+03	+7.640e+02	+6.786e+03	+0.117
11.800	+8.339e+03	+3.330e+02	+6.744e+03	+0.038
11.900	+5.081e+03	+3.405e+02	+7.145e+03	+0.063
12.000	+7.271e+03	+1.157e+03	+5.700e+03	+0.137
12.100	+6.325e+03	+1.871e+02	+7.624e+03	+0.029
12.200	+6.614e+03	+5.959e+02	+4.966e+03	+0.083
12.300	+6.513e+03	+1.316e+03	+7.311e+03	+0.168
12.400	+2.644e+03	+5.839e+03	+6.144e+03	+0.688
12.500	+5.541e+03	+1.679e+03	+6.938e+03	+0.233
12.600	+5.964e+03	-2.447e+01	+5.873e+03	-0.004
12.700	+2.206e+03	+6.620e+03	+7.577e+03	+0.750
12.800	-5.768e+02	+7.732e+03	+7.342e+03	+1.081
12.900	+1.797e+03	+6.290e+03	+6.358e+03	+0.778
13.000	+9.780e+02	+6.928e+03	+6.387e+03	+0.876
13.100	-1.606e+02	+6.753e+03	+6.956e+03	+1.024
13.200	+8.841e+02	+8.353e+03	+7.138e+03	+0.904
13.300	-1.741e+02	+6.685e+03	+7.321e+03	+1.027
13.400	-4.490e+02	+6.685e+03	+7.155e+03	+1.072
13.500	+4.957e+02	+6.249e+03	+6.438e+03	+0.926
13.600	+8.953e+02	+7.826e+03	+6.072e+03	+0.897
13.700	+1.136e+03	+7.399e+03	+8.204e+03	+0.867
13.800	+9.850e+02	+6.050e+03	+7.073e+03	+0.860
13.900	+9.043e+02	+6.175e+03	+8.174e+03	+0.872
14.000	-3.890e+01	+8.229e+03	+5.110e+03	+1.005
14.100	+1.027e+03	+6.879e+03	+6.736e+03	+0.870
14.200	+3.622e+02	+7.352e+03	+8.435e+03	+0.953
14.300	+1.137e+03	+6.704e+03	+7.368e+03	+0.855
14.400	+7.745e+02	+6.590e+03	+7.250e+03	+0.895
14.500	+5.653e+02	+7.035e+03	+5.603e+03	+0.926
14.600	+2.576e+02	+8.255e+03	+6.433e+03	+0.970
14.700	+1.923e+03	+8.489e+03	+6.229e+03	+0.815
14.800	+9.567e+02	+6.253e+03	+7.584e+03	+0.867
14.900	+2.751e+02	+6.726e+03	+6.370e+03	+0.961
15.000	+1.237e+03	+9.062e+03	+5.653e+03	+0.880
15.100	+3.320e+02	+8.931e+03	+5.681e+03	+0.964
15.200	+3.813e+02	+6.216e+03	+7.650e+03	+0.942
15.300	+7.433e+02	+6.586e+03	+6.862e+03	+0.899
15.400	+2.026e+03	+6.908e+03	+7.350e+03	+0.773
15.500	+7.442e+03	+6.555e+02	+7.358e+03	+0.081
15.600	+7.860e+03	+8.124e+02	+7.397e+03	+0.094
15.700	+6.595e+03	+3.699e+02	+7.158e+03	+0.053
15.800	+6.855e+03	+2.073e+02	+6.127e+03	+0.029
15.900	+8.154e+03	+6.668e+02	+6.731e+03	+0.076
16.000	+6.841e+03	+1.094e+03	+5.466e+03	+0.138
16.100	+6.252e+03	+2.822e+02	+4.415e+03	+0.043
16.200	+5.951e+03	+6.317e+02	+7.489e+03	+0.096
16.300	+1.332e+03	+6.908e+03	+6.992e+03	+0.838
16.400	+1.684e+03	+7.960e+03	+5.651e+03	+0.825
16.500	-7.469e+01	+7.001e+03	+6.776e+03	+1.011
16.600	+1.525e+03	+7.545e+03	+6.477e+03	+0.832
16.700	-2.473e+02	+6.904e+03	+5.644e+03	+1.037
16.800	+3.637e+02	+6.336e+03	+8.948e+03	+0.946
16.900	-5.461e+02	+5.959e+03	+6.597e+03	+1.101
17.000	+1.445e+03	+7.619e+03	+6.611e+03	+0.841
17.100	+2.200e+03	+8.033e+03	+6.767e+03	+0.785
17.200	+2.079e+02	+7.282e+03	+7.313e+03	+0.972
17.300	+1.509e+03	+7.700e+03	+6.458e+03	+0.836
17.400	+1.439e+03	+7.341e+03	+5.486e+03	+0.836
17.500	+4.993e+03	+3.155e+03	+7.113e+03	+0.387
17.600	+6.730e+03	+1.568e+03	+8.230e+03	+0.189
17.700	+7.296e+03	+3.622e+02	+6.234e+03	+0.047
17.800	+7.320e+03	-3.617e+02	+7.457e+03	-0.052
17.900	+6.303e+03	+7.655e+01	+6.093e+03	+0.012
18.000	+7.089e+03	+1.407e+03	+7.691e+03	+0.166
18.100	+2.719e+03	+5.658e+03	+7.287e+03	+0.675
18.200	+9.971e+02	+6.073e+03	+7.999e+03	+0.859
18.300	+8.533e+02	+6.750e+03	+6.477e+03	+0.888
18.400	+2.859e+02	+7.662e+03	+7.218e+03	+0.964
18.500	+1.154e+03	+6.865e+03	+6.032e+03	+0.856
18.600	+8.254e+02	+7.064e+03	+7.156e+03	+0.895
18.700	+4.853e+02	+7.584e+03	+6.471e+03	+0.940
18.800	+1.241e+03	+7.467e+03	+7.754e+03	+0.857
18.900	-1.173e+03	+8.992e+03	+6.107e+03	+1.150
19.000	+5.882e+02	+8.071e+03	+8.389e+03	+0.932
19.100	+1.410e+03	+7.657e+03	+7.276e+03	+0.844
19.200	+2.372e+03	+5.621e+03	+5.082e+03	+0.703
19.300	+3.994e+03	+4.131e+03	+7.227e+03	+0.508
19.400	+3.533e+03	+3.125e+03	+5.194e+03	+0.469
19.500	+2.467e+03	+4.105e+03	+7.142e+03	+0.625
19.600	+4.386e+03	+3.970e+03	+7.335e+03	+0.475
19.700	+1.813e+03	+4.768e+03	+7.647e+03	+0.725
19.800	+3.550e+03	+4.880e+03	+6.285e+03	+0.579
19.900	+4.013e+03	+4.385e+03	+7.224e+03	+0.522
20.000	+2.888e+03	+4.824e+03	+7.983e+03	+0.626
20.100	+4.155e+03	+4.785e+03	+6.058e+03	+0.535
20.200	+3.404e+03	+3.168e+03	+7.028e+03	+0.482
20.300	+1.246e+03	+6.706e+03	+7.280e+03	+0.843
20.400	+1.034e+02	+7.030e+03	+7.343e+03	+0.986
20.500	+1.088e+03	+7.202e+03	+6.425e+03	+0.869
20.600	-2.536e+02	+5.307e+03	+6.782e+03	+1.050
20.700	+5.585e+03	+1.960e+03	+6.529e+03	+0.260
20.800	+5.707e+03	+1.423e+03	+7.201e+03	+0.200
20.900	+6.742e+03	+6.372e+02	+8.244e+03	+0.086
21.000	+4.277e+03	+4.500e+03	+8.361e+03	+0.513
21.100	+1.348e+03	+7.015e+03	+5.651e+03	+0.839
21.200	+7.859e+02	+6.969e+03	+6.793e+03	+0.899
21.300	+8.033e+02	+7.473e+03	+6.307e+03	+0.903
21.400	+1.342e+03	+7.260e+03	+6.574e+03	+0.844
21.500	+1.236e+03	+6.295e+03	+8.032e+03	+0.836
21.600	+1.098e+03	+8.273e+03	+7.340e+03	+0.883
21.700	-5.318e+01	+7.219e+03	+5.689e+03	+1.007
21.800	+2.270e+03	+6.241e+03	+7.396e+03	+0.733
21.900	+9.292e+02	+7.952e+03	+6.154e+03	+0.895
22.000	+1.233e+03	+7.895e+03	+7.876e+03	+0.865
22.100	+2.258e+03	+6.044e+03	+7.757e+03	+0.728
22.200	+7.431e+03	+2.794e+02	+6.359e+03	+0.036
22.300	+7.252e+03	-1.180e+02	+8.351e+03	-0.017
22.400	+6.918e+03	+1.329e+03	+6.276e+03	+0.161
22.500	+7.281e+03	+1.652e+03	+6.734e+03	+0.185
22.600	+5.514e+03	-9.398e+02	+8.871e+03	-0.205
22.700	+6.978e+03	+5.692e+02	+6.639e+03	+0.075
22.800	+7.045e+03	+1.188e+03	+6.947e+03	+0.144
22.900	+5.805e+03	+1.134e+03	+4.587e+03	+0.163
23.000	+7.238e+03	+4.910e+02	+6.956e+03	+0.064
23.100	+7.015e+03	+1.121e+03	+8.665e+03	+0.138
23.200	+6.498e+03	+1.112e+03	+4.693e+03	+0.146
23.300	+7.105e+03	+8.050e+02	+7.143e+03	+0.102
23.400	+8.551e+03	+1.675e+02	+8.217e+03	+0.019
23.500	+7.089e+03	+3.105e+02	+6.136e+03	+0.042
23.600	+7.632e+03	+4.318e+02	+7.460e+03	+0.054
23.700	+6.917e+03	+2.387e+02	+7.209e+03	+0.033
23.800	+6.147e+03	+4.743e+02	+5.810e+03	+0.072
23.900	+6.886e+03	+4.680e+02	+6.308e+03	+0.064
24.000	+5.956e+03	-1.726e+02	+1.048e+04	-0.030
24.100	+5.725e+03	+1.269e+03	+8.093e+03	+0.181
24.200	+6.154e+03	+1.691e+03	+7.820e+03	+0.216
24.300	+7.976e+03	-3.959e+01	+8.540e+03	-0.005
24.400	+6.124e+03	+1.320e+02	+7.825e+03	+0.021
24.500	+7.128e+03	+8.092e+02	+6.173e+03	+0.102
24.600	+6.347e+03	+1.046e+03	+6.580e+03	+0.141
24.700	+6.459e+03	+5.563e+02	+6.689e+03	+0.079
24.800	+7.032e+03	+6.713e+02	+8.447e+03	+0.087
24.900	+7.669e+03	+7.491e+02	+5.821e+03	+0.089
25.000	+7.482e+03	+9.742e+02	+7.675e+03	+0.115
25.100	+5.701e+03	+8.046e+02	+7.494e+03	+0.124
25.200	+8.298e+03	+1.138e+02	+7.034e+03	+0.014
25.300	+7.329e+03	+7.182e+02	+7.163e+03	+0.089
25.400	+8.202e+03	+1.749e+03	+7.178e+03	+0.176
25.500	+6.905e+03	+1.838e+03	+5.976e+03	+0.210
25.600	+6.107e+03	+1.361e+03	+7.298e+03	+0.182
25.700	+8.197e+03	+1.129e+03	+6.189e+03	+0.121
25.800	+6.943e+03	+2.506e+02	+5.799e+03	+0.035
25.900	+6.620e+03	+1.939e+03	+5.727e+03	+0.227
26.000	+2.839e+03	+5.094e+03	+6.634e+03	+0.642
26.100	+4.431e+03	+3.640e+03	+6.441e+03	+0.451
26.200	+2.527e+03	+3.387e+03	+8.512e+03	+0.573
26.300	+3.773e+03	+3.412e+03	+7.022e+03	+0.475
26.400	+3.449e+03	+6.810e+03	+7.196e+03	+0.664
26.500	+3.947e+03	+3.254e+03	+7.475e+03	+0.452
26.600	+4.205e+03	+3.950e+03	+7.533e+03	+0.484
26.700	+3.803e+03	+4.557e+03	+6.152e+03	+0.545
26.800	+3.686e+03	+3.377e+03	+5.229e+03	+0.478
26.900	+3.120e+03	+3.985e+03	+7.029e+03	+0.561
27.000	+4.200e+03	+3.700e+03	+8.418e+03	+0.468
27.100	+3.922e+03	+3.750e+03	+7.773e+03	+0.489
27.200	+2.525e+03	+3.420e+03	+5.538e+03	+0.575
27.300	+3.690e+03	+4.318e+03	+7.452e+03	+0.539
27.400	+3.392e+03	+4.406e+03	+8.868e+03	+0.565
27.500	+3.734e+03	+4.045e+03	+6.294e+03	+0.520
27.600	+4.530e+03	+4.503e+03	+5.374e+03	+0.499
27.700	+4.669e+03	+4.704e+03	+4.862e+03	+0.502
27.800	+4.221e+03	+3.746e+03	+6.367e+03	+0.470
27.900	+4.188e+03	+4.349e+03	+6.101e+03	+0.509
28.000	+3.732e+03	+3.550e+03	+8.092e+03	+0.487
28.100	+3.324e+03	+3.301e+03	+6.263e+03	+0.498
28.200	+2.141e+03	+3.904e+03	+6.358e+03	+0.646
28.300	+3.562e+03	+5.882e+03	+6.307e+03	+0.623
28.400	+2.970e+03	+4.645e+03	+6.787e+03	+0.610
28.500	+3.179e+03	+4.022e+03	+6.650e+03	+0.558
28.600	+2.984e+03	+4.928e+03	+6.734e+03	+0.623
28.700	+4.569e+03	+3.839e+03	+8.987e+03	+0.457
28.800	+2.458e+03	+4.251e+03	+7.149e+03	+0.634
28.900	+3.262e+03	+4.913e+03	+8.441e+03	+0.601
29.000	+2.171e+03	+4.670e+03	+7.828e+03	+0.683
29.100	+3.601e+03	+4.112e+03	+5.410e+03	+0.533
29.200	+4.665e+03	+4.504e+03	+7.198e+03	+0.491
29.300	+3.254e+03	+4.406e+03	+5.130e+03	+0.575
29.400	+2.815e+03	+4.171e+03	+6.921e+03	+0.597
29.500	+2.076e+03	+3.479e+03	+7.710e+03	+0.626
29.600	+5.636e+02	+5.171e+03	+4.568e+03	+0.902
29.700	+1.078e+02	+9.102e+03	+5.904e+03	+0.988
29.800	+5.208e+02	+5.897e+03	+7.890e+03	+0.919
29.900	+1.184e+03	+8.687e+03	+5.368e+03	+0.880
30.000	+1.438e+02	+7.785e+03	+6.011e+03	+0.982
30.100	+3.209e+02	+6.952e+03	+8.398e+03	+0.956
30.200	+6.427e+02	+5.996e+03	+7.554e+03	+0.903
30.300	+1.452e+03	+6.549e+03	+8.724e+03	+0.819
30.400	+5.803e+02	+5.864e+03	+6.106e+03	+0.910
30.500	+2.205e+02	+7.684e+03	+7.978e+03	+0.972
30.600	-5.940e+01	+7.453e+03	+7.002e+03	+1.008
30.700	+3.030e+02	+7.762e+03	+6.206e+03	+0.962
30.800	+3.771e+02	+7.298e+03	+6.248e+03	+0.951
30.900	+1.813e+03	+8.086e+03	+6.766e+03	+0.817
31.000	+2.844e+02	+7.669e+03	+7.626e+03	+0.964
31.100	+8.838e+02	+7.117e+03	+8.375e+03	+0.890
31.200	+7.056e+02	+7.716e+03	+8.109e+03	+0.916
31.300	+2.294e+03	+6.446e+03	+8.528e+03	+0.738
31.400	+1.163e+03	+6.621e+03	+6.489e+03	+0.851
31.500	+3.046e+02	+8.141e+03	+7.081e+03	+0.964
31.600	+1.088e+03	+7.724e+03	+6.818e+03	+0.877
31.700	+1.231e+03	+7.525e+03	+7.587e+03	+0.859
31.800	+1.414e+02	+6.933e+03	+8.720e+03	+0.980
31.900	+5.998e+02	+7.978e+03	+7.263e+03	+0.930
32.000	-7.183e+02	+8.823e+03	+7.133e+03	+1.089
32.100	+1.433e+03	+6.822e+03	+7.395e+03	+0.826
32.200	+7.848e+02	+7.493e+03	+5.739e+03	+0.905
32.300	+1.046e+03	+6.749e+03	+8.415e+03	+0.866
32.400	+1.209e+03	+6.990e+03	+6.011e+03	+0.853
32.500	+4.350e+00	+7.153e+03	+8.475e+03	+0.999
32.600	+3.351e+02	+7.167e+03	+5.911e+03	+0.955
32.700	+7.420e+01	+6.405e+03	+7.906e+03	+0.989
32.800	+5.479e+02	+7.646e+03	+6.797e+03	+0.933
32.900	+6.602e+02	+8.357e+03	+8.310e+03	+0.927
33.000	+8.977e+02	+8.206e+03	+7.269e+03	+0.901
33.100	+1.389e+03	+8.266e+03	+6.743e+03	+0.856
33.200	+1.294e+03	+6.120e+03	+8.645e+03	+0.825
33.300	+5.302e+02	+6.752e+03	+7.699e+03	+0.927
33.400	+8.357e+02	+6.374e+03	+5.311e+03	+0.884
33.500	+1.501e+03	+6.141e+03	+7.946e+03	+0.804
33.600	+7.423e+03	+1.301e+03	+6.756e+03	+0.149
33.700	+5.185e+03	-1.750e+02	+6.233e+03	-0.035
33.800	+7.203e+03	-2.249e+02	+6.030e+03	-0.032
33.900	+6.504e+03	+3.288e+02	+6.403e+03	+0.048
34.000	+7.062e+03	+1.224e+03	+6.851e+03	+0.148
34.100	+6.789e+03	-9.143e+01	+7.697e+03	-0.014
34.200	+6.516e+03	+8.613e+02	+7.705e+03	+0.117
34.300	+6.455e+03	+7.950e+02	+6.243e+03	+0.110
34.400	+7.312e+03	+9.010e+02	+6.029e+03	+0.110
34.500	+5.960e+03	+1.062e+03	+6.455e+03	+0.151
34.600	+7.341e+03	+1.918e+03	+7.922e+03	+0.207
34.700	+6.369e+03	+1.870e+03	+6.635e+03	+0.227
34.800	+8.078e+03	+6.971e+02	+7.474e+03	+0.079
34.900	+6.442e+03	+1.454e+03	+6.656e+03	+0.184
35.000	+7.242e+03	+1.075e+03	+6.794e+03	+0.129
35.100	-2.226e+02	+5.345e+03	+7.435e+03	+1.043
35.200	+2.225e+02	+7.005e+03	+8.590e+03	+0.969
35.300	-4.439e+02	+7.280e+03	+7.226e+03	+1.065
35.400	-1.269e+02	+8.039e+03	+7.332e+03	+1.016
35.500	+1.252e+03	+7.731e+03	+4.390e+03	+0.861
35.600	+8.607e+02	+5.401e+03	+8.502e+03	+0.863
35.700	+1.192e+02	+7.242e+03	+9.087e+03	+0.984
35.800	+1.103e+03	+8.111e+03	+8.295e+03	+0.880
35.900	+5.157e+02	+6.848e+03	+6.862e+03	+0.930
36.000	-1.634e+02	+6.843e+03	+5.714e+03	+1.024
36.100	+8.893e+02	+7.037e+03	+7.506e+03	+0.888
36.200	+1.288e+03	+6.497e+03	+7.329e+03	+0.835
36.300	+9.547e+02	+6.708e+03	+5.123e+03	+0.875
36.400	+8.000e+00	+8.258e+03	+7.274e+03	+0.999
36.500	+1.916e+01	+7.164e+03	+4.622e+03	+0.997
36.600	+3.332e+03	+4.783e+03	+6.821e+03	+0.589
36.700	+6.695e+03	-9.744e+02	+6.354e+03	-0.170
36.800	+6.272e+03	+8.459e+02	+7.590e+03	+0.119
36.900	+8.349e+03	+9.534e+02	+6.882e+03	+0.102
37.000	+5.775e+03	+8.807e+02	+6.862e+03	+0.132
37.100	+6.948e+03	+9.858e+02	+6.995e+03	+0.124
37.200	+5.664e+03	+5.015e+02	+7.027e+03	+0.081
37.300	+6.420e+03	+1.734e+02	+8.395e+03	+0.026
37.400	+5.728e+03	+7.369e+02	+9.224e+03	+0.114
37.500	+5.490e+03	+1.055e+03	+6.528e+03	+0.161
37.600	+7.461e+03	+1.298e+03	+6.551e+03	+0.148
37.700	+8.692e+03	+3.466e+02	+7.351e+03	+0.038
37.800	+5.976e+03	+1.198e+03	+5.969e+03	+0.167
37.900	+6.544e+03	+8.822e+01	+6.127e+03	+0.013
38.000	+7.599e+03	+7.974e+02	+6.611e+03	+0.095
38.100	+5.720e+03	+6.479e+02	+8.390e+03	+0.102
38.200	+7.381e+03	-7.520e+01	+6.813e+03	-0.010
38.300	+5.283e+03	+1.445e+03	+7.428e+03	+0.215
38.400	+7.030e+03	+4.466e+02	+6.048e+03	+0.060
38.500	+6.832e+03	+1.562e+02	+6.156e+03	+0.022
38.600	+6.417e+03	+6.957e+02	+6.641e+03	+0.098
38.700	+6.111e+03	+1.570e+03	+8.501e+03	+0.204
38.800	+4.989e+02	+6.205e+03	+5.782e+03	+0.926
38.900	+1.228e+03	+8.772e+03	+8.018e+03	+0.877
39.000	+8.706e+02	+7.192e+03	+7.042e+03	+0.892
39.100	+4.234e+03	+2.859e+03	+6.073e+03	+0.403
39.200	+7.237e+03	-1.267e+02	+7.437e+03	-0.018
39.300	+7.180e+03	+1.230e+03	+8.969e+03	+0.146
39.400	+6.182e+03	+1.086e+03	+7.160e+03	+0.149
39.500	+7.035e+03	+1.473e+03	+7.067e+03	+0.173
39.600	+6.726e+03	+9.851e+02	+6.714e+03	+0.128
39.700	+8.130e+03	+9.536e+02	+8.010e+03	+0.105
39.800	+8.503e+03	+1.041e+03	+6.487e+03	+0.109
39.900	+7.251e+03	+5.331e+02	+8.141e+03	+0.068
40.000	+6.091e+03	+4.391e+02	+7.591e+03	+0.067
40.100	+6.473e+03	+5.037e+02	+6.852e+03	+0.072
40.200	+8.178e+03	+1.688e+03	+8.142e+03	+0.171
40.300	+6.471e+03	+8.310e+02	+7.202e+03	+0.114
40.400	+6.498e+03	+7.941e+01	+8.179e+03	+0.012
40.500	+7.269e+03	+1.676e+03	+5.856e+03	+0.187
40.600	+6.125e+03	+6.880e+02	+6.959e+03	+0.101
40.700	+5.352e+03	+8.286e+02	+8.608e+03	+0.134
40.800	+6.124e+03	-4.044e+02	+6.549e+03	-0.071
40.900	+6.685e+03	+1.394e+03	+7.465e+03	+0.173
41.000	+6.725e+03	+3.740e+02	+5.712e+03	+0.053
41.100	+7.344e+03	+2.730e+03	+5.946e+03	+0.271
41.200	+6.904e+03	+9.247e+02	+7.964e+03	+0.118
41.300	+6.512e+03	+8.483e+02	+8.925e+03	+0.115
41.400	+7.562e+03	+7.238e+02	+7.224e+03	+0.087
41.500	+6.862e+03	+1.268e+03	+6.819e+03	+0.156
41.600	+6.556e+03	+7.599e+02	+6.582e+03	+0.104
41.700	+6.415e+03	+1.450e+03	+5.796e+03	+0.184
41.800	+5.376e+03	+5.385e+02	+5.078e+03	+0.091
41.900	+8.756e+03	+1.558e+03	+5.559e+03	+0.151
42.000	+8.151e+03	+2.840e+02	+6.972e+03	+0.034
42.100	+7.638e+03	+1.764e+03	+6.027e+03	+0.188
42.200	+6.637e+03	+9.130e+02	+4.034e+03	+0.121
42.300	+5.553e+03	+1.135e+02	+7.597e+03	+0.020
42.400	+7.418e+03	+1.055e+03	+4.980e+03	+0.125
42.500	+5.781e+03	+1.903e+03	+7.329e+03	+0.248
42.600	+3.631e+03	+4.595e+03	+7.466e+03	+0.559
42.700	+3.340e+03	+4.199e+03	+6.697e+03	+0.557
42.800	+4.103e+03	+2.937e+03	+6.539e+03	+0.417
42.900	+2.533e+03	+4.177e+03	+6.523e+03	+0.622
43.000	+4.595e+03	+3.288e+03	+7.670e+03	+0.417
43.100	+3.562e+03	+3.794e+03	+6.655e+03	+0.516
43.200	+1.469e+03	+7.557e+03	+6.065e+03	+0.837
43.300	+3.880e+02	+5.791e+03	+5.974e+03	+0.937
43.400	+8.686e+02	+7.789e+03	+7.905e+03	+0.900
43.500	+6.962e+02	+6.726e+03	+8.497e+03	+0.906
43.600	+3.696e+02	+5.950e+03	+6.129e+03	+0.942
43.700	+2.313e+03	+6.138e+03	+7.601e+03	+0.726
43.800	+7.520e+03	+1.067e+03	+6.547e+03	+0.124
43.900	+7.875e+03	+3.130e+02	+6.298e+03	+0.038
44.000	+7.160e+03	+1.531e+03	+7.627e+03	+0.176
44.100	+5.937e+03	+5.100e+02	+5.759e+03	+0.079
44.200	+6.174e+03	-2.305e+02	+7.474e+03	-0.039
44.300	+6.752e+03	+1.949e+02	+7.458e+03	+0.028
44.400	+6.270e+03	+9.335e+02	+8.620e+03	+0.130
44.500	+6.379e+03	+1.016e+03	+8.151e+03	+0.137
44.600	+6.454e+03	+1.160e+03	+8.281e+03	+0.152
44.700	+5.994e+03	-5.595e+02	+6.740e+03	-0.103
44.800	+6.039e+03	-2.366e+02	+7.215e+03	-0.041
44.900	+7.285e+03	-3.085e+01	+5.016e+03	-0.004
45.000	+7.247e+03	+1.113e+03	+6.455e+03	+0.133
45.100	+4.984e+03	+1.086e+03	+8.366e+03	+0.179
45.200	+6.930e+03	+1.284e+03	+7.480e+03	+0.156
45.300	+7.263e+03	+2.051e+03	+6.982e+03	+0.220
45.400	+5.521e+03	+8.939e+02	+6.689e+03	+0.139
45.500	+4.651e+03	+1.736e+02	+5.932e+03	+0.036
45.600	+5.842e+03	+8.843e+02	+6.557e+03	+0.131
45.700	+5.488e+03	+1.522e+03	+6.580e+03	+0.217
45.800	+7.323e+03	+7.753e+02	+6.740e+03	+0.096
45.900	+6.648e+03	+1.291e+03	+7.741e+03	+0.163
46.000	+5.597e+03	+9.997e+02	+7.890e+03	+0.152
46.100	+7.331e+03	+1.307e+03	+7.050e+03	+0.151
46.200	+6.853e+03	+1.353e+03	+7.317e+03	+0.165
46.300	+7.430e+03	+1.141e+03	+8.597e+03	+0.133
46.400	+5.957e+03	+4.383e+02	+4.940e+03	+0.069
46.500	+7.785e+03	+5.000e+02	+6.925e+03	+0.060
46.600	+6.478e+03	+1.140e+03	+7.097e+03	+0.150
46.700	+5.004e+02	+7.958e+03	+6.427e+03	+0.941
46.800	+7.978e+02	+7.813e+03	+8.335e+03	+0.907
46.900	+3.680e+02	+6.530e+03	+7.330e+03	+0.947
47.000	+7.754e+02	+6.782e+03	+6.036e+03	+0.897
47.100	+1.922e+02	+8.645e+03	+4.452e+03	+0.978
47.200	+4.508e+02	+7.489e+03	+7.261e+03	+0.943
47.300	+1.146e+03	+8.371e+03	+6.308e+03	+0.880
47.400	+8.759e+01	+7.412e+03	+7.317e+03	+0.988
47.500	+6.446e+02	+6.204e+03	+5.381e+03	+0.906
47.600	+7.151e+03	+7.404e+01	+6.906e+03	+0.010
47.700	+6.834e+03	+8.268e+02	+7.623e+03	+0.108
47.800	+5.468e+03	+8.325e+01	+6.136e+03	+0.015
47.900	+7.312e+03	+7.736e+02	+4.719e+03	+0.096
48.000	+8.640e+03	+6.401e+02	+6.497e+03	+0.069
48.100	+7.006e+03	+2.174e+02	+6.919e+03	+0.030
48.200	+3.760e+03	+4.301e+03	+6.974e+03	+0.534
48.300	+6.041e+02	+6.755e+03	+7.618e+03	+0.918
48.400	+4.194e+02	+7.367e+03	+5.594e+03	+0.946
48.500	+6.454e+02	+8.122e+03	+6.108e+03	+0.926
48.600	+6.602e+02	+8.727e+03	+8.395e+03	+0.930
48.700	+1.317e+03	+7.735e+03	+7.282e+03	+0.855
48.800	+1.098e+03	+8.278e+03	+5.244e+03	+0.883
48.900	+2.605e+03	+7.891e+03	+7.313e+03	+0.752
49.000	+1.093e+03	+6.626e+03	+7.856e+03	+0.858
49.100	+2.735e+02	+7.643e+03	+7.657e+03	+0.965
49.200	+1.287e+03	+6.883e+03	+5.584e+03	+0.843
49.300	+1.720e+03	+6.783e+03	+6.836e+03	+0.798
49.400	+2.321e+03	+6.440e+03	+6.342e+03	+0.735
49.500	+3.815e+02	+6.609e+03	+9.344e+03	+0.945
49.600	+6.434e+02	+6.133e+03	+8.056e+03	+0.905
49.700	+6.200e+03	+1.348e+03	+6.932e+03	+0.179
49.800	+6.951e+03	+3.702e+02	+7.428e+03	+0.051
49.900	+6.785e+03	+2.128e+02	+7.221e+03	+0.030
50.000	+8.882e+03	-4.450e+02	+9.322e+03	-0.053
50.100	+6.722e+03	+4.966e+02	+7.769e+03	+0.069
50.200	+7.649e+03	+8.233e+02	+6.715e+03	+0.097
50.300	+7.586e+03	+1.999e+03	+7.074e+03	+0.209
50.400	+6.852e+03	+1.559e+03	+8.262e+03	+0.185
50.500	+7.162e+03	+1.513e+03	+6.088e+03	+0.174
50.600	+5.378e+03	+1.088e+03	+5.476e+03	+0.168
50.700	+6.802e+03	+1.209e+03	+6.534e+03	+0.151
50.800	+6.518e+03	-1.533e+02	+7.217e+03	-0.024
50.900	+8.050e+03	+1.790e+03	+5.553e+03	+0.182
51.000	+5.969e+03	-1.006e+02	+5.896e+03	-0.017
51.100	+6.954e+03	+5.078e+02	+6.832e+03	+0.068
51.200	+7.182e+03	+1.677e+03	+3.452e+03	+0.189
51.300	+7.523e+03	+9.413e+02	+5.588e+03	+0.111
51.400	+6.991e+03	+1.765e+03	+8.185e+03	+0.202
51.500	+6.898e+03	+9.863e+02	+7.677e+03	+0.125
51.600	+6.388e+03	+4.140e+02	+8.121e+03	+0.061
51.700	+5.854e+03	+7.762e+02	+8.334e+03	+0.117
51.800	+7.750e+03	+8.719e+02	+6.910e+03	+0.101
51.900	+6.561e+03	+4.842e+02	+8.193e+03	+0.069
52.000	+7.633e+03	+9.895e+02	+8.420e+03	+0.115
52.100	+7.745e+03	+4.549e+02	+6.821e+03	+0.055
52.200	+7.635e+03	+1.912e+03	+6.592e+03	+0.200
52.300	+7.512e+03	+6.948e+02	+7.987e+03	+0.085
52.400	+6.026e+03	-1.496e+02	+5.810e+03	-0.025
52.500	+7.294e+03	-2.321e+01	+7.599e+03	-0.003
52.600	+5.982e+03	+1.174e+03	+5.889e+03	+0.164
52.700	+7.186e+03	-2.567e+02	+5.988e+03	-0.037
52.800	+6.846e+03	+8.487e+02	+6.192e+03	+0.110
52.900	+6.844e+03	-7.075e+00	+8.905e+03	-0.001
53.000	+6.039e+03	+4.338e+02	+6.175e+03	+0.067
53.100	+7.231e+03	+1.381e+03	+6.565e+03	+0.160
53.200	+5.364e+03	+1.681e+03	+7.600e+03	+0.239
53.300	+6.838e+03	+1.736e+01	+6.464e+03	+0.003
53.400	+6.286e+03	+1.659e+03	+6.440e+03	+0.209
53.500	+6.900e+03	+4.547e+02	+7.955e+03	+0.062
53.600	+6.787e+03	+1.185e+03	+8.169e+03	+0.149
53.700	+7.012e+03	+1.288e+03	+5.822e+03	+0.155
53.800	+5.654e+03	+1.259e+03	+6.186e+03	+0.182
53.900	+3.529e+03	+3.580e+03	+8.137e+03	+0.504
54.000	+2.549e+03	+3.251e+03	+6.369e+03	+0.560
54.100	+4.405e+03	+2.839e+03	+6.170e+03	+0.392
54.200	+2.967e+03	+4.777e+03	+7.962e+03	+0.617
54.300	+5.044e+03	+2.958e+03	+7.149e+03	+0.370
54.400	+2.503e+03	+4.630e+03	+6.475e+03	+0.649
54.500	+4.965e+03	+3.153e+03	+5.847e+03	+0.388
54.600	+4.157e+03	+3.783e+03	+6.196e+03	+0.476
54.700	+3.973e+03	+2.382e+03	+6.978e+03	+0.375
54.800	+2.730e+03	+3.668e+03	+7.456e+03	+0.573
54.900	+2.392e+03	+4.374e+03	+6.733e+03	+0.647
55.000	+2.442e+03	+4.395e+03	+7.739e+03	+0.643
55.100	+4.139e+03	+3.627e+03	+7.061e+03	+0.467
55.200	+2.990e+03	+5.330e+03	+7.407e+03	+0.641
55.300	+2.163e+03	+5.471e+03	+7.186e+03	+0.717
55.400	+3.462e+03	+4.399e+03	+7.616e+03	+0.560
55.500	+3.587e+03	+5.185e+03	+6.299e+03	+0.591
55.600	+2.830e+03	+3.433e+03	+6.210e+03	+0.548
55.700	+3.626e+03	+4.185e+03	+6.739e+03	+0.536
55.800	+2.264e+03	+4.328e+03	+6.596e+03	+0.657
55.900	+3.142e+03	+5.237e+03	+7.807e+03	+0.625
56.000	+3.315e+03	+3.902e+03	+8.106e+03	+0.541
56.100	+2.593e+03	+5.584e+03	+9.701e+03	+0.683
56.200	+2.809e+03	+2.762e+03	+5.236e+03	+0.496
56.300	+5.142e+03	+5.528e+03	+7.737e+03	+0.518
56.400	+3.985e+03	+4.300e+03	+5.782e+03	+0.519
56.500	+1.797e+03	+4.294e+03	+5.137e+03	+0.705
56.600	+1.522e+03	+6.093e+03	+6.680e+03	+0.800
56.700	+8.270e+02	+7.500e+03	+7.492e+03	+0.901
56.800	+6.255e+02	+7.284e+03	+8.002e+03	+0.921
56.900	+1.412e+03	+6.675e+03	+6.728e+03	+0.825
57.000	-3.935e+02	+8.678e+03	+4.489e+03	+1.048
57.100	+1.653e+03	+7.232e+03	+6.151e+03	+0.814
57.200	+4.640e+02	+6.560e+03	+6.773e+03	+0.934
57.300	+3.570e+02	+6.654e+03	+7.795e+03	+0.949
57.400	+1.442e+03	+8.133e+03	+8.235e+03	+0.849
57.500	+1.043e+03	+6.850e+03	+7.395e+03	+0.868
57.600	+1.324e+03	+6.784e+03	+7.444e+03	+0.837
57.700	+5.961e+03	+1.252e+03	+6.092e+03	+0.174
57.800	+7.002e+03	+1.634e+01	+6.751e+03	+0.002
57.900	+7.080e+03	+1.150e+03	+6.593e+03	+0.140
58.000	+7.946e+03	-3.452e+01	+6.700e+03	-0.004
58.100	+7.624e+03	+8.320e+02	+7.088e+03	+0.098
58.200	+6.856e+03	+2.776e+02	+7.374e+03	+0.039
58.300	+5.147e+03	+4.109e+02	+6.648e+03	+0.074
58.400	+3.928e+03	+3.061e+03	+7.567e+03	+0.438
58.500	+3.729e+03	+3.265e+03	+7.610e+03	+0.467
58.600	+2.906e+03	+4.206e+03	+6.928e+03	+0.591
58.700	+2.480e+03	+4.526e+03	+6.367e+03	+0.646
58.800	+2.830e+03	+4.808e+03	+7.669e+03	+0.629
58.900	+5.498e+03	+2.971e+03	+7.206e+03	+0.351
59.000	+6.674e+03	+1.898e+03	+6.564e+03	+0.221
59.100	+5.885e+03	+3.325e+02	+6.953e+03	+0.053
59.200	+7.152e+03	+2.134e+01	+6.630e+03	+0.003
59.300	+6.455e+03	+3.355e+02	+6.973e+03	+0.049
59.400	+6.908e+03	+1.627e+03	+5.971e+03	+0.191
59.500	+7.997e+03	+1.216e+03	+9.820e+03	+0.132
59.600	+6.003e+03	+1.639e+03	+7.402e+03	+0.214
59.700	+7.689e+03	+6.011e+01	+9.010e+03	+0.008
59.800	+5.887e+03	+2.165e+03	+6.677e+03	+0.269
59.900	+2.350e+03	+4.423e+03	+6.707e+03	+0.653
60.000	+3.822e+03	+3.527e+03	+8.386e+03	+0.480
60.100	+3.630e+03	+4.383e+03	+7.372e+03	+0.547
60.200	+3.445e+03	+4.527e+03	+8.035e+03	+0.568
60.300	+3.720e+03	+3.715e+03	+5.217e+03	+0.500
60.400	+3.542e+03	+2.329e+03	+7.142e+03	+0.397
60.500	+2.987e+03	+4.171e+03	+8.888e+03	+0.583
60.600	+3.162e+03	+3.744e+03	+7.743e+03	+0.542
60.700	+4.109e+03	+3.773e+03	+7.506e+03	+0.479
60.800	+2.802e+03	+5.608e+03	+7.241e+03	+0.667
60.900	+2.899e+03	+3.378e+03	+6.769e+03	+0.538
61.000	+4.153e+03	+4.326e+03	+6.518e+03	+0.510
61.100	+2.751e+03	+4.193e+03	+7.207e+03	+0.604
61.200	+3.003e+03	+4.778e+03	+6.217e+03	+0.614
61.300	+3.227e+03	+2.797e+03	+7.349e+03	+0.464
61.400	+3.199e+03	+4.501e+03	+8.547e+03	+0.585
61.500	+3.493e+03	+4.310e+03	+9.212e+03	+0.552
61.600	+3.740e+03	+4.270e+03	+6.584e+03	+0.533
61.700	+4.172e+03	+4.300e+03	+5.970e+03	+0.508
61.800	+3.399e+03	+2.984e+03	+8.289e+03	+0.467
61.900	+4.762e+03	+3.106e+03	+6.128e+03	+0.395
62.000	+7.444e+03	+4.232e+02	+8.116e+03	+0.054
62.100	+3.759e+03	+3.224e+03	+7.392e+03	+0.462
62.200	+4.366e+03	+3.384e+03	+6.554e+03	+0.437
62.300	+2.536e+03	+4.131e+03	+6.126e+03	+0.620
62.400	+3.935e+03	+3.634e+03	+7.439e+03	+0.480
62.500	+4.161e+03	+3.514e+03	+6.445e+03	+0.458
62.600	+3.256e+03	+3.647e+03	+6.497e+03	+0.528
62.700	+3.906e+03	+4.607e+03	+7.184e+03	+0.541
62.800	+4.170e+03	+2.599e+03	+8.414e+03	+0.384
62.900	+3.424e+03	+4.321e+03	+7.528e+03	+0.558
63.000	+2.683e+03	+4.420e+03	+5.323e+03	+0.622
63.100	+4.188e+03	+2.981e+03	+7.458e+03	+0.416
63.200	+2.561e+03	+3.173e+03	+7.934e+03	+0.553
63.300	+2.413e+03	+5.157e+03	+6.995e+03	+0.681
63.400	+3.041e+03	+3.022e+03	+5.724e+03	+0.498
63.500	+2.721e+03	+4.240e+03	+6.814e+03	+0.609
63.600	+2.607e+03	+5.020e+03	+8.110e+03	+0.658
63.700	+4.640e+03	+4.494e+03	+6.414e+03	+0.492
63.800	+2.678e+03	+4.307e+03	+5.228e+03	+0.617
63.900	+3.082e+03	+4.586e+03	+7.261e+03	+0.598
64.000	+2.569e+03	+4.410e+03	+6.067e+03	+0.632
64.100	+2.520e+03	+5.331e+03	+8.513e+03	+0.679
64.200	+5.435e+02	+5.979e+03	+7.697e+03	+0.917
64.300	+4.444e+02	+8.202e+03	+6.439e+03	+0.949
64.400	+1.444e+03	+6.281e+03	+6.577e+03	+0.813
64.500	+1.029e+03	+7.701e+03	+7.856e+03	+0.882
64.600	+2.146e+02	+8.385e+03	+7.088e+03	+0.975
64.700	+5.823e+02	+6.629e+03	+7.316e+03	+0.919
64.800	+6.734e+02	+8.645e+03	+5.799e+03	+0.928
64.900	+3.387e+02	+6.730e+03	+6.235e+03	+0.952
65.000	+2.953e+03	+4.968e+03	+7.469e+03	+0.627
65.100	+3.590e+03	+4.943e+03	+5.045e+03	+0.579
65.200	+3.263e+03	+4.510e+03	+7.625e+03	+0.580
65.300	+3.562e+03	+3.651e+03	+5.332e+03	+0.506
65.400	+2.697e+03	+4.802e+03	+7.233e+03	+0.640
65.500	+3.543e+03	+4.577e+03	+8.168e+03	+0.564
65.600	+3.695e+03	+4.125e+03	+7.581e+03	+0.527
65.700	+3.210e+03	+2.980e+03	+7.523e+03	+0.481
65.800	+3.006e+03	+4.449e+03	+7.001e+03	+0.597
65.900	+3.702e+03	+5.138e+03	+7.968e+03	+0.581
66.000	+3.332e+03	+4.965e+03	+5.674e+03	+0.598
66.100	+2.345e+03	+3.663e+03	+7.670e+03	+0.610
66.200	+3.162e+03	+3.531e+03	+8.577e+03	+0.528
66.300	+3.715e+03	+4.574e+03	+4.877e+03	+0.552
66.400	+5.631e+03	+2.921e+03	+6.724e+03	+0.342
66.500	+7.544e+03	+6.787e+02	+7.461e+03	+0.083
66.600	+4.845e+03	+3.865e+03	+6.730e+03	+0.444
66.700	+2.728e+03	+3.041e+03	+5.613e+03	+0.527
66.800	+2.861e+03	+4.083e+03	+5.828e+03	+0.588
66.900	+3.159e+03	+3.906e+03	+5.986e+03	+0.553
67.000	+4.849e+03	+3.419e+03	+7.638e+03	+0.414
67.100	+7.286e+03	+9.396e+02	+7.101e+03	+0.114
67.200	+6.659e+03	+1.226e+03	+5.965e+03	+0.156
67.300	+7.428e+03	+1.329e+03	+6.309e+03	+0.152
67.400	+6.728e+03	+1.142e+03	+5.977e+03	+0.145
67.500	+5.478e+03	-2.266e+02	+5.769e+03	-0.043
67.600	+6.237e+03	+1.182e+02	+5.423e+03	+0.019
67.700	+8.727e+03	+1.435e+03	+7.562e+03	+0.141
67.800	+6.576e+03	+2.208e+02	+7.947e+03	+0.032
67.900	+6.331e+03	+1.776e+03	+8.030e+03	+0.219
68.000	+5.430e+03	+1.903e+03	+8.201e+03	+0.259
68.100	+6.567e+03	+9.245e+02	+5.635e+03	+0.123
68.200	+6.517e+03	+2.196e+03	+6.772e+03	+0.252
68.300	+7.984e+03	+1.383e+03	+7.595e+03	+0.148
68.400	+6.368e+03	+1.667e+03	+6.052e+03	+0.207
68.500	+6.889e+03	-1.729e+02	+7.418e+03	-0.026
68.600	+8.048e+03	-1.053e+02	+7.065e+03	-0.013
68.700	+7.176e+03	+3.994e+02	+6.822e+03	+0.053
68.800	+5.939e+03	+1.325e+02	+7.821e+03	+0.022
68.900	+7.220e+03	+1.932e+03	+7.449e+03	+0.211
69.000	+8.455e+03	+2.144e+02	+6.072e+03	+0.025
69.100	+7.625e+03	+3.054e+02	+5.483e+03	+0.039
69.200	+6.006e+03	-4.242e+02	+6.455e+03	-0.076
69.300	+6.724e+03	+1.197e+03	+6.038e+03	+0.151
69.400	+6.323e+03	+1.151e+03	+6.178e+03	+0.154
69.500	+5.769e+03	+8.215e+02	+8.589e+03	+0.125
69.600	+6.675e+03	+2.265e+03	+6.584e+03	+0.253
69.700	+6.520e+03	+6.969e+02	+4.848e+03	+0.097
69.800	+5.941e+03	+9.702e+01	+7.379e+03	+0.016
69.900	+7.035e+03	+9.151e+02	+5.731e+03	+0.115
70.000	+8.396e+03	+1.068e+03	+5.260e+03	+0.113
70.100	+4.323e+03	+7.021e+02	+6.562e+03	+0.140
70.200	+7.093e+03	+2.489e+01	+6.651e+03	+0.003
70.300	+8.216e+03	+7.942e+02	+6.956e+03	+0.088
70.400	+6.745e+03	+1.151e+03	+5.996e+03	+0.146
70.500	+6.665e+03	+2.952e+02	+5.134e+03	+0.042
70.600	+7.668e+03	+1.291e+03	+5.739e+03	+0.144
70.700	+7.603e+03	+3.206e+02	+7.388e+03	+0.040
70.800	+6.613e+03	+1.474e+02	+6.794e+03	+0.022
70.900	+9.588e+03	+8.596e+02	+6.736e+03	+0.082
71.000	+6.749e+03	+6.373e+02	+6.937e+03	+0.086
71.100	+6.937e+03	+2.211e+03	+6.449e+03	+0.242
71.200	+8.153e+03	-8.807e+02	+6.285e+03	-0.121
71.300	+6.122e+03	+9.092e+02	+6.744e+03	+0.129
71.400	+6.565e+03	-1.218e+02	+7.124e+03	-0.019
71.500	+6.582e+03	+1.116e+03	+6.879e+03	+0.145
71.600	+7.961e+03	+6.826e+02	+5.714e+03	+0.079
71.700	+6.184e+03	+5.677e+02	+7.695e+03	+0.084
71.800	+7.711e+03	+5.040e+02	+5.650e+03	+0.061
71.900	+6.576e+03	+1.095e+03	+4.472e+03	+0.143
72.000	+8.359e+03	+1.804e+03	+5.365e+03	+0.178
72.100	+7.335e+03	+5.248e+02	+7.103e+03	+0.067
72.200	+5.845e+03	+1.069e+03	+5.455e+03	+0.155
72.300	+6.596e+03	+1.774e+03	+6.750e+03	+0.212
72.400	+6.959e+03	+1.372e+03	+5.346e+03	+0.165
72.500	+6.522e+03	+8.048e+02	+6.890e+03	+0.110
72.600	+6.347e+03	+8.413e+02	+5.713e+03	+0.117
72.700	+4.062e+03	+3.633e+03	+6.360e+03	+0.472
72.800	+3.376e+03	+4.074e+03	+5.121e+03	+0.547
72.900	+3.055e+03	+2.886e+03	+8.383e+03	+0.486
73.000	+3.597e+03	+3.842e+03	+6.821e+03	+0.517
73.100	+4.673e+03	+4.462e+03	+6.725e+03	+0.488
73.200	+4.035e+03	+4.189e+03	+7.562e+03	+0.509
73.300	+4.041e+03	+3.721e+03	+6.641e+03	+0.479
73.400	+1.911e+03	+2.482e+03	+7.512e+03	+0.565
73.500	+3.615e+03	+4.821e+03	+8.302e+03	+0.572
73.600	+4.431e+03	+4.278e+03	+7.002e+03	+0.491
73.700	+3.477e+03	+2.472e+03	+8.177e+03	+0.416
73.800	+3.194e+03	+4.331e+03	+7.629e+03	+0.576
73.900	+3.919e+03	+4.500e+03	+5.720e+03	+0.534
74.000	+3.356e+03	+3.980e+03	+5.477e+03	+0.543
74.100	+2.910e+03	+4.623e+03	+8.436e+03	+0.614
74.200	+3.971e+03	+5.170e+03	+7.113e+03	+0.566
74.300	+4.610e+03	+2.993e+03	+7.145e+03	+0.394
74.400	+3.609e+03	+4.213e+03	+7.577e+03	+0.539
74.500	+3.141e+03	+5.013e+03	+7.050e+03	+0.615
74.600	+4.138e+03	+3.980e+03	+6.169e+03	+0.490
74.700	+3.744e+03	+4.297e+03	+6.827e+03	+0.534
74.800	+4.267e+03	+3.523e+03	+7.756e+03	+0.452
74.900	+3.379e+03	+4.610e+03	+5.739e+03	+0.577
75.000	+2.607e+03	+5.216e+03	+6.052e+03	+0.667
75.100	+3.672e+03	+4.651e+03	+5.891e+03	+0.559
75.200	+4.709e+03	+2.961e+03	+7.653e+03	+0.386
75.300	+3.044e+03	+5.042e+03	+7.557e+03	+0.624
75.400	+3.796e+03	+4.214e+03	+7.263e+03	+0.526
75.500	+3.803e+03	+3.755e+03	+8.566e+03	+0.497
75.600	+3.114e+03	+4.512e+03	+7.436e+03	+0.592
75.700	+2.292e+03	+4.624e+03	+7.375e+03	+0.669
75.800	+2.696e+03	+4.112e+03	+6.259e+03	+0.604
75.900	+2.958e+03	+5.139e+03	+7.632e+03	+0.635
76.000	+3.283e+03	+3.249e+03	+6.665e+03	+0.497
76.100	+2.615e+03	+3.115e+03	+7.327e+03	+0.544
76.200	+4.261e+03	+5.275e+03	+7.444e+03	+0.553
76.300	+2.696e+03	+3.788e+03	+5.827e+03	+0.584
76.400	+3.469e+03	+3.951e+03	+8.404e+03	+0.532
76.500	+3.122e+03	+4.221e+03	+6.978e+03	+0.575
76.600	+3.365e+03	+3.773e+03	+6.842e+03	+0.529
76.700	+2.733e+03	+4.207e+03	+6.539e+03	+0.606
76.800	+5.666e+02	+6.161e+03	+7.069e+03	+0.916
76.900	+1.973e+03	+6.538e+03	+7.606e+03	+0.768
77.000	+3.367e+03	+5.275e+03	+6.660e+03	+0.610
77.100	+3.369e+03	+4.057e+03	+7.506e+03	+0.546
77.200	+3.196e+03	+4.048e+03	+7.236e+03	+0.559
77.300	+3.132e+03	+3.726e+03	+5.249e+03	+0.543
77.400	+2.503e+03	+2.765e+03	+8.850e+03	+0.525
77.500	+3.356e+03	+3.807e+03	+7.473e+03	+0.532
77.600	+3.746e+03	+4.858e+03	+8.213e+03	+0.565
77.700	+2.934e+03	+4.004e+03	+6.053e+03	+0.577
77.800	+4.689e+03	+4.751e+03	+4.396e+03	+0.503
77.900	+3.720e+03	+4.360e+03	+7.369e+03	+0.540
78.000	+3.303e+03	+3.376e+03	+6.813e+03	+0.505
78.100	+4.245e+03	+3.588e+03	+7.545e+03	+0.458
78.200	+4.350e+03	+1.925e+03	+6.775e+03	+0.307
78.300	+7.756e+03	+1.005e+03	+6.474e+03	+0.115
78.400	+7.710e+03	+8.063e+02	+7.616e+03	+0.095
78.500	+7.643e+03	+1.134e+03	+6.605e+03	+0.129
78.600	+6.180e+03	+5.014e+02	+6.281e+03	+0.075
78.700	+6.943e+03	+8.030e+02	+5.879e+03	+0.104
78.800	+7.002e+03	-4.376e+01	+7.286e+03	-0.006
78.900	+7.787e+03	+8.986e+02	+6.283e+03	+0.103
79.000	+7.537e+03	+4.450e+02	+6.500e+03	+0.056
79.100	+7.924e+03	+4.463e+02	+6.828e+03	+0.053
79.200	+6.583e+03	+1.664e+03	+7.629e+03	+0.202
79.300	+7.304e+03	+6.411e+02	+6.295e+03	+0.081
79.400	+6.197e+03	+9.673e+02	+7.626e+03	+0.135
79.500	+8.048e+03	+1.204e+03	+6.168e+03	+0.130
79.600	+6.509e+03	-4.670e+02	+7.377e+03	-0.077
79.700	+8.267e+03	+6.698e+02	+6.494e+03	+0.075
79.800	+7.558e+03	+2.421e+02	+7.532e+03	+0.031
79.900	+5.460e+03	+5.089e+02	+6.374e+03	+0.085
80.000	+7.398e+03	+1.567e+03	+7.011e+03	+0.175
80.100	+5.880e+03	-4.597e+02	+8.563e+03	-0.085
80.200	+5.043e+03	+2.733e+03	+6.793e+03	+0.352
80.300	+3.621e+03	+5.357e+03	+8.354e+03	+0.597
80.400	+3.657e+03	+4.719e+03	+7.533e+03	+0.563
80.500	+4.788e+03	+3.050e+03	+8.127e+03	+0.389
80.600	+1.191e+03	+6.088e+03	+6.736e+03	+0.836
80.700	-1.470e+02	+7.737e+03	+5.390e+03	+1.019
80.800	+9.988e+02	+7.595e+03	+7.851e+03	+0.884
80.900	+1.283e+03	+7.609e+03	+5.187e+03	+0.856
81.000	+6.920e+02	+6.860e+03	+6.630e+03	+0.908
81.100	+6.320e+02	+9.336e+03	+7.620e+03	+0.937
81.200	+1.330e+03	+7.828e+03	+6.930e+03	+0.855
81.300	+4.467e+03	+4.204e+03	+6.338e+03	+0.485
81.400	+7.031e+03	+1.134e+03	+7.166e+03	+0.139
81.500	+6.915e+03	+1.175e+03	+8.438e+03	+0.145
81.600	+5.412e+03	+2.622e+03	+7.374e+03	+0.326
81.700	+4.027e+03	+4.013e+03	+6.985e+03	+0.499
81.800	+3.880e+03	+4.217e+03	+7.617e+03	+0.521
81.900	+4.526e+03	+4.265e+03	+8.544e+03	+0.485
82.000	+3.669e+03	+5.062e+03	+6.994e+03	+0.580
82.100	+2.600e+03	+3.696e+03	+6.337e+03	+0.587
82.200	+3.330e+03	+3.567e+03	+8.235e+03	+0.517
82.300	+3.775e+03	+3.720e+03	+7.393e+03	+0.496
82.400	+3.167e+03	+3.054e+03	+5.288e+03	+0.491
82.500	+3.786e+03	+4.641e+03	+6.226e+03	+0.551
82.600	+3.503e+03	+4.325e+03	+7.176e+03	+0.553
82.700	+3.407e+03	+3.624e+03	+5.649e+03	+0.515
82.800	+3.648e+03	+3.942e+03	+7.152e+03	+0.519
82.900	+4.399e+03	+5.037e+03	+6.166e+03	+0.534
83.000	+2.652e+03	+3.919e+03	+6.621e+03	+0.596
83.100	+2.113e+03	+4.835e+03	+6.877e+03	+0.696
83.200	+8.464e+01	+7.189e+03	+7.410e+03	+0.988
83.300	+7.555e+02	+6.644e+03	+6.244e+03	+0.898
83.400	+4.227e+03	+3.329e+03	+5.366e+03	+0.441
83.500	+3.033e+03	+4.755e+03	+6.869e+03	+0.611
83.600	+4.271e+03	+4.956e+03	+5.842e+03	+0.537
83.700	+2.274e+03	+4.289e+03	+8.666e+03	+0.654
83.800	+3.687e+03	+3.743e+03	+5.706e+03	+0.504
83.900	+3.012e+03	+3.211e+03	+6.531e+03	+0.516
84.000	+2.934e+03	+4.482e+03	+5.249e+03	+0.604
84.100	+2.938e+03	+4.293e+03	+4.863e+03	+0.594
84.200	+3.170e+03	+4.720e+03	+6.497e+03	+0.598
84.300	+3.124e+03	+3.805e+03	+9.189e+03	+0.549
84.400	+4.058e+03	+4.267e+03	+6.669e+03	+0.513
84.500	+2.652e+03	+3.262e+03	+7.057e+03	+0.552
84.600	+2.734e+03	+2.525e+03	+6.390e+03	+0.480
84.700	+2.878e+03	+3.309e+03	+6.258e+03	+0.535
84.800	+3.406e+03	+5.369e+03	+6.569e+03	+0.612
84.900	+3.313e+03	+3.199e+03	+6.907e+03	+0.491
85.000	+4.078e+03	+2.935e+03	+5.978e+03	+0.418
85.100	+3.627e+03	+4.096e+03	+7.098e+03	+0.530
85.200	+3.715e+03	+4.264e+03	+7.239e+03	+0.534
85.300	+2.621e+03	+2.956e+03	+5.932e+03	+0.530
85.400	+3.794e+03	+4.166e+03	+7.196e+03	+0.523
85.500	+3.718e+03	+4.570e+03	+7.052e+03	+0.551
85.600	+3.192e+03	+3.630e+03	+6.616e+03	+0.532
85.700	+3.699e+03	+4.664e+03	+6.727e+03	+0.558
85.800	+2.808e+03	+3.610e+03	+6.356e+03	+0.562
85.900	+4.440e+03	+3.380e+03	+6.715e+03	+0.432
86.000	+3.451e+03	+4.140e+03	+7.863e+03	+0.545
86.100	+2.950e+03	+3.961e+03	+8.217e+03	+0.573
86.200	+2.513e+03	+4.541e+03	+8.559e+03	+0.644
86.300	+2.623e+03	+4.231e+03	+7.229e+03	+0.617
86.400	+3.986e+03	+3.950e+03	+8.388e+03	+0.498
86.500	+3.130e+03	+4.738e+03	+6.697e+03	+0.602
86.600	+3.014e+03	+4.085e+03	+8.625e+03	+0.575
86.700	+3.280e+03	+4.481e+03	+7.003e+03	+0.577
86.800	+3.325e+03	+4.815e+03	+6.332e+03	+0.592
86.900	+4.836e+03	+4.162e+03	+5.950e+03	+0.463
87.000	+2.485e+03	+2.779e+03	+6.940e+03	+0.528
87.100	+3.287e+03	+4.300e+03	+6.616e+03	+0.567
87.200	+3.281e+03	+4.691e+03	+6.602e+03	+0.588
87.300	+3.456e+03	+3.020e+03	+5.527e+03	+0.466
87.400	+4.507e+03	+3.634e+03	+7.855e+03	+0.446
87.500	+3.968e+03	+5.064e+03	+7.803e+03	+0.561
87.600	+2.838e+03	+4.258e+03	+5.562e+03	+0.600
87.700	+3.432e+03	+4.278e+03	+6.396e+03	+0.555
87.800	+2.917e+03	+4.244e+03	+6.620e+03	+0.593
87.900	+5.120e+03	+2.886e+03	+8.020e+03	+0.360
88.000	+3.746e+03	+5.067e+03	+8.009e+03	+0.575
88.100	+4.043e+03	+4.556e+03	+7.644e+03	+0.530
88.200	+3.995e+03	+4.992e+03	+7.035e+03	+0.555
88.300	+1.846e+03	+5.375e+03	+7.000e+03	+0.744
88.400	+6.126e+03	+1.449e+03	+7.260e+03	+0.191
88.500	+9.742e+02	+6.394e+03	+7.787e+03	+0.868
88.600	+8.253e+02	+7.284e+03	+7.740e+03	+0.898
88.700	+1.021e+03	+6.675e+03	+5.314e+03	+0.867
88.800	+2.837e+02	+7.354e+03	+8.569e+03	+0.963
88.900	+7.174e+02	+8.175e+03	+5.587e+03	+0.919
89.000	+1.077e+03	+7.308e+03	+6.595e+03	+0.872
89.100	+6.498e+02	+7.099e+03	+5.421e+03	+0.916
89.200	+2.414e+02	+7.264e+03	+6.226e+03	+0.968
89.300	+6.573e+02	+8.459e+03	+7.208e+03	+0.928
89.400	+5.691e+02	+6.467e+03	+6.547e+03	+0.919
89.500	-3.600e+02	+8.053e+03	+7.887e+03	+1.047
89.600	+3.215e+02	+7.153e+03	+7.985e+03	+0.957
89.700	+5.686e+02	+6.635e+03	+5.747e+03	+0.921
89.800	+4.209e+03	+4.002e+03	+6.639e+03	+0.487
89.900	+6.211e+03	-1.709e+02	+6.752e+03	-0.028
90.000	+6.731e+03	+1.285e+03	+6.893e+03	+0.160
90.100	+6.832e+03	-1.185e+02	+7.219e+03	-0.018
90.200	+6.743e+03	+1.121e+03	+5.639e+03	+0.143
90.300	+6.812e+03	+8.122e+02	+7.027e+03	+0.107
90.400	+7.740e+03	+1.335e+02	+6.706e+03	+0.017
90.500	+8.423e+03	-7.896e+01	+5.831e+03	-0.009
90.600	+6.515e+03	+1.175e+03	+5.948e+03	+0.153
90.700	+6.043e+03	-4.791e+01	+8.751e+03	-0.008
90.800	+2.969e+03	+2.721e+03	+6.516e+03	+0.478
90.900	+4.152e+03	+3.746e+03	+6.562e+03	+0.474
91.000	+2.871e+03	+3.525e+03	+6.428e+03	+0.551
91.100	+3.683e+03	+5.116e+03	+7.766e+03	+0.581
91.200	+3.422e+03	+3.869e+03	+6.277e+03	+0.531
91.300	+4.588e+03	+4.204e+03	+7.120e+03	+0.478
91.400	+2.098e+03	+4.703e+03	+5.714e+03	+0.692
91.500	+2.841e+03	+3.813e+03	+6.863e+03	+0.573
91.600	+3.317e+03	+3.135e+03	+8.314e+03	+0.486
91.700	+3.835e+03	+3.634e+03	+8.001e+03	+0.487
91.800	+3.920e+03	+4.867e+03	+6.871e+03	+0.554
91.900	+4.197e+03	+4.477e+03	+6.758e+03	+0.516
92.000	+4.071e+03	+2.962e+03	+7.761e+03	+0.421
92.100	+2.238e+03	+4.575e+03	+7.108e+03	+0.672
92.200	+1.165e+03	+8.076e+03	+7.327e+03	+0.874
92.300	+9.791e+02	+7.850e+03	+6.882e+03	+0.889
92.400	+1.331e+03	+6.957e+03	+7.503e+03	+0.839
92.500	-2.477e+02	+7.608e+03	+8.644e+03	+1.034
92.600	+1.529e+03	+6.878e+03	+6.753e+03	+0.818
92.700	+5.983e+02	+6.037e+03	+5.274e+03	+0.910
92.800	-2.343e+01	+8.162e+03	+6.999e+03	+1.003
92.900	+4.544e+02	+8.069e+03	+7.321e+03	+0.947
93.000	+2.116e+02	+7.736e+03	+6.804e+03	+0.973
93.100	-1.676e+02	+5.802e+03	+7.926e+03	+1.030
93.200	+1.667e+03	+7.457e+03	+7.782e+03	+0.817
93.300	+1.801e+03	+7.474e+03	+5.753e+03	+0.806
93.400	+1.195e+03	+8.066e+03	+6.208e+03	+0.871
93.500	+1.059e+03	+7.165e+03	+6.575e+03	+0.871
93.600	+8.677e+02	+7.508e+03	+5.001e+03	+0.896
93.700	+1.214e+03	+7.550e+03	+6.729e+03	+0.861
93.800	+1.853e+03	+6.910e+03	+5.253e+03	+0.789
93.900	+1.018e+03	+6.865e+03	+7.151e+03	+0.871
94.000	+1.370e+03	+7.485e+03	+6.892e+03	+0.845
94.100	+6.661e+01	+7.651e+03	+6.316e+03	+0.991
94.200	+1.078e+03	+7.273e+03	+6.758e+03	+0.871
94.300	+1.364e+03	+6.362e+03	+8.162e+03	+0.823
94.400	+3.020e+02	+7.447e+03	+6.644e+03	+0.961
94.500	+4.023e+03	+4.532e+03	+6.470e+03	+0.530
94.600	+7.300e+03	+1.728e+03	+8.628e+03	+0.191
94.700	+5.795e+03	+6.325e+02	+6.509e+03	+0.098
94.800	+5.275e+03	+3.115e+03	+6.926e+03	+0.371
94.900	+2.332e+02	+8.228e+03	+5.629e+03	+0.972
95.000	-4.789e+01	+8.433e+03	+6.030e+03	+1.006
95.100	+4.160e+02	+6.929e+03	+6.460e+03	+0.943
95.200	+1.638e+03	+7.752e+03	+7.082e+03	+0.826
95.300	-1.699e+02	+7.429e+03	+6.309e+03	+1.023
95.400	+3.100e+02	+7.969e+03	+8.180e+03	+0.963
95.500	+6.884e+02	+7.277e+03	+7.894e+03	+0.914
95.600	+1.287e+03	+7.274e+03	+6.396e+03	+0.850
95.700	+1.348e+03	+7.284e+03	+6.083e+03	+0.844
95.800	+1.208e+03	+6.684e+03	+6.619e+03	+0.847
95.900	+6.274e+02	+6.087e+03	+8.533e+03	+0.907
96.000	+5.247e+02	+7.582e+03	+5.875e+03	+0.935
96.100	+7.658e+01	+6.423e+03	+7.732e+03	+0.988
96.200	+1.193e+02	+7.836e+03	+7.621e+03	+0.985
96.300	+9.923e+02	+7.919e+03	+7.522e+03	+0.889
96.400	-4.296e+02	+7.720e+03	+6.860e+03	+1.059
96.500	+1.407e+03	+7.518e+03	+8.195e+03	+0.842
96.600	+8.448e+02	+7.971e+03	+8.598e+03	+0.904
96.700	+2.087e+01	+6.772e+03	+8.241e+03	+0.997
96.800	+7.629e+02	+8.436e+03	+5.332e+03	+0.917
96.900	+1.697e+02	+7.920e+03	+7.303e+03	+0.979
97.000	+1.378e+03	+8.332e+03	+7.713e+03	+0.858
97.100	+1.017e+03	+8.033e+03	+4.762e+03	+0.888
97.200	+4.850e+02	+6.834e+03	+6.619e+03	+0.934
97.300	+1.822e+03	+6.076e+03	+6.486e+03	+0.769
97.400	+7.419e+03	+1.906e+03	+8.443e+03	+0.204
97.500	+6.176e+03	+8.528e+02	+8.540e+03	+0.121
97.600	+6.827e+03	+1.276e+03	+6.423e+03	+0.158
97.700	+7.208e+03	+8.993e+02	+9.084e+03	+0.111
97.800	+7.618e+03	+1.080e+03	+5.875e+03	+0.124
97.900	+6.054e+03	+1.644e+03	+7.161e+03	+0.214
98.000	+6.385e+03	+9.229e+02	+8.989e+03	+0.126
98.100	+6.407e+03	+2.066e+03	+7.004e+03	+0.244
98.200	+7.833e+03	+6.220e+02	+8.719e+03	+0.074
98.300	+2.094e+03	+6.729e+03	+5.719e+03	+0.763
98.400	+2.317e+02	+6.384e+03	+6.316e+03	+0.965
98.500	+7.324e+02	+7.122e+03	+8.881e+03	+0.907
98.600	+8.577e+02	+6.671e+03	+5.784e+03	+0.886
98.700	-4.269e+02	+6.082e+03	+6.152e+03	+1.075
98.800	-3.449e+02	+7.160e+03	+7.051e+03	+1.051
98.900	+4.118e+02	+8.287e+03	+8.437e+03	+0.953
99.000	+7.009e+02	+8.154e+03	+6.861e+03	+0.921
99.100	+4.787e+02	+8.098e+03	+5.765e+03	+0.944
99.200	+1.352e+03	+7.566e+03	+6.327e+03	+0.848
99.300	+5.504e+02	+6.459e+03	+7.894e+03	+0.921
99.400	+6.845e+02	+8.707e+03	+5.372e+03	+0.927
99.500	+6.498e+02	+8.748e+03	+7.017e+03	+0.931
99.600	+1.176e+03	+7.495e+03	+6.481e+03	+0.864
99.700	+9.517e+02	+7.534e+03	+4.658e+03	+0.888
99.800	-4.070e+02	+7.276e+03	+6.107e+03	+1.059
99.900	+1.734e+03	+6.396e+03	+7.592e+03	+0.787
100.000	+4.836e+02	+7.443e+03	+8.363e+03	+0.939
100.100	+1.482e+03	+8.034e+03	+8.026e+03	+0.844
100.200	-3.080e+01	+7.955e+03	+7.408e+03	+1.004
100.300	+1.232e+03	+6.445e+03	+6.263e+03	+0.840
100.400	+1.781e+03	+8.624e+03	+7.249e+03	+0.829
