%t (s)	Idd (a.u.)	Ida (a.u.)	Iaa (a.u.)	FRET E
0.000	+3.077e+03	+4.102e+03	+5.579e+03	+0.571
0.100	+2.556e+03	+2.798e+03	+5.934e+03	+0.523
0.200	+2.844e+03	+2.646e+03	+5.581e+03	+0.482
0.300	+3.547e+03	+3.826e+03	+5.761e+03	+0.519
0.400	+2.463e+03	+5.187e+03	+4.628e+03	+0.678
0.500	+2.999e+03	+3.951e+03	+6.730e+03	+0.569
0.600	+4.295e+03	+3.230e+03	+5.915e+03	+0.429
0.700	+3.459e+03	+3.058e+03	+7.352e+03	+0.469
0.800	+1.859e+03	+4.048e+03	+7.737e+03	+0.685
0.900	+3.952e+03	+4.285e+03	+6.554e+03	+0.520
1.000	+3.217e+03	+2.857e+03	+5.569e+03	+0.470
1.100	+2.952e+03	+3.792e+03	+6.929e+03	+0.562
1.200	+2.704e+03	+5.948e+03	+5.874e+03	+0.687
1.300	+4.001e+03	+4.635e+03	+6.481e+03	+0.537
1.400	+1.476e+03	+3.994e+03	+5.993e+03	+0.730
1.500	+5.306e+02	+6.218e+03	+5.222e+03	+0.921
1.600	+1.545e+03	+5.018e+03	+5.711e+03	+0.765
1.700	+4.796e+02	+4.780e+03	+5.584e+03	+0.909
1.800	+1.778e+02	+5.645e+03	+7.473e+03	+0.969
1.900	+9.205e+02	+5.712e+03	+7.130e+03	+0.861
2.000	+8.653e+02	+6.402e+03	+5.418e+03	+0.881
2.100	+6.621e+02	+5.352e+03	+7.350e+03	+0.890
2.200	+7.580e+02	+5.206e+03	+6.579e+03	+0.873
2.300	+6.820e+02	+5.339e+03	+4.838e+03	+0.887
2.400	+2.233e+01	+6.085e+03	+6.140e+03	+0.996
2.500	-1.289e+02	+7.308e+03	+6.022e+03	+1.018
2.600	+1.186e+03	+5.670e+03	+6.898e+03	+0.827
2.700	+5.160e+02	+4.671e+03	+6.440e+03	+0.901
2.800	+4.913e+02	+5.650e+03	+6.729e+03	+0.920
2.900	-8.646e+00	+4.789e+03	+5.296e+03	+1.002
3.000	+3.118e+02	+5.658e+03	+5.842e+03	+0.948
3.100	+4.181e+02	+5.072e+03	+5.654e+03	+0.924
3.200	+1.473e+03	+6.937e+03	+4.810e+03	+0.825
3.300	+1.798e+03	+5.420e+03	+4.178e+03	+0.751
3.400	+8.481e+02	+5.919e+03	+6.433e+03	+0.875
3.500	+4.992e+02	+6.008e+03	+4.721e+03	+0.923
3.600	+4.513e+02	+7.400e+03	+7.359e+03	+0.943
3.700	-2.634e+02	+5.727e+03	+5.639e+03	+1.048
3.800	+3.703e+02	+5.597e+03	+5.769e+03	+0.938
3.900	+9.146e+02	+6.203e+03	+7.085e+03	+0.872
4.000	+1.222e+02	+6.749e+03	+6.053e+03	+0.982
4.100	-2.884e+02	+5.451e+03	+4.976e+03	+1.056
4.200	-3.214e+02	+5.685e+03	+5.422e+03	+1.060
4.300	+9.583e+02	+7.109e+03	+5.648e+03	+0.881
4.400	-3.140e+02	+5.888e+03	+5.855e+03	+1.056
4.500	+6.975e+02	+5.043e+03	+5.557e+03	+0.878
4.600	-1.273e+02	+5.790e+03	+5.923e+03	+1.022
4.700	+7.611e+02	+7.176e+03	+5.630e+03	+0.904
4.800	+3.984e+02	+4.888e+03	+6.089e+03	+0.925
4.900	+1.523e+03	+5.027e+03	+6.757e+03	+0.767
5.000	+2.677e+02	+6.475e+03	+6.732e+03	+0.960
5.100	+8.401e+02	+6.381e+03	+5.496e+03	+0.884
5.200	+6.334e+02	+6.625e+03	+6.192e+03	+0.913
5.300	+1.022e+03	+5.193e+03	+6.197e+03	+0.836
5.400	+2.449e+02	+5.865e+03	+8.005e+03	+0.960
5.500	+2.763e+02	+5.007e+03	+6.205e+03	+0.948
5.600	+7.385e+02	+5.422e+03	+5.430e+03	+0.880
5.700	+1.501e+03	+5.256e+03	+5.705e+03	+0.778
5.800	+8.592e+02	+6.372e+03	+6.338e+03	+0.881
5.900	+8.226e+02	+6.501e+03	+5.596e+03	+0.888
6.000	+7.314e+02	+6.930e+03	+4.931e+03	+0.905
6.100	+7.012e+02	+5.204e+03	+4.513e+03	+0.881
6.200	+5.961e+02	+5.411e+03	+6.487e+03	+0.901
6.300	+9.053e+02	+6.005e+03	+4.983e+03	+0.869
6.400	-4.924e+02	+6.425e+03	+4.685e+03	+1.083
6.500	+1.098e+03	+5.312e+03	+6.701e+03	+0.829
6.600	+1.676e+03	+5.946e+03	+6.574e+03	+0.780
6.700	+1.679e+03	+5.888e+03	+7.385e+03	+0.778
6.800	+7.661e+02	+6.600e+03	+6.301e+03	+0.896
6.900	+1.187e+03	+4.961e+03	+5.411e+03	+0.807
7.000	+2.591e+02	+6.076e+03	+5.629e+03	+0.959
7.100	+8.224e+02	+4.938e+03	+5.177e+03	+0.857
7.200	+3.591e+03	+4.280e+03	+7.237e+03	+0.544
7.300	+3.557e+03	+3.897e+03	+5.459e+03	+0.523
7.400	+2.574e+03	+3.878e+03	+4.789e+03	+0.601
7.500	+2.175e+03	+5.338e+03	+6.760e+03	+0.711
7.600	+2.126e+03	+5.359e+03	+7.769e+03	+0.716
7.700	+7.099e+01	+6.138e+03	+6.092e+03	+0.989
7.800	+3.791e+02	+5.998e+03	+6.518e+03	+0.941
7.900	-6.167e+00	+5.715e+03	+6.195e+03	+1.001
8.000	+1.487e+03	+4.575e+03	+6.537e+03	+0.755
8.100	+3.682e+03	+2.506e+03	+5.270e+03	+0.405
8.200	+3.370e+03	+3.470e+03	+6.146e+03	+0.507
8.300	+1.361e+03	+4.266e+03	+5.886e+03	+0.758
8.400	+1.981e+03	+3.377e+03	+6.079e+03	+0.630
8.500	+3.097e+03	+4.474e+03	+6.045e+03	+0.591
8.600	+1.396e+03	+5.090e+03	+4.388e+03	+0.785
8.700	+1.021e+03	+5.746e+03	+5.207e+03	+0.849
8.800	+2.261e+02	+5.772e+03	+5.627e+03	+0.962
8.900	+1.110e+03	+6.400e+03	+7.001e+03	+0.852
9.000	+2.124e+02	+5.249e+03	+6.824e+03	+0.961
9.100	+5.716e+02	+5.493e+03	+5.159e+03	+0.906
9.200	+7.196e+02	+6.967e+03	+6.444e+03	+0.906
9.300	-5.923e+02	+5.816e+03	+4.317e+03	+1.113
9.400	+1.569e+02	+6.212e+03	+5.459e+03	+0.975
9.500	+1.062e+03	+5.029e+03	+7.016e+03	+0.826
9.600	+1.134e+03	+5.200e+03	+4.280e+03	+0.821
9.700	+7.709e+02	+5.945e+03	+5.855e+03	+0.885
9.800	+6.005e+02	+5.097e+03	+4.629e+03	+0.895
9.900	+7.879e+02	+5.911e+03	+5.752e+03	+0.882
10.000	+9.153e+01	+7.736e+03	+5.664e+03	+0.988
10.100	+1.635e+03	+6.273e+03	+5.570e+03	+0.793
10.200	+1.273e+03	+6.011e+03	+5.293e+03	+0.825
10.300	+1.382e+03	+5.156e+03	+6.686e+03	+0.789
10.400	-2.040e+02	+6.366e+03	+4.960e+03	+1.033
10.500	+7.196e+02	+6.299e+03	+5.831e+03	+0.897
10.600	+1.001e+03	+5.581e+03	+5.574e+03	+0.848
10.700	+8.981e+02	+6.799e+03	+6.168e+03	+0.883
10.800	+3.663e+01	+5.904e+03	+5.413e+03	+0.994
10.900	+3.824e+02	+6.691e+03	+5.046e+03	+0.946
11.000	+6.925e+02	+5.157e+03	+4.063e+03	+0.882
11.100	+1.186e+03	+5.722e+03	+5.299e+03	+0.828
11.200	+1.051e+03	+5.635e+03	+6.400e+03	+0.843
11.300	+1.477e+03	+5.730e+03	+6.210e+03	+0.795
11.400	-4.741e+01	+5.719e+03	+4.816e+03	+1.008
11.500	+1.081e+03	+4.423e+03	+5.378e+03	+0.804
11.600	+1.091e+03	+5.806e+03	+7.484e+03	+0.842
11.700	+8.585e+02	+6.587e+03	+7.206e+03	+0.885
11.800	+7.208e+02	+5.399e+03	+5.596e+03	+0.882
11.900	+1.753e+03	+6.678e+03	+5.767e+03	+0.792
12.000	+1.572e+03	+7.126e+03	+6.053e+03	+0.819
12.100	+3.347e+01	+6.083e+03	+4.621e+03	+0.995
12.200	+7.822e+02	+5.923e+03	+5.612e+03	+0.883
12.300	+1.683e+03	+6.140e+03	+7.791e+03	+0.785
12.400	+5.230e+03	+1.692e+03	+6.479e+03	+0.244
12.500	+7.817e+03	+1.413e+03	+5.350e+03	+0.153
12.600	+5.856e+03	+3.771e+02	+6.127e+03	+0.061
12.700	+6.923e+03	+1.419e+03	+6.475e+03	+0.170
12.800	+5.826e+03	+3.899e+02	+6.787e+03	+0.063
12.900	+5.284e+03	+6.805e+02	+5.677e+03	+0.114
13.000	+6.633e+03	+1.090e+02	+6.180e+03	+0.016
13.100	+8.014e+03	+1.201e+00	+4.750e+03	+0.000
13.200	+5.138e+03	+1.724e+03	+6.793e+03	+0.251
13.300	+5.313e+03	-1.347e+02	+5.658e+03	-0.026
13.400	+5.490e+03	+6.632e+00	+5.561e+03	+0.001
13.500	+5.218e+03	+7.508e+02	+6.357e+03	+0.126
13.600	+4.943e+03	+5.033e+02	+6.339e+03	+0.092
13.700	+7.988e+03	+1.298e+03	+5.530e+03	+0.140
13.800	+4.420e+03	+1.349e+03	+5.728e+03	+0.234
13.900	+5.230e+03	+4.990e+02	+6.183e+03	+0.087
14.000	+2.646e+03	+3.796e+03	+5.899e+03	+0.589
14.100	+1.166e+03	+6.831e+03	+5.385e+03	+0.854
14.200	+3.955e+02	+6.503e+03	+5.128e+03	+0.943
14.300	+1.295e+03	+6.770e+03	+6.665e+03	+0.839
14.400	-2.673e+02	+5.190e+03	+5.074e+03	+1.054
14.500	-9.723e+02	+4.259e+03	+4.775e+03	+1.296
14.600	+1.082e+03	+7.075e+03	+6.068e+03	+0.867
14.700	+1.497e+02	+7.113e+03	+6.339e+03	+0.979
14.800	+7.616e+02	+6.724e+03	+6.772e+03	+0.898
14.900	+1.170e+03	+6.204e+03	+6.414e+03	+0.841
15.000	+1.169e+03	+5.565e+03	+4.273e+03	+0.826
15.100	-7.031e+02	+4.795e+03	+6.238e+03	+1.172
15.200	+8.430e+02	+5.009e+03	+5.598e+03	+0.856
15.300	+1.415e+03	+6.940e+03	+5.613e+03	+0.831
15.400	+1.297e+03	+5.461e+03	+5.937e+03	+0.808
15.500	+7.821e+02	+6.218e+03	+5.044e+03	+0.888
15.600	+1.046e+03	+4.574e+03	+5.537e+03	+0.814
15.700	+6.384e+02	+6.892e+03	+5.621e+03	+0.915
15.800	+1.043e+03	+6.924e+03	+5.007e+03	+0.869
15.900	+5.120e+02	+6.464e+03	+6.235e+03	+0.927
16.000	+5.089e+02	+4.906e+03	+6.603e+03	+0.906
16.100	+9.450e+02	+4.042e+03	+5.872e+03	+0.811
16.200	+8.730e+02	+6.266e+03	+6.829e+03	+0.878
16.300	+6.570e+02	+6.481e+03	+6.184e+03	+0.908
16.400	+5.848e+02	+4.212e+03	+5.945e+03	+0.878
16.500	+1.147e+03	+5.429e+03	+3.961e+03	+0.826
16.600	+5.936e+02	+4.673e+03	+6.855e+03	+0.887
16.700	+3.698e+02	+7.398e+03	+7.748e+03	+0.952
16.800	+4.069e+02	+5.223e+03	+5.600e+03	+0.928
16.900	+4.277e+02	+6.784e+03	+6.303e+03	+0.941
17.000	+1.284e+03	+5.660e+03	+3.712e+03	+0.815
17.100	+9.194e+02	+5.988e+03	+5.563e+03	+0.867
17.200	+2.437e+02	+6.091e+03	+4.758e+03	+0.962
17.300	-3.231e+01	+5.857e+03	+6.356e+03	+1.006
17.400	+5.517e+01	+5.234e+03	+5.629e+03	+0.990
17.500	+1.341e+03	+4.399e+03	+5.137e+03	+0.766
17.600	+4.375e+03	+2.189e+03	+5.952e+03	+0.333
17.700	+3.271e+03	+3.569e+03	+5.031e+03	+0.522
17.800	+3.454e+03	+3.689e+03	+5.343e+03	+0.516
17.900	+5.303e+03	+4.015e+03	+5.614e+03	+0.431
18.000	+3.447e+03	+2.832e+03	+5.607e+03	+0.451
18.100	+4.119e+03	+2.118e+03	+5.941e+03	+0.340
18.200	+5.780e+03	-6.403e+01	+6.764e+03	-0.011
18.300	+5.810e+03	+3.431e+02	+5.545e+03	+0.056
18.400	+7.101e+03	+3.146e+02	+6.185e+03	+0.042
18.500	+5.915e+03	+1.014e+03	+7.029e+03	+0.146
18.600	+6.392e+03	+5.713e+02	+6.783e+03	+0.082
18.700	+6.431e+03	+1.500e+03	+5.910e+03	+0.189
18.800	+6.804e+03	+4.291e+02	+6.199e+03	+0.059
18.900	+4.199e+03	+1.486e+03	+7.215e+03	+0.261
19.000	+7.778e+03	+8.536e+02	+5.670e+03	+0.099
19.100	+6.842e+03	+1.176e+03	+6.783e+03	+0.147
19.200	+6.140e+03	+1.024e+03	+5.864e+03	+0.143
19.300	+7.117e+03	+9.830e+02	+6.337e+03	+0.121
19.400	+6.486e+03	+9.029e+02	+6.005e+03	+0.122
19.500	+5.092e+03	+1.622e+02	+6.345e+03	+0.031
19.600	+5.981e+03	+6.668e+02	+6.689e+03	+0.100
19.700	+4.621e+03	+2.292e+03	+6.123e+03	+0.332
19.800	+6.487e+03	+8.349e+02	+4.859e+03	+0.114
19.900	+6.320e+03	+8.064e+02	+7.529e+03	+0.113
20.000	+5.326e+03	+9.066e+02	+6.912e+03	+0.145
20.100	+5.328e+03	+1.253e+03	+7.987e+03	+0.190
20.200	+5.600e+03	+4.376e+01	+7.108e+03	+0.008
20.300	+7.171e+03	+1.136e+03	+5.749e+03	+0.137
20.400	+4.609e+03	+1.709e+03	+7.412e+03	+0.270
20.500	+5.491e+03	+5.504e+02	+6.126e+03	+0.091
20.600	+6.077e+03	+3.053e+02	+6.544e+03	+0.048
20.700	+7.079e+03	+3.024e+02	+7.113e+03	+0.041
20.800	+7.452e+03	+9.687e+01	+6.794e+03	+0.013
20.900	+6.800e+03	+3.640e+02	+6.549e+03	+0.051
21.000	+5.815e+03	+1.713e+03	+5.072e+03	+0.228
21.100	+6.126e+03	-1.622e+02	+5.728e+03	-0.027
21.200	+5.931e+03	+3.839e+02	+6.365e+03	+0.061
21.300	+4.661e+03	+2.862e+03	+6.488e+03	+0.380
21.400	+2.750e+03	+3.161e+03	+6.226e+03	+0.535
21.500	+2.863e+03	+3.416e+03	+6.529e+03	+0.544
21.600	+3.859e+03	+4.544e+03	+5.307e+03	+0.541
21.700	+1.975e+03	+5.701e+03	+5.745e+03	+0.743
21.800	+1.545e+02	+4.435e+03	+5.634e+03	+0.966
21.900	+1.282e+03	+7.704e+03	+4.674e+03	+0.857
22.000	+6.904e+02	+5.785e+03	+6.506e+03	+0.893
22.100	-5.076e+01	+4.630e+03	+6.660e+03	+1.011
22.200	+2.478e+03	+6.216e+03	+6.043e+03	+0.715
22.300	+4.192e+03	+3.161e+03	+7.199e+03	+0.430
22.400	+3.967e+03	+3.197e+03	+5.648e+03	+0.446
22.500	+2.336e+03	+3.916e+03	+6.218e+03	+0.626
22.600	+4.631e+03	+3.238e+03	+7.849e+03	+0.412
22.700	+3.947e+03	+3.173e+03	+6.105e+03	+0.446
22.800	+1.220e+03	+4.669e+03	+4.300e+03	+0.793
22.900	+3.602e+02	+6.177e+03	+7.185e+03	+0.945
23.000	+7.809e+02	+5.255e+03	+6.169e+03	+0.871
23.100	+9.066e+02	+5.322e+03	+7.322e+03	+0.854
23.200	+9.959e+02	+6.601e+03	+6.491e+03	+0.869
23.300	+4.003e+02	+6.025e+03	+4.157e+03	+0.938
23.400	+1.542e+03	+7.383e+03	+8.121e+03	+0.827
23.500	+3.222e+02	+5.903e+03	+6.294e+03	+0.948
23.600	+8.403e+02	+7.339e+03	+7.744e+03	+0.897
23.700	+7.092e+02	+5.558e+03	+5.821e+03	+0.887
23.800	+9.674e+02	+5.232e+03	+5.997e+03	+0.844
23.900	+2.204e+03	+6.777e+03	+6.261e+03	+0.755
24.000	+1.144e+03	+7.838e+03	+5.516e+03	+0.873
24.100	+1.628e+03	+5.889e+03	+6.487e+03	+0.783
24.200	+1.287e+03	+5.952e+03	+5.304e+03	+0.822
24.300	+3.692e+02	+6.117e+03	+5.859e+03	+0.943
24.400	+7.471e+02	+5.360e+03	+5.879e+03	+0.878
24.500	+1.455e+03	+5.499e+03	+4.742e+03	+0.791
24.600	+1.854e+02	+6.304e+03	+7.824e+03	+0.971
24.700	+9.649e+02	+5.402e+03	+7.113e+03	+0.848
24.800	+8.415e+02	+6.755e+03	+4.193e+03	+0.889
24.900	+1.408e+03	+6.336e+03	+7.832e+03	+0.818
25.000	+8.708e+02	+4.917e+03	+6.066e+03	+0.850
25.100	+1.853e+02	+5.754e+03	+6.926e+03	+0.969
25.200	+1.244e+03	+6.890e+03	+4.926e+03	+0.847
25.300	+8.910e+02	+5.735e+03	+6.101e+03	+0.866
25.400	+9.808e+02	+4.850e+03	+3.693e+03	+0.832
25.500	+6.868e+02	+6.284e+03	+6.733e+03	+0.901
25.600	+1.017e+03	+6.269e+03	+7.160e+03	+0.860
25.700	+6.810e+02	+5.696e+03	+3.927e+03	+0.893
25.800	+1.412e+03	+6.316e+03	+6.560e+03	+0.817
25.900	+1.983e+03	+4.715e+03	+5.381e+03	+0.704
26.000	+6.517e+03	+7.462e+02	+4.956e+03	+0.103
26.100	+1.174e+03	+4.444e+03	+5.898e+03	+0.791
26.200	+7.391e+02	+6.920e+03	+5.595e+03	+0.903
26.300	+5.283e+02	+7.383e+03	+5.634e+03	+0.933
26.400	+6.849e+02	+7.667e+03	+6.180e+03	+0.918
26.500	+4.780e+02	+4.258e+03	+6.117e+03	+0.899
26.600	-4.312e+02	+4.588e+03	+6.368e+03	+1.104
26.700	+7.645e+02	+4.547e+03	+6.700e+03	+0.856
26.800	-2.224e+02	+5.201e+03	+6.358e+03	+1.045
26.900	+1.206e+03	+4.713e+03	+8.130e+03	+0.796
27.000	+9.037e+02	+5.068e+03	+6.259e+03	+0.849
27.100	+7.243e+02	+6.300e+03	+7.162e+03	+0.897
27.200	+5.954e+02	+5.343e+03	+4.909e+03	+0.900
27.300	+5.354e+00	+5.715e+03	+3.905e+03	+0.999
27.400	+6.334e+02	+6.100e+03	+4.326e+03	+0.906
27.500	-2.923e+02	+4.747e+03	+5.578e+03	+1.066
27.600	+1.916e+03	+7.083e+03	+6.897e+03	+0.787
27.700	+3.250e+03	+2.768e+03	+5.039e+03	+0.460
27.800	+2.441e+03	+3.756e+03	+5.644e+03	+0.606
27.900	+2.505e+03	+3.317e+03	+4.372e+03	+0.570
28.000	+3.767e+03	+3.356e+03	+6.904e+03	+0.471
28.100	+3.770e+03	+4.094e+03	+5.432e+03	+0.521
28.200	+3.879e+03	+4.020e+03	+4.510e+03	+0.509
28.300	+3.826e+03	+4.766e+03	+5.481e+03	+0.555
28.400	+2.977e+03	+3.591e+03	+5.142e+03	+0.547
28.500	+2.253e+03	+4.477e+03	+5.818e+03	+0.665
28.600	+2.220e+03	+5.054e+03	+5.714e+03	+0.695
28.700	+2.061e+03	+3.507e+03	+5.596e+03	+0.630
28.800	+3.639e+03	+3.987e+03	+6.753e+03	+0.523
28.900	+2.987e+03	+3.827e+03	+5.043e+03	+0.562
29.000	+4.854e+03	+2.851e+03	+5.489e+03	+0.370
29.100	+3.884e+03	+4.668e+03	+6.734e+03	+0.546
29.200	+3.295e+03	+3.559e+03	+4.756e+03	+0.519
29.300	+2.236e+03	+3.552e+03	+7.239e+03	+0.614
29.400	+3.005e+03	+3.447e+03	+5.771e+03	+0.534
29.500	+2.939e+03	+2.705e+03	+6.536e+03	+0.479
29.600	+2.919e+03	+5.013e+03	+5.357e+03	+0.632
29.700	+4.056e+03	+3.030e+03	+6.640e+03	+0.428
29.800	+2.245e+03	+4.310e+03	+5.694e+03	+0.658
29.900	+3.655e+03	+3.595e+03	+6.856e+03	+0.496
30.000	+4.040e+03	+4.489e+03	+5.569e+03	+0.526
30.100	+2.721e+03	+3.616e+03	+7.689e+03	+0.571
30.200	+2.091e+03	+3.818e+03	+5.490e+03	+0.646
30.300	+3.006e+03	+3.854e+03	+6.282e+03	+0.562
30.400	+2.873e+03	+3.378e+03	+4.971e+03	+0.540
30.500	+2.888e+03	+3.804e+03	+5.351e+03	+0.568
30.600	+2.963e+03	+4.773e+03	+3.953e+03	+0.617
30.700	+3.367e+03	+3.796e+03	+7.983e+03	+0.530
30.800	+2.328e+03	+3.410e+03	+6.101e+03	+0.594
30.900	+3.003e+03	+3.211e+03	+6.991e+03	+0.517
31.000	+4.019e+03	+3.521e+03	+5.673e+03	+0.467
31.100	+3.070e+03	+3.434e+03	+6.306e+03	+0.528
31.200	+3.585e+03	+3.353e+03	+7.266e+03	+0.483
31.300	+3.273e+03	+2.852e+03	+5.269e+03	+0.466
31.400	+2.881e+03	+3.882e+03	+6.169e+03	+0.574
31.500	+3.610e+03	+4.329e+03	+4.934e+03	+0.545
31.600	+3.415e+03	+4.666e+03	+6.671e+03	+0.577
31.700	+2.875e+03	+3.882e+03	+6.387e+03	+0.574
31.800	+4.185e+03	+3.260e+03	+7.288e+03	+0.438
31.900	+3.214e+03	+3.672e+03	+5.678e+03	+0.533
32.000	+2.551e+03	+4.174e+03	+5.320e+03	+0.621
32.100	+2.365e+03	+4.414e+03	+7.869e+03	+0.651
32.200	+2.125e+03	+3.848e+03	+5.332e+03	+0.644
32.300	+2.869e+03	+3.614e+03	+7.260e+03	+0.557
32.400	+3.281e+03	+3.082e+03	+6.073e+03	+0.484
32.500	+1.785e+03	+3.055e+03	+4.862e+03	+0.631
32.600	+3.163e+03	+2.533e+03	+5.567e+03	+0.445
32.700	+4.186e+03	+3.487e+03	+7.641e+03	+0.454
32.800	+1.621e+03	+5.389e+03	+5.869e+03	+0.769
32.900	+6.626e+02	+5.655e+03	+6.149e+03	+0.895
33.000	+4.760e+02	+5.510e+03	+7.284e+03	+0.920
33.100	+1.477e+02	+6.104e+03	+6.419e+03	+0.976
33.200	+1.538e+03	+5.049e+03	+5.108e+03	+0.767
33.300	-4.998e+02	+7.633e+03	+6.787e+03	+1.070
33.400	+7.889e+01	+5.393e+03	+6.341e+03	+0.986
33.500	+1.088e+02	+6.793e+03	+6.709e+03	+0.984
33.600	+1.233e+03	+6.913e+03	+5.383e+03	+0.849
33.700	+1.133e+03	+4.598e+03	+6.628e+03	+0.802
33.800	+2.459e+02	+5.821e+03	+6.717e+03	+0.959
33.900	+8.025e+02	+6.851e+03	+6.832e+03	+0.895
34.000	+4.936e+02	+6.076e+03	+4.658e+03	+0.925
34.100	+6.333e+02	+6.226e+03	+6.091e+03	+0.908
34.200	+2.966e+02	+5.269e+03	+6.264e+03	+0.947
34.300	+9.532e+02	+4.798e+03	+6.359e+03	+0.834
34.400	-1.095e+03	+6.537e+03	+6.362e+03	+1.201
34.500	+2.392e+03	+3.101e+03	+6.612e+03	+0.565
34.600	+6.119e+03	-3.188e+02	+7.100e+03	-0.055
34.700	+7.105e+03	+1.495e+03	+5.398e+03	+0.174
34.800	+5.856e+03	+2.009e+03	+4.714e+03	+0.255
34.900	+6.293e+03	+1.869e+03	+5.304e+03	+0.229
35.000	+5.692e+03	+8.369e+01	+6.129e+03	+0.014
35.100	+5.427e+03	-1.851e+02	+4.993e+03	-0.035
35.200	+5.323e+03	+1.191e+03	+4.563e+03	+0.183
35.300	+6.510e+03	+2.786e+02	+5.869e+03	+0.041
35.400	+5.994e+03	-5.635e+01	+7.232e+03	-0.009
35.500	+3.919e+03	+2.246e+03	+5.578e+03	+0.364
35.600	+2.156e+03	+5.092e+03	+5.884e+03	+0.703
35.700	+2.054e+01	+6.301e+03	+7.725e+03	+0.997
35.800	+8.495e+02	+5.356e+03	+6.069e+03	+0.863
35.900	+7.478e+02	+5.687e+03	+6.054e+03	+0.884
36.000	+5.738e+02	+6.211e+03	+3.455e+03	+0.915
36.100	+5.124e+02	+5.305e+03	+6.642e+03	+0.912
36.200	+1.549e+03	+5.738e+03	+6.550e+03	+0.787
36.300	+6.412e+02	+8.206e+03	+6.874e+03	+0.928
36.400	+1.520e+03	+6.903e+03	+5.194e+03	+0.820
36.500	+2.601e+02	+6.066e+03	+5.971e+03	+0.959
36.600	+3.705e+02	+5.644e+03	+6.496e+03	+0.938
36.700	+1.509e+03	+7.038e+03	+5.393e+03	+0.823
36.800	-4.878e+02	+6.621e+03	+7.132e+03	+1.080
36.900	+2.145e+02	+5.531e+03	+7.247e+03	+0.963
37.000	+9.295e+02	+5.889e+03	+5.966e+03	+0.864
37.100	+1.545e+03	+5.479e+03	+7.257e+03	+0.780
37.200	+8.674e+02	+4.512e+03	+5.582e+03	+0.839
37.300	+1.424e+02	+4.799e+03	+6.850e+03	+0.971
37.400	+1.136e+03	+4.977e+03	+4.704e+03	+0.814
37.500	+2.821e+03	+3.954e+03	+6.965e+03	+0.584
37.600	+5.589e+03	+3.606e+02	+6.001e+03	+0.061
37.700	+6.050e+03	+7.900e+02	+6.874e+03	+0.115
37.800	+5.962e+03	-1.608e+02	+4.326e+03	-0.028
37.900	+6.076e+03	+5.476e+02	+6.724e+03	+0.083
38.000	+6.236e+03	+1.028e+03	+5.426e+03	+0.141
38.100	+1.519e+03	+3.663e+03	+4.456e+03	+0.707
38.200	+3.938e+02	+6.015e+03	+6.393e+03	+0.939
38.300	+9.915e+01	+5.654e+03	+7.241e+03	+0.983
38.400	+1.128e+03	+7.632e+03	+5.209e+03	+0.871
38.500	+5.831e+02	+5.163e+03	+6.766e+03	+0.899
38.600	+4.804e+02	+3.421e+03	+7.607e+03	+0.877
38.700	+4.020e+02	+6.609e+03	+7.044e+03	+0.943
38.800	+7.528e+02	+5.134e+03	+6.005e+03	+0.872
38.900	-1.104e+02	+7.128e+03	+5.565e+03	+1.016
39.000	+1.437e+03	+6.869e+03	+6.597e+03	+0.827
39.100	-2.393e+02	+4.980e+03	+5.271e+03	+1.050
39.200	+8.379e+01	+6.639e+03	+4.883e+03	+0.988
39.300	+1.273e+03	+5.412e+03	+6.465e+03	+0.810
39.400	+5.411e+02	+6.456e+03	+5.606e+03	+0.923
39.500	+1.477e+03	+5.401e+03	+4.959e+03	+0.785
39.600	+1.580e+02	+5.920e+03	+5.569e+03	+0.974
39.700	+1.483e+03	+5.582e+03	+6.190e+03	+0.790
39.800	+7.304e+02	+5.440e+03	+4.499e+03	+0.882
39.900	+1.537e+03	+6.552e+03	+4.964e+03	+0.810
40.000	-1.483e+02	+5.602e+03	+7.436e+03	+1.027
40.100	-1.677e+02	+5.827e+03	+5.650e+03	+1.030
40.200	+3.479e+02	+6.593e+03	+7.498e+03	+0.950
40.300	+1.866e+03	+5.678e+03	+7.280e+03	+0.753
40.400	+9.142e+02	+7.658e+03	+7.503e+03	+0.893
40.500	+9.047e+02	+6.900e+03	+5.573e+03	+0.884
40.600	+1.107e+03	+5.553e+03	+5.372e+03	+0.834
40.700	+3.446e+02	+6.123e+03	+4.510e+03	+0.947
40.800	+3.555e+01	+5.531e+03	+6.487e+03	+0.994
40.900	+8.366e+01	+5.325e+03	+6.176e+03	+0.985
41.000	-6.371e+02	+6.035e+03	+6.033e+03	+1.118
41.100	+1.457e+03	+5.731e+03	+4.361e+03	+0.797
41.200	+1.152e+03	+4.815e+03	+5.102e+03	+0.807
41.300	-3.620e+02	+5.563e+03	+5.868e+03	+1.070
41.400	+1.347e+03	+4.822e+03	+5.587e+03	+0.782
41.500	+4.698e+02	+7.449e+03	+5.662e+03	+0.941
41.600	+3.768e+03	+2.913e+03	+6.192e+03	+0.436
41.700	+3.494e+03	+3.663e+03	+5.108e+03	+0.512
41.800	+2.398e+03	+4.663e+03	+5.508e+03	+0.660
41.900	+4.381e+03	+3.727e+03	+5.470e+03	+0.460
42.000	+2.476e+03	+3.022e+03	+6.951e+03	+0.550
42.100	+2.924e+03	+3.936e+03	+5.597e+03	+0.574
42.200	+3.529e+03	+4.720e+03	+6.523e+03	+0.572
42.300	+2.943e+03	+3.139e+03	+3.828e+03	+0.516
42.400	+2.730e+03	+3.779e+03	+6.637e+03	+0.581
42.500	+3.704e+03	+2.553e+03	+5.426e+03	+0.408
42.600	+3.588e+03	+4.239e+03	+6.156e+03	+0.542
42.700	+2.161e+03	+2.825e+03	+6.313e+03	+0.567
42.800	+2.444e+03	+3.570e+03	+4.773e+03	+0.594
42.900	+4.711e+03	+4.498e+03	+5.045e+03	+0.488
43.000	+3.208e+03	+3.798e+03	+6.625e+03	+0.542
43.100	+3.053e+03	+3.812e+03	+5.659e+03	+0.555
43.200	+4.193e+03	+3.009e+03	+6.652e+03	+0.418
43.300	+2.770e+03	+3.950e+03	+5.367e+03	+0.588
43.400	+3.191e+03	+4.540e+03	+4.927e+03	+0.587
43.500	+4.358e+03	+3.687e+03	+6.655e+03	+0.458
43.600	+2.555e+03	+3.150e+03	+4.159e+03	+0.552
43.700	+1.754e+03	+3.330e+03	+6.373e+03	+0.655
43.800	+2.836e+03	+3.433e+03	+4.038e+03	+0.548
43.900	+2.805e+03	+3.206e+03	+4.855e+03	+0.533
44.000	+3.098e+03	+3.271e+03	+4.771e+03	+0.514
44.100	+4.089e+03	+3.832e+03	+6.844e+03	+0.484
44.200	+2.510e+03	+5.111e+03	+5.985e+03	+0.671
44.300	-6.038e+02	+6.907e+03	+5.412e+03	+1.096
44.400	+8.661e+02	+6.546e+03	+5.504e+03	+0.883
44.500	-7.239e+02	+5.916e+03	+4.643e+03	+1.139
44.600	-4.414e+02	+5.483e+03	+5.561e+03	+1.088
44.700	+6.795e+02	+5.843e+03	+6.694e+03	+0.896
44.800	+1.018e+03	+5.535e+03	+4.954e+03	+0.845
44.900	+2.316e+03	+5.080e+03	+5.740e+03	+0.687
45.000	+1.229e+02	+4.619e+03	+8.102e+03	+0.974
45.100	+8.049e+02	+7.223e+03	+6.982e+03	+0.900
45.200	+1.502e+03	+5.090e+03	+6.546e+03	+0.772
45.300	+3.161e+02	+5.563e+03	+5.193e+03	+0.946
45.400	+2.519e+02	+5.903e+03	+7.767e+03	+0.959
45.500	+1.258e+03	+4.788e+03	+5.116e+03	+0.792
45.600	-1.656e+02	+5.568e+03	+6.407e+03	+1.031
45.700	-1.315e+00	+6.567e+03	+5.359e+03	+1.000
45.800	-2.638e+02	+5.802e+03	+5.694e+03	+1.048
45.900	+1.076e+03	+5.787e+03	+4.734e+03	+0.843
46.000	+4.367e+02	+5.399e+03	+5.982e+03	+0.925
46.100	+3.183e+02	+6.446e+03	+5.709e+03	+0.953
46.200	+9.309e+02	+6.366e+03	+5.604e+03	+0.872
46.300	+1.337e+03	+4.699e+03	+5.411e+03	+0.778
46.400	+4.589e+02	+4.910e+03	+4.037e+03	+0.915
46.500	+8.518e+02	+6.589e+03	+6.602e+03	+0.886
46.600	+3.171e+03	+2.688e+03	+7.038e+03	+0.459
46.700	+6.019e+03	+2.096e+02	+6.963e+03	+0.034
46.800	+5.962e+03	-2.154e+02	+6.331e+03	-0.037
46.900	+6.063e+03	+7.989e+02	+5.512e+03	+0.116
47.000	+5.458e+03	+1.504e+03	+6.114e+03	+0.216
47.100	+6.010e+03	+6.610e+02	+6.140e+03	+0.099
47.200	+6.630e+03	-1.824e+02	+6.034e+03	-0.028
47.300	+6.913e+03	+2.133e+03	+7.766e+03	+0.236
47.400	+4.843e+03	+1.267e+03	+7.959e+03	+0.207
47.500	+4.814e+03	+7.905e+02	+4.978e+03	+0.141
47.600	+4.800e+03	+1.883e+02	+6.830e+03	+0.038
47.700	+1.684e+03	+5.795e+03	+6.359e+03	+0.775
47.800	+1.041e+03	+7.301e+03	+5.886e+03	+0.875
47.900	+5.400e+02	+7.425e+03	+6.137e+03	+0.932
48.000	+2.849e+03	+3.102e+03	+5.401e+03	+0.521
48.100	+6.622e+03	+1.454e+03	+7.676e+03	+0.180
48.200	+6.505e+03	+1.185e+03	+6.001e+03	+0.154
48.300	+6.329e+03	+4.620e+01	+5.877e+03	+0.007
48.400	+6.412e+03	+4.761e+02	+7.332e+03	+0.069
48.500	+5.990e+03	-2.446e+01	+5.233e+03	-0.004
48.600	+6.969e+03	+4.294e+02	+5.295e+03	+0.058
48.700	+5.486e+03	+8.470e+02	+6.439e+03	+0.134
48.800	+5.225e+03	+3.751e+02	+8.071e+03	+0.067
48.900	+4.365e+03	+5.308e+02	+5.531e+03	+0.108
49.000	+6.804e+03	+6.301e+02	+3.993e+03	+0.085
49.100	+5.445e+03	+3.660e+02	+4.822e+03	+0.063
49.200	+5.419e+03	+2.984e+03	+5.595e+03	+0.355
49.300	+6.343e+03	+1.124e+02	+6.234e+03	+0.017
49.400	+6.273e+03	+1.656e+02	+6.925e+03	+0.026
49.500	+6.639e+03	+4.718e+02	+5.962e+03	+0.066
49.600	+4.796e+03	+1.069e+03	+5.353e+03	+0.182
49.700	+7.027e+03	-1.138e+01	+5.471e+03	-0.002
49.800	+5.586e+03	+5.926e+02	+6.673e+03	+0.096
49.900	+4.813e+03	-3.262e+01	+5.932e+03	-0.007
50.000	+6.968e+03	+1.125e+03	+6.355e+03	+0.139
50.100	+5.989e+03	+1.469e+03	+5.182e+03	+0.197
50.200	+5.426e+03	+9.285e+02	+6.219e+03	+0.146
50.300	+5.430e+03	+5.576e+02	+5.995e+03	+0.093
50.400	+5.875e+03	+4.387e+02	+7.047e+03	+0.069
50.500	+5.320e+03	+1.972e+02	+6.393e+03	+0.036
50.600	+7.073e+03	+1.070e+03	+4.143e+03	+0.131
50.700	+5.931e+03	+7.273e+02	+6.814e+03	+0.109
50.800	+7.017e+03	+7.147e+01	+3.629e+03	+0.010
50.900	+4.300e+03	+1.717e+02	+4.667e+03	+0.038
51.000	+5.271e+03	-2.034e+02	+6.073e+03	-0.040
51.100	+4.107e+03	+3.504e+03	+5.253e+03	+0.460
51.200	+1.640e+03	+5.887e+03	+5.356e+03	+0.782
51.300	+7.846e+02	+6.702e+03	+7.609e+03	+0.895
51.400	+6.143e+02	+6.491e+03	+5.508e+03	+0.914
51.500	+1.133e+03	+5.790e+03	+5.746e+03	+0.836
51.600	+8.503e+02	+6.103e+03	+6.748e+03	+0.878
51.700	+5.751e+03	+1.910e+03	+5.361e+03	+0.249
51.800	+6.257e+03	+4.152e+02	+5.679e+03	+0.062
51.900	+6.332e+03	+2.414e+02	+4.694e+03	+0.037
52.000	+6.004e+03	+6.460e+01	+5.983e+03	+0.011
52.100	+5.104e+03	-3.951e+01	+5.689e+03	-0.008
52.200	+6.544e+03	+8.338e+02	+5.933e+03	+0.113
52.300	+7.051e+03	+8.179e+02	+6.537e+03	+0.104
52.400	+5.494e+03	+8.621e+01	+5.396e+03	+0.015
52.500	+5.270e+03	+1.229e+03	+5.985e+03	+0.189
52.600	+6.113e+03	+4.221e+02	+4.716e+03	+0.065
52.700	+6.678e+03	+1.406e+03	+6.773e+03	+0.174
52.800	+6.048e+03	+5.946e+02	+8.268e+03	+0.090
52.900	+6.726e+03	+6.053e+02	+5.457e+03	+0.083
53.000	+6.988e+03	+1.329e+03	+6.383e+03	+0.160
53.100	+5.902e+03	+8.362e+02	+5.686e+03	+0.124
53.200	+5.131e+03	+8.013e+02	+8.066e+03	+0.135
53.300	+4.593e+03	+2.902e+03	+5.499e+03	+0.387
53.400	+3.168e+03	+3.099e+03	+6.153e+03	+0.495
53.500	+2.310e+03	+3.754e+03	+7.251e+03	+0.619
53.600	+2.968e+03	+3.303e+03	+6.781e+03	+0.527
53.700	+3.120e+03	+5.069e+03	+4.473e+03	+0.619
53.800	+2.692e+03	+2.750e+03	+6.731e+03	+0.505
53.900	+3.848e+03	+3.595e+03	+5.330e+03	+0.483
54.000	+2.963e+03	+3.281e+03	+4.912e+03	+0.525
54.100	+3.478e+03	+2.673e+03	+8.166e+03	+0.435
54.200	+2.337e+03	+3.476e+03	+5.313e+03	+0.598
54.300	+3.407e+03	+4.101e+03	+4.794e+03	+0.546
54.400	+2.004e+03	+3.646e+03	+4.854e+03	+0.645
54.500	+2.632e+03	+3.339e+03	+7.469e+03	+0.559
54.600	+2.569e+03	+2.998e+03	+4.859e+03	+0.539
54.700	+2.658e+03	+4.094e+03	+6.191e+03	+0.606
54.800	+2.675e+03	+3.489e+03	+4.965e+03	+0.566
54.900	+2.265e+03	+3.554e+03	+6.257e+03	+0.611
55.000	+3.070e+03	+3.120e+03	+6.018e+03	+0.504
55.100	+2.753e+03	+3.549e+03	+5.159e+03	+0.563
55.200	+3.640e+03	+3.636e+03	+5.966e+03	+0.500
55.300	+2.203e+03	+3.676e+03	+7.106e+03	+0.625
55.400	+2.987e+03	+4.110e+03	+5.868e+03	+0.579
55.500	+3.520e+03	+4.108e+03	+6.011e+03	+0.539
55.600	+2.436e+03	+2.669e+03	+5.823e+03	+0.523
55.700	+2.020e+03	+3.754e+03	+6.094e+03	+0.650
55.800	+2.725e+03	+5.289e+03	+6.281e+03	+0.660
55.900	+2.311e+03	+3.849e+03	+6.057e+03	+0.625
56.000	+3.270e+03	+3.315e+03	+8.178e+03	+0.503
56.100	+3.117e+03	+3.935e+03	+6.264e+03	+0.558
56.200	+2.974e+03	+4.573e+03	+5.841e+03	+0.606
56.300	+3.001e+03	+3.635e+03	+6.749e+03	+0.548
56.400	+3.387e+03	+3.289e+03	+6.817e+03	+0.493
56.500	+3.760e+03	+3.501e+03	+4.933e+03	+0.482
56.600	+3.583e+03	+3.421e+03	+5.871e+03	+0.488
56.700	+3.227e+03	+3.633e+03	+6.994e+03	+0.530
56.800	+2.131e+03	+2.579e+03	+6.167e+03	+0.548
56.900	+3.109e+03	+1.885e+03	+6.267e+03	+0.377
57.000	+3.375e+03	+4.463e+03	+5.307e+03	+0.569
57.100	+2.684e+03	+5.100e+03	+6.216e+03	+0.655
57.200	+3.358e+03	+2.685e+03	+6.896e+03	+0.444
57.300	+3.142e+03	+2.475e+03	+7.532e+03	+0.441
57.400	+3.970e+03	+3.443e+03	+6.216e+03	+0.464
57.500	+2.334e+03	+3.219e+03	+5.653e+03	+0.580
57.600	+4.361e+03	+2.980e+03	+4.891e+03	+0.406
57.700	+3.808e+03	+3.430e+03	+5.056e+03	+0.474
57.800	+2.144e+03	+4.088e+03	+5.298e+03	+0.656
57.900	+2.622e+03	+3.258e+03	+5.632e+03	+0.554
58.000	+2.795e+03	+3.323e+03	+6.309e+03	+0.543
58.100	+2.383e+03	+3.229e+03	+6.272e+03	+0.575
58.200	+4.012e+03	+3.601e+03	+7.480e+03	+0.473
58.300	+2.467e+03	+3.268e+03	+6.487e+03	+0.570
58.400	+2.876e+03	+3.622e+03	+5.453e+03	+0.557
58.500	+3.596e+03	+4.633e+03	+5.239e+03	+0.563
58.600	+3.903e+03	+4.058e+03	+6.457e+03	+0.510
58.700	+2.885e+03	+4.882e+03	+5.959e+03	+0.629
58.800	+3.761e+03	+4.313e+03	+5.808e+03	+0.534
58.900	+2.745e+03	+4.297e+03	+7.518e+03	+0.610
59.000	+2.491e+03	+3.305e+03	+5.620e+03	+0.570
59.100	+2.582e+03	+3.605e+03	+6.943e+03	+0.583
59.200	+2.289e+03	+4.048e+03	+7.279e+03	+0.639
59.300	+3.385e+03	+3.493e+03	+5.829e+03	+0.508
59.400	+4.649e+03	+4.736e+03	+4.121e+03	+0.505
59.500	+1.982e+03	+4.028e+03	+6.561e+03	+0.670
59.600	+3.473e+03	+4.818e+03	+5.575e+03	+0.581
59.700	+4.086e+03	+4.010e+03	+5.673e+03	+0.495
59.800	+6.573e+03	-4.103e+01	+7.046e+03	-0.006
59.900	+5.846e+03	+1.090e+03	+4.726e+03	+0.157
60.000	+2.880e+02	+5.790e+03	+6.040e+03	+0.953
60.100	+5.699e+02	+5.221e+03	+6.144e+03	+0.902
60.200	+9.085e+02	+5.477e+03	+3.966e+03	+0.858
60.300	+1.102e+03	+7.061e+03	+5.494e+03	+0.865
60.400	+1.586e+02	+5.271e+03	+5.921e+03	+0.971
60.500	+9.209e+02	+4.580e+03	+4.396e+03	+0.833
60.600	+6.238e+02	+5.618e+03	+6.090e+03	+0.900
60.700	+1.127e+03	+6.882e+03	+5.932e+03	+0.859
60.800	-2.737e+02	+4.735e+03	+5.664e+03	+1.061
60.900	-8.442e+01	+6.194e+03	+6.618e+03	+1.014
61.000	+1.301e+03	+6.103e+03	+7.994e+03	+0.824
61.100	+3.377e+02	+6.189e+03	+6.462e+03	+0.948
61.200	+2.764e+03	+4.144e+03	+6.239e+03	+0.600
61.300	+9.169e+02	+6.467e+03	+5.420e+03	+0.876
61.400	+7.149e+02	+5.344e+03	+6.392e+03	+0.882
61.500	+9.952e+02	+5.841e+03	+5.804e+03	+0.854
61.600	-8.115e+01	+5.347e+03	+5.074e+03	+1.015
61.700	+9.977e+02	+5.831e+03	+7.709e+03	+0.854
61.800	+1.531e+03	+6.813e+03	+4.684e+03	+0.817
61.900	+1.703e+03	+6.886e+03	+4.129e+03	+0.802
62.000	-3.102e+02	+7.126e+03	+6.665e+03	+1.046
62.100	-1.631e+02	+4.739e+03	+4.923e+03	+1.036
62.200	+1.300e+03	+6.062e+03	+5.631e+03	+0.823
62.300	-2.219e+02	+4.971e+03	+7.781e+03	+1.047
62.400	+1.630e+03	+5.353e+03	+2.898e+03	+0.767
62.500	+7.734e+01	+5.306e+03	+6.515e+03	+0.986
62.600	+8.247e+02	+6.429e+03	+4.417e+03	+0.886
62.700	+3.888e+03	+3.482e+03	+6.737e+03	+0.472
62.800	+4.846e+03	+4.189e+02	+6.110e+03	+0.080
62.900	+5.855e+03	+9.387e+02	+5.603e+03	+0.138
63.000	+6.014e+03	+6.031e+02	+6.506e+03	+0.091
63.100	+7.177e+03	+1.223e+03	+5.106e+03	+0.146
63.200	+6.879e+03	+9.290e+02	+4.883e+03	+0.119
63.300	+7.047e+03	+1.465e+03	+5.898e+03	+0.172
63.400	+7.519e+03	-4.527e+02	+5.223e+03	-0.064
63.500	+6.819e+03	+7.892e+02	+6.801e+03	+0.104
63.600	+5.720e+03	+5.573e+01	+5.920e+03	+0.010
63.700	+6.186e+03	+1.032e+03	+7.307e+03	+0.143
63.800	+6.348e+03	+9.513e+02	+4.889e+03	+0.130
63.900	+4.951e+03	+2.458e+02	+6.054e+03	+0.047
64.000	+5.464e+03	+3.606e+02	+5.503e+03	+0.062
64.100	+6.799e+03	+2.976e+02	+6.042e+03	+0.042
64.200	+6.126e+03	-2.559e+02	+6.458e+03	-0.044
64.300	+5.798e+03	-3.286e+00	+6.641e+03	-0.001
64.400	+6.373e+03	+5.403e+02	+5.464e+03	+0.078
64.500	+5.850e+03	+1.385e+03	+6.176e+03	+0.191
64.600	+5.553e+03	+1.922e+02	+6.572e+03	+0.033
64.700	+5.977e+03	+6.686e+02	+5.832e+03	+0.101
64.800	+4.786e+03	+1.590e+03	+6.608e+03	+0.249
64.900	+3.037e+03	+4.049e+03	+7.451e+03	+0.571
65.000	+3.168e+03	+5.155e+03	+4.613e+03	+0.619
65.100	+3.171e+03	+2.921e+03	+5.184e+03	+0.479
65.200	+3.599e+03	+4.633e+03	+6.338e+03	+0.563
65.300	+3.508e+03	+3.636e+03	+6.716e+03	+0.509
65.400	+2.478e+03	+3.640e+03	+5.779e+03	+0.595
65.500	+4.348e+03	+3.925e+03	+6.685e+03	+0.474
65.600	+3.783e+03	+2.161e+03	+6.605e+03	+0.364
65.700	+3.699e+03	+3.671e+03	+4.622e+03	+0.498
65.800	+3.202e+03	+3.794e+03	+5.832e+03	+0.542
65.900	+2.765e+03	+3.289e+03	+6.409e+03	+0.543
66.000	+3.495e+03	+4.383e+03	+4.734e+03	+0.556
66.100	+4.493e+03	+2.535e+03	+5.892e+03	+0.361
66.200	+3.786e+03	+2.753e+03	+5.348e+03	+0.421
66.300	+3.689e+03	+4.450e+03	+4.905e+03	+0.547
66.400	+2.738e+03	+4.516e+03	+7.992e+03	+0.623
66.500	+3.822e+03	+3.419e+03	+5.745e+03	+0.472
66.600	+3.134e+03	+3.463e+03	+5.779e+03	+0.525
66.700	+2.016e+03	+4.084e+03	+6.067e+03	+0.669
66.800	+3.058e+03	+2.520e+03	+7.246e+03	+0.452
66.900	+3.541e+03	+2.264e+03	+6.021e+03	+0.390
67.000	+3.140e+03	+3.286e+03	+6.133e+03	+0.511
67.100	+3.280e+03	+4.588e+03	+6.870e+03	+0.583
67.200	+3.605e+03	+3.976e+03	+7.742e+03	+0.524
67.300	+3.641e+03	+3.885e+03	+4.515e+03	+0.516
67.400	+3.740e+03	+2.423e+03	+6.236e+03	+0.393
67.500	+3.448e+03	+3.645e+03	+5.387e+03	+0.514
67.600	+3.912e+03	+4.086e+03	+6.956e+03	+0.511
67.700	+3.017e+03	+3.058e+03	+6.744e+03	+0.503
67.800	+3.437e+03	+3.511e+03	+4.592e+03	+0.505
67.900	+2.847e+03	+3.124e+03	+6.425e+03	+0.523
68.000	+3.151e+03	+2.398e+03	+6.394e+03	+0.432
68.100	+3.667e+03	+4.214e+03	+7.335e+03	+0.535
68.200	+2.859e+03	+4.333e+03	+5.862e+03	+0.602
68.300	+4.860e+03	+3.973e+03	+7.282e+03	+0.450
68.400	+2.845e+03	+3.458e+03	+4.379e+03	+0.549
68.500	+3.871e+03	+4.250e+03	+5.864e+03	+0.523
68.600	+1.863e+03	+4.382e+03	+5.668e+03	+0.702
68.700	+3.220e+03	+3.877e+03	+6.295e+03	+0.546
68.800	+3.332e+03	+2.815e+03	+5.823e+03	+0.458
68.900	+1.543e+03	+3.938e+03	+6.763e+03	+0.718
69.000	+4.021e+03	+3.647e+03	+6.214e+03	+0.476
69.100	+2.899e+03	+3.163e+03	+6.130e+03	+0.522
69.200	+3.389e+03	+3.053e+03	+6.493e+03	+0.474
69.300	+3.182e+03	+3.441e+03	+5.803e+03	+0.520
69.400	+3.233e+03	+4.397e+03	+4.457e+03	+0.576
69.500	+3.818e+03	+3.196e+03	+5.053e+03	+0.456
69.600	+1.427e+03	+3.042e+03	+7.612e+03	+0.681
69.700	+2.863e+03	+3.736e+03	+5.197e+03	+0.566
69.800	+3.534e+03	+3.687e+03	+4.687e+03	+0.511
69.900	+3.327e+03	+3.792e+03	+5.903e+03	+0.533
70.000	+3.065e+03	+3.869e+03	+6.189e+03	+0.558
70.100	+3.362e+03	+3.563e+03	+6.808e+03	+0.515
70.200	+3.668e+03	+3.727e+03	+6.490e+03	+0.504
70.300	+3.509e+03	+4.097e+03	+6.445e+03	+0.539
70.400	+2.304e+03	+2.871e+03	+5.563e+03	+0.555
70.500	+2.919e+03	+3.811e+03	+5.214e+03	+0.566
70.600	+2.057e+03	+3.923e+03	+5.851e+03	+0.656
70.700	+3.138e+03	+2.617e+03	+4.603e+03	+0.455
70.800	+2.926e+03	+4.226e+03	+3.444e+03	+0.591
70.900	+1.946e+03	+2.982e+03	+5.934e+03	+0.605
71.000	+2.532e+03	+2.960e+03	+7.495e+03	+0.539
71.100	+2.730e+03	+3.335e+03	+5.127e+03	+0.550
71.200	+2.502e+03	+3.092e+03	+5.311e+03	+0.553
71.300	-1.500e+01	+6.239e+03	+5.758e+03	+1.002
71.400	+1.053e+03	+4.985e+03	+5.808e+03	+0.826
71.500	+4.602e+02	+6.122e+03	+5.730e+03	+0.930
71.600	+1.153e+03	+6.416e+03	+5.289e+03	+0.848
71.700	+2.515e+03	+3.964e+03	+6.258e+03	+0.612
71.800	+5.628e+03	+1.103e+03	+5.120e+03	+0.164
71.900	+6.625e+03	+7.939e+02	+4.649e+03	+0.107
72.000	+3.392e+03	+2.630e+03	+5.993e+03	+0.437
72.100	+2.670e+03	+2.495e+03	+6.540e+03	+0.483
72.200	+3.341e+03	+4.034e+03	+6.251e+03	+0.547
72.300	+3.265e+03	+2.445e+03	+5.476e+03	+0.428
72.400	+4.123e+03	+3.404e+03	+5.587e+03	+0.452
72.500	+2.904e+03	+3.283e+03	+4.945e+03	+0.531
72.600	+2.795e+03	+2.903e+03	+4.950e+03	+0.509
72.700	+2.633e+03	+4.538e+03	+4.768e+03	+0.633
72.800	+4.431e+03	+4.132e+03	+6.733e+03	+0.483
72.900	+2.703e+03	+4.093e+03	+5.107e+03	+0.602
73.000	+2.826e+03	+3.851e+03	+7.335e+03	+0.577
73.100	+2.426e+03	+3.149e+03	+6.461e+03	+0.565
73.200	+2.624e+03	+3.367e+03	+6.485e+03	+0.562
73.300	+2.600e+03	+2.784e+03	+6.469e+03	+0.517
73.400	+2.713e+03	+2.455e+03	+5.941e+03	+0.475
73.500	+2.184e+03	+4.376e+03	+6.622e+03	+0.667
73.600	+2.325e+03	+4.594e+03	+7.150e+03	+0.664
73.700	+4.206e+03	+2.101e+03	+7.480e+03	+0.333
73.800	+3.355e+03	+4.093e+03	+6.604e+03	+0.550
73.900	+3.422e+03	+3.191e+03	+6.781e+03	+0.482
74.000	+1.304e+03	+4.385e+03	+5.671e+03	+0.771
74.100	+4.899e+02	+5.141e+03	+6.190e+03	+0.913
74.200	+3.853e+02	+6.734e+03	+5.657e+03	+0.946
74.300	+1.337e+03	+6.560e+03	+4.749e+03	+0.831
74.400	-1.703e+01	+5.796e+03	+6.913e+03	+1.003
74.500	-1.384e+02	+7.667e+03	+6.939e+03	+1.018
74.600	+1.259e+02	+5.905e+03	+5.735e+03	+0.979
74.700	+1.356e+03	+5.778e+03	+4.495e+03	+0.810
74.800	+8.931e+02	+5.284e+03	+5.169e+03	+0.855
74.900	+6.849e+01	+5.445e+03	+5.341e+03	+0.988
75.000	+6.472e+02	+6.310e+03	+4.741e+03	+0.907
75.100	-6.294e+01	+5.718e+03	+5.818e+03	+1.011
75.200	+2.440e+02	+7.092e+03	+7.668e+03	+0.967
75.300	+5.225e+02	+7.279e+03	+3.681e+03	+0.933
75.400	+2.170e+02	+6.075e+03	+6.713e+03	+0.966
75.500	+6.730e+02	+5.048e+03	+4.934e+03	+0.882
75.600	+2.171e+03	+3.211e+03	+6.716e+03	+0.597
75.700	+3.789e+03	+3.536e+03	+6.220e+03	+0.483
75.800	+3.967e+03	+3.422e+03	+5.979e+03	+0.463
75.900	+3.344e+03	+3.965e+03	+5.446e+03	+0.542
76.000	+2.636e+03	+4.338e+03	+4.575e+03	+0.622
76.100	+2.707e+03	+3.787e+03	+6.144e+03	+0.583
76.200	+4.438e+03	+3.614e+03	+4.442e+03	+0.449
76.300	+2.920e+03	+2.969e+03	+5.759e+03	+0.504
76.400	+2.621e+03	+3.638e+03	+6.772e+03	+0.581
76.500	+2.604e+03	+3.041e+03	+5.300e+03	+0.539
76.600	+3.065e+03	+3.700e+03	+7.433e+03	+0.547
76.700	+2.098e+03	+4.120e+03	+5.219e+03	+0.663
76.800	+1.720e+03	+2.648e+03	+7.827e+03	+0.606
76.900	+3.075e+03	+4.118e+03	+6.159e+03	+0.572
77.000	+3.546e+03	+4.071e+03	+5.609e+03	+0.534
77.100	+2.901e+03	+4.862e+03	+5.272e+03	+0.626
77.200	+3.105e+03	+4.289e+03	+6.220e+03	+0.580
77.300	+2.718e+03	+3.334e+03	+4.649e+03	+0.551
77.400	+2.632e+03	+3.549e+03	+5.627e+03	+0.574
77.500	+2.588e+03	+3.509e+03	+4.949e+03	+0.575
77.600	+3.255e+03	+5.023e+03	+7.614e+03	+0.607
77.700	+2.958e+03	+3.931e+03	+5.074e+03	+0.571
77.800	+2.512e+03	+3.530e+03	+4.423e+03	+0.584
77.900	+3.900e+03	+4.351e+03	+7.570e+03	+0.527
78.000	+2.520e+03	+3.476e+03	+6.340e+03	+0.580
78.100	+3.646e+03	+2.995e+03	+4.763e+03	+0.451
78.200	+3.387e+03	+3.051e+03	+6.592e+03	+0.474
78.300	+1.934e+03	+4.452e+03	+4.967e+03	+0.697
78.400	+2.148e+03	+3.783e+03	+6.532e+03	+0.638
78.500	+3.589e+03	+3.838e+03	+6.263e+03	+0.517
78.600	+3.348e+03	+3.753e+03	+4.558e+03	+0.528
78.700	+2.754e+03	+3.218e+03	+4.733e+03	+0.539
78.800	+2.368e+03	+3.633e+03	+7.435e+03	+0.605
78.900	+2.597e+03	+3.269e+03	+5.264e+03	+0.557
79.000	+2.667e+03	+3.636e+03	+6.036e+03	+0.577
79.100	+3.496e+03	+3.872e+03	+7.098e+03	+0.526
79.200	+2.842e+03	+3.232e+03	+5.375e+03	+0.532
79.300	+3.801e+03	+3.012e+03	+5.515e+03	+0.442
79.400	+2.757e+03	+3.604e+03	+6.917e+03	+0.567
79.500	+3.697e+03	+3.460e+03	+6.148e+03	+0.483
79.600	+4.032e+03	+4.365e+03	+6.992e+03	+0.520
79.700	+1.834e+03	+3.877e+03	+6.882e+03	+0.679
79.800	+2.315e+03	+3.367e+03	+6.327e+03	+0.593
79.900	+4.077e+03	+3.116e+03	+5.638e+03	+0.433
80.000	+3.108e+03	+3.735e+03	+4.660e+03	+0.546
80.100	+2.724e+03	+3.700e+03	+5.986e+03	+0.576
80.200	+4.038e+02	+5.365e+03	+6.522e+03	+0.930
80.300	+2.166e+02	+5.921e+03	+6.095e+03	+0.965
80.400	+6.235e+02	+7.056e+03	+5.767e+03	+0.919
80.500	-3.038e+00	+6.729e+03	+7.793e+03	+1.000
80.600	+2.314e+03	+3.365e+03	+5.328e+03	+0.593
80.700	+5.322e+03	+2.283e+02	+6.752e+03	+0.041
80.800	+4.621e+03	+1.649e+03	+6.809e+03	+0.263
80.900	+4.714e+02	+5.930e+03	+6.610e+03	+0.926
81.000	+1.349e+03	+5.702e+03	+5.521e+03	+0.809
81.100	+2.689e+02	+6.291e+03	+6.956e+03	+0.959
81.200	+1.185e+03	+6.162e+03	+6.429e+03	+0.839
81.300	+2.547e+03	+4.387e+03	+5.302e+03	+0.633
81.400	+2.583e+03	+3.607e+03	+4.223e+03	+0.583
81.500	+2.557e+03	+4.074e+03	+6.217e+03	+0.614
81.600	+3.623e+03	+4.173e+03	+7.305e+03	+0.535
81.700	+3.163e+03	+3.946e+03	+8.174e+03	+0.555
81.800	+2.269e+03	+3.228e+03	+5.842e+03	+0.587
81.900	+3.817e+03	+3.631e+03	+7.015e+03	+0.488
82.000	+3.753e+03	+2.629e+03	+4.205e+03	+0.412
82.100	+4.251e+03	+4.110e+03	+6.659e+03	+0.492
82.200	+3.878e+03	+3.705e+03	+5.726e+03	+0.489
82.300	+2.706e+03	+4.117e+03	+7.267e+03	+0.603
82.400	+4.027e+03	+3.434e+03	+6.778e+03	+0.460
82.500	+2.965e+03	+3.671e+03	+7.181e+03	+0.553
82.600	+2.080e+03	+4.332e+03	+6.398e+03	+0.676
82.700	+1.339e+03	+6.018e+03	+4.809e+03	+0.818
82.800	+2.124e+02	+4.941e+03	+6.981e+03	+0.959
82.900	+1.432e+03	+5.201e+03	+6.581e+03	+0.784
83.000	+7.812e+02	+5.714e+03	+5.621e+03	+0.880
83.100	+7.906e+02	+5.904e+03	+6.395e+03	+0.882
83.200	+1.518e+03	+5.107e+03	+5.641e+03	+0.771
83.300	+1.597e+03	+5.626e+03	+5.292e+03	+0.779
83.400	+6.588e+02	+6.390e+03	+5.512e+03	+0.907
83.500	+7.238e+02	+6.075e+03	+6.194e+03	+0.894
83.600	-4.439e+02	+4.281e+03	+5.470e+03	+1.116
83.700	+1.484e+03	+6.443e+03	+5.020e+03	+0.813
83.800	+6.359e+02	+5.032e+03	+4.152e+03	+0.888
83.900	+8.892e+02	+7.577e+03	+5.453e+03	+0.895
84.000	+1.208e+03	+4.579e+03	+6.009e+03	+0.791
84.100	+8.720e+02	+5.511e+03	+6.728e+03	+0.863
84.200	+1.398e+03	+7.380e+03	+6.200e+03	+0.841
84.300	+5.291e+02	+4.908e+03	+5.944e+03	+0.903
84.400	+1.033e+03	+6.514e+03	+6.348e+03	+0.863
84.500	+1.012e+03	+5.901e+03	+6.128e+03	+0.854
84.600	+8.587e+02	+4.684e+03	+6.482e+03	+0.845
84.700	+1.411e+03	+7.100e+03	+5.967e+03	+0.834
84.800	+5.620e+02	+6.717e+03	+6.549e+03	+0.923
84.900	+9.923e+02	+5.889e+03	+6.420e+03	+0.856
85.000	-4.098e+02	+4.561e+03	+7.472e+03	+1.099
85.100	+7.000e+02	+5.677e+03	+5.414e+03	+0.890
85.200	+2.974e+02	+4.727e+03	+7.335e+03	+0.941
85.300	+4.292e+02	+5.877e+03	+7.293e+03	+0.932
85.400	+9.448e+02	+6.059e+03	+6.079e+03	+0.865
85.500	-3.927e+02	+6.130e+03	+4.928e+03	+1.068
85.600	+4.215e+02	+4.684e+03	+6.523e+03	+0.917
85.700	-2.735e+01	+6.918e+03	+6.033e+03	+1.004
85.800	+4.609e+02	+4.707e+03	+4.647e+03	+0.911
85.900	+1.025e+03	+4.568e+03	+6.564e+03	+0.817
86.000	+1.310e+03	+5.407e+03	+5.103e+03	+0.805
86.100	+5.040e+02	+5.549e+03	+5.464e+03	+0.917
86.200	+3.252e+02	+6.497e+03	+5.665e+03	+0.952
86.300	+4.730e+02	+5.560e+03	+5.840e+03	+0.922
86.400	+1.178e+03	+6.186e+03	+6.059e+03	+0.840
86.500	+1.416e+03	+5.648e+03	+4.796e+03	+0.800
86.600	+1.796e+03	+5.879e+03	+6.292e+03	+0.766
86.700	+3.440e+02	+7.030e+03	+5.250e+03	+0.953
86.800	+6.288e+02	+5.400e+03	+4.086e+03	+0.896
86.900	+5.101e+02	+5.467e+03	+6.229e+03	+0.915
87.000	+1.246e+03	+5.177e+03	+6.204e+03	+0.806
87.100	-1.205e+02	+5.602e+03	+5.931e+03	+1.022
87.200	+7.548e+02	+7.012e+03	+5.450e+03	+0.903
87.300	+4.778e+02	+6.662e+03	+5.166e+03	+0.933
87.400	+2.092e+02	+6.383e+03	+5.364e+03	+0.968
87.500	+3.721e+02	+4.176e+03	+5.126e+03	+0.918
87.600	+7.122e+02	+7.107e+03	+6.160e+03	+0.909
87.700	+2.171e+02	+5.836e+03	+6.636e+03	+0.964
87.800	+1.818e+02	+8.329e+03	+6.496e+03	+0.979
87.900	-1.834e+01	+6.474e+03	+4.252e+03	+1.003
88.000	+8.241e+02	+5.626e+03	+5.873e+03	+0.872
88.100	+9.713e+02	+4.489e+03	+5.398e+03	+0.822
88.200	+9.630e+02	+6.285e+03	+5.866e+03	+0.867
88.300	+9.948e+01	+4.558e+03	+5.565e+03	+0.979
88.400	+1.145e+03	+5.419e+03	+6.574e+03	+0.826
88.500	+4.919e+02	+5.067e+03	+4.941e+03	+0.912
88.600	+6.957e+02	+5.787e+03	+5.626e+03	+0.893
88.700	+1.518e+03	+5.147e+03	+4.179e+03	+0.772
88.800	+1.810e+01	+5.161e+03	+5.377e+03	+0.997
88.900	+4.709e+02	+3.873e+03	+6.734e+03	+0.892
89.000	+3.424e+02	+3.392e+03	+3.904e+03	+0.908
89.100	+1.820e+02	+6.655e+03	+6.116e+03	+0.973
89.200	-2.477e+02	+5.996e+03	+6.710e+03	+1.043
89.300	+1.372e+03	+6.436e+03	+5.848e+03	+0.824
89.400	-1.114e+02	+5.001e+03	+6.953e+03	+1.023
89.500	+1.528e+03	+8.359e+03	+5.763e+03	+0.845
89.600	+3.667e+02	+5.916e+03	+5.666e+03	+0.942
89.700	+2.189e+02	+4.624e+03	+4.305e+03	+0.955
89.800	+7.184e+02	+6.236e+03	+4.955e+03	+0.897
89.900	+9.088e+02	+5.100e+03	+5.103e+03	+0.849
90.000	+3.881e+03	+2.897e+03	+5.255e+03	+0.427
90.100	+5.637e+03	+5.005e+02	+5.004e+03	+0.082
90.200	+5.811e+03	-2.675e+01	+6.488e+03	-0.005
90.300	+2.833e+03	+4.953e+03	+5.785e+03	+0.636
90.400	+1.402e+02	+6.381e+03	+4.960e+03	+0.978
90.500	+6.569e+02	+3.960e+03	+5.975e+03	+0.858
90.600	+6.488e+02	+6.253e+03	+5.370e+03	+0.906
90.700	+5.230e+02	+5.742e+03	+7.586e+03	+0.917
90.800	+4.123e+02	+6.419e+03	+6.669e+03	+0.940
90.900	+1.819e+03	+6.945e+03	+6.442e+03	+0.792
91.000	+1.053e+03	+4.867e+03	+5.593e+03	+0.822
91.100	+1.466e+03	+5.345e+03	+4.778e+03	+0.785
91.200	+1.845e+03	+7.270e+03	+6.040e+03	+0.798
91.300	-4.719e+02	+6.526e+03	+5.219e+03	+1.078
91.400	+1.622e+03	+5.542e+03	+7.361e+03	+0.774
91.500	+2.632e+03	+3.859e+03	+6.328e+03	+0.595
91.600	+6.842e+03	+5.338e+02	+6.193e+03	+0.072
91.700	+6.303e+03	+1.306e+03	+6.841e+03	+0.172
91.800	+4.955e+03	+1.028e+03	+7.548e+03	+0.172
91.900	+6.015e+03	+1.689e+03	+5.380e+03	+0.219
92.000	+5.883e+03	+1.680e+03	+5.987e+03	+0.222
92.100	+5.348e+03	+1.300e+02	+6.408e+03	+0.024
92.200	+6.019e+03	+1.129e+03	+6.152e+03	+0.158
92.300	+5.075e+03	+2.965e+02	+6.406e+03	+0.055
92.400	+6.265e+03	+5.646e+02	+7.791e+03	+0.083
92.500	+6.077e+03	+1.224e+03	+5.747e+03	+0.168
92.600	+6.334e+03	+1.059e+03	+6.144e+03	+0.143
92.700	+5.694e+03	+4.862e+02	+5.022e+03	+0.079
92.800	+6.871e+03	+5.655e+02	+5.580e+03	+0.076
92.900	+6.169e+03	+1.263e+03	+6.430e+03	+0.170
93.000	+6.753e+03	+1.050e+03	+6.154e+03	+0.135
93.100	+8.871e+03	+5.523e+02	+6.680e+03	+0.059
93.200	+6.676e+03	+1.656e+03	+6.027e+03	+0.199
93.300	+8.172e+03	+4.507e+02	+5.724e+03	+0.052
93.400	+5.895e+03	+8.086e+02	+5.416e+03	+0.121
93.500	+4.525e+03	+1.288e+03	+6.947e+03	+0.222
93.600	+5.441e+03	+2.172e+03	+5.146e+03	+0.285
93.700	+6.287e+03	+7.771e+02	+6.374e+03	+0.110
93.800	+6.741e+03	+1.240e+03	+5.451e+03	+0.155
93.900	+7.555e+03	+1.978e+03	+6.049e+03	+0.207
94.000	+6.004e+03	+7.404e+02	+5.511e+03	+0.110
94.100	+6.719e+03	+2.409e+02	+6.205e+03	+0.035
94.200	+5.785e+03	+1.943e+01	+5.066e+03	+0.003
94.300	+6.124e+03	+3.094e+02	+5.961e+03	+0.048
94.400	+6.097e+03	-2.306e+02	+5.622e+03	-0.039
94.500	+6.350e+03	+5.549e+02	+6.560e+03	+0.080
94.600	+6.125e+03	+6.375e+02	+5.470e+03	+0.094
94.700	+7.140e+03	+6.165e+02	+6.281e+03	+0.079
94.800	+6.618e+03	+2.066e+03	+6.308e+03	+0.238
94.900	+7.053e+03	-2.470e+02	+6.339e+03	-0.036
95.000	+6.021e+03	+9.619e+02	+7.005e+03	+0.138
95.100	+4.359e+03	+1.188e+03	+5.375e+03	+0.214
95.200	+6.133e+03	+1.487e+03	+6.700e+03	+0.195
95.300	+6.457e+03	+4.550e+02	+5.925e+03	+0.066
95.400	+5.740e+03	+7.579e+02	+6.044e+03	+0.117
95.500	+6.776e+03	+9.675e+02	+6.153e+03	+0.125
95.600	+5.860e+03	+5.457e+02	+5.035e+03	+0.085
95.700	+5.304e+03	+4.260e+02	+6.460e+03	+0.074
95.800	+6.443e+03	+3.098e+02	+4.158e+03	+0.046
95.900	+6.071e+03	+5.062e+02	+5.097e+03	+0.077
96.000	+5.759e+03	+1.065e+03	+5.901e+03	+0.156
96.100	+2.749e+03	+4.145e+03	+4.901e+03	+0.601
96.200	+3.668e+03	+3.212e+03	+4.641e+03	+0.467
96.300	+4.087e+03	+3.272e+03	+4.959e+03	+0.445
96.400	+3.300e+03	+3.205e+03	+4.874e+03	+0.493
96.500	+3.630e+03	+2.202e+03	+7.278e+03	+0.378
96.600	+3.963e+03	+4.300e+03	+3.813e+03	+0.520
96.700	+3.130e+03	+2.820e+03	+6.666e+03	+0.474
96.800	+2.945e+03	+4.458e+03	+7.008e+03	+0.602
96.900	+2.078e+03	+2.410e+03	+5.889e+03	+0.537
97.000	+2.663e+03	+3.527e+03	+5.631e+03	+0.570
97.100	+3.024e+03	+3.866e+03	+7.066e+03	+0.561
97.200	+3.210e+03	+3.463e+03	+7.214e+03	+0.519
97.300	+2.810e+03	+3.296e+03	+5.156e+03	+0.540
97.400	+3.855e+03	+3.214e+03	+7.159e+03	+0.455
97.500	+3.413e+03	+3.491e+03	+6.063e+03	+0.506
97.600	+2.302e+03	+3.468e+03	+6.899e+03	+0.601
97.700	+2.538e+03	+4.293e+03	+6.213e+03	+0.628
97.800	+2.698e+03	+4.148e+03	+6.475e+03	+0.606
97.900	+3.014e+03	+3.433e+03	+5.702e+03	+0.532
98.000	+2.791e+03	+4.514e+03	+5.830e+03	+0.618
98.100	+2.370e+03	+3.219e+03	+6.432e+03	+0.576
98.200	+3.832e+03	+3.414e+03	+6.008e+03	+0.471
98.300	+3.892e+03	+3.217e+03	+6.762e+03	+0.452
98.400	+3.631e+03	+3.155e+03	+5.879e+03	+0.465
98.500	+2.858e+03	+2.912e+03	+6.939e+03	+0.505
98.600	+3.893e+03	+3.289e+03	+5.263e+03	+0.458
98.700	+3.091e+03	+3.932e+03	+5.409e+03	+0.560
98.800	+3.519e+03	+3.929e+03	+5.126e+03	+0.528
98.900	+2.487e+03	+4.395e+03	+5.641e+03	+0.639
99.000	+2.706e+03	+3.766e+03	+5.330e+03	+0.582
99.100	+3.412e+03	+2.907e+03	+6.800e+03	+0.460
99.200	+3.031e+03	+2.943e+03	+6.291e+03	+0.493
99.300	+2.546e+03	+2.869e+03	+5.833e+03	+0.530
99.400	+3.740e+03	+3.789e+03	+4.282e+03	+0.503
99.500	+2.739e+03	+3.397e+03	+5.918e+03	+0.554
99.600	+1.991e+03	+3.447e+03	+5.197e+03	+0.634
99.700	+1.497e+03	+3.709e+03	+5.434e+03	+0.713
99.800	+2.074e+03	+3.360e+03	+6.522e+03	+0.618
99.900	+2.043e+03	+2.765e+03	+5.742e+03	+0.575
100.000	+3.156e+03	+4.051e+03	+5.148e+03	+0.562
100.100	+2.432e+03	+5.423e+03	+7.151e+03	+0.690
100.200	+3.255e+03	+2.961e+03	+6.938e+03	+0.476
100.300	+3.329e+03	+4.261e+03	+5.725e+03	+0.561
100.400	+3.473e+03	+4.232e+03	+4.818e+03	+0.549
100.500	+2.657e+03	+3.889e+03	+5.210e+03	+0.594
100.600	+3.050e+03	+2.157e+03	+5.359e+03	+0.414
100.700	+3.590e+03	+4.165e+03	+6.858e+03	+0.537
100.800	+3.399e+03	+3.986e+03	+6.239e+03	+0.540
100.900	+3.405e+03	+3.200e+03	+5.985e+03	+0.484
101.000	+1.941e+03	+4.466e+03	+6.370e+03	+0.697
101.100	+8.578e+02	+5.141e+03	+5.808e+03	+0.857
