%t (s)	Idd (a.u.)	Ida (a.u.)	Iaa (a.u.)	FRET E
0.000	+4.841e+02	+6.717e+03	+7.940e+03	+0.933
0.100	+1.371e+03	+7.213e+03	+7.134e+03	+0.840
0.200	+1.271e+03	+6.496e+03	+8.816e+03	+0.836
0.300	+8.057e+02	+5.974e+03	+6.731e+03	+0.881
0.400	+2.901e+02	+6.503e+03	+9.403e+03	+0.957
0.500	+1.375e+03	+7.709e+03	+9.384e+03	+0.849
0.600	+7.392e+03	+2.480e+02	+8.624e+03	+0.032
0.700	+6.388e+03	+3.535e+02	+7.153e+03	+0.052
0.800	+6.604e+03	-4.861e+02	+1.014e+04	-0.079
0.900	+7.329e+03	+1.693e+02	+5.939e+03	+0.023
1.000	+5.794e+03	+1.502e+02	+7.624e+03	+0.025
1.100	+8.037e+03	+9.580e+02	+8.240e+03	+0.107
1.200	+7.132e+03	+2.498e+03	+7.921e+03	+0.259
1.300	+6.123e+03	+6.328e+02	+8.034e+03	+0.094
1.400	+7.394e+03	+6.367e+02	+7.385e+03	+0.079
1.500	+5.732e+03	-1.406e+03	+8.685e+03	-0.325
1.600	+7.705e+03	+8.378e+02	+7.083e+03	+0.098
1.700	+7.830e+03	+1.875e+03	+7.638e+03	+0.193
1.800	+8.405e+03	+1.194e+03	+8.185e+03	+0.124
1.900	+8.152e+03	+2.339e+02	+8.300e+03	+0.028
2.000	+6.911e+03	+1.233e+03	+9.850e+03	+0.151
2.100	+6.323e+03	+2.177e+03	+7.249e+03	+0.256
2.200	+5.987e+03	+2.726e+02	+7.650e+03	+0.044
2.300	+7.111e+03	+2.018e+03	+8.212e+03	+0.221
2.400	+8.307e+03	+7.370e+02	+7.120e+03	+0.081
2.500	+6.967e+03	+9.707e+02	+9.479e+03	+0.122
2.600	+8.348e+03	+2.195e+03	+9.380e+03	+0.208
2.700	+6.781e+03	+9.550e+02	+8.447e+03	+0.123
2.800	+7.119e+03	+1.913e+03	+6.980e+03	+0.212
2.900	+8.039e+03	+4.913e+01	+6.587e+03	+0.006
3.000	+7.354e+03	+1.770e+02	+7.701e+03	+0.024
3.100	+7.132e+03	-3.821e+02	+8.591e+03	-0.057
3.200	+7.775e+03	-9.123e+01	+7.497e+03	-0.012
3.300	+9.523e+03	+1.077e+03	+8.374e+03	+0.102
3.400	+7.366e+03	+5.881e+02	+8.737e+03	+0.074
3.500	+8.429e+03	+3.336e+02	+9.461e+03	+0.038
3.600	+7.423e+03	+7.178e+02	+6.423e+03	+0.088
3.700	+8.920e+03	+1.486e+03	+6.549e+03	+0.143
3.800	+5.830e+03	+1.822e+03	+8.424e+03	+0.238
3.900	+5.209e+03	+1.075e+03	+7.710e+03	+0.171
4.000	+8.120e+03	+5.106e+02	+6.389e+03	+0.059
4.100	+8.053e+03	+5.548e+02	+8.307e+03	+0.064
4.200	+4.158e+03	+4.427e+03	+8.221e+03	+0.516
4.300	+2.809e+03	+4.442e+03	+6.584e+03	+0.613
4.400	+4.302e+03	+5.113e+03	+1.011e+04	+0.543
4.500	+8.528e+03	+1.691e+02	+8.547e+03	+0.019
4.600	+8.546e+03	+1.374e+03	+8.062e+03	+0.138
4.700	+6.740e+03	+1.577e+03	+7.990e+03	+0.190
4.800	+6.666e+03	+7.642e+02	+9.543e+03	+0.103
4.900	+7.125e+03	+8.682e+02	+9.698e+03	+0.109
5.000	+6.369e+03	+7.091e+02	+8.185e+03	+0.100
5.100	+6.246e+02	+7.320e+03	+8.174e+03	+0.921
5.200	+1.604e+02	+6.643e+03	+7.100e+03	+0.976
5.300	+9.902e+02	+8.826e+03	+8.254e+03	+0.899
5.400	+9.789e+02	+6.234e+03	+7.079e+03	+0.864
5.500	+9.197e+02	+8.015e+03	+9.236e+03	+0.897
5.600	+5.558e+02	+5.572e+03	+8.383e+03	+0.909
5.700	+1.376e+03	+5.750e+03	+9.985e+03	+0.807
5.800	+1.056e+03	+7.288e+03	+8.478e+03	+0.873
5.900	+1.629e+03	+5.023e+03	+8.066e+03	+0.755
6.000	+7.148e+02	+6.661e+03	+7.595e+03	+0.903
6.100	+3.273e+02	+6.360e+03	+7.853e+03	+0.951
6.200	+8.737e+02	+6.557e+03	+9.607e+03	+0.882
6.300	+6.623e+02	+7.230e+03	+8.194e+03	+0.916
6.400	+4.516e+02	+7.575e+03	+7.704e+03	+0.944
6.500	+9.848e+02	+5.683e+03	+7.277e+03	+0.852
6.600	+7.091e+02	+6.350e+03	+5.790e+03	+0.900
6.700	+1.368e+01	+7.496e+03	+4.671e+03	+0.998
6.800	-9.145e+02	+6.111e+03	+6.127e+03	+1.176
6.900	-3.866e+02	+7.956e+03	+7.704e+03	+1.051
7.000	+2.049e+02	+5.072e+03	+8.536e+03	+0.961
7.100	+1.077e+03	+7.261e+03	+8.311e+03	+0.871
7.200	+8.945e+02	+7.253e+03	+8.478e+03	+0.890
7.300	+9.783e+02	+7.619e+03	+8.243e+03	+0.886
7.400	+1.820e+03	+5.277e+03	+8.923e+03	+0.744
7.500	+4.667e+03	+5.153e+03	+7.286e+03	+0.525
7.600	+2.900e+03	+4.596e+03	+8.326e+03	+0.613
7.700	+3.071e+03	+4.435e+03	+6.310e+03	+0.591
7.800	+3.864e+03	+2.429e+03	+7.924e+03	+0.386
7.900	+3.647e+03	+4.627e+03	+8.573e+03	+0.559
8.000	+4.109e+03	+5.064e+03	+7.014e+03	+0.552
8.100	+2.622e+03	+4.077e+03	+6.299e+03	+0.609
8.200	+3.913e+03	+3.889e+03	+6.159e+03	+0.499
8.300	+3.539e+03	+3.839e+03	+6.728e+03	+0.520
8.400	+4.105e+03	+4.143e+03	+6.858e+03	+0.502
8.500	+3.113e+03	+3.970e+03	+9.517e+03	+0.560
8.600	+2.409e+03	+3.766e+03	+7.969e+03	+0.610
8.700	+2.460e+03	+2.726e+03	+7.915e+03	+0.526
8.800	+3.801e+03	+4.554e+03	+7.166e+03	+0.545
8.900	+3.151e+03	+4.041e+03	+6.662e+03	+0.562
9.000	+2.755e+03	+4.813e+03	+7.727e+03	+0.636
9.100	+3.235e+03	+5.272e+03	+8.533e+03	+0.620
9.200	+1.411e+03	+4.271e+03	+7.209e+03	+0.752
9.300	+3.526e+03	+4.436e+03	+7.372e+03	+0.557
9.400	+3.078e+03	+4.397e+03	+5.451e+03	+0.588
9.500	+2.051e+03	+4.290e+03	+7.373e+03	+0.677
9.600	+2.563e+03	+3.174e+03	+6.745e+03	+0.553
9.700	+2.831e+03	+4.135e+03	+6.835e+03	+0.594
9.800	+3.342e+03	+5.320e+03	+6.843e+03	+0.614
9.900	+2.652e+03	+4.049e+03	+1.051e+04	+0.604
10.000	+2.391e+03	+5.573e+03	+7.196e+03	+0.700
10.100	+3.024e+03	+5.829e+03	+1.001e+04	+0.658
10.200	+2.917e+03	+3.793e+03	+8.747e+03	+0.565
10.300	+3.491e+03	+4.791e+03	+8.803e+03	+0.578
10.400	+1.750e+03	+3.468e+03	+6.982e+03	+0.665
10.500	+3.552e+03	+4.526e+03	+7.935e+03	+0.560
10.600	+3.747e+03	+3.927e+03	+4.750e+03	+0.512
10.700	+2.666e+03	+2.972e+03	+8.431e+03	+0.527
10.800	+4.470e+03	+4.129e+03	+6.893e+03	+0.480
10.900	+2.241e+03	+4.669e+03	+7.828e+03	+0.676
11.000	+3.684e+03	+3.715e+03	+7.764e+03	+0.502
11.100	+3.108e+03	+5.183e+03	+7.740e+03	+0.625
11.200	+3.116e+03	+2.634e+03	+5.436e+03	+0.458
11.300	+1.870e+03	+3.789e+03	+6.620e+03	+0.670
11.400	+3.915e+03	+5.123e+03	+8.187e+03	+0.567
11.500	+4.156e+03	+3.107e+03	+6.637e+03	+0.428
11.600	+3.316e+03	+3.241e+03	+9.465e+03	+0.494
11.700	+2.925e+03	+3.794e+03	+6.808e+03	+0.565
11.800	+4.653e+03	+3.628e+03	+7.064e+03	+0.438
11.900	+2.447e+03	+5.798e+03	+1.031e+04	+0.703
12.000	+3.825e+03	+1.560e+03	+6.429e+03	+0.290
12.100	-3.857e+01	+7.431e+03	+9.177e+03	+1.005
12.200	+2.354e+02	+7.835e+03	+8.554e+03	+0.971
12.300	+7.532e+02	+6.330e+03	+7.797e+03	+0.894
12.400	+7.097e+02	+6.103e+03	+6.018e+03	+0.896
12.500	+1.500e+03	+7.513e+03	+7.941e+03	+0.834
12.600	+1.590e+02	+6.818e+03	+7.146e+03	+0.977
12.700	+7.721e+02	+7.388e+03	+9.417e+03	+0.905
12.800	-5.549e+02	+6.793e+03	+8.032e+03	+1.089
12.900	+6.617e+02	+8.227e+03	+6.997e+03	+0.926
13.000	+1.404e+03	+7.872e+03	+9.839e+03	+0.849
13.100	+6.031e+02	+6.735e+03	+7.649e+03	+0.918
13.200	+1.080e+02	+7.100e+03	+8.562e+03	+0.985
13.300	+4.361e+02	+6.582e+03	+7.880e+03	+0.938
13.400	+1.013e+03	+6.577e+03	+8.643e+03	+0.867
13.500	+1.042e+03	+6.051e+03	+8.323e+03	+0.853
13.600	+1.593e+03	+7.402e+03	+9.190e+03	+0.823
13.700	+2.337e+02	+5.679e+03	+6.961e+03	+0.960
13.800	+7.636e+02	+8.062e+03	+6.195e+03	+0.913
13.900	+1.304e+03	+7.325e+03	+6.517e+03	+0.849
14.000	+5.629e+02	+6.509e+03	+6.384e+03	+0.920
14.100	-2.084e+02	+4.429e+03	+8.044e+03	+1.049
14.200	-1.658e+02	+5.985e+03	+8.329e+03	+1.028
14.300	+1.157e+03	+9.359e+03	+8.493e+03	+0.890
14.400	+1.165e+03	+6.827e+03	+7.587e+03	+0.854
14.500	+8.549e+01	+8.192e+03	+8.264e+03	+0.990
14.600	+1.071e+03	+5.641e+03	+7.742e+03	+0.840
14.700	+7.209e+03	+1.804e+03	+6.835e+03	+0.200
14.800	+7.052e+03	+6.712e+02	+9.393e+03	+0.087
14.900	+7.380e+03	+2.056e+03	+9.067e+03	+0.218
15.000	+7.002e+03	+8.066e+02	+5.591e+03	+0.103
15.100	+8.571e+03	+2.768e+02	+9.437e+03	+0.031
15.200	+7.883e+03	+9.964e+02	+6.895e+03	+0.112
15.300	+5.341e+03	+2.430e+02	+7.916e+03	+0.044
15.400	+6.807e+03	+6.890e+02	+7.209e+03	+0.092
15.500	+6.687e+03	+1.417e+03	+7.680e+03	+0.175
15.600	+6.274e+03	+2.458e+02	+6.954e+03	+0.038
15.700	+7.038e+03	+6.149e+02	+7.387e+03	+0.080
15.800	+6.628e+03	+1.227e+03	+6.574e+03	+0.156
15.900	+6.608e+03	-6.329e+02	+9.028e+03	-0.106
16.000	+7.012e+03	+2.577e+03	+9.048e+03	+0.269
16.100	+6.677e+03	-2.801e+02	+7.435e+03	-0.044
16.200	+7.558e+03	+3.846e+02	+6.982e+03	+0.048
16.300	+6.849e+03	+5.995e+02	+7.777e+03	+0.080
16.400	+7.165e+03	+4.078e+02	+8.231e+03	+0.054
16.500	+5.666e+03	+5.446e+02	+9.876e+03	+0.088
16.600	+7.276e+03	+1.549e+03	+8.507e+03	+0.176
16.700	+6.852e+03	+1.343e+03	+8.344e+03	+0.164
16.800	+6.330e+03	+1.015e+03	+8.940e+03	+0.138
16.900	+6.916e+03	+8.028e+02	+9.796e+03	+0.104
17.000	+8.921e+03	+2.930e+02	+6.276e+03	+0.032
17.100	+6.738e+03	+6.580e+02	+7.533e+03	+0.089
17.200	+7.620e+03	+8.531e+02	+8.873e+03	+0.101
17.300	+5.574e+03	+5.796e+02	+9.066e+03	+0.094
17.400	+6.270e+03	+1.197e+03	+8.825e+03	+0.160
17.500	+6.315e+03	+6.141e+02	+9.549e+03	+0.089
17.600	+7.814e+03	+1.614e+03	+9.005e+03	+0.171
17.700	+5.179e+03	+1.042e+03	+5.665e+03	+0.168
17.800	+7.782e+03	+1.110e+03	+7.049e+03	+0.125
17.900	+7.860e+03	+1.804e+03	+7.556e+03	+0.187
18.000	+7.798e+03	-4.553e+02	+8.927e+03	-0.062
18.100	+8.563e+03	+3.775e+02	+8.109e+03	+0.042
18.200	+7.230e+03	+1.126e+03	+8.324e+03	+0.135
18.300	+7.956e+03	+1.400e+03	+8.607e+03	+0.150
18.400	+8.932e+03	+9.399e+02	+6.125e+03	+0.095
18.500	+2.153e+03	+7.077e+03	+6.726e+03	+0.767
18.600	+5.205e+02	+6.920e+03	+1.010e+04	+0.930
18.700	+6.693e+02	+7.287e+03	+9.136e+03	+0.916
18.800	-3.429e+01	+6.603e+03	+9.249e+03	+1.005
18.900	+1.792e+03	+7.222e+03	+8.826e+03	+0.801
19.000	-2.080e+02	+7.060e+03	+5.270e+03	+1.030
19.100	+3.980e+03	+4.835e+03	+7.136e+03	+0.548
19.200	+7.291e+03	+1.774e+03	+8.044e+03	+0.196
19.300	+7.887e+03	+5.010e+02	+7.015e+03	+0.060
19.400	+6.325e+03	+4.721e+01	+8.954e+03	+0.007
19.500	+7.966e+03	+7.598e+02	+9.048e+03	+0.087
19.600	+8.608e+03	+7.041e+02	+6.541e+03	+0.076
19.700	+7.670e+03	+1.170e+03	+9.414e+03	+0.132
19.800	+7.492e+03	+1.562e+03	+8.675e+03	+0.173
19.900	+8.211e+03	+4.048e+02	+7.257e+03	+0.047
20.000	+7.762e+03	+2.063e+03	+8.977e+03	+0.210
20.100	+7.279e+03	+8.486e+02	+8.515e+03	+0.104
20.200	+8.219e+03	+1.685e+03	+9.515e+03	+0.170
20.300	+5.053e+03	+2.986e+03	+7.090e+03	+0.371
20.400	+2.430e+02	+6.761e+03	+9.515e+03	+0.965
20.500	+3.785e+02	+7.966e+03	+8.858e+03	+0.955
20.600	-1.501e+02	+8.284e+03	+7.308e+03	+1.018
20.700	+1.199e+03	+8.134e+03	+5.595e+03	+0.872
20.800	+1.370e+03	+6.497e+03	+7.691e+03	+0.826
20.900	+1.459e+03	+4.792e+03	+8.073e+03	+0.767
21.000	+1.742e+03	+7.530e+03	+7.663e+03	+0.812
21.100	-2.847e+02	+6.397e+03	+8.457e+03	+1.047
21.200	+2.836e+02	+6.687e+03	+9.305e+03	+0.959
21.300	+1.589e+03	+6.060e+03	+9.858e+03	+0.792
21.400	+6.152e+02	+6.035e+03	+7.546e+03	+0.908
21.500	+1.124e+02	+6.283e+03	+6.617e+03	+0.982
21.600	+1.159e+03	+7.214e+03	+9.363e+03	+0.862
21.700	+1.165e+03	+6.686e+03	+9.210e+03	+0.852
21.800	+2.561e+02	+6.363e+03	+9.779e+03	+0.961
21.900	+5.127e+02	+6.711e+03	+6.900e+03	+0.929
22.000	+7.294e+02	+7.369e+03	+7.314e+03	+0.910
22.100	+1.914e+03	+6.698e+03	+7.567e+03	+0.778
22.200	+5.383e+02	+6.382e+03	+7.056e+03	+0.922
22.300	+7.806e+02	+5.729e+03	+7.570e+03	+0.880
22.400	+6.152e+03	+1.826e+03	+9.369e+03	+0.229
22.500	+5.632e+03	+2.100e+03	+8.609e+03	+0.272
22.600	+5.391e+02	+7.680e+03	+9.411e+03	+0.934
22.700	+3.103e+03	+4.219e+03	+8.911e+03	+0.576
22.800	+5.811e+03	+1.423e+03	+6.945e+03	+0.197
22.900	+7.948e+03	+5.879e+02	+8.508e+03	+0.069
23.000	+7.812e+03	+9.206e+02	+7.158e+03	+0.105
23.100	+7.456e+03	+2.213e+03	+8.789e+03	+0.229
23.200	+7.554e+03	+8.406e+01	+7.561e+03	+0.011
23.300	+6.879e+03	+8.141e+02	+6.305e+03	+0.106
23.400	+7.493e+03	+2.887e+02	+7.647e+03	+0.037
23.500	+8.901e+03	+7.935e+02	+8.632e+03	+0.082
23.600	+6.974e+03	+1.276e+03	+7.762e+03	+0.155
23.700	+6.639e+03	+5.014e+02	+7.545e+03	+0.070
23.800	-2.508e+01	+6.595e+03	+8.109e+03	+1.004
23.900	+9.698e+02	+7.557e+03	+8.408e+03	+0.886
24.000	+7.080e+02	+6.832e+03	+8.393e+03	+0.906
24.100	+2.280e+03	+6.500e+03	+8.127e+03	+0.740
24.200	+6.899e+03	+7.969e+01	+9.607e+03	+0.011
24.300	+7.009e+03	-1.057e+02	+7.494e+03	-0.015
24.400	+6.489e+03	+1.181e+03	+8.206e+03	+0.154
24.500	+3.165e+03	+4.468e+03	+8.997e+03	+0.585
24.600	+2.114e+03	+7.908e+03	+6.967e+03	+0.789
24.700	+2.041e+03	+7.062e+03	+6.871e+03	+0.776
24.800	-2.732e+02	+7.669e+03	+8.016e+03	+1.037
24.900	+1.128e+03	+9.928e+03	+9.586e+03	+0.898
25.000	+5.983e+02	+7.361e+03	+7.001e+03	+0.925
25.100	+1.736e+03	+6.104e+03	+6.328e+03	+0.779
25.200	+5.242e+02	+9.075e+03	+8.918e+03	+0.945
25.300	+9.451e+02	+6.005e+03	+8.186e+03	+0.864
25.400	+1.534e+03	+7.928e+03	+6.962e+03	+0.838
25.500	+1.725e+02	+6.607e+03	+9.252e+03	+0.975
25.600	+1.711e+03	+7.575e+03	+8.137e+03	+0.816
25.700	+1.079e+03	+6.258e+03	+7.342e+03	+0.853
25.800	+8.856e+02	+8.363e+03	+9.244e+03	+0.904
25.900	+3.142e+02	+6.608e+03	+7.903e+03	+0.955
26.000	-5.795e+02	+8.071e+03	+8.456e+03	+1.077
26.100	+1.312e+03	+5.055e+03	+8.667e+03	+0.794
26.200	+1.448e+03	+6.144e+03	+7.585e+03	+0.809
26.300	+1.142e+03	+9.649e+03	+6.777e+03	+0.894
26.400	+1.419e+03	+6.524e+03	+6.495e+03	+0.821
26.500	+8.888e+03	-3.248e+02	+9.171e+03	-0.038
26.600	+2.361e+03	+7.170e+03	+9.166e+03	+0.752
26.700	+1.083e+03	+5.996e+03	+6.695e+03	+0.847
26.800	+7.962e+02	+6.899e+03	+6.595e+03	+0.897
26.900	-3.450e+02	+8.234e+03	+9.206e+03	+1.044
27.000	+1.213e+03	+7.537e+03	+8.143e+03	+0.861
27.100	+1.581e+03	+8.012e+03	+7.766e+03	+0.835
27.200	-3.645e+02	+5.781e+03	+8.110e+03	+1.067
27.300	+2.022e+03	+6.902e+03	+8.438e+03	+0.773
27.400	+7.264e+02	+5.134e+03	+8.869e+03	+0.876
27.500	+2.088e+02	+7.495e+03	+9.360e+03	+0.973
27.600	+4.667e+02	+6.785e+03	+6.396e+03	+0.936
27.700	-2.240e+01	+8.046e+03	+6.026e+03	+1.003
27.800	+1.066e+03	+8.524e+03	+9.149e+03	+0.889
27.900	+5.061e+02	+7.844e+03	+8.256e+03	+0.939
28.000	+7.097e+02	+8.056e+03	+7.146e+03	+0.919
28.100	+1.259e+03	+5.448e+03	+9.181e+03	+0.812
28.200	+1.092e+03	+6.349e+03	+6.547e+03	+0.853
28.300	+1.815e+03	+7.058e+03	+9.004e+03	+0.795
28.400	+5.997e+02	+6.153e+03	+7.595e+03	+0.911
28.500	-9.585e+01	+8.525e+03	+7.990e+03	+1.011
28.600	+8.703e+02	+7.309e+03	+6.361e+03	+0.894
28.700	+1.499e+03	+7.841e+03	+8.632e+03	+0.840
28.800	-6.150e+00	+5.772e+03	+7.197e+03	+1.001
28.900	+1.001e+03	+7.254e+03	+8.157e+03	+0.879
29.000	+1.831e+03	+4.970e+03	+8.475e+03	+0.731
29.100	+4.416e+02	+7.844e+03	+6.027e+03	+0.947
29.200	+3.459e+03	+3.943e+03	+7.552e+03	+0.533
29.300	+6.161e+03	+4.118e+02	+7.778e+03	+0.063
29.400	+5.928e+03	+2.701e+03	+6.480e+03	+0.313
29.500	+1.483e+03	+7.429e+03	+8.871e+03	+0.834
29.600	+5.426e+03	+2.733e+03	+9.421e+03	+0.335
29.700	+8.409e+03	+1.250e+03	+7.125e+03	+0.129
29.800	+6.755e+03	+8.230e+02	+9.415e+03	+0.109
29.900	+8.164e+03	+1.414e+03	+7.250e+03	+0.148
30.000	+5.115e+03	+5.065e+02	+7.814e+03	+0.090
30.100	+7.322e+03	+1.639e+03	+8.529e+03	+0.183
30.200	+6.890e+03	-7.769e+01	+7.271e+03	-0.011
30.300	+7.537e+03	+8.009e+02	+7.313e+03	+0.096
30.400	+8.256e+03	+8.068e+02	+8.627e+03	+0.089
30.500	+5.596e+03	+1.046e+03	+8.536e+03	+0.157
30.600	+7.698e+03	-1.755e+02	+7.236e+03	-0.023
30.700	+8.853e+03	+5.850e+02	+8.896e+03	+0.062
30.800	+6.383e+03	+9.283e+02	+7.279e+03	+0.127
30.900	+6.741e+03	-3.343e+01	+8.619e+03	-0.005
31.000	+9.073e+03	+2.718e+02	+7.459e+03	+0.029
31.100	+7.969e+03	+4.477e+02	+7.133e+03	+0.053
31.200	+6.346e+03	+6.341e+01	+7.491e+03	+0.010
31.300	+6.157e+03	+2.854e+02	+7.981e+03	+0.044
31.400	+6.240e+03	+8.665e+02	+7.484e+03	+0.122
31.500	+6.625e+03	+2.011e+03	+8.125e+03	+0.233
31.600	+4.257e+03	+3.726e+03	+8.090e+03	+0.467
31.700	+3.347e+03	+3.274e+03	+7.148e+03	+0.494
31.800	+3.407e+03	+3.240e+03	+9.635e+03	+0.487
31.900	+5.191e+03	+4.062e+03	+6.609e+03	+0.439
32.000	+3.381e+03	+2.256e+03	+8.582e+03	+0.400
32.100	+4.500e+03	+5.575e+03	+8.152e+03	+0.553
32.200	+3.008e+03	+2.731e+03	+8.251e+03	+0.476
32.300	+3.389e+03	+3.442e+03	+1.031e+04	+0.504
32.400	+3.277e+03	+3.769e+03	+6.571e+03	+0.535
32.500	+3.089e+03	+3.796e+03	+7.684e+03	+0.551
32.600	+3.076e+03	+3.889e+03	+9.293e+03	+0.558
32.700	+2.064e+03	+3.954e+03	+7.664e+03	+0.657
32.800	+4.708e+03	+2.975e+03	+8.678e+03	+0.387
32.900	+2.823e+03	+4.443e+03	+7.644e+03	+0.611
33.000	+3.420e+03	+4.291e+03	+8.135e+03	+0.556
33.100	+3.394e+03	+5.082e+03	+6.986e+03	+0.600
33.200	+3.176e+03	+3.265e+03	+7.355e+03	+0.507
33.300	+3.183e+03	+4.839e+03	+7.294e+03	+0.603
33.400	+3.418e+03	+3.912e+03	+7.357e+03	+0.534
33.500	+2.200e+03	+5.139e+03	+6.088e+03	+0.700
33.600	+4.044e+03	+4.543e+03	+8.622e+03	+0.529
33.700	+2.317e+03	+3.329e+03	+6.506e+03	+0.590
33.800	+1.570e+03	+6.028e+03	+8.448e+03	+0.793
33.900	+1.684e+03	+5.618e+03	+8.620e+03	+0.769
34.000	+9.690e+02	+5.935e+03	+7.786e+03	+0.860
34.100	+6.768e+02	+9.192e+03	+9.694e+03	+0.931
34.200	+9.901e+02	+7.521e+03	+8.392e+03	+0.884
34.300	+1.067e+03	+6.417e+03	+9.003e+03	+0.857
34.400	+4.272e+02	+6.591e+03	+6.832e+03	+0.939
34.500	+5.683e+02	+6.971e+03	+8.546e+03	+0.925
34.600	+3.800e+02	+8.316e+03	+8.594e+03	+0.956
34.700	+5.327e+03	+3.419e+03	+8.743e+03	+0.391
34.800	+6.472e+03	+1.073e+03	+6.171e+03	+0.142
34.900	+8.153e+03	+1.264e+03	+1.017e+04	+0.134
35.000	+7.285e+03	+9.499e+02	+1.019e+04	+0.115
35.100	+7.720e+03	-4.729e+02	+6.701e+03	-0.065
35.200	+7.138e+03	+4.364e+02	+9.355e+03	+0.058
35.300	+7.005e+03	+4.155e+02	+7.257e+03	+0.056
35.400	+7.124e+03	+1.174e+03	+9.405e+03	+0.141
35.500	+7.107e+03	+1.214e+03	+8.218e+03	+0.146
35.600	+7.372e+03	+1.396e+03	+8.502e+03	+0.159
35.700	+6.837e+03	+1.664e+03	+7.668e+03	+0.196
35.800	+9.667e+03	+1.067e+03	+8.111e+03	+0.099
35.900	+6.855e+03	+7.647e+02	+8.507e+03	+0.100
36.000	+7.039e+03	+3.984e+02	+6.657e+03	+0.054
36.100	+7.577e+03	+8.259e+02	+7.450e+03	+0.098
36.200	+5.363e+03	+6.880e+02	+8.275e+03	+0.114
36.300	+8.521e+03	+8.730e+02	+7.664e+03	+0.093
36.400	+8.035e+03	+1.451e+03	+8.094e+03	+0.153
36.500	+6.302e+03	+5.344e+02	+9.478e+03	+0.078
36.600	+9.852e+03	+6.033e+02	+7.694e+03	+0.058
36.700	+8.341e+03	+1.186e+03	+7.169e+03	+0.124
36.800	+7.042e+03	+1.121e+02	+8.989e+03	+0.016
36.900	+7.800e+03	+1.390e+03	+8.787e+03	+0.151
37.000	+6.646e+03	+3.084e+01	+8.558e+03	+0.005
37.100	+7.313e+03	+5.690e+02	+7.311e+03	+0.072
37.200	+6.515e+03	+1.113e+03	+8.748e+03	+0.146
37.300	+7.784e+03	+1.006e+03	+8.290e+03	+0.114
37.400	+7.442e+03	+5.796e+02	+6.262e+03	+0.072
37.500	+7.805e+03	+9.071e+02	+9.857e+03	+0.104
37.600	+6.132e+03	+8.374e+02	+7.758e+03	+0.120
37.700	+7.665e+03	-3.621e+00	+7.344e+03	-0.000
37.800	+8.216e+03	+4.229e+02	+8.389e+03	+0.049
37.900	+7.824e+03	+1.300e+03	+9.732e+03	+0.143
38.000	+7.246e+03	+1.816e+01	+6.244e+03	+0.003
38.100	+6.776e+03	-7.976e+01	+7.276e+03	-0.012
38.200	+6.580e+03	+3.512e+02	+7.814e+03	+0.051
38.300	+7.139e+03	+1.542e+03	+8.570e+03	+0.178
38.400	+7.881e+03	+1.073e+03	+7.670e+03	+0.120
38.500	+6.442e+03	-7.464e+02	+7.686e+03	-0.131
38.600	+7.602e+03	+1.587e+03	+7.734e+03	+0.173
38.700	+4.993e+03	+1.669e+03	+7.458e+03	+0.251
38.800	+7.906e+03	+1.448e+03	+7.238e+03	+0.155
38.900	+3.635e+03	+4.387e+03	+7.022e+03	+0.547
39.000	+5.288e+03	+4.502e+03	+9.500e+03	+0.460
39.100	+3.403e+03	+3.662e+03	+7.237e+03	+0.518
39.200	+2.825e+03	+4.279e+03	+9.126e+03	+0.602
39.300	+4.218e+03	+4.661e+03	+8.619e+03	+0.525
39.400	+2.239e+03	+3.105e+03	+7.020e+03	+0.581
39.500	+2.377e+03	+3.787e+03	+7.090e+03	+0.614
39.600	+3.187e+03	+4.252e+03	+7.615e+03	+0.572
39.700	+2.585e+03	+3.171e+03	+7.835e+03	+0.551
39.800	+2.948e+03	+3.978e+03	+9.392e+03	+0.574
39.900	+3.309e+03	+4.589e+03	+7.884e+03	+0.581
40.000	+2.947e+03	+4.967e+03	+7.156e+03	+0.628
40.100	+3.946e+03	+4.858e+03	+7.516e+03	+0.552
40.200	+3.197e+03	+3.599e+03	+9.163e+03	+0.530
40.300	+3.242e+03	+4.322e+03	+8.930e+03	+0.571
40.400	+3.654e+03	+4.155e+03	+7.568e+03	+0.532
40.500	+3.550e+03	+3.183e+03	+8.202e+03	+0.473
40.600	+3.341e+03	+4.693e+03	+9.146e+03	+0.584
40.700	+1.931e+03	+3.739e+03	+6.744e+03	+0.659
40.800	+4.086e+03	+3.933e+03	+1.002e+04	+0.490
40.900	+3.251e+03	+3.241e+03	+7.457e+03	+0.499
41.000	+3.754e+03	+3.820e+03	+6.777e+03	+0.504
41.100	+2.804e+03	+2.028e+03	+8.910e+03	+0.420
41.200	+3.608e+03	+5.065e+03	+9.449e+03	+0.584
41.300	+3.372e+03	+4.988e+03	+7.665e+03	+0.597
41.400	+3.123e+03	+3.328e+03	+7.637e+03	+0.516
41.500	+3.842e+03	+4.170e+03	+8.656e+03	+0.520
41.600	+4.283e+03	+3.791e+03	+7.117e+03	+0.470
41.700	+4.320e+03	+5.355e+03	+7.860e+03	+0.554
41.800	+1.711e+03	+3.170e+03	+6.702e+03	+0.649
41.900	+3.006e+03	+4.322e+03	+7.578e+03	+0.590
42.000	+3.255e+03	+4.174e+03	+9.888e+03	+0.562
42.100	+5.110e+03	+3.693e+03	+8.019e+03	+0.420
42.200	+2.207e+03	+5.543e+03	+8.979e+03	+0.715
42.300	+2.872e+03	+4.490e+03	+7.051e+03	+0.610
42.400	+3.712e+03	+3.181e+03	+7.710e+03	+0.461
42.500	+4.222e+03	+3.851e+03	+8.426e+03	+0.477
42.600	+3.116e+03	+4.085e+03	+9.315e+03	+0.567
42.700	+3.609e+03	+3.825e+03	+7.931e+03	+0.515
42.800	+3.290e+03	+4.033e+03	+6.939e+03	+0.551
42.900	+2.885e+03	+3.692e+03	+6.366e+03	+0.561
43.000	+3.577e+03	+3.706e+03	+7.344e+03	+0.509
43.100	+3.581e+03	+3.784e+03	+8.801e+03	+0.514
43.200	+3.494e+03	+5.175e+03	+5.982e+03	+0.597
43.300	-2.834e+02	+7.395e+03	+7.871e+03	+1.040
43.400	+1.302e+03	+7.814e+03	+9.426e+03	+0.857
43.500	-1.870e+02	+8.025e+03	+9.155e+03	+1.024
43.600	-2.887e+02	+5.424e+03	+6.661e+03	+1.056
43.700	+5.097e+03	+2.535e+03	+1.032e+04	+0.332
43.800	+7.335e+03	+2.488e+03	+7.785e+03	+0.253
43.900	+3.947e+03	+3.312e+03	+6.357e+03	+0.456
44.000	+1.495e+03	+6.207e+03	+7.255e+03	+0.806
44.100	+7.285e+02	+7.198e+03	+6.684e+03	+0.908
44.200	-7.200e+02	+6.665e+03	+7.305e+03	+1.121
44.300	+1.093e+03	+7.059e+03	+6.883e+03	+0.866
44.400	+1.309e+02	+5.092e+03	+7.241e+03	+0.975
44.500	+2.003e+02	+6.704e+03	+9.200e+03	+0.971
44.600	+1.593e+02	+6.276e+03	+8.816e+03	+0.975
44.700	+4.759e+03	+2.815e+03	+9.098e+03	+0.372
44.800	+6.981e+03	+1.743e+03	+8.828e+03	+0.200
44.900	+7.400e+03	+5.738e+02	+8.389e+03	+0.072
45.000	+8.098e+03	+3.424e+02	+1.023e+04	+0.041
45.100	+7.268e+03	-7.213e+01	+6.830e+03	-0.010
45.200	+7.974e+03	+1.750e+03	+1.010e+04	+0.180
45.300	+4.850e+02	+4.799e+03	+9.331e+03	+0.908
45.400	-9.641e+01	+8.656e+03	+7.804e+03	+1.011
45.500	+1.936e+03	+8.236e+03	+8.545e+03	+0.810
45.600	+7.014e+02	+6.890e+03	+8.048e+03	+0.908
45.700	+6.375e+02	+6.530e+03	+7.743e+03	+0.911
45.800	+7.329e+03	+1.226e+03	+8.787e+03	+0.143
45.900	+2.909e+03	+4.146e+03	+9.238e+03	+0.588
46.000	+1.952e+03	+7.265e+03	+8.268e+03	+0.788
46.100	-4.853e+02	+5.271e+03	+8.911e+03	+1.101
46.200	+5.540e+02	+9.128e+03	+7.833e+03	+0.943
46.300	+9.999e+02	+5.349e+03	+8.118e+03	+0.843
46.400	+4.783e+03	+3.420e+03	+8.428e+03	+0.417
46.500	+8.015e+03	+2.365e+02	+7.696e+03	+0.029
46.600	+6.423e+03	+1.437e+03	+9.343e+03	+0.183
46.700	+6.170e+03	+2.151e+03	+9.514e+03	+0.259
46.800	+7.465e+03	+1.226e+03	+9.276e+03	+0.141
46.900	+5.866e+03	+2.410e+03	+7.520e+03	+0.291
47.000	+9.225e+03	+6.757e+01	+9.678e+03	+0.007
47.100	+7.737e+03	+1.386e+03	+8.047e+03	+0.152
47.200	+9.171e+03	+1.826e+03	+5.524e+03	+0.166
47.300	+7.277e+03	+1.562e+03	+7.319e+03	+0.177
47.400	+5.560e+03	+9.695e+02	+8.589e+03	+0.148
47.500	+4.697e+03	+4.009e+03	+8.962e+03	+0.461
47.600	+4.005e+03	+3.858e+03	+7.697e+03	+0.491
47.700	+3.288e+03	+5.686e+03	+8.214e+03	+0.634
47.800	+2.294e+03	+3.951e+03	+7.642e+03	+0.633
47.900	+3.962e+03	+4.071e+03	+7.100e+03	+0.507
48.000	+3.207e+03	+3.378e+03	+7.330e+03	+0.513
48.100	+3.304e+03	+2.033e+03	+8.879e+03	+0.381
48.200	+3.219e+03	+4.271e+03	+6.482e+03	+0.570
48.300	+3.081e+03	+3.180e+03	+8.160e+03	+0.508
48.400	+4.637e+03	+2.915e+03	+1.038e+04	+0.386
48.500	+2.280e+03	+4.684e+03	+8.189e+03	+0.673
48.600	+2.340e+03	+3.094e+03	+8.299e+03	+0.569
48.700	+3.131e+03	+5.022e+03	+7.583e+03	+0.616
48.800	+2.489e+03	+3.945e+03	+7.951e+03	+0.613
48.900	+2.108e+03	+4.311e+03	+9.584e+03	+0.672
49.000	+3.339e+03	+3.845e+03	+7.776e+03	+0.535
49.100	+3.283e+03	+4.801e+03	+9.828e+03	+0.594
49.200	+4.353e+03	+4.132e+03	+7.982e+03	+0.487
49.300	+3.955e+03	+4.478e+03	+8.687e+03	+0.531
49.400	+3.300e+03	+4.339e+03	+8.441e+03	+0.568
49.500	+2.926e+03	+3.293e+03	+1.017e+04	+0.530
49.600	+1.520e+03	+4.555e+03	+7.630e+03	+0.750
49.700	+3.934e+03	+3.472e+03	+7.757e+03	+0.469
49.800	+2.570e+03	+4.955e+03	+8.164e+03	+0.658
49.900	+2.628e+03	+4.281e+03	+9.678e+03	+0.620
50.000	+4.287e+03	+4.670e+03	+9.081e+03	+0.521
50.100	+2.616e+03	+5.296e+03	+8.309e+03	+0.669
50.200	+3.353e+03	+5.289e+03	+6.490e+03	+0.612
50.300	+3.836e+03	+2.359e+03	+7.672e+03	+0.381
50.400	+3.223e+03	+4.532e+03	+7.372e+03	+0.584
50.500	+2.215e+03	+2.988e+03	+8.158e+03	+0.574
50.600	+3.626e+03	+2.752e+03	+6.068e+03	+0.432
50.700	+4.394e+03	+3.619e+03	+7.190e+03	+0.452
50.800	+3.385e+03	+4.331e+03	+8.431e+03	+0.561
50.900	+2.874e+03	+3.831e+03	+7.290e+03	+0.571
51.000	+2.508e+03	+4.265e+03	+7.728e+03	+0.630
51.100	+3.725e+03	+5.363e+03	+1.012e+04	+0.590
51.200	+1.561e+03	+4.901e+03	+7.318e+03	+0.758
51.300	+7.769e+02	+6.513e+03	+8.181e+03	+0.893
51.400	+1.506e+03	+7.882e+03	+8.567e+03	+0.840
51.500	+3.038e+03	+4.409e+03	+8.591e+03	+0.592
51.600	+9.300e+03	-9.233e+02	+7.982e+03	-0.110
51.700	+7.385e+03	-1.441e+02	+7.387e+03	-0.020
51.800	+8.009e+03	+3.401e+02	+7.953e+03	+0.041
51.900	+7.341e+03	+1.190e+03	+7.989e+03	+0.140
52.000	+7.900e+03	+4.891e+01	+8.299e+03	+0.006
52.100	+8.101e+03	+1.945e+03	+9.388e+03	+0.194
52.200	+5.670e+03	+1.723e+03	+8.900e+03	+0.233
52.300	+6.832e+03	+1.146e+03	+9.813e+03	+0.144
52.400	+7.588e+03	+1.164e+03	+9.919e+03	+0.133
52.500	+8.198e+03	+1.669e+03	+7.009e+03	+0.169
52.600	+6.599e+03	+1.045e+03	+8.954e+03	+0.137
52.700	+8.293e+03	+1.284e+03	+9.894e+03	+0.134
52.800	+8.036e+03	+1.104e+03	+8.064e+03	+0.121
52.900	+6.186e+03	+9.446e+02	+7.870e+03	+0.132
53.000	+7.833e+03	+3.669e+02	+6.965e+03	+0.045
53.100	+8.437e+03	+2.296e+03	+8.210e+03	+0.214
53.200	+8.000e+03	+5.731e+02	+8.818e+03	+0.067
53.300	+7.397e+03	+4.003e+02	+9.681e+03	+0.051
53.400	+7.632e+03	+4.669e+02	+8.228e+03	+0.058
53.500	+6.506e+03	+2.783e+02	+6.122e+03	+0.041
53.600	+5.155e+03	+4.330e+03	+7.421e+03	+0.457
53.700	+4.243e+02	+6.197e+03	+8.221e+03	+0.936
53.800	-3.075e+02	+6.366e+03	+7.933e+03	+1.051
53.900	-2.012e+02	+7.211e+03	+8.031e+03	+1.029
54.000	+4.787e+02	+6.223e+03	+6.537e+03	+0.929
54.100	+5.462e+02	+7.229e+03	+6.987e+03	+0.930
54.200	+9.595e+02	+8.244e+03	+7.990e+03	+0.896
54.300	+6.420e+02	+7.955e+03	+7.981e+03	+0.925
54.400	+1.421e+03	+7.465e+03	+7.056e+03	+0.840
54.500	-1.626e+01	+6.903e+03	+8.442e+03	+1.002
54.600	+9.567e+02	+7.104e+03	+7.199e+03	+0.881
54.700	+1.835e+03	+7.436e+03	+7.702e+03	+0.802
54.800	+1.300e+03	+5.413e+03	+8.104e+03	+0.806
54.900	+7.232e+02	+5.739e+03	+7.946e+03	+0.888
55.000	+7.217e+02	+6.981e+03	+6.614e+03	+0.906
55.100	+5.863e+02	+6.618e+03	+8.268e+03	+0.919
55.200	+2.551e+02	+6.091e+03	+7.338e+03	+0.960
55.300	+8.673e+02	+8.493e+03	+6.720e+03	+0.907
55.400	-7.979e+02	+8.564e+03	+5.835e+03	+1.103
55.500	+7.567e+02	+8.075e+03	+7.662e+03	+0.914
55.600	+3.933e+02	+7.125e+03	+5.935e+03	+0.948
55.700	+6.847e+02	+4.907e+03	+9.550e+03	+0.878
55.800	+1.113e+03	+8.735e+03	+7.550e+03	+0.887
55.900	+9.266e+02	+5.551e+03	+8.471e+03	+0.857
56.000	+1.680e+02	+5.165e+03	+8.267e+03	+0.968
56.100	+1.260e+03	+6.939e+03	+7.322e+03	+0.846
56.200	+7.580e+02	+5.793e+03	+7.290e+03	+0.884
56.300	+1.728e+03	+6.380e+03	+7.506e+03	+0.787
56.400	+1.781e+03	+6.985e+03	+7.341e+03	+0.797
56.500	+9.057e+02	+8.321e+03	+8.283e+03	+0.902
56.600	-2.049e+02	+5.631e+03	+8.425e+03	+1.038
56.700	+9.006e+02	+6.411e+03	+9.871e+03	+0.877
56.800	+2.725e+02	+8.938e+03	+1.005e+04	+0.970
56.900	-3.045e+02	+6.384e+03	+8.248e+03	+1.050
57.000	+1.001e+03	+6.234e+03	+8.935e+03	+0.862
57.100	+5.533e+02	+6.801e+03	+1.005e+04	+0.925
57.200	+5.280e+02	+7.024e+03	+8.199e+03	+0.930
57.300	+2.227e+03	+6.945e+03	+9.019e+03	+0.757
57.400	+3.169e+03	+3.479e+03	+7.109e+03	+0.523
57.500	+7.286e+03	+1.752e+03	+4.759e+03	+0.194
57.600	+9.761e+03	+1.394e+02	+7.724e+03	+0.014
57.700	+7.727e+03	+2.088e+02	+7.164e+03	+0.026
57.800	+7.940e+03	-3.345e+01	+8.082e+03	-0.004
57.900	+6.604e+03	+1.740e+03	+7.665e+03	+0.209
58.000	+8.722e+03	+1.068e+03	+7.344e+03	+0.109
58.100	+3.545e+03	+2.789e+03	+9.145e+03	+0.440
58.200	+2.649e+03	+3.547e+03	+6.921e+03	+0.572
58.300	+3.394e+03	+4.726e+03	+7.289e+03	+0.582
58.400	+3.895e+03	+3.267e+03	+8.297e+03	+0.456
58.500	+3.642e+03	+4.387e+03	+6.274e+03	+0.546
58.600	+4.260e+03	+3.069e+03	+8.126e+03	+0.419
58.700	+3.956e+03	+5.055e+03	+6.681e+03	+0.561
58.800	+3.320e+03	+5.084e+03	+6.515e+03	+0.605
58.900	+1.509e+03	+3.637e+03	+8.883e+03	+0.707
59.000	+3.443e+03	+3.234e+03	+7.174e+03	+0.484
59.100	+2.519e+03	+4.585e+03	+7.716e+03	+0.645
59.200	+2.698e+03	+3.220e+03	+7.579e+03	+0.544
59.300	+2.454e+03	+3.004e+03	+8.660e+03	+0.550
59.400	+3.557e+03	+3.171e+03	+6.491e+03	+0.471
59.500	+2.035e+03	+3.568e+03	+6.567e+03	+0.637
59.600	+2.879e+03	+4.690e+03	+8.444e+03	+0.620
59.700	+3.883e+03	+4.650e+03	+7.386e+03	+0.545
59.800	+3.901e+03	+4.087e+03	+6.873e+03	+0.512
59.900	+3.333e+03	+5.226e+03	+7.590e+03	+0.611
60.000	+2.950e+03	+3.786e+03	+7.461e+03	+0.562
60.100	+4.150e+03	+4.728e+03	+8.340e+03	+0.533
60.200	+3.844e+03	+2.447e+03	+8.770e+03	+0.389
60.300	+2.569e+03	+4.268e+03	+8.400e+03	+0.624
60.400	+3.346e+03	+5.181e+03	+7.759e+03	+0.608
60.500	+3.815e+03	+5.597e+03	+6.082e+03	+0.595
60.600	+2.996e+03	+3.516e+03	+7.849e+03	+0.540
60.700	+3.276e+03	+3.906e+03	+8.022e+03	+0.544
60.800	+4.573e+03	+3.365e+03	+9.015e+03	+0.424
60.900	+2.172e+03	+4.045e+03	+7.641e+03	+0.651
61.000	+3.179e+03	+5.554e+03	+8.804e+03	+0.636
61.100	+2.509e+03	+3.502e+03	+8.740e+03	+0.583
61.200	+3.519e+03	+4.143e+03	+8.113e+03	+0.541
61.300	+2.593e+03	+3.014e+03	+8.344e+03	+0.538
61.400	+2.648e+03	+3.635e+03	+7.278e+03	+0.579
61.500	+3.212e+03	+3.317e+03	+6.600e+03	+0.508
61.600	+2.772e+03	+3.948e+03	+6.695e+03	+0.587
61.700	+4.525e+02	+6.039e+03	+7.622e+03	+0.930
61.800	+1.732e+03	+7.539e+03	+7.442e+03	+0.813
61.900	+7.284e+03	+1.992e+03	+8.926e+03	+0.215
62.000	+6.729e+03	+1.534e+03	+1.038e+04	+0.186
62.100	+6.449e+03	+7.272e+02	+8.523e+03	+0.101
62.200	+8.783e+03	+1.746e+03	+6.806e+03	+0.166
62.300	+7.491e+03	+7.181e+02	+8.998e+03	+0.087
62.400	+7.651e+03	-4.281e+02	+8.324e+03	-0.059
62.500	+6.334e+03	+1.765e+03	+1.082e+04	+0.218
62.600	+6.543e+03	+7.761e+02	+6.445e+03	+0.106
62.700	+8.500e+03	+1.253e+02	+7.512e+03	+0.015
62.800	+8.042e+03	+9.660e+02	+8.979e+03	+0.107
62.900	+5.884e+03	+7.977e+02	+9.076e+03	+0.119
63.000	+4.828e+03	+2.712e+03	+8.409e+03	+0.360
63.100	+5.126e+03	+5.337e+03	+8.624e+03	+0.510
63.200	+1.772e+03	+4.339e+03	+8.745e+03	+0.710
63.300	+3.778e+03	+3.740e+03	+9.320e+03	+0.498
63.400	+3.449e+03	+3.230e+03	+8.744e+03	+0.484
63.500	+3.640e+03	+3.884e+03	+8.294e+03	+0.516
63.600	+2.342e+03	+5.013e+03	+8.246e+03	+0.682
63.700	+3.885e+03	+4.427e+03	+8.720e+03	+0.533
63.800	+4.684e+03	+4.580e+03	+7.818e+03	+0.494
63.900	+4.501e+03	+4.258e+03	+9.538e+03	+0.486
64.000	+3.208e+03	+1.121e+03	+7.809e+03	+0.259
64.100	+3.137e+03	+4.962e+03	+8.193e+03	+0.613
64.200	+4.497e+03	+4.073e+03	+9.654e+03	+0.475
64.300	+3.810e+03	+3.248e+03	+7.873e+03	+0.460
64.400	+3.386e+03	+3.791e+03	+1.093e+04	+0.528
64.500	+3.394e+03	+4.237e+03	+7.367e+03	+0.555
64.600	+3.498e+03	+3.248e+03	+7.312e+03	+0.481
64.700	+4.049e+03	+4.416e+03	+8.268e+03	+0.522
64.800	+2.677e+03	+3.957e+03	+6.428e+03	+0.596
64.900	+5.445e+03	+4.650e+03	+6.776e+03	+0.461
65.000	+3.849e+03	+5.014e+03	+7.263e+03	+0.566
65.100	+5.597e+03	+3.516e+03	+9.524e+03	+0.386
65.200	+3.074e+03	+4.531e+03	+8.955e+03	+0.596
65.300	+3.518e+03	+3.058e+03	+8.586e+03	+0.465
65.400	+3.051e+03	+3.561e+03	+8.449e+03	+0.539
65.500	+3.909e+03	+4.401e+03	+7.359e+03	+0.530
65.600	+3.860e+03	+2.634e+03	+6.267e+03	+0.406
65.700	+2.267e+03	+4.159e+03	+6.493e+03	+0.647
65.800	+3.297e+03	+5.718e+03	+7.933e+03	+0.634
65.900	+4.877e+03	+4.298e+03	+8.489e+03	+0.468
66.000	+2.990e+03	+4.942e+03	+1.029e+04	+0.623
66.100	+2.381e+03	+4.033e+03	+6.618e+03	+0.629
66.200	+3.577e+03	+3.608e+03	+8.415e+03	+0.502
66.300	+2.882e+03	+4.414e+03	+9.048e+03	+0.605
66.400	+3.207e+03	+3.630e+03	+8.997e+03	+0.531
66.500	+3.701e+03	+4.543e+03	+7.171e+03	+0.551
66.600	+2.440e+03	+2.746e+03	+7.505e+03	+0.529
66.700	+2.834e+03	+3.076e+03	+7.238e+03	+0.520
66.800	+3.382e+03	+3.296e+03	+1.025e+04	+0.494
66.900	+4.322e+03	+4.027e+03	+8.441e+03	+0.482
67.000	+2.317e+03	+3.664e+03	+7.835e+03	+0.613
67.100	+4.034e+03	+5.757e+03	+9.173e+03	+0.588
67.200	+2.421e+03	+5.271e+03	+7.507e+03	+0.685
67.300	+2.818e+03	+4.013e+03	+7.772e+03	+0.587
67.400	+3.403e+03	+4.375e+03	+8.208e+03	+0.562
67.500	+3.778e+03	+4.958e+03	+5.808e+03	+0.568
67.600	+4.717e+03	+4.071e+03	+6.944e+03	+0.463
67.700	+1.788e+01	+7.459e+03	+1.032e+04	+0.998
67.800	+1.743e+02	+7.875e+03	+9.987e+03	+0.978
67.900	+9.821e+02	+7.074e+03	+7.997e+03	+0.878
68.000	+1.869e+03	+6.308e+03	+8.413e+03	+0.771
68.100	+4.230e+01	+6.210e+03	+7.705e+03	+0.993
68.200	+9.413e+02	+5.950e+03	+8.239e+03	+0.863
68.300	+4.372e+02	+5.581e+03	+7.611e+03	+0.927
68.400	+1.097e+03	+6.785e+03	+7.925e+03	+0.861
68.500	+1.753e+02	+8.667e+03	+8.247e+03	+0.980
68.600	+5.668e+02	+7.043e+03	+7.975e+03	+0.926
68.700	+2.143e+03	+7.074e+03	+7.661e+03	+0.768
68.800	+7.108e+03	-2.208e+02	+8.880e+03	-0.032
68.900	+6.077e+03	+1.412e+03	+8.360e+03	+0.189
69.000	+6.938e+03	+9.466e+02	+8.236e+03	+0.120
69.100	+7.745e+03	+1.674e+03	+8.012e+03	+0.178
69.200	+7.035e+03	+5.444e+02	+7.980e+03	+0.072
69.300	+6.057e+03	-8.190e+02	+8.441e+03	-0.156
69.400	+6.399e+03	+7.692e+02	+7.338e+03	+0.107
69.500	+6.646e+03	+3.668e+02	+8.991e+03	+0.052
69.600	+9.306e+03	+7.839e+02	+6.333e+03	+0.078
69.700	+8.101e+03	+4.982e+02	+8.815e+03	+0.058
69.800	+8.999e+03	+2.419e+02	+6.919e+03	+0.026
69.900	+7.740e+03	-1.083e+03	+8.146e+03	-0.163
70.000	+5.343e+03	-2.178e+02	+7.132e+03	-0.042
70.100	+6.718e+03	+7.907e+02	+8.595e+03	+0.105
70.200	+8.758e+03	-7.057e+02	+6.799e+03	-0.088
70.300	+7.346e+03	+8.698e+02	+6.065e+03	+0.106
70.400	+7.724e+03	+1.957e+03	+7.751e+03	+0.202
70.500	+7.189e+03	+2.420e+02	+6.892e+03	+0.033
70.600	+6.856e+03	+8.536e+02	+8.660e+03	+0.111
70.700	+8.200e+03	+8.385e+02	+8.047e+03	+0.093
70.800	+6.542e+03	+8.584e+02	+7.355e+03	+0.116
70.900	+6.171e+03	+5.031e+02	+8.043e+03	+0.075
71.000	+5.031e+03	+4.473e+03	+7.627e+03	+0.471
71.100	+6.543e+02	+5.952e+03	+6.409e+03	+0.901
71.200	+9.111e+02	+6.254e+03	+8.847e+03	+0.873
71.300	+5.218e+02	+5.534e+03	+7.755e+03	+0.914
71.400	+4.340e+02	+7.368e+03	+1.027e+04	+0.944
71.500	-7.313e+02	+6.014e+03	+6.374e+03	+1.138
71.600	+2.054e+02	+7.092e+03	+7.868e+03	+0.972
71.700	-1.693e+02	+7.447e+03	+6.485e+03	+1.023
71.800	+8.609e+02	+6.176e+03	+7.341e+03	+0.878
71.900	+6.894e+02	+6.731e+03	+8.859e+03	+0.907
72.000	+4.013e+02	+7.629e+03	+6.180e+03	+0.950
72.100	-1.127e+02	+5.070e+03	+7.080e+03	+1.023
72.200	+9.605e+01	+5.992e+03	+9.911e+03	+0.984
72.300	+8.767e+02	+7.236e+03	+9.239e+03	+0.892
72.400	+9.350e+02	+7.570e+03	+9.394e+03	+0.890
72.500	+4.744e+02	+5.583e+03	+7.056e+03	+0.922
72.600	+2.654e+02	+6.224e+03	+7.842e+03	+0.959
72.700	+2.049e+02	+7.321e+03	+8.305e+03	+0.973
72.800	+1.866e+02	+6.529e+03	+8.510e+03	+0.972
72.900	-2.214e+02	+6.914e+03	+7.599e+03	+1.033
73.000	+8.898e+02	+7.502e+03	+8.779e+03	+0.894
73.100	+1.581e+03	+7.925e+03	+8.669e+03	+0.834
73.200	+1.050e+02	+6.439e+03	+7.753e+03	+0.984
73.300	+1.125e+03	+7.247e+03	+5.980e+03	+0.866
73.400	+5.298e+02	+7.873e+03	+7.510e+03	+0.937
73.500	-4.651e+02	+6.941e+03	+8.337e+03	+1.072
73.600	+3.927e+02	+7.023e+03	+7.516e+03	+0.947
73.700	+7.418e+02	+8.104e+03	+8.175e+03	+0.916
73.800	+3.534e+02	+7.244e+03	+8.549e+03	+0.953
73.900	+7.045e+01	+7.168e+03	+7.493e+03	+0.990
74.000	+1.547e+03	+5.825e+03	+8.255e+03	+0.790
74.100	-4.858e+01	+7.172e+03	+7.916e+03	+1.007
74.200	+1.309e+03	+8.270e+03	+9.842e+03	+0.863
74.300	-6.012e+01	+7.345e+03	+7.376e+03	+1.008
74.400	+1.616e+03	+5.010e+03	+1.016e+04	+0.756
74.500	+1.917e+03	+6.841e+03	+8.188e+03	+0.781
74.600	+7.895e+02	+6.954e+03	+8.995e+03	+0.898
74.700	+1.312e+03	+7.072e+03	+7.363e+03	+0.843
74.800	+6.289e+02	+7.296e+03	+8.915e+03	+0.921
74.900	+3.396e+03	+6.110e+03	+7.999e+03	+0.643
75.000	+4.270e+02	+6.329e+03	+9.113e+03	+0.937
75.100	+5.017e+02	+7.758e+03	+8.748e+03	+0.939
75.200	+4.124e+02	+5.985e+03	+9.217e+03	+0.936
75.300	+2.303e+03	+7.577e+03	+9.383e+03	+0.767
75.400	+1.709e+03	+7.454e+03	+8.710e+03	+0.813
75.500	+6.862e+02	+7.510e+03	+8.491e+03	+0.916
75.600	-1.619e+02	+5.616e+03	+9.058e+03	+1.030
75.700	+9.050e+02	+5.699e+03	+8.970e+03	+0.863
75.800	+1.636e+03	+5.552e+03	+7.433e+03	+0.772
75.900	+6.396e+02	+7.898e+03	+1.020e+04	+0.925
76.000	+3.909e+03	+4.636e+03	+7.843e+03	+0.543
76.100	+7.038e+03	+1.715e+03	+8.164e+03	+0.196
76.200	+7.311e+03	+1.229e+03	+7.357e+03	+0.144
76.300	+5.456e+03	+1.279e+03	+7.624e+03	+0.190
76.400	+5.474e+03	+2.851e+03	+9.612e+03	+0.342
76.500	+2.905e+03	+3.623e+03	+8.582e+03	+0.555
76.600	+2.851e+03	+4.394e+03	+6.669e+03	+0.607
76.700	+2.621e+03	+4.162e+03	+7.816e+03	+0.614
76.800	+5.090e+03	+4.343e+03	+1.004e+04	+0.460
76.900	+2.782e+03	+4.731e+03	+8.598e+03	+0.630
77.000	+3.456e+03	+3.664e+03	+8.255e+03	+0.515
77.100	+3.053e+03	+3.481e+03	+7.064e+03	+0.533
77.200	+4.323e+03	+4.485e+03	+6.286e+03	+0.509
77.300	+2.512e+03	+2.895e+03	+7.868e+03	+0.535
77.400	+2.384e+03	+3.120e+03	+7.761e+03	+0.567
77.500	+2.889e+03	+4.293e+03	+9.380e+03	+0.598
77.600	+2.484e+03	+4.978e+03	+7.132e+03	+0.667
77.700	+2.353e+03	+4.681e+03	+7.172e+03	+0.666
77.800	+4.541e+03	+3.123e+03	+8.588e+03	+0.407
77.900	+4.913e+03	+4.996e+03	+8.575e+03	+0.504
78.000	+3.556e+03	+4.066e+03	+7.637e+03	+0.533
78.100	+2.921e+03	+3.007e+03	+7.085e+03	+0.507
78.200	+3.836e+03	+3.070e+03	+7.602e+03	+0.445
78.300	+3.455e+03	+4.993e+03	+8.072e+03	+0.591
78.400	+2.872e+03	+4.597e+03	+8.410e+03	+0.616
78.500	+4.550e+03	+3.847e+03	+9.430e+03	+0.458
78.600	+2.790e+03	+3.259e+03	+6.389e+03	+0.539
78.700	+3.226e+03	+4.702e+03	+5.919e+03	+0.593
78.800	+2.023e+03	+4.664e+03	+6.997e+03	+0.697
78.900	+3.759e+03	+4.657e+03	+9.138e+03	+0.553
79.000	+3.357e+03	+3.411e+03	+8.129e+03	+0.504
79.100	+3.143e+03	+6.247e+03	+7.120e+03	+0.665
79.200	+3.502e+03	+5.013e+03	+8.352e+03	+0.589
79.300	+2.770e+03	+3.576e+03	+1.075e+04	+0.563
79.400	+4.426e+03	+4.547e+03	+6.646e+03	+0.507
79.500	+2.049e+03	+3.885e+03	+8.518e+03	+0.655
79.600	+3.488e+03	+4.719e+03	+7.972e+03	+0.575
79.700	+2.917e+02	+6.225e+03	+8.345e+03	+0.955
79.800	+3.980e+02	+6.560e+03	+9.725e+03	+0.943
79.900	+4.998e+02	+5.055e+03	+8.704e+03	+0.910
80.000	-7.376e+02	+6.448e+03	+7.721e+03	+1.129
80.100	+1.166e+03	+8.373e+03	+9.653e+03	+0.878
80.200	-2.300e+02	+6.699e+03	+1.036e+04	+1.036
80.300	-7.941e+02	+7.542e+03	+7.184e+03	+1.118
80.400	-2.842e+01	+7.516e+03	+6.625e+03	+1.004
80.500	+2.506e+02	+7.847e+03	+8.069e+03	+0.969
80.600	+1.083e+01	+7.001e+03	+9.015e+03	+0.998
80.700	+7.810e+02	+7.176e+03	+8.083e+03	+0.902
80.800	+4.012e+02	+6.855e+03	+8.322e+03	+0.945
80.900	+8.509e+02	+6.697e+03	+7.241e+03	+0.887
81.000	+1.353e+03	+7.765e+03	+7.038e+03	+0.852
81.100	-8.844e+02	+8.113e+03	+7.234e+03	+1.122
81.200	+9.321e+02	+6.796e+03	+7.552e+03	+0.879
81.300	+1.941e+03	+7.578e+03	+7.175e+03	+0.796
81.400	+2.009e+03	+8.357e+03	+8.443e+03	+0.806
81.500	+1.453e+03	+6.198e+03	+8.597e+03	+0.810
81.600	-3.015e+01	+6.264e+03	+7.097e+03	+1.005
81.700	+9.800e+02	+7.081e+03	+8.558e+03	+0.878
81.800	+3.686e+03	+4.977e+03	+7.538e+03	+0.574
81.900	+6.957e+03	+7.445e+02	+8.207e+03	+0.097
82.000	+4.672e+03	+3.306e+03	+7.114e+03	+0.414
82.100	+2.580e+03	+4.195e+03	+6.690e+03	+0.619
82.200	+3.548e+03	+3.361e+03	+6.951e+03	+0.486
82.300	+2.079e+03	+3.822e+03	+7.987e+03	+0.648
82.400	+2.551e+03	+3.296e+03	+6.428e+03	+0.564
82.500	+2.827e+03	+3.642e+03	+9.188e+03	+0.563
82.600	+2.819e+03	+2.306e+03	+6.784e+03	+0.450
82.700	+3.472e+03	+5.482e+03	+7.830e+03	+0.612
82.800	+3.098e+03	+3.850e+03	+6.730e+03	+0.554
82.900	+2.327e+03	+3.354e+03	+7.057e+03	+0.590
83.000	+2.474e+03	+4.971e+03	+7.006e+03	+0.668
83.100	+2.660e+03	+3.063e+03	+7.654e+03	+0.535
83.200	+3.221e+03	+3.837e+03	+7.585e+03	+0.544
83.300	+3.577e+03	+5.118e+03	+7.059e+03	+0.589
83.400	+3.083e+03	+4.171e+03	+9.058e+03	+0.575
83.500	+3.940e+03	+4.159e+03	+7.458e+03	+0.514
83.600	+3.176e+03	+3.969e+03	+1.059e+04	+0.555
83.700	+3.625e+03	+2.577e+03	+7.129e+03	+0.416
83.800	+2.946e+03	+5.753e+03	+8.041e+03	+0.661
83.900	+1.388e+02	+8.173e+03	+8.735e+03	+0.983
84.000	+3.736e+02	+9.746e+03	+7.749e+03	+0.963
84.100	+9.000e+02	+6.783e+03	+9.278e+03	+0.883
84.200	+5.977e+02	+7.054e+03	+8.293e+03	+0.922
84.300	+1.906e+03	+8.892e+03	+7.203e+03	+0.823
84.400	+3.025e+02	+6.998e+03	+6.815e+03	+0.959
84.500	+1.323e+03	+7.875e+03	+8.834e+03	+0.856
84.600	+1.237e+03	+7.775e+03	+9.518e+03	+0.863
84.700	+1.580e+03	+6.386e+03	+6.944e+03	+0.802
84.800	+5.291e+00	+6.289e+03	+8.979e+03	+0.999
84.900	+7.057e+02	+6.631e+03	+8.408e+03	+0.904
85.000	+4.961e+03	+3.500e+03	+9.581e+03	+0.414
85.100	+7.939e+03	+1.414e+03	+7.656e+03	+0.151
85.200	+7.756e+03	+1.374e+03	+9.267e+03	+0.151
85.300	+7.149e+03	+4.344e+02	+8.556e+03	+0.057
85.400	+6.831e+03	-2.641e+02	+7.090e+03	-0.040
85.500	+8.516e+03	+1.664e+03	+9.053e+03	+0.163
85.600	+7.692e+03	-1.500e+02	+7.474e+03	-0.020
85.700	+7.008e+03	+1.951e+03	+8.694e+03	+0.218
85.800	+5.982e+03	+7.689e+02	+6.314e+03	+0.114
85.900	+6.558e+03	-1.347e+02	+7.029e+03	-0.021
86.000	+7.034e+03	+1.253e+03	+9.109e+03	+0.151
86.100	+2.452e+03	+6.039e+03	+7.227e+03	+0.711
86.200	+4.637e+01	+8.506e+03	+7.708e+03	+0.995
86.300	+1.628e+03	+5.820e+03	+6.950e+03	+0.781
86.400	+8.680e+02	+8.074e+03	+8.447e+03	+0.903
86.500	+3.223e+02	+7.977e+03	+8.309e+03	+0.961
86.600	+8.132e+02	+7.018e+03	+7.448e+03	+0.896
86.700	+8.622e+02	+6.655e+03	+8.801e+03	+0.885
86.800	+1.549e+02	+9.300e+03	+8.289e+03	+0.984
86.900	-2.678e+01	+7.635e+03	+9.212e+03	+1.004
87.000	+8.839e+02	+6.315e+03	+7.260e+03	+0.877
87.100	+8.833e+02	+7.936e+03	+7.134e+03	+0.900
87.200	+2.142e+03	+4.697e+03	+8.947e+03	+0.687
87.300	+5.509e+03	+4.591e+03	+7.097e+03	+0.455
87.400	+3.858e+03	+3.820e+03	+7.657e+03	+0.497
87.500	+2.574e+03	+5.461e+03	+7.193e+03	+0.680
87.600	+3.145e+03	+5.787e+03	+7.223e+03	+0.648
87.700	+3.551e+03	+5.148e+03	+7.186e+03	+0.592
87.800	+3.664e+03	+3.513e+03	+7.832e+03	+0.489
87.900	+2.330e+03	+3.666e+03	+9.614e+03	+0.611
88.000	+2.286e+03	+4.637e+03	+7.421e+03	+0.670
88.100	+3.659e+03	+4.893e+03	+5.694e+03	+0.572
88.200	+2.511e+03	+2.879e+03	+6.691e+03	+0.534
88.300	+2.552e+03	+4.440e+03	+7.742e+03	+0.635
88.400	+3.030e+03	+4.185e+03	+7.285e+03	+0.580
88.500	+3.119e+03	+3.607e+03	+9.294e+03	+0.536
88.600	+4.007e+03	+4.072e+03	+6.868e+03	+0.504
88.700	+2.882e+03	+4.370e+03	+8.456e+03	+0.603
88.800	+3.679e+03	+2.858e+03	+1.060e+04	+0.437
88.900	+3.536e+03	+3.980e+03	+6.849e+03	+0.529
89.000	+3.275e+03	+5.239e+03	+8.378e+03	+0.615
89.100	+2.116e+03	+4.194e+03	+7.629e+03	+0.665
89.200	+4.469e+03	+4.471e+03	+8.927e+03	+0.500
89.300	+2.535e+03	+4.098e+03	+6.582e+03	+0.618
89.400	+4.210e+03	+3.430e+03	+6.193e+03	+0.449
89.500	+2.770e+03	+4.625e+03	+7.464e+03	+0.625
89.600	+3.289e+03	+3.021e+03	+7.535e+03	+0.479
89.700	+4.022e+03	+3.987e+03	+7.471e+03	+0.498
89.800	+3.391e+03	+3.965e+03	+6.986e+03	+0.539
89.900	+1.975e+03	+5.937e+03	+8.595e+03	+0.750
90.000	+1.876e+02	+6.468e+03	+8.782e+03	+0.972
90.100	+1.079e+03	+5.922e+03	+8.214e+03	+0.846
90.200	+3.026e+01	+7.590e+03	+7.007e+03	+0.996
90.300	+7.307e+02	+5.782e+03	+5.769e+03	+0.888
90.400	+1.217e+03	+7.090e+03	+6.333e+03	+0.854
90.500	-3.538e+02	+6.329e+03	+7.004e+03	+1.059
90.600	+5.981e+02	+8.008e+03	+7.148e+03	+0.931
90.700	+7.325e+02	+8.020e+03	+6.915e+03	+0.916
90.800	+5.153e+03	+2.002e+03	+9.729e+03	+0.280
90.900	+1.413e+03	+8.504e+03	+6.890e+03	+0.858
91.000	+1.927e+03	+8.185e+03	+7.731e+03	+0.809
91.100	-1.430e+02	+7.312e+03	+7.984e+03	+1.020
91.200	+8.178e+02	+7.572e+03	+9.059e+03	+0.903
91.300	+1.926e+02	+6.294e+03	+8.239e+03	+0.970
91.400	-1.318e+02	+7.731e+03	+8.305e+03	+1.017
91.500	+7.372e+02	+6.750e+03	+8.751e+03	+0.902
91.600	+1.878e+03	+5.520e+03	+8.834e+03	+0.746
91.700	+1.236e+03	+5.392e+03	+7.555e+03	+0.813
91.800	+6.377e+03	+1.414e+03	+8.900e+03	+0.181
91.900	+6.585e+03	+1.197e+03	+7.772e+03	+0.154
92.000	+6.528e+03	+7.554e+02	+7.654e+03	+0.104
92.100	+7.124e+03	+1.243e+03	+7.107e+03	+0.149
92.200	+7.780e+03	+6.849e+02	+9.116e+03	+0.081
92.300	+7.905e+03	+1.921e+03	+7.538e+03	+0.196
92.400	+6.733e+03	+1.685e+03	+7.975e+03	+0.200
92.500	+7.288e+03	+1.096e+03	+8.234e+03	+0.131
92.600	+7.867e+03	+3.582e+02	+8.798e+03	+0.044
92.700	+7.152e+03	+5.687e+02	+8.560e+03	+0.074
92.800	+8.593e+03	+1.113e+03	+6.069e+03	+0.115
92.900	+7.407e+03	+1.421e+03	+8.928e+03	+0.161
93.000	+5.432e+03	+4.565e+03	+7.953e+03	+0.457
93.100	+4.869e+03	+4.110e+03	+6.109e+03	+0.458
93.200	+3.746e+03	+3.324e+03	+8.733e+03	+0.470
93.300	+4.977e+03	+4.063e+03	+8.774e+03	+0.449
93.400	+3.355e+03	+5.337e+03	+8.243e+03	+0.614
93.500	-2.849e+02	+6.769e+03	+6.956e+03	+1.044
93.600	+1.011e+02	+7.203e+03	+7.708e+03	+0.986
93.700	+5.961e+02	+7.184e+03	+1.029e+04	+0.923
93.800	+1.920e+03	+8.904e+03	+8.159e+03	+0.823
93.900	+7.570e+02	+8.551e+03	+7.871e+03	+0.919
94.000	-1.660e+02	+7.488e+03	+8.108e+03	+1.023
94.100	-6.931e+01	+9.155e+03	+7.342e+03	+1.008
94.200	+4.736e+03	+1.236e+03	+8.182e+03	+0.207
94.300	+7.394e+03	+4.653e+02	+7.131e+03	+0.059
94.400	+7.238e+03	+1.998e+03	+4.836e+03	+0.216
94.500	+7.539e+03	-4.642e+02	+7.234e+03	-0.066
94.600	+3.950e+03	+1.034e+03	+8.332e+03	+0.207
94.700	+5.614e+03	+1.512e+03	+6.937e+03	+0.212
94.800	+2.831e+03	+4.488e+03	+7.625e+03	+0.613
94.900	+4.107e+03	+4.198e+03	+7.853e+03	+0.505
95.000	+4.219e+03	+2.873e+03	+5.722e+03	+0.405
95.100	+3.461e+03	+2.973e+03	+6.639e+03	+0.462
95.200	+2.743e+03	+3.584e+03	+6.661e+03	+0.566
95.300	+3.200e+03	+5.491e+03	+9.272e+03	+0.632
95.400	+2.351e+03	+4.198e+03	+8.427e+03	+0.641
95.500	+3.385e+03	+2.655e+03	+8.081e+03	+0.440
95.600	+2.807e+03	+3.579e+03	+8.269e+03	+0.560
95.700	+2.962e+03	+4.766e+03	+8.396e+03	+0.617
95.800	+3.560e+03	+5.255e+03	+5.825e+03	+0.596
95.900	+3.360e+03	+4.588e+03	+8.663e+03	+0.577
96.000	+3.193e+03	+5.456e+03	+8.531e+03	+0.631
96.100	+3.143e+03	+3.803e+03	+9.092e+03	+0.548
96.200	+3.590e+03	+4.302e+03	+6.984e+03	+0.545
96.300	+2.467e+03	+5.230e+03	+7.628e+03	+0.679
96.400	+2.864e+03	+4.637e+03	+7.950e+03	+0.618
96.500	+3.160e+03	+3.009e+03	+7.057e+03	+0.488
96.600	+2.760e+03	+4.257e+03	+8.621e+03	+0.607
96.700	+1.290e+03	+7.138e+03	+9.130e+03	+0.847
96.800	+8.925e+02	+6.394e+03	+9.157e+03	+0.878
96.900	+3.670e+02	+6.248e+03	+7.807e+03	+0.945
97.000	+1.548e+02	+6.197e+03	+7.935e+03	+0.976
97.100	+4.458e+02	+8.268e+03	+9.065e+03	+0.949
97.200	-1.090e+03	+8.457e+03	+7.298e+03	+1.148
97.300	+1.191e+03	+8.121e+03	+7.173e+03	+0.872
97.400	+9.493e+02	+7.454e+03	+7.495e+03	+0.887
97.500	+2.328e+02	+7.046e+03	+9.615e+03	+0.968
97.600	+1.535e+03	+6.464e+03	+7.850e+03	+0.808
97.700	+5.233e+01	+6.435e+03	+7.160e+03	+0.992
97.800	+1.966e+03	+5.816e+03	+9.518e+03	+0.747
97.900	-3.250e+02	+7.336e+03	+6.672e+03	+1.046
98.000	-5.654e+01	+7.893e+03	+6.441e+03	+1.007
98.100	+5.393e+03	+1.686e+03	+8.305e+03	+0.238
98.200	+8.017e+03	-6.590e+01	+7.587e+03	-0.008
98.300	+6.274e+03	-3.850e+01	+7.062e+03	-0.006
98.400	+8.658e+03	+1.315e+02	+9.303e+03	+0.015
98.500	+7.813e+03	+1.139e+03	+5.914e+03	+0.127
98.600	+7.730e+03	+2.616e+02	+8.925e+03	+0.033
98.700	+6.899e+03	+1.122e+03	+8.779e+03	+0.140
98.800	+9.292e+03	-1.522e+02	+8.680e+03	-0.017
98.900	+6.278e+03	+3.494e+02	+7.427e+03	+0.053
99.000	+6.679e+03	+4.762e+02	+7.435e+03	+0.067
99.100	+8.057e+03	+8.259e+02	+7.201e+03	+0.093
99.200	+6.887e+03	+9.037e+02	+8.127e+03	+0.116
99.300	+6.231e+03	+2.064e+03	+9.747e+03	+0.249
99.400	+6.131e+03	+1.418e+03	+6.635e+03	+0.188
99.500	+7.047e+03	+2.029e+03	+8.791e+03	+0.224
99.600	+7.177e+03	+9.256e+02	+8.182e+03	+0.114
99.700	+8.762e+03	+4.119e+02	+7.378e+03	+0.045
99.800	+8.365e+03	+5.480e+02	+8.157e+03	+0.061
99.900	+7.145e+03	+2.354e+03	+8.637e+03	+0.248
100.000	+7.038e+03	+1.377e+03	+8.435e+03	+0.164
100.100	+7.952e+03	+1.630e+02	+9.892e+03	+0.020
100.200	+6.809e+03	+5.676e+02	+8.608e+03	+0.077
100.300	+7.621e+03	+1.263e+03	+7.163e+03	+0.142
100.400	+6.762e+03	-5.298e+02	+6.861e+03	-0.085
100.500	+7.434e+03	+1.786e+02	+8.191e+03	+0.023
100.600	+6.182e+03	+1.445e+03	+7.727e+03	+0.189
100.700	+8.201e+03	+9.302e+02	+1.056e+04	+0.102
100.800	+6.573e+03	-4.164e+02	+5.629e+03	-0.068
100.900	+7.609e+03	+1.050e+03	+8.305e+03	+0.121
101.000	+7.640e+03	+2.327e+02	+8.857e+03	+0.030
101.100	+7.313e+03	+8.765e+02	+8.666e+03	+0.107
101.200	+6.605e+03	-6.812e+02	+8.242e+03	-0.115
101.300	+8.479e+03	+9.054e+02	+8.817e+03	+0.096
101.400	+8.279e+03	+1.546e+03	+5.735e+03	+0.157
101.500	+7.787e+03	+4.362e+02	+9.080e+03	+0.053
101.600	+3.886e+03	+2.746e+03	+8.109e+03	+0.414
101.700	+9.309e+02	+7.876e+03	+9.351e+03	+0.894
101.800	+7.748e+01	+5.902e+03	+9.961e+03	+0.987
101.900	+1.950e+03	+5.430e+03	+8.792e+03	+0.736
102.000	+4.292e+02	+8.712e+03	+8.214e+03	+0.953
102.100	-2.277e+02	+7.187e+03	+8.895e+03	+1.033
102.200	+1.230e+03	+7.249e+03	+7.267e+03	+0.855
102.300	+1.136e+03	+7.278e+03	+8.755e+03	+0.865
102.400	+4.622e+02	+6.559e+03	+7.504e+03	+0.934
102.500	+1.625e+03	+6.266e+03	+7.653e+03	+0.794
102.600	+1.492e+03	+7.730e+03	+6.929e+03	+0.838
102.700	+6.434e+02	+7.648e+03	+7.746e+03	+0.922
102.800	+1.536e+03	+5.838e+03	+7.685e+03	+0.792
102.900	+7.524e+02	+6.741e+03	+7.683e+03	+0.900
103.000	-4.313e+01	+8.069e+03	+6.865e+03	+1.005
103.100	+3.144e+02	+6.636e+03	+3.712e+03	+0.955
103.200	+9.047e+02	+6.836e+03	+9.265e+03	+0.883
103.300	+1.293e+02	+6.764e+03	+9.245e+03	+0.981
103.400	+7.269e+01	+7.372e+03	+7.706e+03	+0.990
103.500	+4.656e+02	+7.362e+03	+8.034e+03	+0.941
103.600	-3.501e+02	+7.464e+03	+9.708e+03	+1.049
103.700	+5.729e+02	+6.388e+03	+8.707e+03	+0.918
103.800	-6.329e+02	+7.446e+03	+9.209e+03	+1.093
103.900	+1.143e+03	+6.508e+03	+8.063e+03	+0.851
104.000	-6.523e+02	+7.518e+03	+9.336e+03	+1.095
104.100	+9.150e+01	+6.449e+03	+7.440e+03	+0.986
104.200	+3.280e+02	+6.261e+03	+7.734e+03	+0.950
104.300	+7.319e+02	+6.705e+03	+8.134e+03	+0.902
104.400	+7.696e+02	+7.584e+03	+8.965e+03	+0.908
104.500	+6.765e+02	+8.528e+03	+7.760e+03	+0.926
104.600	+7.455e+02	+4.711e+03	+8.385e+03	+0.863
104.700	+9.924e+02	+6.604e+03	+8.645e+03	+0.869
104.800	+5.286e+02	+7.171e+03	+7.995e+03	+0.931
104.900	+4.876e+02	+6.648e+03	+8.183e+03	+0.932
105.000	+4.805e+02	+5.849e+03	+8.440e+03	+0.924
105.100	+5.858e+02	+6.502e+03	+8.045e+03	+0.917
105.200	+2.599e+02	+7.576e+03	+1.024e+04	+0.967
105.300	-3.051e+02	+7.996e+03	+7.953e+03	+1.040
105.400	+7.689e+02	+7.555e+03	+8.299e+03	+0.908
105.500	+3.397e+03	+4.430e+03	+9.085e+03	+0.566
105.600	+8.873e+03	+1.858e+03	+8.102e+03	+0.173
105.700	+8.364e+03	+1.150e+03	+7.872e+03	+0.121
105.800	+7.984e+03	-4.022e+02	+8.040e+03	-0.053
105.900	+7.356e+03	+2.239e+02	+7.676e+03	+0.030
106.000	+6.137e+03	+1.838e+03	+8.912e+03	+0.230
106.100	+6.361e+03	+8.916e+02	+6.299e+03	+0.123
106.200	+7.794e+03	-3.047e+02	+9.944e+03	-0.041
106.300	+5.180e+03	+2.342e+02	+6.793e+03	+0.043
106.400	+6.794e+03	+8.358e+02	+1.012e+04	+0.110
106.500	+6.898e+03	+6.169e+02	+7.749e+03	+0.082
106.600	+7.335e+03	+5.389e+02	+9.996e+03	+0.068
106.700	+9.148e+03	+1.399e+03	+5.456e+03	+0.133
106.800	+7.151e+03	+2.526e+03	+7.857e+03	+0.261
106.900	+6.072e+03	+1.284e+03	+8.896e+03	+0.175
107.000	+7.311e+03	+2.127e+03	+6.972e+03	+0.225
107.100	+6.523e+03	-8.186e+01	+7.996e+03	-0.013
107.200	+7.456e+03	+1.256e+03	+5.543e+03	+0.144
107.300	+7.303e+03	+1.626e+03	+8.596e+03	+0.182
107.400	+5.452e+03	+8.545e+02	+8.696e+03	+0.135
107.500	+7.733e+03	+1.387e+03	+1.040e+04	+0.152
107.600	+6.932e+03	+1.921e+03	+7.269e+03	+0.217
107.700	+8.987e+03	+1.508e+03	+8.708e+03	+0.144
107.800	+7.837e+03	+9.287e+02	+7.124e+03	+0.106
107.900	+7.779e+03	+5.433e+02	+8.625e+03	+0.065
108.000	+5.145e+03	+2.110e+03	+8.336e+03	+0.291
108.100	+7.679e+03	+7.209e+02	+8.901e+03	+0.086
108.200	+6.512e+03	+2.058e+03	+8.967e+03	+0.240
108.300	+7.879e+03	+5.456e+02	+8.051e+03	+0.065
108.400	+6.773e+03	+1.080e+03	+9.322e+03	+0.138
108.500	+6.681e+03	+2.308e+03	+6.282e+03	+0.257
108.600	+7.998e+03	+1.657e+03	+9.578e+03	+0.172
108.700	+5.802e+03	+2.051e+03	+7.311e+03	+0.261
108.800	+4.139e+03	+3.610e+03	+8.482e+03	+0.466
108.900	+3.806e+03	+4.645e+03	+9.480e+03	+0.550
109.000	+3.101e+03	+3.458e+03	+8.367e+03	+0.527
109.100	+3.495e+03	+3.526e+03	+7.617e+03	+0.502
109.200	+2.901e+03	+5.359e+03	+8.743e+03	+0.649
109.300	+4.623e+03	+3.365e+03	+8.792e+03	+0.421
109.400	+2.990e+03	+4.176e+03	+8.098e+03	+0.583
109.500	+3.455e+03	+5.557e+03	+6.927e+03	+0.617
109.600	+3.060e+03	+3.974e+03	+8.255e+03	+0.565
109.700	+3.521e+03	+3.927e+03	+7.702e+03	+0.527
109.800	+3.231e+03	+3.386e+03	+6.949e+03	+0.512
109.900	+3.678e+03	+3.466e+03	+9.266e+03	+0.485
110.000	+2.826e+03	+2.624e+03	+5.478e+03	+0.481
110.100	+2.001e+03	+4.084e+03	+8.588e+03	+0.671
110.200	+3.606e+03	+3.898e+03	+8.046e+03	+0.519
110.300	+3.371e+03	+4.113e+03	+6.226e+03	+0.550
110.400	+2.490e+03	+3.013e+03	+6.680e+03	+0.547
110.500	+4.213e+03	+3.897e+03	+7.843e+03	+0.481
110.600	+2.533e+03	+5.318e+03	+9.803e+03	+0.677
110.700	+3.329e+03	+4.286e+03	+1.007e+04	+0.563
110.800	+2.324e+03	+3.849e+03	+7.223e+03	+0.623
110.900	+2.134e+03	+4.901e+03	+8.843e+03	+0.697
111.000	+2.537e+03	+3.342e+03	+6.922e+03	+0.568
111.100	+4.711e+03	+3.430e+03	+6.474e+03	+0.421
111.200	+2.770e+03	+4.502e+03	+8.561e+03	+0.619
111.300	+2.967e+03	+3.278e+03	+8.164e+03	+0.525
111.400	+2.673e+03	+3.891e+03	+8.654e+03	+0.593
111.500	+3.813e+03	+3.724e+03	+8.764e+03	+0.494
111.600	+2.854e+03	+3.914e+03	+7.121e+03	+0.578
111.700	+2.967e+03	+5.485e+03	+8.804e+03	+0.649
111.800	+1.029e+03	+8.792e+03	+6.811e+03	+0.895
111.900	-4.747e+02	+7.850e+03	+8.714e+03	+1.064
112.000	+2.463e+02	+5.807e+03	+7.906e+03	+0.959
112.100	+1.838e+03	+7.195e+03	+8.741e+03	+0.797
112.200	-8.994e+01	+6.888e+03	+7.250e+03	+1.013
112.300	+2.469e+02	+7.651e+03	+7.669e+03	+0.969
112.400	+1.508e+03	+7.017e+03	+7.859e+03	+0.823
112.500	-9.778e+01	+6.924e+03	+7.666e+03	+1.014
112.600	-4.409e+02	+8.651e+03	+6.293e+03	+1.054
112.700	+3.437e+02	+6.580e+03	+6.985e+03	+0.950
112.800	+5.268e+01	+6.232e+03	+6.825e+03	+0.992
112.900	+1.243e+03	+7.623e+03	+8.647e+03	+0.860
113.000	+3.730e+02	+7.405e+03	+7.425e+03	+0.952
113.100	+1.062e+03	+6.479e+03	+9.140e+03	+0.859
113.200	+3.259e+02	+5.793e+03	+8.659e+03	+0.947
113.300	+8.046e+02	+6.290e+03	+7.396e+03	+0.887
113.400	+1.326e+03	+6.761e+03	+8.737e+03	+0.836
113.500	+7.091e+02	+5.617e+03	+8.752e+03	+0.888
113.600	+1.131e+03	+7.627e+03	+9.520e+03	+0.871
113.700	+3.800e+02	+6.982e+03	+6.876e+03	+0.948
113.800	-2.562e+02	+7.048e+03	+7.251e+03	+1.038
113.900	+2.149e+03	+6.208e+03	+8.344e+03	+0.743
114.000	+3.551e+03	+5.640e+03	+8.025e+03	+0.614
114.100	+3.932e+03	+3.804e+03	+8.940e+03	+0.492
114.200	+3.648e+03	+5.086e+03	+8.939e+03	+0.582
114.300	+2.911e+03	+4.947e+03	+7.251e+03	+0.630
114.400	+3.060e+03	+3.138e+03	+8.707e+03	+0.506
114.500	+3.181e+03	+3.106e+03	+8.855e+03	+0.494
114.600	+3.436e+03	+5.203e+03	+7.739e+03	+0.602
114.700	+3.787e+03	+2.973e+03	+7.855e+03	+0.440
114.800	+4.108e+03	+3.722e+03	+6.681e+03	+0.475
114.900	+3.500e+03	+3.731e+03	+9.372e+03	+0.516
115.000	+2.202e+02	+6.950e+03	+8.409e+03	+0.969
115.100	+1.802e+02	+7.512e+03	+7.911e+03	+0.977
115.200	+7.006e+02	+6.260e+03	+9.706e+03	+0.899
115.300	+3.804e+02	+7.393e+03	+7.730e+03	+0.951
115.400	+8.220e+02	+7.334e+03	+8.310e+03	+0.899
115.500	+1.671e+03	+8.492e+03	+8.169e+03	+0.836
115.600	-3.737e+02	+5.861e+03	+7.896e+03	+1.068
115.700	+7.992e+02	+5.041e+03	+8.093e+03	+0.863
115.800	+1.510e+03	+6.142e+03	+7.825e+03	+0.803
115.900	+9.040e+02	+5.600e+03	+7.789e+03	+0.861
116.000	+1.056e+03	+8.425e+03	+7.534e+03	+0.889
116.100	+1.950e+03	+8.672e+03	+5.767e+03	+0.816
116.200	+4.173e+02	+6.041e+03	+8.308e+03	+0.935
116.300	+1.347e+03	+7.011e+03	+8.128e+03	+0.839
116.400	+7.385e+02	+6.732e+03	+8.457e+03	+0.901
116.500	+1.423e+03	+8.050e+03	+6.188e+03	+0.850
116.600	+2.165e+03	+6.791e+03	+6.107e+03	+0.758
116.700	+1.333e+03	+5.234e+03	+9.521e+03	+0.797
116.800	+2.935e+03	+5.804e+03	+8.568e+03	+0.664
116.900	+8.100e+03	+7.471e+02	+7.813e+03	+0.084
117.000	+8.201e+03	+1.650e+03	+1.027e+04	+0.168
117.100	+5.949e+03	+4.124e+02	+7.022e+03	+0.065
117.200	+6.886e+03	+7.247e+02	+8.347e+03	+0.095
117.300	+6.960e+03	+7.610e+02	+9.183e+03	+0.099
117.400	+7.346e+03	+1.352e+03	+8.916e+03	+0.155
117.500	+6.916e+03	+5.601e+02	+6.808e+03	+0.075
117.600	+6.762e+03	+2.860e+03	+7.820e+03	+0.297
117.700	+4.683e+03	+4.062e+03	+6.634e+03	+0.465
117.800	+4.609e+03	+4.427e+03	+9.594e+03	+0.490
117.900	+2.628e+03	+2.822e+03	+7.522e+03	+0.518
118.000	+3.207e+03	+4.401e+03	+7.553e+03	+0.579
118.100	+3.479e+03	+3.212e+03	+6.891e+03	+0.480
118.200	+2.909e+03	+3.449e+03	+6.533e+03	+0.542
118.300	+3.348e+03	+4.004e+03	+7.647e+03	+0.545
118.400	+3.826e+03	+4.276e+03	+9.064e+03	+0.528
118.500	+1.771e+03	+3.528e+03	+9.660e+03	+0.666
118.600	+2.710e+03	+3.706e+03	+7.743e+03	+0.578
118.700	+3.523e+03	+3.911e+03	+7.409e+03	+0.526
118.800	+4.426e+03	+4.039e+03	+8.408e+03	+0.477
118.900	+8.576e+02	+6.762e+03	+1.018e+04	+0.887
119.000	+1.330e+03	+6.868e+03	+7.026e+03	+0.838
119.100	-2.301e+01	+6.919e+03	+7.476e+03	+1.003
119.200	+1.735e+03	+5.449e+03	+9.622e+03	+0.758
119.300	+8.223e+02	+6.400e+03	+7.967e+03	+0.886
119.400	+1.722e+02	+8.196e+03	+9.181e+03	+0.979
119.500	-5.498e+02	+6.990e+03	+6.104e+03	+1.085
119.600	+4.970e+02	+6.602e+03	+8.787e+03	+0.930
119.700	+1.320e+02	+8.376e+03	+7.971e+03	+0.984
119.800	+1.367e+03	+5.820e+03	+9.110e+03	+0.810
119.900	+2.726e+03	+4.867e+03	+7.524e+03	+0.641
120.000	+7.729e+03	+1.534e+03	+9.706e+03	+0.166
120.100	+7.342e+03	+8.309e+02	+6.537e+03	+0.102
120.200	+6.469e+03	+8.886e+02	+7.665e+03	+0.121
120.300	+5.122e+03	+5.727e+02	+7.248e+03	+0.101
120.400	+6.707e+03	+1.726e+03	+9.327e+03	+0.205
120.500	+6.736e+03	+1.777e+03	+8.876e+03	+0.209
120.600	+5.428e+03	-2.277e+01	+7.293e+03	-0.004
120.700	+8.033e+03	+1.620e+03	+7.089e+03	+0.168
120.800	+5.805e+03	+4.975e+02	+8.355e+03	+0.079
120.900	+5.786e+03	+8.583e+02	+8.067e+03	+0.129
121.000	+9.848e+03	+1.112e+02	+8.867e+03	+0.011
121.100	+8.710e+03	+3.666e+02	+9.019e+03	+0.040
121.200	+8.917e+03	+1.723e+03	+6.448e+03	+0.162
121.300	+7.898e+03	+8.947e+02	+9.362e+03	+0.102
121.400	+6.658e+03	+7.399e+02	+8.158e+03	+0.100
121.500	+7.563e+03	+1.213e+03	+7.955e+03	+0.138
121.600	+4.921e+03	+1.637e+03	+7.536e+03	+0.250
121.700	+3.319e+03	+5.195e+03	+8.604e+03	+0.610
121.800	+3.400e+03	+3.554e+03	+6.572e+03	+0.511
121.900	+3.759e+03	+3.357e+03	+6.980e+03	+0.472
122.000	+1.993e+03	+5.992e+03	+8.726e+03	+0.750
122.100	+3.679e+03	+3.623e+03	+7.846e+03	+0.496
122.200	+2.339e+03	+4.189e+03	+5.661e+03	+0.642
122.300	+2.285e+03	+6.807e+03	+7.921e+03	+0.749
122.400	+7.362e+02	+6.491e+03	+7.650e+03	+0.898
122.500	+4.328e+02	+6.719e+03	+8.186e+03	+0.939
122.600	+3.432e+02	+7.046e+03	+8.339e+03	+0.954
122.700	+1.179e+03	+7.714e+03	+8.317e+03	+0.867
122.800	+1.048e+03	+5.829e+03	+7.052e+03	+0.848
122.900	+1.730e+03	+7.104e+03	+7.552e+03	+0.804
123.000	+8.820e+02	+7.720e+03	+9.431e+03	+0.897
123.100	+5.142e+02	+7.490e+03	+7.551e+03	+0.936
123.200	+7.213e+02	+7.953e+03	+8.413e+03	+0.917
123.300	+1.875e+03	+6.020e+03	+7.642e+03	+0.763
123.400	+3.122e+02	+8.373e+03	+7.310e+03	+0.964
123.500	+7.606e+02	+7.696e+03	+7.568e+03	+0.910
123.600	+2.095e+03	+8.221e+03	+7.432e+03	+0.797
123.700	+2.369e+02	+7.851e+03	+9.590e+03	+0.971
123.800	+7.174e+03	+1.919e+03	+7.956e+03	+0.211
123.900	+6.796e+03	+1.579e+03	+8.366e+03	+0.189
124.000	+7.116e+03	+1.437e+03	+9.905e+03	+0.168
124.100	+5.934e+03	+2.344e+03	+7.934e+03	+0.283
124.200	+6.022e+03	+1.494e+03	+8.510e+03	+0.199
124.300	+7.390e+03	+1.290e+03	+5.611e+03	+0.149
124.400	+6.690e+03	+9.150e+02	+9.772e+03	+0.120
124.500	+7.330e+03	+1.699e+03	+7.005e+03	+0.188
124.600	+7.233e+03	+6.068e+02	+7.989e+03	+0.077
124.700	+5.662e+03	+4.145e+02	+7.913e+03	+0.068
124.800	+7.199e+03	+1.982e+03	+8.038e+03	+0.216
124.900	+7.183e+03	+1.225e+03	+7.397e+03	+0.146
125.000	+7.702e+03	+2.154e-01	+6.307e+03	+0.000
125.100	+6.039e+03	+6.282e+02	+7.718e+03	+0.094
125.200	+6.564e+03	+1.556e+03	+8.722e+03	+0.192
125.300	+7.572e+03	+3.853e+02	+1.137e+04	+0.048
125.400	+7.319e+03	+7.163e+02	+9.211e+03	+0.089
125.500	+6.994e+03	+1.095e+03	+9.735e+03	+0.135
125.600	+5.631e+03	+3.513e+02	+8.169e+03	+0.059
125.700	+8.395e+03	+7.205e+02	+8.925e+03	+0.079
125.800	+6.422e+03	+2.395e+03	+6.694e+03	+0.272
125.900	+7.818e+03	-2.260e+02	+8.219e+03	-0.030
126.000	+8.844e+03	+1.378e+03	+8.628e+03	+0.135
126.100	+6.481e+03	+8.599e+02	+6.283e+03	+0.117
126.200	+7.403e+03	+6.747e+02	+8.096e+03	+0.084
126.300	+8.699e+03	+8.231e+02	+7.806e+03	+0.086
126.400	+7.945e+03	+5.165e+02	+9.461e+03	+0.061
126.500	+3.533e+03	+3.869e+03	+7.161e+03	+0.523
126.600	+2.671e+03	+3.583e+03	+8.615e+03	+0.573
126.700	+2.948e+03	+3.545e+03	+8.706e+03	+0.546
126.800	+4.318e+03	+3.143e+03	+7.352e+03	+0.421
126.900	+3.752e+03	+3.358e+03	+6.865e+03	+0.472
127.000	+4.668e+03	+3.500e+03	+6.656e+03	+0.428
127.100	+2.946e+03	+2.278e+03	+9.626e+03	+0.436
127.200	+3.056e+03	+4.544e+03	+8.557e+03	+0.598
127.300	+3.293e+03	+4.745e+03	+7.134e+03	+0.590
127.400	+4.690e+03	+4.091e+03	+7.928e+03	+0.466
127.500	+2.225e+03	+3.510e+03	+7.040e+03	+0.612
127.600	+3.638e+03	+4.638e+03	+7.383e+03	+0.560
127.700	+2.844e+03	+3.207e+03	+7.130e+03	+0.530
127.800	+3.259e+03	+4.352e+03	+8.134e+03	+0.572
127.900	+5.381e+03	+4.476e+03	+5.787e+03	+0.454
128.000	+2.913e+03	+4.958e+03	+7.814e+03	+0.630
128.100	+3.458e+03	+4.238e+03	+7.106e+03	+0.551
128.200	+2.894e+03	+4.219e+03	+7.536e+03	+0.593
128.300	+3.968e+03	+4.119e+03	+8.272e+03	+0.509
128.400	+3.841e+03	+5.007e+03	+8.339e+03	+0.566
128.500	+2.293e+03	+4.298e+03	+6.402e+03	+0.652
128.600	+3.794e+03	+3.292e+03	+8.003e+03	+0.465
128.700	+3.344e+03	+5.039e+03	+7.665e+03	+0.601
128.800	+4.713e+03	+3.519e+03	+7.754e+03	+0.428
128.900	+3.848e+03	+5.206e+03	+9.495e+03	+0.575
129.000	+2.423e+03	+3.357e+03	+7.178e+03	+0.581
129.100	+3.008e+03	+3.815e+03	+7.877e+03	+0.559
129.200	+4.235e+03	+1.663e+03	+8.828e+03	+0.282
129.300	+6.669e+03	+1.022e+02	+6.105e+03	+0.015
129.400	+9.620e+03	+7.031e+02	+9.343e+03	+0.068
129.500	+6.133e+03	+1.184e+03	+8.559e+03	+0.162
129.600	+8.280e+03	+1.432e+03	+6.125e+03	+0.147
129.700	+7.821e+03	-4.085e+02	+6.340e+03	-0.055
129.800	+6.717e+03	+4.861e+02	+8.571e+03	+0.067
129.900	+6.760e+03	+8.809e+01	+9.872e+03	+0.013
130.000	+7.182e+03	+1.543e+03	+4.977e+03	+0.177
130.100	+7.089e+03	+5.403e+02	+9.070e+03	+0.071
130.200	+6.847e+03	-1.764e+02	+6.786e+03	-0.026
130.300	+9.272e+03	+1.556e+03	+5.826e+03	+0.144
130.400	+4.861e+03	+1.041e+03	+1.014e+04	+0.176
130.500	+8.137e+03	+1.549e+02	+6.496e+03	+0.019
130.600	+6.700e+03	+1.459e+03	+8.335e+03	+0.179
130.700	+7.529e+03	+1.755e+03	+7.166e+03	+0.189
130.800	+6.532e+03	+1.593e+03	+6.920e+03	+0.196
130.900	+6.836e+03	+1.850e+03	+8.439e+03	+0.213
131.000	+8.096e+03	+4.020e+02	+7.366e+03	+0.047
131.100	+7.584e+03	+1.338e+03	+9.631e+03	+0.150
131.200	+8.786e+03	+1.554e+03	+7.045e+03	+0.150
131.300	+7.018e+03	+1.490e+03	+7.373e+03	+0.175
131.400	+6.806e+03	+4.444e+02	+7.260e+03	+0.061
131.500	+7.197e+03	+1.374e+03	+6.857e+03	+0.160
131.600	+8.114e+03	+1.492e+03	+6.186e+03	+0.155
131.700	+6.156e+02	+6.451e+03	+6.508e+03	+0.913
131.800	-7.338e+00	+7.399e+03	+9.070e+03	+1.001
131.900	+1.326e+03	+6.380e+03	+6.930e+03	+0.828
132.000	+6.851e+02	+8.256e+03	+7.208e+03	+0.923
132.100	+9.798e+02	+5.324e+03	+8.123e+03	+0.845
132.200	+3.774e+02	+6.050e+03	+8.274e+03	+0.941
132.300	+7.552e+02	+5.736e+03	+9.272e+03	+0.884
132.400	+6.760e+02	+7.157e+03	+6.472e+03	+0.914
132.500	-1.565e+02	+7.554e+03	+7.822e+03	+1.021
132.600	+9.346e+02	+6.870e+03	+8.033e+03	+0.880
132.700	+1.075e+03	+6.854e+03	+6.788e+03	+0.864
132.800	+3.859e+02	+7.434e+03	+6.744e+03	+0.951
132.900	+1.319e+03	+7.756e+03	+8.827e+03	+0.855
133.000	+5.651e+02	+6.763e+03	+6.954e+03	+0.923
133.100	+1.192e+03	+7.745e+03	+8.469e+03	+0.867
133.200	-3.390e+02	+5.834e+03	+5.987e+03	+1.062
133.300	-9.460e+01	+7.864e+03	+7.540e+03	+1.012
133.400	+5.375e+02	+6.258e+03	+9.476e+03	+0.921
133.500	+6.563e+02	+6.106e+03	+8.216e+03	+0.903
133.600	+1.321e+02	+7.500e+03	+8.097e+03	+0.983
133.700	+3.274e+02	+7.498e+03	+7.274e+03	+0.958
133.800	+8.206e+02	+7.654e+03	+7.982e+03	+0.903
133.900	+9.489e+02	+7.599e+03	+7.108e+03	+0.889
134.000	+3.232e+02	+6.211e+03	+9.576e+03	+0.951
134.100	+5.613e+02	+7.035e+03	+6.784e+03	+0.926
134.200	+1.291e+03	+7.690e+03	+7.520e+03	+0.856
134.300	+2.620e+02	+6.808e+03	+6.995e+03	+0.963
134.400	+6.723e+02	+6.138e+03	+9.642e+03	+0.901
134.500	+6.554e+02	+5.096e+03	+8.311e+03	+0.886
134.600	+1.048e+03	+6.431e+03	+7.560e+03	+0.860
134.700	+9.700e+02	+6.722e+03	+5.803e+03	+0.874
134.800	+7.813e+02	+6.624e+03	+6.679e+03	+0.894
134.900	-9.704e+02	+7.822e+03	+7.882e+03	+1.142
135.000	+6.602e+01	+7.266e+03	+8.105e+03	+0.991
135.100	-5.112e+02	+6.698e+03	+8.367e+03	+1.083
135.200	+6.711e+03	+3.573e+03	+8.203e+03	+0.347
135.300	+5.592e+03	+2.193e+03	+8.141e+03	+0.282
135.400	+6.450e+03	+1.247e+03	+8.618e+03	+0.162
135.500	+6.929e+03	+1.034e+03	+7.604e+03	+0.130
135.600	+8.011e+03	-1.664e+02	+8.431e+03	-0.021
135.700	+6.498e+03	+6.155e+02	+8.681e+03	+0.087
135.800	+7.964e+03	+2.032e+03	+7.519e+03	+0.203
135.900	+5.928e+03	+1.553e+03	+8.979e+03	+0.208
136.000	+6.325e+03	+4.940e+02	+5.464e+03	+0.072
136.100	+6.841e+03	+1.387e+03	+8.529e+03	+0.169
136.200	+7.062e+03	+1.270e+03	+8.837e+03	+0.152
136.300	+7.427e+03	+1.026e+03	+7.108e+03	+0.121
136.400	+8.115e+03	+2.490e+02	+1.015e+04	+0.030
136.500	+7.303e+03	+1.989e+03	+7.249e+03	+0.214
136.600	+7.630e+03	+1.220e+03	+7.919e+03	+0.138
136.700	+7.715e+03	+2.203e+02	+9.782e+03	+0.028
136.800	+5.882e+03	+9.034e+02	+8.117e+03	+0.133
136.900	+2.513e+03	+4.355e+03	+1.030e+04	+0.634
137.000	+2.500e+03	+4.761e+03	+6.336e+03	+0.656
137.100	+1.522e+03	+3.476e+03	+9.532e+03	+0.696
137.200	+3.638e+03	+4.190e+03	+1.017e+04	+0.535
137.300	+4.423e+03	+2.484e+03	+7.971e+03	+0.360
137.400	+3.936e+03	+4.582e+03	+8.996e+03	+0.538
137.500	+2.463e+03	+3.467e+03	+7.758e+03	+0.585
137.600	+2.580e+03	+3.370e+03	+6.451e+03	+0.566
137.700	+3.053e+03	+5.399e+03	+8.049e+03	+0.639
137.800	+2.898e+03	+4.022e+03	+8.798e+03	+0.581
137.900	+3.991e+03	+3.066e+03	+9.495e+03	+0.434
138.000	+2.353e+03	+3.903e+03	+7.964e+03	+0.624
138.100	+2.649e+03	+3.903e+03	+9.445e+03	+0.596
138.200	+3.141e+03	+2.887e+03	+8.570e+03	+0.479
138.300	+3.458e+03	+4.227e+03	+5.613e+03	+0.550
138.400	+2.875e+03	+4.072e+03	+7.465e+03	+0.586
138.500	+3.090e+03	+3.843e+03	+7.095e+03	+0.554
138.600	+2.646e+03	+3.544e+03	+6.786e+03	+0.573
138.700	+3.481e+03	+2.893e+03	+7.933e+03	+0.454
138.800	+1.181e+03	+5.057e+03	+8.155e+03	+0.811
138.900	+4.877e+03	+3.950e+03	+8.779e+03	+0.448
139.000	+2.239e+03	+3.566e+03	+8.717e+03	+0.614
139.100	+3.740e+03	+2.760e+03	+7.176e+03	+0.425
139.200	+1.217e+03	+3.926e+03	+7.638e+03	+0.763
139.300	+2.062e+03	+4.764e+03	+9.170e+03	+0.698
139.400	+2.839e+03	+3.499e+03	+8.084e+03	+0.552
139.500	+1.208e+03	+7.941e+03	+7.974e+03	+0.868
139.600	+1.758e+03	+7.519e+03	+7.790e+03	+0.810
139.700	+2.138e+02	+6.352e+03	+8.195e+03	+0.967
139.800	+9.372e+02	+7.161e+03	+8.011e+03	+0.884
139.900	+8.002e+02	+7.501e+03	+7.528e+03	+0.904
140.000	+7.605e+02	+4.759e+03	+1.012e+04	+0.862
140.100	-5.378e+01	+7.731e+03	+7.088e+03	+1.007
140.200	-1.731e+02	+6.025e+03	+6.566e+03	+1.030
140.300	-1.635e+02	+7.853e+03	+6.182e+03	+1.021
140.400	+1.532e+03	+6.870e+03	+6.733e+03	+0.818
140.500	+9.879e+02	+7.467e+03	+7.979e+03	+0.883
140.600	+1.347e+03	+8.773e+03	+7.581e+03	+0.867
140.700	+4.352e+02	+7.469e+03	+9.166e+03	+0.945
140.800	+2.766e+02	+8.086e+03	+8.800e+03	+0.967
140.900	+4.062e+02	+7.278e+03	+6.582e+03	+0.947
141.000	+2.155e+03	+8.076e+03	+7.899e+03	+0.789
141.100	+6.901e+02	+7.683e+03	+7.608e+03	+0.918
141.200	+4.064e+02	+6.122e+03	+7.465e+03	+0.938
141.300	+9.061e+02	+8.704e+03	+9.069e+03	+0.906
141.400	+8.498e+02	+6.850e+03	+9.356e+03	+0.890
141.500	+6.219e+02	+7.266e+03	+7.906e+03	+0.921
141.600	+6.415e+02	+6.938e+03	+8.925e+03	+0.915
141.700	+7.645e+02	+6.723e+03	+8.066e+03	+0.898
141.800	+7.401e+02	+6.462e+03	+8.401e+03	+0.897
141.900	+4.206e+02	+7.395e+03	+8.908e+03	+0.946
142.000	+2.661e+02	+6.830e+03	+7.473e+03	+0.963
142.100	-2.741e+02	+7.388e+03	+7.776e+03	+1.039
142.200	+2.977e+02	+7.900e+03	+9.349e+03	+0.964
142.300	+1.347e+03	+7.695e+03	+5.358e+03	+0.851
142.400	-5.746e+02	+8.076e+03	+8.434e+03	+1.077
142.500	+1.360e+03	+6.384e+03	+6.819e+03	+0.824
142.600	+7.898e+02	+8.709e+03	+7.987e+03	+0.917
142.700	+7.493e+01	+6.618e+03	+8.827e+03	+0.989
142.800	+7.971e+02	+7.751e+03	+6.227e+03	+0.907
142.900	+2.517e+03	+4.358e+03	+8.541e+03	+0.634
143.000	+7.675e+03	+1.919e+03	+8.290e+03	+0.200
143.100	+4.577e+03	+4.374e+03	+8.360e+03	+0.489
143.200	+1.046e+02	+7.494e+03	+7.172e+03	+0.986
143.300	+9.526e+02	+7.231e+03	+5.637e+03	+0.884
143.400	-3.479e+01	+6.390e+03	+7.792e+03	+1.005
143.500	+1.189e+03	+6.893e+03	+8.201e+03	+0.853
143.600	-1.224e+02	+5.959e+03	+7.798e+03	+1.021
143.700	+1.169e+02	+7.673e+03	+6.595e+03	+0.985
143.800	+5.131e+02	+7.117e+03	+7.507e+03	+0.933
143.900	+1.507e+03	+7.803e+03	+8.825e+03	+0.838
144.000	+1.813e+03	+6.282e+03	+5.856e+03	+0.776
144.100	+5.489e+02	+7.509e+03	+8.122e+03	+0.932
144.200	+1.081e+03	+7.318e+03	+6.972e+03	+0.871
144.300	+1.352e+03	+6.372e+03	+8.249e+03	+0.825
144.400	+1.132e+03	+8.079e+03	+6.671e+03	+0.877
144.500	+1.146e+03	+5.934e+03	+7.738e+03	+0.838
144.600	+1.953e+03	+5.885e+03	+8.367e+03	+0.751
144.700	+2.703e+02	+5.725e+03	+6.793e+03	+0.955
144.800	+3.044e+02	+7.033e+03	+9.131e+03	+0.959
144.900	+1.058e+03	+7.468e+03	+7.981e+03	+0.876
145.000	+2.996e+02	+5.623e+03	+7.635e+03	+0.949
145.100	-9.675e+01	+8.491e+03	+8.308e+03	+1.012
145.200	+8.349e+02	+6.329e+03	+6.661e+03	+0.883
145.300	+1.707e+03	+4.458e+03	+6.887e+03	+0.723
145.400	-7.259e+02	+7.324e+03	+7.827e+03	+1.110
145.500	+1.341e+03	+7.124e+03	+5.954e+03	+0.842
145.600	+2.492e+01	+7.334e+03	+7.116e+03	+0.997
145.700	-2.020e+02	+6.856e+03	+8.908e+03	+1.030
145.800	+1.060e+03	+6.643e+03	+7.367e+03	+0.862
145.900	+8.481e+02	+7.257e+03	+7.035e+03	+0.895
146.000	-3.118e+02	+6.539e+03	+9.155e+03	+1.050
146.100	+5.718e+02	+5.767e+03	+7.455e+03	+0.910
146.200	-4.070e+02	+6.762e+03	+6.688e+03	+1.064
146.300	+2.059e+03	+7.422e+03	+8.454e+03	+0.783
146.400	+2.337e+03	+7.496e+03	+8.237e+03	+0.762
146.500	+7.661e+02	+6.850e+03	+7.447e+03	+0.899
146.600	-1.959e+02	+7.443e+03	+9.855e+03	+1.027
146.700	+1.234e+03	+7.592e+03	+1.047e+04	+0.860
146.800	+1.806e+02	+5.607e+03	+9.450e+03	+0.969
146.900	+6.192e+02	+7.022e+03	+9.040e+03	+0.919
147.000	+6.212e+03	+1.110e+03	+9.344e+03	+0.152
147.100	+4.089e+03	+2.466e+03	+6.673e+03	+0.376
147.200	+3.324e+03	+2.497e+03	+7.494e+03	+0.429
147.300	+2.670e+03	+4.614e+03	+8.570e+03	+0.633
147.400	+3.999e+03	+5.057e+03	+7.968e+03	+0.558
147.500	+3.198e+03	+3.165e+03	+9.457e+03	+0.497
147.600	+3.361e+03	+4.314e+03	+7.565e+03	+0.562
147.700	+3.035e+03	+3.462e+03	+8.131e+03	+0.533
147.800	+4.510e+03	+4.618e+03	+7.262e+03	+0.506
147.900	+2.593e+03	+3.945e+03	+9.537e+03	+0.603
148.000	+2.072e+03	+4.773e+03	+7.236e+03	+0.697
148.100	-9.449e+01	+8.289e+03	+7.911e+03	+1.012
148.200	+8.071e+02	+5.832e+03	+8.696e+03	+0.878
148.300	+1.068e+03	+7.107e+03	+8.454e+03	+0.869
148.400	+6.656e+02	+5.541e+03	+7.017e+03	+0.893
148.500	+1.012e+03	+7.635e+03	+7.506e+03	+0.883
148.600	-1.587e+02	+7.640e+03	+9.056e+03	+1.021
148.700	-9.524e+02	+7.676e+03	+8.736e+03	+1.142
148.800	+2.055e+03	+8.491e+03	+6.869e+03	+0.805
148.900	+5.273e+02	+7.190e+03	+7.369e+03	+0.932
149.000	+5.856e+02	+6.897e+03	+8.848e+03	+0.922
149.100	+6.286e+03	+1.614e+03	+6.816e+03	+0.204
149.200	+8.326e+03	+8.655e+02	+6.902e+03	+0.094
149.300	+8.833e+03	-5.325e+02	+7.383e+03	-0.064
149.400	+8.420e+03	+1.416e+03	+7.832e+03	+0.144
149.500	+9.597e+03	-1.298e+03	+9.132e+03	-0.156
149.600	+7.815e+03	+3.332e+02	+1.074e+04	+0.041
149.700	+8.735e+03	+3.235e+02	+6.280e+03	+0.036
149.800	+7.387e+03	-5.941e+02	+6.988e+03	-0.087
149.900	+7.290e+03	+9.416e+02	+6.743e+03	+0.114
150.000	+6.503e+03	+8.409e+02	+9.146e+03	+0.115
150.100	+7.044e+03	+4.303e+02	+8.043e+03	+0.058
150.200	+6.352e+03	+9.061e+02	+7.357e+03	+0.125
150.300	+8.093e+03	+7.163e+02	+7.903e+03	+0.081
150.400	+6.227e+03	+4.104e+02	+6.205e+03	+0.062
150.500	+8.578e+03	+9.842e+02	+7.775e+03	+0.103
150.600	+5.781e+03	+1.201e+03	+7.887e+03	+0.172
150.700	+7.602e+03	+2.829e+02	+9.530e+03	+0.036
150.800	+6.270e+03	+7.155e+02	+7.839e+03	+0.102
150.900	+8.101e+03	+1.192e+03	+6.876e+03	+0.128
151.000	+7.368e+03	+3.454e+02	+6.132e+03	+0.045
151.100	+7.311e+03	+1.531e+03	+8.344e+03	+0.173
151.200	+7.415e+03	+1.155e+03	+6.901e+03	+0.135
151.300	+8.112e+03	+1.389e+03	+6.124e+03	+0.146
151.400	+7.779e+03	+8.929e+02	+7.596e+03	+0.103
151.500	+5.959e+03	+2.575e+02	+7.575e+03	+0.041
151.600	+9.220e+03	+1.055e+03	+7.919e+03	+0.103
151.700	+7.854e+03	+4.233e+01	+1.018e+04	+0.005
151.800	+7.103e+03	+5.561e+02	+8.062e+03	+0.073
151.900	+6.221e+03	-3.154e+02	+7.673e+03	-0.053
152.000	+6.132e+03	+7.137e+02	+8.323e+03	+0.104
152.100	+7.677e+03	+9.561e+02	+9.036e+03	+0.111
152.200	+6.459e+03	+1.028e+02	+7.085e+03	+0.016
152.300	+6.322e+03	+1.212e+03	+5.338e+03	+0.161
152.400	+8.539e+03	+1.164e+03	+8.790e+03	+0.120
152.500	+7.391e+03	+1.259e+03	+9.498e+03	+0.146
152.600	+6.271e+03	+3.495e+02	+8.473e+03	+0.053
152.700	+5.965e+03	+7.622e+02	+8.427e+03	+0.113
152.800	+6.790e+03	+1.568e+03	+7.056e+03	+0.188
152.900	+8.451e+03	+2.866e+02	+7.360e+03	+0.033
153.000	+8.622e+03	+1.138e+03	+8.482e+03	+0.117
153.100	+7.727e+03	+1.343e+03	+8.943e+03	+0.148
153.200	+4.867e+03	+3.925e+03	+7.721e+03	+0.446
153.300	+6.498e+02	+6.923e+03	+7.722e+03	+0.914
153.400	+7.807e+02	+6.303e+03	+6.463e+03	+0.890
153.500	+1.745e+03	+8.225e+03	+9.552e+03	+0.825
153.600	+4.732e+02	+7.128e+03	+6.559e+03	+0.938
153.700	+1.835e+03	+7.428e+03	+6.751e+03	+0.802
153.800	+4.226e+02	+7.493e+03	+7.830e+03	+0.947
153.900	+4.118e+02	+7.626e+03	+8.365e+03	+0.949
154.000	-1.520e+03	+7.095e+03	+8.672e+03	+1.273
154.100	+1.004e+03	+6.493e+03	+9.894e+03	+0.866
154.200	+6.519e+02	+7.479e+03	+8.431e+03	+0.920
154.300	+5.002e+01	+5.487e+03	+9.176e+03	+0.991
154.400	+9.617e+02	+8.008e+03	+8.395e+03	+0.893
154.500	+1.072e+03	+6.614e+03	+7.514e+03	+0.861
154.600	+8.457e+02	+7.248e+03	+7.819e+03	+0.896
154.700	+9.318e+02	+6.326e+03	+8.591e+03	+0.872
154.800	-2.891e+02	+7.972e+03	+7.289e+03	+1.038
154.900	-4.539e+02	+7.702e+03	+1.024e+04	+1.063
155.000	+3.284e+02	+6.948e+03	+7.374e+03	+0.955
155.100	+1.435e+03	+6.976e+03	+6.634e+03	+0.829
155.200	-3.262e+01	+5.335e+03	+7.072e+03	+1.006
155.300	-1.765e+02	+6.759e+03	+7.947e+03	+1.027
155.400	+5.486e+02	+7.416e+03	+9.230e+03	+0.931
155.500	-6.004e+02	+6.099e+03	+6.591e+03	+1.109
155.600	+3.318e+02	+5.681e+03	+4.818e+03	+0.945
155.700	+4.590e+02	+8.282e+03	+7.022e+03	+0.947
155.800	+7.452e+02	+7.749e+03	+6.431e+03	+0.912
155.900	+3.554e+02	+6.106e+03	+6.978e+03	+0.945
156.000	+2.257e+03	+8.232e+03	+8.521e+03	+0.785
156.100	+1.172e+03	+7.888e+03	+8.337e+03	+0.871
156.200	+1.475e+03	+5.470e+03	+7.746e+03	+0.788
156.300	+1.016e+03	+7.136e+03	+1.112e+04	+0.875
156.400	+8.267e+02	+8.091e+03	+8.406e+03	+0.907
156.500	+2.121e+03	+7.164e+03	+9.676e+03	+0.772
156.600	+1.943e+03	+7.600e+03	+8.005e+03	+0.796
156.700	+1.183e+03	+8.468e+03	+8.348e+03	+0.877
156.800	-1.063e+03	+5.851e+03	+8.543e+03	+1.222
156.900	-1.570e+02	+7.305e+03	+8.466e+03	+1.022
157.000	+1.298e+03	+8.696e+03	+8.425e+03	+0.870
157.100	+1.527e+03	+7.334e+03	+7.634e+03	+0.828
157.200	-1.102e+03	+7.679e+03	+9.570e+03	+1.168
157.300	+1.796e+03	+5.862e+03	+8.189e+03	+0.765
157.400	+7.041e+02	+4.396e+03	+8.102e+03	+0.862
157.500	+6.720e+02	+7.442e+03	+8.211e+03	+0.917
157.600	+5.109e+02	+7.061e+03	+8.860e+03	+0.933
157.700	+4.103e+02	+7.729e+03	+7.557e+03	+0.950
157.800	+2.161e+03	+6.204e+03	+9.132e+03	+0.742
157.900	+1.656e+03	+5.850e+03	+7.432e+03	+0.779
158.000	-8.185e+01	+7.711e+03	+8.285e+03	+1.011
158.100	-2.212e+02	+5.598e+03	+8.673e+03	+1.041
158.200	+5.308e+03	+1.316e+03	+7.627e+03	+0.199
158.300	+6.930e+03	+9.409e+02	+7.174e+03	+0.120
158.400	+7.038e+03	+1.653e+03	+7.434e+03	+0.190
158.500	+7.639e+03	+3.616e+02	+6.589e+03	+0.045
158.600	+6.818e+03	+9.189e+02	+7.445e+03	+0.119
158.700	+4.990e+03	+1.483e+03	+8.266e+03	+0.229
158.800	+7.690e+03	+1.023e+03	+8.180e+03	+0.117
158.900	+7.468e+03	+7.902e+02	+7.085e+03	+0.096
159.000	+7.180e+03	+2.226e+03	+8.493e+03	+0.237
159.100	+6.925e+03	+5.904e+02	+8.457e+03	+0.079
159.200	+6.851e+03	+1.982e+02	+8.684e+03	+0.028
159.300	+6.389e+03	+1.469e+03	+9.707e+03	+0.187
159.400	+7.533e+03	+1.685e+03	+7.124e+03	+0.183
159.500	+8.053e+03	+1.431e+03	+9.667e+03	+0.151
159.600	+7.183e+03	+1.150e+03	+7.214e+03	+0.138
159.700	+6.961e+03	+6.389e+02	+7.233e+03	+0.084
159.800	+8.306e+03	+1.137e+03	+6.995e+03	+0.120
159.900	+5.398e+03	+1.183e+03	+7.841e+03	+0.180
160.000	+8.463e+03	+1.161e+03	+9.539e+03	+0.121
160.100	+8.462e+03	+7.058e+02	+6.746e+03	+0.077
160.200	+6.999e+03	+1.947e+03	+7.570e+03	+0.218
160.300	+7.685e+03	+1.187e+02	+9.230e+03	+0.015
160.400	+7.086e+03	+1.756e+03	+8.596e+03	+0.199
160.500	+6.942e+03	+7.176e+02	+9.042e+03	+0.094
160.600	+8.246e+03	-4.829e+02	+8.719e+03	-0.062
160.700	+8.447e+03	+6.814e+02	+7.757e+03	+0.075
160.800	+7.636e+03	+4.520e+02	+5.310e+03	+0.056
160.900	+8.002e+03	+3.166e+02	+7.532e+03	+0.038
161.000	+6.580e+03	+3.028e+02	+6.729e+03	+0.044
161.100	+6.346e+03	+1.350e+03	+6.445e+03	+0.175
161.200	+8.614e+03	-1.443e+02	+8.660e+03	-0.017
161.300	+8.277e+03	+8.038e+02	+9.804e+03	+0.089
161.400	+7.006e+03	+1.499e+03	+8.811e+03	+0.176
161.500	+8.096e+03	+7.834e+02	+8.367e+03	+0.088
161.600	+5.445e+03	+1.568e+03	+7.154e+03	+0.224
161.700	+7.162e+03	-2.870e+02	+7.522e+03	-0.042
161.800	+8.174e+03	+1.214e+03	+8.299e+03	+0.129
161.900	+7.443e+03	-8.677e+01	+7.623e+03	-0.012
162.000	+5.524e+03	+1.095e+03	+9.789e+03	+0.165
162.100	+6.504e+03	+6.353e+02	+8.732e+03	+0.089
162.200	+7.885e+03	+9.026e+02	+6.639e+03	+0.103
162.300	+7.610e+03	-9.533e+02	+7.835e+03	-0.143
162.400	+6.389e+03	+1.644e+03	+9.023e+03	+0.205
162.500	+7.176e+03	+5.047e+01	+8.521e+03	+0.007
162.600	+6.343e+03	+1.140e+03	+8.366e+03	+0.152
162.700	+8.181e+03	-1.834e+02	+7.290e+03	-0.023
162.800	+5.213e+03	+2.691e+03	+1.062e+04	+0.341
162.900	+8.296e+03	+1.113e+03	+6.473e+03	+0.118
163.000	+5.997e+03	+5.461e+02	+7.668e+03	+0.083
163.100	+7.864e+03	+1.774e+03	+6.180e+03	+0.184
163.200	+8.492e+03	+4.849e+02	+8.026e+03	+0.054
163.300	+7.853e+03	-2.348e+02	+8.589e+03	-0.031
163.400	+7.538e+03	-9.222e+01	+7.544e+03	-0.012
163.500	+7.730e+03	-5.698e+02	+8.365e+03	-0.080
163.600	+6.472e+03	+1.932e+03	+7.017e+03	+0.230
163.700	+7.276e+03	+2.319e+02	+6.741e+03	+0.031
163.800	+7.281e+03	+5.334e+02	+1.013e+04	+0.068
163.900	+7.711e+03	+1.360e+02	+7.550e+03	+0.017
164.000	+8.416e+03	+4.211e+02	+8.749e+03	+0.048
164.100	+7.210e+03	+1.481e+03	+8.268e+03	+0.170
164.200	+7.292e+03	+3.788e+02	+8.161e+03	+0.049
164.300	+7.860e+03	+7.122e+02	+7.726e+03	+0.083
164.400	+9.360e+03	+8.147e+02	+6.975e+03	+0.080
164.500	+5.180e+03	+3.292e+02	+7.518e+03	+0.060
164.600	+6.421e+03	+1.495e+03	+8.246e+03	+0.189
164.700	+6.864e+03	+8.826e+02	+7.773e+03	+0.114
164.800	+5.193e+03	-1.592e+02	+9.424e+03	-0.032
164.900	+6.751e+03	+8.963e+02	+9.026e+03	+0.117
165.000	+7.124e+03	+1.213e+03	+8.320e+03	+0.146
165.100	+6.748e+03	-1.106e+01	+1.027e+04	-0.002
165.200	+5.860e+03	+3.304e+02	+6.757e+03	+0.053
165.300	+8.930e+03	+7.997e+02	+9.776e+03	+0.082
165.400	+5.539e+03	+1.421e+03	+1.066e+04	+0.204
165.500	+8.290e+03	+7.471e+02	+7.956e+03	+0.083
165.600	+6.172e+03	+2.032e+03	+8.671e+03	+0.248
165.700	+7.219e+03	+1.513e+03	+6.866e+03	+0.173
165.800	+7.702e+03	-8.721e+02	+7.487e+03	-0.128
165.900	+7.725e+03	+7.729e+02	+7.715e+03	+0.091
166.000	+7.218e+03	+1.724e+03	+8.949e+03	+0.193
166.100	+7.564e+03	+8.982e+02	+8.704e+03	+0.106
166.200	+8.622e+03	+1.484e+03	+6.277e+03	+0.147
166.300	+8.658e+03	+1.932e+01	+7.764e+03	+0.002
166.400	+8.007e+03	+2.167e+03	+7.534e+03	+0.213
166.500	+6.560e+03	+2.524e+02	+9.021e+03	+0.037
166.600	+2.871e+03	+4.941e+03	+8.429e+03	+0.632
166.700	+3.119e+02	+5.845e+03	+6.089e+03	+0.949
166.800	+1.163e+03	+7.187e+03	+7.633e+03	+0.861
166.900	+5.910e+02	+7.339e+03	+7.745e+03	+0.925
167.000	+1.038e+03	+6.914e+03	+8.277e+03	+0.869
167.100	+2.159e+03	+6.200e+03	+7.054e+03	+0.742
167.200	+7.873e+02	+7.525e+03	+7.776e+03	+0.905
167.300	+1.148e+03	+5.935e+03	+7.484e+03	+0.838
167.400	+7.177e+02	+6.232e+03	+9.500e+03	+0.897
167.500	+5.363e+03	+2.432e+03	+7.642e+03	+0.312
167.600	+5.933e+03	+1.943e+03	+6.644e+03	+0.247
167.700	+8.118e+03	+7.567e+02	+9.477e+03	+0.085
167.800	+7.567e+03	+1.426e+03	+8.630e+03	+0.159
167.900	+6.995e+03	+1.192e+03	+7.594e+03	+0.146
168.000	+6.544e+03	+2.443e+03	+5.969e+03	+0.272
168.100	+5.561e+03	+1.403e+03	+8.676e+03	+0.201
168.200	+7.919e+03	+1.595e+03	+9.816e+03	+0.168
168.300	+7.977e+03	+1.254e+03	+9.668e+03	+0.136
168.400	+7.670e+03	+9.834e+02	+8.157e+03	+0.114
168.500	+1.056e+04	+2.244e+02	+7.661e+03	+0.021
168.600	+7.983e+03	+5.553e+02	+8.690e+03	+0.065
168.700	+6.334e+03	+2.233e+03	+9.253e+03	+0.261
168.800	+5.765e+03	+6.908e+02	+7.652e+03	+0.107
168.900	+4.175e+02	+6.949e+03	+9.533e+03	+0.943
169.000	+8.138e+01	+5.898e+03	+9.978e+03	+0.986
169.100	+3.394e+02	+7.387e+03	+8.973e+03	+0.956
169.200	+2.073e+02	+7.950e+03	+7.954e+03	+0.975
169.300	+6.410e+02	+5.253e+03	+9.379e+03	+0.891
169.400	+8.412e+01	+8.191e+03	+9.981e+03	+0.990
169.500	+1.083e+03	+7.426e+03	+6.461e+03	+0.873
169.600	+2.087e+03	+6.541e+03	+6.532e+03	+0.758
169.700	+7.793e+03	+4.524e+02	+7.548e+03	+0.055
169.800	+7.477e+03	-2.869e+02	+9.672e+03	-0.040
169.900	+8.811e+03	+4.887e+02	+7.600e+03	+0.053
170.000	+7.181e+03	+1.808e+03	+9.192e+03	+0.201
170.100	+6.299e+03	+9.508e+00	+8.799e+03	+0.002
170.200	+6.537e+03	+1.413e+03	+9.362e+03	+0.178
170.300	+8.254e+03	+1.320e+03	+7.558e+03	+0.138
170.400	+8.057e+03	+1.871e+03	+8.790e+03	+0.188
170.500	+6.605e+03	+1.746e+03	+7.764e+03	+0.209
170.600	+4.044e+03	+1.088e+03	+8.218e+03	+0.212
170.700	+5.395e+03	+6.090e+02	+8.359e+03	+0.101
170.800	+8.286e+03	+1.284e+03	+8.131e+03	+0.134
170.900	+8.560e+03	+9.695e+02	+9.089e+03	+0.102
171.000	+7.436e+03	+2.454e+03	+8.599e+03	+0.248
171.100	+6.765e+03	+1.220e+03	+7.249e+03	+0.153
171.200	+7.561e+03	+8.590e+02	+6.909e+03	+0.102
171.300	+8.252e+03	+1.819e+03	+8.672e+03	+0.181
171.400	+6.701e+03	-1.186e+03	+5.281e+03	-0.215
171.500	+7.065e+03	+1.567e+03	+7.217e+03	+0.182
171.600	+6.508e+03	-6.412e+02	+7.498e+03	-0.109
171.700	+8.331e+03	+1.546e+03	+5.763e+03	+0.157
171.800	+8.466e+03	+1.219e+03	+8.962e+03	+0.126
171.900	+5.660e+03	+2.295e+03	+9.775e+03	+0.288
172.000	+7.682e+03	+3.433e+02	+8.570e+03	+0.043
172.100	+8.318e+03	+7.912e+02	+7.151e+03	+0.087
172.200	+6.935e+03	+4.225e+02	+9.647e+03	+0.057
172.300	+8.272e+03	+2.595e+02	+7.456e+03	+0.030
172.400	+6.690e+03	+1.211e+03	+4.391e+03	+0.153
172.500	+7.770e+03	+9.360e+02	+7.993e+03	+0.108
172.600	+8.337e+03	+1.434e+03	+8.244e+03	+0.147
172.700	+7.337e+03	+8.384e+02	+6.464e+03	+0.103
172.800	+4.243e+03	+8.617e+02	+8.368e+03	+0.169
172.900	+8.006e+03	+3.312e+01	+7.943e+03	+0.004
173.000	+5.632e+03	+1.174e+03	+7.311e+03	+0.172
173.100	+6.815e+03	+1.442e+03	+8.953e+03	+0.175
173.200	+6.416e+03	+1.839e+03	+7.500e+03	+0.223
173.300	+6.471e+03	+1.988e+03	+7.889e+03	+0.235
173.400	+3.329e+03	+4.714e+03	+7.953e+03	+0.586
173.500	+3.439e+03	+4.673e+03	+9.190e+03	+0.576
173.600	+2.250e+03	+4.507e+03	+7.659e+03	+0.667
173.700	+3.422e+03	+2.662e+03	+8.072e+03	+0.438
173.800	+4.132e+03	+5.047e+03	+9.494e+03	+0.550
173.900	+4.360e+03	+3.259e+03	+9.237e+03	+0.428
174.000	+3.362e+03	+3.898e+03	+9.915e+03	+0.537
174.100	+3.327e+03	+4.323e+03	+6.649e+03	+0.565
174.200	+3.114e+03	+4.044e+03	+8.785e+03	+0.565
174.300	+2.449e+03	+4.667e+03	+8.186e+03	+0.656
174.400	+2.791e+03	+4.519e+03	+6.929e+03	+0.618
174.500	+3.488e+03	+4.747e+03	+5.924e+03	+0.576
174.600	+4.280e+03	+3.276e+03	+7.520e+03	+0.434
174.700	+2.756e+03	+2.994e+03	+7.435e+03	+0.521
174.800	+3.517e+03	+4.791e+03	+9.405e+03	+0.577
174.900	+3.785e+03	+3.318e+03	+8.662e+03	+0.467
175.000	+1.999e+02	+6.266e+03	+6.113e+03	+0.969
175.100	-3.302e-01	+6.753e+03	+7.205e+03	+1.000
175.200	-4.708e+02	+7.089e+03	+8.701e+03	+1.071
175.300	-3.507e+02	+7.704e+03	+8.102e+03	+1.048
175.400	-5.585e+02	+6.273e+03	+7.286e+03	+1.098
175.500	+6.636e+00	+7.491e+03	+1.037e+04	+0.999
175.600	+2.242e+03	+4.970e+03	+8.627e+03	+0.689
175.700	+8.420e+03	+1.170e+03	+6.563e+03	+0.122
175.800	+6.042e+03	+1.469e+03	+7.056e+03	+0.196
175.900	+7.437e+03	+1.801e+03	+8.266e+03	+0.195
176.000	+6.760e+03	+9.212e+02	+9.835e+03	+0.120
176.100	+5.710e+03	+8.384e+02	+7.262e+03	+0.128
176.200	+6.989e+03	+4.417e+02	+6.889e+03	+0.059
176.300	+8.767e+03	+7.112e+02	+8.518e+03	+0.075
176.400	+5.974e+03	+1.341e+02	+6.320e+03	+0.022
176.500	+6.572e+03	+1.892e+03	+7.535e+03	+0.224
176.600	+6.718e+03	+4.579e+02	+7.682e+03	+0.064
176.700	+6.367e+03	+8.644e+02	+6.717e+03	+0.120
176.800	+7.376e+03	+2.079e+03	+7.598e+03	+0.220
176.900	+7.254e+03	+1.805e+03	+8.597e+03	+0.199
177.000	+6.323e+03	+3.038e+02	+9.317e+03	+0.046
177.100	+8.875e+03	+8.281e+02	+8.106e+03	+0.085
177.200	+5.234e+03	+3.291e+03	+7.003e+03	+0.386
177.300	+2.345e+03	+4.899e+03	+5.748e+03	+0.676
177.400	+4.306e+03	+4.179e+03	+6.307e+03	+0.492
177.500	+4.632e+03	+4.392e+03	+7.627e+03	+0.487
177.600	+3.977e+03	+3.927e+03	+7.116e+03	+0.497
177.700	+3.599e+03	+4.846e+03	+8.523e+03	+0.574
177.800	+2.956e+03	+4.900e+03	+7.992e+03	+0.624
177.900	+3.548e+03	+4.468e+03	+8.111e+03	+0.557
178.000	+3.811e+03	+3.817e+03	+8.913e+03	+0.500
178.100	+1.355e+03	+4.534e+03	+7.709e+03	+0.770
178.200	+3.109e+03	+4.265e+03	+9.093e+03	+0.578
178.300	+4.435e+03	+5.413e+03	+5.506e+03	+0.550
178.400	+3.798e+03	+3.462e+03	+8.533e+03	+0.477
178.500	+2.360e+03	+4.827e+03	+6.988e+03	+0.672
178.600	+4.897e+03	+5.059e+03	+6.568e+03	+0.508
178.700	+1.226e+03	+5.593e+03	+9.707e+03	+0.820
178.800	+5.193e+02	+8.316e+03	+7.601e+03	+0.941
178.900	+3.743e+02	+6.038e+03	+8.076e+03	+0.942
179.000	+8.368e+01	+6.252e+03	+9.033e+03	+0.987
179.100	+6.313e+03	+1.988e+03	+8.422e+03	+0.239
179.200	+9.349e+03	+1.237e+03	+7.722e+03	+0.117
179.300	+7.474e+03	-1.963e+02	+8.304e+03	-0.027
179.400	+7.126e+03	+1.738e+03	+8.247e+03	+0.196
179.500	+7.482e+03	+1.294e+03	+1.017e+04	+0.147
179.600	+7.546e+03	+1.354e+02	+5.863e+03	+0.018
179.700	+9.397e+03	-2.524e+02	+8.106e+03	-0.028
179.800	+6.779e+03	+9.594e+02	+9.697e+03	+0.124
179.900	+5.903e+03	+1.589e+03	+8.130e+03	+0.212
180.000	+4.251e+03	+3.782e+03	+8.924e+03	+0.471
180.100	+2.475e+03	+4.015e+03	+7.897e+03	+0.619
180.200	+2.961e+03	+4.597e+03	+7.175e+03	+0.608
180.300	+4.928e+03	+2.789e+03	+7.270e+03	+0.361
180.400	+4.334e+03	+3.233e+03	+6.252e+03	+0.427
180.500	+3.573e+03	+3.725e+03	+7.937e+03	+0.510
180.600	+5.406e+03	+4.676e+03	+7.022e+03	+0.464
180.700	+4.261e+03	+4.136e+03	+8.356e+03	+0.493
180.800	+2.774e+03	+4.313e+03	+7.652e+03	+0.609
180.900	+3.142e+03	+3.434e+03	+7.235e+03	+0.522
181.000	+3.272e+03	+3.789e+03	+6.629e+03	+0.537
181.100	+3.739e+03	+3.934e+03	+7.032e+03	+0.513
181.200	+4.073e+03	+3.682e+03	+1.021e+04	+0.475
181.300	+2.677e+03	+4.499e+03	+7.590e+03	+0.627
181.400	+3.260e+03	+4.967e+03	+8.186e+03	+0.604
181.500	+2.353e+03	+3.562e+03	+7.071e+03	+0.602
181.600	+3.398e+03	+4.644e+03	+5.370e+03	+0.577
181.700	+2.715e+03	+3.633e+03	+7.085e+03	+0.572
181.800	+2.733e+03	+4.013e+03	+8.870e+03	+0.595
181.900	+4.168e+03	+4.305e+03	+8.735e+03	+0.508
182.000	+3.521e+03	+3.605e+03	+8.123e+03	+0.506
182.100	+8.525e+02	+6.619e+03	+7.900e+03	+0.886
182.200	-2.321e+02	+6.746e+03	+6.941e+03	+1.036
182.300	-2.946e+02	+7.218e+03	+6.645e+03	+1.043
182.400	+1.400e+03	+8.309e+03	+7.039e+03	+0.856
182.500	+1.277e+03	+7.213e+03	+8.500e+03	+0.850
182.600	+2.385e+02	+6.248e+03	+9.396e+03	+0.963
182.700	+7.981e+02	+4.714e+03	+8.549e+03	+0.855
182.800	+3.452e+02	+6.792e+03	+8.970e+03	+0.952
182.900	-1.376e+03	+7.793e+03	+8.633e+03	+1.214
183.000	+2.478e+03	+6.091e+03	+7.845e+03	+0.711
183.100	+8.788e+02	+7.153e+03	+1.001e+04	+0.891
183.200	+3.937e+02	+7.295e+03	+1.019e+04	+0.949
183.300	-2.439e+02	+6.476e+03	+8.703e+03	+1.039
183.400	+1.292e+03	+7.839e+03	+7.986e+03	+0.859
183.500	-6.495e+01	+6.820e+03	+6.208e+03	+1.010
183.600	+1.414e+03	+5.756e+03	+9.459e+03	+0.803
183.700	-7.399e+02	+5.673e+03	+8.484e+03	+1.150
183.800	-2.815e+02	+6.842e+03	+6.952e+03	+1.043
183.900	+2.018e+03	+7.135e+03	+7.779e+03	+0.780
184.000	+7.526e+02	+6.345e+03	+5.786e+03	+0.894
184.100	-7.704e+01	+6.446e+03	+9.611e+03	+1.012
184.200	+1.026e+03	+6.883e+03	+7.705e+03	+0.870
184.300	+1.054e+03	+6.663e+03	+6.083e+03	+0.863
184.400	+2.269e+03	+7.941e+03	+7.984e+03	+0.778
184.500	+9.405e+02	+7.222e+03	+8.775e+03	+0.885
184.600	-4.256e+01	+6.406e+03	+9.873e+03	+1.007
184.700	+1.937e+03	+7.671e+03	+6.760e+03	+0.798
184.800	+1.513e+03	+7.326e+03	+8.314e+03	+0.829
184.900	+1.434e+03	+5.817e+03	+8.825e+03	+0.802
185.000	+1.396e+03	+6.758e+03	+7.115e+03	+0.829
185.100	+7.033e+03	-3.082e+02	+7.211e+03	-0.046
185.200	+7.261e+03	+4.974e+02	+8.411e+03	+0.064
185.300	+5.765e+03	+1.808e+03	+8.468e+03	+0.239
185.400	+4.141e+02	+7.445e+03	+7.008e+03	+0.947
185.500	-2.999e+02	+5.925e+03	+7.054e+03	+1.053
185.600	-9.698e+02	+7.402e+03	+7.710e+03	+1.151
185.700	-2.381e+02	+5.566e+03	+8.350e+03	+1.045
185.800	+4.173e+02	+5.064e+03	+6.904e+03	+0.924
185.900	+3.154e+02	+7.004e+03	+8.563e+03	+0.957
186.000	+2.457e+02	+6.937e+03	+6.699e+03	+0.966
186.100	+1.494e+03	+6.396e+03	+7.740e+03	+0.811
186.200	+1.349e+02	+6.709e+03	+7.605e+03	+0.980
186.300	+9.502e+02	+6.050e+03	+7.008e+03	+0.864
186.400	+3.314e+02	+5.900e+03	+6.867e+03	+0.947
186.500	+1.903e+02	+6.039e+03	+8.148e+03	+0.969
