%t (s)	Idd (a.u.)	Ida (a.u.)	Iaa (a.u.)	FRET E
0.000	+4.693e+03	+4.324e+03	+5.950e+03	+0.480
0.100	+4.080e+03	+4.852e+03	+7.209e+03	+0.543
0.200	+4.716e+03	+3.459e+03	+4.952e+03	+0.423
0.300	+2.685e+03	+4.504e+03	+7.875e+03	+0.626
0.400	+4.031e+03	+5.020e+03	+7.056e+03	+0.555
0.500	+3.613e+03	+5.239e+03	+6.357e+03	+0.592
0.600	+5.427e+03	+3.851e+03	+9.548e+03	+0.415
0.700	+3.054e+03	+3.942e+03	+7.375e+03	+0.564
0.800	+5.048e+03	+4.109e+03	+5.180e+03	+0.449
0.900	+3.961e+03	+3.536e+03	+5.312e+03	+0.472
1.000	+2.923e+03	+4.728e+03	+7.880e+03	+0.618
1.100	+4.688e+03	+4.608e+03	+6.376e+03	+0.496
1.200	+4.667e+03	+4.826e+03	+5.713e+03	+0.508
1.300	+4.653e+03	+5.845e+03	+8.349e+03	+0.557
1.400	+4.867e+03	+3.873e+03	+8.881e+03	+0.443
1.500	+3.619e+03	+4.541e+03	+5.477e+03	+0.557
1.600	+4.298e+03	+4.018e+03	+9.230e+03	+0.483
1.700	+4.288e+03	+3.958e+03	+8.632e+03	+0.480
1.800	+3.577e+03	+4.551e+03	+7.768e+03	+0.560
1.900	+4.797e+03	+5.331e+03	+6.951e+03	+0.526
2.000	+4.449e+03	+4.646e+03	+8.782e+03	+0.511
2.100	+4.861e+03	+2.779e+03	+5.252e+03	+0.364
2.200	+3.254e+03	+5.495e+03	+7.446e+03	+0.628
2.300	+3.321e+03	+4.029e+03	+6.975e+03	+0.548
2.400	+4.073e+03	+4.003e+03	+7.975e+03	+0.496
2.500	+6.828e+03	+2.146e+03	+7.312e+03	+0.239
2.600	+6.083e+03	+1.750e+03	+9.536e+03	+0.223
2.700	+8.003e+03	+7.590e+02	+7.324e+03	+0.087
2.800	+5.553e+03	-2.028e+02	+8.034e+03	-0.038
2.900	+6.824e+03	+2.772e+02	+6.577e+03	+0.039
3.000	+7.055e+03	+1.328e+03	+8.766e+03	+0.158
3.100	+7.030e+03	+1.086e+03	+6.610e+03	+0.134
3.200	+7.318e+03	+1.542e+03	+7.762e+03	+0.174
3.300	+6.734e+03	+2.196e+02	+4.674e+03	+0.032
3.400	+7.353e+03	+1.385e+03	+7.637e+03	+0.158
3.500	+6.272e+03	+5.172e+02	+1.023e+04	+0.076
3.600	+6.868e+03	+1.059e+03	+6.471e+03	+0.134
3.700	+5.884e+03	+1.784e+02	+7.900e+03	+0.029
3.800	+3.654e+03	+4.100e+03	+7.107e+03	+0.529
3.900	-1.701e+02	+7.415e+03	+8.175e+03	+1.023
4.000	+7.534e+02	+6.559e+03	+7.761e+03	+0.897
4.100	+8.462e+02	+5.715e+03	+7.232e+03	+0.871
4.200	-3.334e+02	+6.410e+03	+8.655e+03	+1.055
4.300	-2.075e+02	+7.023e+03	+8.457e+03	+1.030
4.400	+1.217e+03	+7.995e+03	+6.833e+03	+0.868
4.500	+2.581e+02	+6.812e+03	+7.752e+03	+0.963
4.600	+7.389e+02	+7.811e+03	+6.190e+03	+0.914
4.700	-9.578e+01	+7.837e+03	+7.246e+03	+1.012
4.800	+1.168e+03	+6.380e+03	+7.654e+03	+0.845
4.900	+1.554e+02	+7.241e+03	+6.808e+03	+0.979
5.000	-5.383e+02	+8.888e+03	+6.998e+03	+1.064
5.100	+1.536e+03	+5.764e+03	+8.090e+03	+0.790
5.200	+8.632e+02	+7.115e+03	+7.732e+03	+0.892
5.300	+7.639e+02	+6.327e+03	+5.806e+03	+0.892
5.400	+7.194e+02	+6.882e+03	+7.054e+03	+0.905
5.500	+7.922e+01	+7.569e+03	+6.062e+03	+0.990
5.600	+4.489e+03	+1.984e+03	+7.425e+03	+0.306
5.700	+7.220e+03	+1.075e+03	+6.957e+03	+0.130
5.800	+5.341e+03	+2.807e+03	+6.798e+03	+0.344
5.900	+3.514e+03	+4.804e+03	+6.254e+03	+0.578
6.000	+7.700e+03	+5.225e+02	+7.259e+03	+0.064
6.100	+6.951e+03	+2.473e+02	+6.693e+03	+0.034
6.200	+7.530e+03	+3.670e+02	+7.264e+03	+0.046
6.300	+5.102e+03	+4.039e+02	+4.314e+03	+0.073
6.400	+5.992e+03	+1.845e+03	+7.987e+03	+0.235
6.500	+5.660e+03	+1.051e+03	+5.047e+03	+0.157
6.600	+5.389e+03	+8.138e+02	+8.154e+03	+0.131
6.700	+7.347e+03	+8.976e+02	+7.313e+03	+0.109
6.800	+5.108e+03	+2.152e+03	+8.240e+03	+0.296
6.900	+7.681e+03	+3.058e+03	+5.391e+03	+0.285
7.000	+7.295e+03	+2.744e+02	+6.806e+03	+0.036
7.100	+6.410e+03	+7.863e+02	+7.843e+03	+0.109
7.200	+6.439e+03	-3.541e+02	+8.705e+03	-0.058
7.300	+6.441e+03	+1.404e+03	+7.051e+03	+0.179
7.400	+5.417e+03	+1.453e+03	+8.826e+03	+0.211
7.500	+6.042e+03	+8.945e+02	+7.678e+03	+0.129
7.600	+6.563e+03	+5.176e+02	+6.699e+03	+0.073
7.700	+6.627e+03	+2.360e+02	+7.358e+03	+0.034
7.800	+5.450e+03	+1.584e+03	+8.532e+03	+0.225
7.900	+6.277e+03	-1.774e+02	+7.819e+03	-0.029
8.000	+6.999e+03	+5.818e+02	+7.148e+03	+0.077
8.100	+7.544e+03	+1.564e+03	+6.753e+03	+0.172
8.200	+5.529e+03	+3.646e+02	+5.730e+03	+0.062
8.300	+6.794e+03	+6.673e+02	+7.424e+03	+0.089
8.400	+4.900e+03	+1.168e+03	+6.643e+03	+0.192
8.500	+6.225e+03	+6.046e+02	+8.392e+03	+0.089
8.600	+6.623e+03	-1.050e+02	+7.843e+03	-0.016
8.700	+6.469e+03	+1.159e+03	+8.826e+03	+0.152
8.800	+6.486e+03	+1.272e+03	+6.425e+03	+0.164
8.900	+5.381e+03	+9.002e+02	+7.167e+03	+0.143
9.000	+6.156e+03	-4.663e+02	+4.149e+03	-0.082
9.100	+7.888e+03	-3.943e+02	+7.767e+03	-0.053
9.200	+7.677e+03	+4.834e+02	+8.080e+03	+0.059
9.300	+7.131e+03	+2.292e+03	+6.444e+03	+0.243
9.400	+6.853e+03	+1.340e+03	+6.103e+03	+0.164
9.500	+7.066e+03	-2.380e+01	+5.145e+03	-0.003
9.600	+4.715e+03	+3.286e+02	+5.998e+03	+0.065
9.700	+5.934e+03	+1.619e+03	+7.602e+03	+0.214
9.800	+6.981e+03	+7.295e+01	+6.799e+03	+0.010
9.900	+8.490e+03	+6.735e+02	+6.302e+03	+0.074
10.000	+6.438e+03	+1.103e+03	+8.065e+03	+0.146
10.100	+5.893e+03	+1.225e+03	+5.344e+03	+0.172
10.200	+4.732e+03	+1.871e+03	+6.837e+03	+0.283
10.300	+5.746e+03	+5.419e+02	+7.281e+03	+0.086
10.400	+1.415e+03	+8.100e+03	+7.469e+03	+0.851
10.500	+2.811e+02	+5.181e+03	+7.573e+03	+0.949
10.600	+1.622e+02	+6.182e+03	+8.124e+03	+0.974
10.700	+1.877e+02	+6.363e+03	+6.019e+03	+0.971
10.800	+6.778e+02	+6.484e+03	+8.172e+03	+0.905
10.900	+1.967e+02	+6.860e+03	+5.978e+03	+0.972
11.000	+6.301e+02	+5.280e+03	+7.024e+03	+0.893
11.100	+1.436e+03	+6.361e+03	+8.135e+03	+0.816
11.200	+2.216e+02	+6.210e+03	+6.224e+03	+0.966
11.300	+2.597e+03	+5.584e+03	+7.569e+03	+0.683
11.400	+5.515e+03	+3.290e+03	+8.312e+03	+0.374
11.500	+3.714e+03	+4.497e+03	+7.301e+03	+0.548
11.600	+4.517e+03	+3.140e+03	+6.967e+03	+0.410
11.700	+4.048e+03	+4.490e+03	+8.418e+03	+0.526
11.800	+4.372e+03	+3.178e+03	+7.024e+03	+0.421
11.900	+3.088e+03	+4.664e+03	+7.786e+03	+0.602
12.000	+3.806e+03	+5.519e+03	+9.280e+03	+0.592
12.100	+3.919e+03	+5.599e+03	+5.795e+03	+0.588
12.200	+3.031e+03	+3.874e+03	+7.593e+03	+0.561
12.300	+4.960e+03	+4.107e+03	+6.077e+03	+0.453
12.400	+5.122e+03	+5.791e+03	+7.067e+03	+0.531
12.500	+3.889e+03	+4.207e+03	+6.014e+03	+0.520
12.600	+4.671e+03	+4.117e+03	+6.722e+03	+0.468
12.700	+3.298e+03	+3.901e+03	+7.062e+03	+0.542
12.800	+5.089e+03	+4.197e+03	+7.150e+03	+0.452
12.900	+2.376e+03	+3.561e+03	+6.301e+03	+0.600
13.000	+3.153e+03	+3.546e+03	+6.285e+03	+0.529
13.100	+4.638e+03	+2.318e+03	+5.975e+03	+0.333
13.200	+5.338e+03	+5.686e+03	+5.511e+03	+0.516
13.300	+3.145e+03	+3.724e+03	+7.501e+03	+0.542
13.400	+4.559e+03	+4.926e+03	+7.408e+03	+0.519
13.500	+1.909e+03	+5.110e+03	+7.145e+03	+0.728
13.600	+2.707e+03	+2.958e+03	+7.210e+03	+0.522
13.700	+5.961e+03	+4.498e+03	+7.945e+03	+0.430
13.800	+2.608e+03	+4.352e+03	+8.705e+03	+0.625
13.900	+4.551e+03	+4.752e+03	+7.255e+03	+0.511
14.000	+2.921e+03	+2.563e+03	+8.728e+03	+0.467
14.100	+3.754e+03	+4.728e+03	+8.346e+03	+0.557
14.200	+3.552e+03	+4.688e+03	+7.730e+03	+0.569
14.300	+3.704e+03	+4.957e+03	+7.860e+03	+0.572
14.400	+3.922e+03	+5.069e+03	+8.696e+03	+0.564
14.500	+7.987e+02	+6.161e+03	+6.591e+03	+0.885
14.600	-2.625e+02	+7.635e+03	+7.304e+03	+1.036
14.700	+9.306e+02	+8.188e+03	+7.801e+03	+0.898
14.800	-7.762e+02	+6.965e+03	+8.085e+03	+1.125
14.900	+1.949e+03	+6.737e+03	+7.030e+03	+0.776
15.000	+2.601e+01	+6.693e+03	+6.776e+03	+0.996
15.100	+5.344e+02	+6.661e+03	+5.313e+03	+0.926
15.200	+1.855e+02	+6.583e+03	+9.360e+03	+0.973
15.300	+1.560e+03	+6.736e+03	+7.182e+03	+0.812
15.400	-1.182e+02	+5.712e+03	+6.712e+03	+1.021
15.500	+6.217e+02	+6.922e+03	+6.411e+03	+0.918
15.600	-5.620e+02	+7.775e+03	+6.847e+03	+1.078
15.700	+1.420e+03	+7.366e+03	+6.541e+03	+0.838
15.800	+4.848e+02	+7.575e+03	+6.096e+03	+0.940
15.900	+8.875e+02	+6.277e+03	+5.886e+03	+0.876
16.000	-9.033e+02	+6.749e+03	+9.254e+03	+1.155
16.100	+9.430e+02	+4.954e+03	+6.519e+03	+0.840
16.200	+5.090e+02	+6.338e+03	+7.108e+03	+0.926
16.300	-9.202e+01	+7.009e+03	+8.151e+03	+1.013
16.400	+9.647e+02	+5.327e+03	+7.036e+03	+0.847
16.500	+2.510e+02	+7.578e+03	+7.985e+03	+0.968
16.600	+6.550e+02	+7.013e+03	+8.201e+03	+0.915
16.700	+1.095e+03	+6.828e+03	+9.270e+03	+0.862
16.800	+4.228e+02	+7.834e+03	+8.402e+03	+0.949
16.900	+7.656e+02	+6.208e+03	+7.457e+03	+0.890
17.000	+1.622e+02	+5.141e+03	+5.614e+03	+0.969
17.100	+9.314e+01	+6.380e+03	+5.440e+03	+0.986
17.200	+9.656e+02	+6.791e+03	+7.623e+03	+0.876
17.300	+1.001e+03	+6.786e+03	+7.501e+03	+0.871
17.400	+3.283e+02	+5.569e+03	+7.390e+03	+0.944
17.500	+9.026e+02	+5.975e+03	+8.116e+03	+0.869
17.600	+7.557e+02	+6.770e+03	+8.573e+03	+0.900
17.700	+9.263e+02	+5.621e+03	+7.005e+03	+0.859
17.800	-1.702e+02	+6.870e+03	+9.384e+03	+1.025
17.900	-1.683e+02	+7.241e+03	+7.090e+03	+1.024
18.000	+7.862e+02	+6.999e+03	+7.450e+03	+0.899
18.100	+3.552e+02	+6.584e+03	+8.256e+03	+0.949
18.200	-1.815e+02	+6.347e+03	+6.038e+03	+1.029
18.300	+3.775e+02	+5.839e+03	+6.990e+03	+0.939
18.400	+7.428e+02	+6.536e+03	+8.485e+03	+0.898
18.500	-3.928e+02	+4.635e+03	+6.264e+03	+1.093
18.600	+1.267e+03	+6.136e+03	+7.190e+03	+0.829
18.700	+1.003e+03	+6.186e+03	+6.843e+03	+0.860
18.800	+6.641e+02	+6.588e+03	+7.140e+03	+0.908
18.900	+1.171e+03	+6.116e+03	+8.454e+03	+0.839
19.000	+4.082e+02	+7.475e+03	+9.180e+03	+0.948
19.100	+7.213e+02	+5.868e+03	+8.599e+03	+0.891
19.200	+8.617e+02	+8.856e+03	+5.921e+03	+0.911
19.300	+6.882e+02	+6.483e+03	+7.160e+03	+0.904
19.400	+1.018e+03	+7.655e+03	+7.052e+03	+0.883
19.500	+2.326e+03	+6.344e+03	+1.005e+04	+0.732
19.600	+4.490e+02	+6.398e+03	+6.899e+03	+0.934
19.700	+3.278e+02	+6.321e+03	+6.323e+03	+0.951
19.800	+9.876e+02	+5.838e+03	+7.639e+03	+0.855
19.900	-1.078e+02	+6.275e+03	+7.208e+03	+1.017
20.000	+1.470e+03	+6.764e+03	+7.507e+03	+0.822
20.100	+1.896e+02	+6.973e+03	+6.424e+03	+0.974
20.200	+6.106e+02	+6.063e+03	+5.838e+03	+0.909
20.300	+7.510e+02	+6.231e+03	+5.727e+03	+0.892
20.400	+2.565e+02	+5.511e+03	+7.356e+03	+0.956
20.500	+4.844e+02	+5.992e+03	+4.586e+03	+0.925
20.600	+6.824e+02	+5.674e+03	+8.159e+03	+0.893
20.700	+9.174e+02	+6.052e+03	+7.569e+03	+0.868
20.800	+1.278e+03	+6.078e+03	+6.551e+03	+0.826
20.900	+6.816e+03	-3.646e+02	+8.378e+03	-0.057
21.000	+8.230e+03	+1.201e+03	+6.734e+03	+0.127
21.100	+7.119e+03	-6.379e+02	+6.823e+03	-0.098
21.200	+6.021e+03	+6.506e+02	+7.257e+03	+0.098
21.300	+6.397e+03	+5.660e+02	+7.956e+03	+0.081
21.400	+7.206e+03	+5.003e+02	+6.935e+03	+0.065
21.500	+6.319e+03	+1.002e+03	+6.799e+03	+0.137
21.600	+6.083e+03	+1.146e+03	+7.003e+03	+0.158
21.700	+6.580e+03	+9.451e+02	+8.045e+03	+0.126
21.800	+7.096e+03	-1.884e+02	+6.768e+03	-0.027
21.900	+6.204e+03	+1.833e+03	+8.190e+03	+0.228
22.000	+7.672e+03	+3.038e+02	+6.965e+03	+0.038
22.100	+2.921e+03	+4.824e+03	+8.126e+03	+0.623
22.200	-4.682e+02	+7.022e+03	+6.541e+03	+1.071
22.300	+7.089e+02	+6.123e+03	+6.849e+03	+0.896
22.400	+1.398e+03	+6.017e+03	+7.914e+03	+0.811
22.500	+9.360e+02	+6.698e+03	+6.739e+03	+0.877
22.600	+5.547e+02	+6.494e+03	+7.241e+03	+0.921
22.700	+1.245e+03	+5.148e+03	+6.268e+03	+0.805
22.800	+9.145e+02	+4.996e+03	+8.626e+03	+0.845
22.900	+3.948e+02	+6.712e+03	+6.773e+03	+0.944
23.000	+7.374e+02	+6.642e+03	+6.529e+03	+0.900
23.100	+7.908e+02	+6.524e+03	+8.220e+03	+0.892
23.200	+1.167e+02	+5.673e+03	+7.073e+03	+0.980
23.300	-3.537e+02	+5.771e+03	+5.905e+03	+1.065
23.400	+2.181e+03	+6.995e+03	+8.579e+03	+0.762
23.500	+5.513e+02	+7.777e+03	+7.477e+03	+0.934
23.600	+1.104e+03	+6.464e+03	+6.157e+03	+0.854
23.700	+2.176e+02	+6.906e+03	+8.571e+03	+0.969
23.800	+5.677e+02	+7.084e+03	+6.838e+03	+0.926
23.900	+2.988e+01	+7.932e+03	+6.940e+03	+0.996
24.000	-7.054e+02	+5.977e+03	+8.231e+03	+1.134
24.100	+1.338e+03	+7.078e+03	+7.747e+03	+0.841
24.200	+1.977e+02	+6.275e+03	+5.905e+03	+0.969
24.300	+1.702e+02	+6.873e+03	+7.197e+03	+0.976
24.400	-2.652e+02	+6.541e+03	+5.898e+03	+1.042
24.500	+3.081e+02	+6.225e+03	+9.120e+03	+0.953
24.600	+7.656e+03	+1.088e+03	+7.693e+03	+0.124
24.700	+5.885e+03	+1.036e+03	+8.156e+03	+0.150
24.800	+4.769e+03	+1.598e+02	+7.165e+03	+0.032
24.900	+7.350e+03	+1.006e+03	+7.815e+03	+0.120
25.000	+6.557e+03	+2.577e+02	+6.792e+03	+0.038
25.100	+6.097e+03	+1.225e+03	+7.007e+03	+0.167
25.200	+5.420e+03	+1.724e+03	+9.225e+03	+0.241
25.300	+5.900e+03	+6.520e+01	+5.401e+03	+0.011
25.400	+7.062e+03	-6.105e+02	+5.867e+03	-0.095
25.500	+8.010e+03	+1.035e+03	+6.724e+03	+0.114
25.600	+4.899e+03	+1.458e+03	+7.490e+03	+0.229
25.700	+6.827e+03	+1.956e+02	+6.967e+03	+0.028
25.800	+6.119e+03	+1.325e+02	+6.971e+03	+0.021
25.900	+6.739e+03	+6.713e+02	+6.831e+03	+0.091
26.000	+8.721e+03	+2.719e+02	+7.574e+03	+0.030
26.100	+6.921e+03	+8.739e+01	+7.568e+03	+0.012
26.200	+8.155e+03	+8.585e+02	+8.332e+03	+0.095
26.300	+6.878e+03	+1.074e+03	+6.118e+03	+0.135
26.400	+6.948e+03	+1.566e+03	+8.018e+03	+0.184
26.500	+5.689e+03	+2.365e+03	+5.900e+03	+0.294
26.600	+6.348e+03	+9.975e+02	+8.416e+03	+0.136
26.700	+7.960e+03	+1.429e+03	+6.356e+03	+0.152
26.800	+7.045e+03	+6.578e+02	+8.131e+03	+0.085
26.900	+4.902e+03	+4.771e+02	+8.413e+03	+0.089
27.000	+6.380e+03	+1.131e+03	+6.039e+03	+0.151
27.100	+6.225e+03	-2.623e+02	+6.879e+03	-0.044
27.200	+6.996e+03	+3.057e+02	+7.183e+03	+0.042
27.300	+6.000e+03	+1.763e+03	+4.535e+03	+0.227
27.400	+5.788e+03	+7.681e+01	+6.970e+03	+0.013
27.500	+7.099e+03	-1.094e+02	+8.259e+03	-0.016
27.600	+5.469e+03	+1.784e+03	+8.382e+03	+0.246
27.700	+6.255e+03	+1.184e+03	+7.038e+03	+0.159
27.800	+4.600e+03	+3.149e+03	+8.706e+03	+0.406
27.900	-1.131e+02	+5.510e+03	+7.181e+03	+1.021
28.000	+3.419e+02	+6.009e+03	+6.777e+03	+0.946
28.100	+7.498e+02	+7.200e+03	+6.691e+03	+0.906
28.200	+1.287e+03	+5.788e+03	+8.260e+03	+0.818
28.300	+8.455e+02	+7.060e+03	+7.050e+03	+0.893
28.400	+8.185e+02	+6.675e+03	+7.679e+03	+0.891
28.500	+1.085e+03	+6.378e+03	+6.996e+03	+0.855
28.600	+1.458e+03	+6.793e+03	+9.063e+03	+0.823
28.700	+2.699e+03	+5.081e+03	+7.558e+03	+0.653
28.800	+6.807e+03	+9.820e+02	+9.530e+03	+0.126
28.900	+6.575e+03	+5.120e+02	+7.288e+03	+0.072
29.000	+7.126e+03	+9.395e+01	+7.090e+03	+0.013
29.100	+6.261e+03	+1.574e+03	+6.761e+03	+0.201
29.200	+6.590e+03	+1.045e+03	+8.833e+03	+0.137
29.300	+7.611e+03	+1.132e+03	+8.615e+03	+0.129
29.400	+5.327e+03	+1.079e+03	+8.122e+03	+0.168
29.500	+6.891e+03	-7.226e+01	+7.023e+03	-0.011
29.600	+6.204e+03	-3.400e+02	+6.611e+03	-0.058
29.700	+5.923e+03	+5.487e+02	+6.913e+03	+0.085
29.800	+7.681e+03	-6.704e+01	+7.892e+03	-0.009
29.900	+5.451e+03	-4.988e+02	+6.132e+03	-0.101
30.000	+5.781e+03	+5.415e+02	+7.579e+03	+0.086
30.100	+7.731e+03	+1.690e+03	+5.779e+03	+0.179
30.200	+4.424e+03	+5.995e+02	+7.578e+03	+0.119
30.300	+2.548e+03	+4.664e+03	+8.245e+03	+0.647
30.400	+1.280e+03	+6.291e+03	+9.326e+03	+0.831
30.500	+9.542e+02	+5.356e+03	+7.839e+03	+0.849
30.600	+1.096e+03	+6.730e+03	+7.419e+03	+0.860
30.700	+1.321e+03	+5.468e+03	+7.011e+03	+0.805
30.800	+4.202e+03	+3.451e+03	+6.946e+03	+0.451
30.900	+5.397e+03	+1.207e+03	+7.891e+03	+0.183
31.000	+7.268e+03	+1.100e+03	+6.452e+03	+0.131
31.100	+6.415e+03	+1.271e+03	+7.822e+03	+0.165
31.200	+7.582e+03	-2.596e+02	+9.117e+03	-0.035
31.300	+5.363e+03	+9.796e+02	+7.670e+03	+0.154
31.400	+7.009e+03	+6.962e+02	+6.483e+03	+0.090
31.500	+5.476e+03	+1.111e+03	+5.840e+03	+0.169
31.600	+7.580e+03	+2.367e+03	+8.325e+03	+0.238
31.700	+8.326e+03	+8.810e+02	+5.679e+03	+0.096
31.800	+7.406e+03	+5.425e+02	+9.034e+03	+0.068
31.900	+6.552e+03	+6.470e+02	+7.408e+03	+0.090
32.000	+5.535e+03	+3.885e+02	+6.937e+03	+0.066
32.100	+7.216e+03	+5.602e+02	+6.760e+03	+0.072
32.200	+6.711e+03	+7.374e+02	+6.584e+03	+0.099
32.300	+6.566e+03	+7.241e+02	+7.758e+03	+0.099
32.400	+6.300e+03	+8.947e+02	+7.293e+03	+0.124
32.500	+7.946e+03	+9.042e+02	+8.041e+03	+0.102
32.600	+6.227e+03	+1.100e+03	+5.628e+03	+0.150
32.700	+1.826e+03	+4.669e+03	+7.840e+03	+0.719
32.800	+3.336e+02	+7.361e+03	+6.070e+03	+0.957
32.900	+7.037e+02	+5.951e+03	+7.126e+03	+0.894
33.000	+3.046e+02	+7.335e+03	+6.041e+03	+0.960
33.100	+1.688e+03	+5.924e+03	+7.777e+03	+0.778
33.200	+8.809e+01	+5.895e+03	+7.477e+03	+0.985
33.300	+2.484e+02	+6.649e+03	+8.122e+03	+0.964
33.400	+4.824e+02	+7.340e+03	+8.034e+03	+0.938
33.500	+1.974e+02	+7.436e+03	+6.324e+03	+0.974
33.600	+5.519e+02	+6.484e+03	+8.482e+03	+0.922
33.700	+3.146e+03	+4.055e+03	+8.191e+03	+0.563
33.800	+4.014e+03	+3.691e+03	+6.560e+03	+0.479
33.900	-2.124e+02	+7.939e+03	+7.688e+03	+1.027
34.000	+1.506e+03	+7.196e+03	+6.836e+03	+0.827
34.100	-1.439e+02	+6.791e+03	+7.960e+03	+1.022
34.200	+9.516e+02	+6.023e+03	+7.352e+03	+0.864
34.300	+1.658e+03	+5.832e+03	+7.773e+03	+0.779
34.400	-6.034e+02	+7.068e+03	+8.070e+03	+1.093
34.500	+9.241e+01	+6.878e+03	+6.988e+03	+0.987
34.600	+5.870e+02	+6.375e+03	+7.930e+03	+0.916
34.700	+2.915e+02	+6.539e+03	+7.992e+03	+0.957
34.800	+7.626e+02	+5.824e+03	+7.615e+03	+0.884
34.900	-2.033e+02	+6.512e+03	+6.366e+03	+1.032
35.000	+9.544e+02	+6.577e+03	+6.200e+03	+0.873
35.100	+1.321e+03	+7.298e+03	+7.397e+03	+0.847
35.200	+1.431e+03	+5.011e+03	+7.775e+03	+0.778
35.300	+7.119e+02	+7.808e+03	+6.471e+03	+0.916
35.400	-4.008e+02	+6.340e+03	+6.761e+03	+1.067
35.500	+1.677e+03	+6.596e+03	+7.498e+03	+0.797
35.600	+8.776e+02	+6.223e+03	+8.144e+03	+0.876
35.700	+5.888e+02	+6.349e+03	+5.727e+03	+0.915
35.800	+2.655e+03	+4.278e+03	+7.131e+03	+0.617
35.900	+3.160e+03	+3.042e+03	+7.955e+03	+0.491
36.000	+4.438e+03	+3.541e+03	+6.144e+03	+0.444
36.100	+2.640e+03	+3.716e+03	+1.004e+04	+0.585
36.200	+3.519e+03	+3.499e+03	+5.849e+03	+0.499
36.300	+3.269e+03	+3.915e+03	+6.473e+03	+0.545
36.400	+3.531e+03	+3.676e+03	+6.778e+03	+0.510
36.500	+3.667e+03	+5.030e+03	+7.643e+03	+0.578
36.600	+4.093e+03	+3.561e+03	+7.267e+03	+0.465
36.700	+3.678e+03	+4.165e+03	+7.267e+03	+0.531
36.800	+2.752e+03	+4.150e+03	+6.160e+03	+0.601
36.900	+3.702e+03	+2.976e+03	+7.064e+03	+0.446
37.000	+1.634e+03	+4.589e+03	+6.527e+03	+0.737
37.100	+6.511e+02	+6.893e+03	+6.754e+03	+0.914
37.200	+8.737e+02	+5.924e+03	+8.062e+03	+0.871
37.300	+1.794e+03	+7.739e+03	+6.711e+03	+0.812
37.400	-4.262e+01	+6.416e+03	+6.700e+03	+1.007
37.500	-1.288e+03	+6.681e+03	+8.225e+03	+1.239
37.600	+1.183e+03	+6.477e+03	+8.023e+03	+0.846
37.700	+5.743e+02	+6.840e+03	+6.381e+03	+0.923
37.800	+1.863e+03	+6.694e+03	+7.499e+03	+0.782
37.900	-1.654e+02	+6.967e+03	+7.487e+03	+1.024
38.000	+4.672e+02	+5.477e+03	+6.645e+03	+0.921
38.100	+4.298e+02	+6.718e+03	+6.962e+03	+0.940
38.200	+8.160e+02	+7.841e+03	+7.491e+03	+0.906
38.300	+4.868e+00	+6.286e+03	+7.153e+03	+0.999
38.400	-1.540e+02	+5.544e+03	+6.809e+03	+1.029
38.500	+9.593e+02	+7.252e+03	+5.556e+03	+0.883
38.600	+6.699e+02	+6.579e+03	+7.594e+03	+0.908
38.700	+8.959e+02	+8.287e+03	+6.141e+03	+0.902
38.800	-3.144e+02	+7.144e+03	+7.497e+03	+1.046
38.900	+4.181e+02	+5.868e+03	+8.576e+03	+0.933
39.000	-1.741e+02	+4.930e+03	+7.094e+03	+1.037
39.100	+9.513e+01	+8.834e+03	+8.298e+03	+0.989
39.200	+2.141e+03	+6.739e+03	+8.157e+03	+0.759
39.300	+3.561e+02	+4.803e+03	+7.372e+03	+0.931
39.400	+1.275e+03	+6.319e+03	+6.559e+03	+0.832
39.500	+3.504e+02	+7.027e+03	+7.263e+03	+0.953
39.600	+2.227e+03	+4.947e+03	+7.456e+03	+0.690
39.700	+2.869e+03	+4.729e+03	+6.126e+03	+0.622
39.800	+4.192e+03	+3.050e+03	+3.917e+03	+0.421
39.900	+3.882e+03	+3.976e+03	+5.003e+03	+0.506
40.000	+4.566e+03	+4.813e+03	+5.260e+03	+0.513
40.100	+4.268e+03	+4.949e+03	+8.157e+03	+0.537
40.200	+3.984e+03	+4.561e+03	+9.161e+03	+0.534
40.300	+5.113e+03	+3.396e+03	+6.694e+03	+0.399
40.400	+4.250e+03	+4.150e+03	+7.618e+03	+0.494
40.500	+3.613e+03	+5.305e+03	+7.546e+03	+0.595
40.600	+3.944e+03	+4.137e+03	+7.789e+03	+0.512
40.700	+4.111e+03	+4.283e+03	+7.542e+03	+0.510
40.800	+5.024e+03	+4.163e+03	+8.436e+03	+0.453
40.900	+4.388e+03	+3.957e+03	+8.017e+03	+0.474
41.000	+3.830e+03	+4.309e+03	+6.567e+03	+0.529
41.100	+4.807e+03	+4.762e+03	+6.081e+03	+0.498
41.200	+4.421e+03	+4.106e+03	+7.788e+03	+0.482
41.300	+4.221e+03	+3.330e+03	+7.431e+03	+0.441
41.400	+4.284e+03	+3.188e+03	+7.214e+03	+0.427
41.500	+3.538e+03	+5.763e+03	+6.571e+03	+0.620
41.600	+3.820e+03	+4.026e+03	+6.871e+03	+0.513
41.700	+4.763e+03	+4.105e+03	+4.699e+03	+0.463
41.800	+4.409e+03	+4.239e+03	+8.767e+03	+0.490
41.900	+5.009e+03	+3.584e+03	+7.060e+03	+0.417
42.000	+4.315e+03	+4.410e+03	+6.839e+03	+0.505
42.100	+4.081e+03	+6.212e+03	+5.925e+03	+0.603
42.200	+4.463e+02	+7.064e+03	+8.293e+03	+0.941
42.300	+1.464e+03	+6.910e+03	+5.905e+03	+0.825
42.400	+6.491e+02	+6.973e+03	+7.465e+03	+0.915
42.500	+1.159e+02	+6.962e+03	+7.671e+03	+0.984
42.600	+1.563e+03	+6.512e+03	+6.358e+03	+0.806
42.700	+7.879e+02	+7.015e+03	+7.749e+03	+0.899
42.800	+1.280e+03	+7.922e+03	+7.635e+03	+0.861
42.900	+7.078e+02	+7.862e+03	+7.021e+03	+0.917
43.000	+1.242e+03	+6.558e+03	+6.513e+03	+0.841
43.100	+3.785e+02	+6.885e+03	+8.166e+03	+0.948
43.200	+3.080e+03	+5.137e+03	+7.302e+03	+0.625
43.300	+7.239e+03	+8.047e+02	+8.090e+03	+0.100
43.400	+3.746e+03	+1.387e+03	+8.082e+03	+0.270
43.500	+3.324e+03	+3.551e+03	+5.353e+03	+0.517
43.600	+3.203e+03	+3.443e+03	+6.755e+03	+0.518
43.700	+4.112e+03	+3.127e+03	+7.777e+03	+0.432
43.800	+3.010e+03	+4.495e+03	+7.434e+03	+0.599
43.900	+3.666e+03	+3.576e+03	+6.165e+03	+0.494
44.000	+4.193e+03	+5.697e+03	+8.459e+03	+0.576
44.100	+5.027e+03	+5.243e+03	+7.680e+03	+0.511
44.200	+2.959e+03	+3.736e+03	+7.952e+03	+0.558
44.300	+4.090e+03	+4.980e+03	+6.386e+03	+0.549
44.400	+4.338e+03	+4.207e+03	+6.340e+03	+0.492
44.500	+3.900e+03	+3.789e+03	+7.799e+03	+0.493
44.600	+2.647e+03	+6.531e+03	+8.592e+03	+0.712
44.700	-6.027e+02	+6.317e+03	+6.583e+03	+1.105
44.800	+3.129e+01	+5.004e+03	+6.614e+03	+0.994
44.900	+5.845e+02	+6.286e+03	+7.030e+03	+0.915
45.000	+3.661e+02	+6.365e+03	+5.360e+03	+0.946
45.100	+2.804e+02	+6.680e+03	+8.532e+03	+0.960
45.200	+4.047e+02	+7.489e+03	+6.184e+03	+0.949
45.300	+2.021e+03	+6.853e+03	+7.270e+03	+0.772
45.400	+7.152e+02	+5.408e+03	+9.245e+03	+0.883
45.500	+8.957e+00	+6.892e+03	+6.357e+03	+0.999
45.600	+1.076e+03	+6.803e+03	+8.318e+03	+0.863
45.700	+5.008e+02	+6.965e+03	+8.742e+03	+0.933
45.800	+3.774e+02	+6.917e+03	+6.545e+03	+0.948
45.900	+3.706e+03	+5.085e+03	+9.225e+03	+0.578
46.000	+3.571e+03	+4.349e+03	+6.067e+03	+0.549
46.100	+3.852e+03	+3.945e+03	+6.354e+03	+0.506
46.200	+3.835e+03	+5.410e+03	+6.401e+03	+0.585
46.300	+3.767e+03	+3.950e+03	+5.316e+03	+0.512
46.400	+3.512e+03	+3.611e+03	+6.279e+03	+0.507
46.500	+2.593e+03	+4.523e+03	+7.031e+03	+0.636
46.600	+4.188e+03	+5.183e+03	+6.858e+03	+0.553
46.700	+4.186e+03	+4.686e+03	+6.380e+03	+0.528
46.800	+4.292e+03	+4.062e+03	+7.362e+03	+0.486
46.900	+3.377e+03	+4.573e+03	+7.688e+03	+0.575
47.000	+2.761e+03	+4.094e+03	+6.039e+03	+0.597
47.100	+4.138e+03	+3.725e+03	+7.594e+03	+0.474
47.200	+3.687e+03	+4.497e+03	+6.262e+03	+0.549
47.300	+4.104e+03	+4.448e+03	+7.634e+03	+0.520
47.400	+5.461e+03	+4.337e+03	+8.021e+03	+0.443
47.500	+1.981e+03	+4.905e+03	+7.210e+03	+0.712
47.600	+8.798e+02	+5.239e+03	+6.763e+03	+0.856
47.700	+3.488e+02	+7.054e+03	+7.287e+03	+0.953
47.800	+4.241e+02	+6.806e+03	+6.895e+03	+0.941
47.900	+2.540e+02	+6.370e+03	+6.651e+03	+0.962
48.000	+2.424e+02	+6.897e+03	+8.852e+03	+0.966
48.100	-3.522e+02	+6.511e+03	+7.409e+03	+1.057
48.200	+1.645e+03	+5.909e+03	+8.389e+03	+0.782
48.300	+1.990e+02	+5.293e+03	+6.662e+03	+0.964
48.400	-8.628e+01	+6.196e+03	+7.220e+03	+1.014
48.500	+3.320e+02	+6.287e+03	+8.297e+03	+0.950
48.600	+1.465e+02	+7.727e+03	+6.115e+03	+0.981
48.700	-1.044e+02	+7.779e+03	+6.305e+03	+1.014
48.800	+1.711e+03	+6.970e+03	+6.190e+03	+0.803
48.900	-2.284e+02	+5.014e+03	+8.359e+03	+1.048
49.000	+5.680e+02	+6.207e+03	+8.609e+03	+0.916
49.100	-1.335e+02	+5.994e+03	+7.432e+03	+1.023
49.200	+2.371e+02	+7.681e+03	+7.781e+03	+0.970
49.300	-2.379e+02	+5.890e+03	+5.786e+03	+1.042
49.400	-2.424e+02	+6.778e+03	+8.398e+03	+1.037
49.500	+1.096e+03	+7.213e+03	+8.008e+03	+0.868
49.600	+1.486e+03	+6.132e+03	+8.477e+03	+0.805
49.700	-4.036e+02	+5.920e+03	+7.634e+03	+1.073
49.800	+4.011e+01	+7.087e+03	+7.443e+03	+0.994
49.900	-8.132e+01	+7.047e+03	+8.365e+03	+1.012
50.000	-7.158e+01	+7.524e+03	+6.785e+03	+1.010
50.100	+9.767e+02	+7.222e+03	+7.345e+03	+0.881
50.200	+1.992e+01	+4.522e+03	+7.330e+03	+0.996
50.300	+3.943e+02	+5.933e+03	+5.738e+03	+0.938
50.400	+1.436e+03	+4.895e+03	+6.130e+03	+0.773
50.500	-4.463e+02	+6.926e+03	+8.860e+03	+1.069
50.600	+1.172e+03	+6.583e+03	+9.298e+03	+0.849
50.700	+3.561e+02	+6.361e+03	+8.433e+03	+0.947
50.800	+4.783e+02	+6.171e+03	+8.187e+03	+0.928
50.900	+8.841e+02	+6.465e+03	+7.653e+03	+0.880
51.000	+9.779e+02	+5.348e+03	+7.209e+03	+0.845
51.100	+1.778e+03	+5.742e+03	+6.876e+03	+0.764
51.200	+4.000e+00	+6.937e+03	+8.179e+03	+0.999
51.300	+3.987e+02	+6.739e+03	+8.779e+03	+0.944
51.400	+1.963e+03	+7.087e+03	+5.648e+03	+0.783
51.500	+1.386e+03	+6.337e+03	+8.716e+03	+0.821
51.600	-8.430e+02	+8.531e+03	+8.218e+03	+1.110
51.700	+1.265e+03	+5.094e+03	+6.848e+03	+0.801
51.800	+7.490e+02	+6.999e+03	+6.252e+03	+0.903
51.900	+6.987e+02	+7.317e+03	+5.678e+03	+0.913
52.000	+2.788e+02	+5.721e+03	+7.804e+03	+0.954
52.100	-4.108e+02	+5.993e+03	+8.848e+03	+1.074
52.200	+1.170e+03	+5.027e+03	+6.297e+03	+0.811
52.300	+2.230e+03	+9.093e+03	+6.210e+03	+0.803
52.400	+2.006e+03	+6.356e+03	+9.100e+03	+0.760
52.500	+4.564e+02	+4.456e+03	+6.429e+03	+0.907
52.600	-1.348e+02	+6.924e+03	+7.120e+03	+1.020
52.700	+5.050e+02	+5.993e+03	+8.005e+03	+0.922
52.800	+2.784e+02	+8.201e+03	+5.854e+03	+0.967
52.900	+9.058e+02	+6.357e+03	+6.648e+03	+0.875
53.000	+7.785e+02	+5.546e+03	+6.897e+03	+0.877
